cell_type	cell_id	length	radius	pos_x	pos_y	pos_z	ori_x	ori_y	ori_z	lower_link	upper_link
ChainingRodShaped	506	4.92675	0.5	-23.3048	22.9477	0	0.482198	-0.876062	0	None	None
ChainingRodShaped	302	4.60439	0.5	-85.5161	-109.149	0	-0.615592	-0.788065	0	534	None
ChainingRodShaped	676	3.46656	0.5	12.0579	84.7074	0	0.242304	-0.9702	0	677	245
ChainingRodShaped	486	4.21257	0.5	-15.8202	18.9718	0	-0.891902	-0.452229	0	None	None
ChainingRodShaped	964	2.62743	0.5	-14.2129	18.1738	0	-0.992641	-0.121093	0	None	None
ChainingRodShaped	806	2.66116	0.5	-46.8306	14.3408	0	-0.892677	-0.450696	0	807	867
ChainingRodShaped	944	2.40327	0.5	-5.78274	18.0983	0	-0.855001	-0.518626	0	None	None
ChainingRodShaped	988	2.35443	0.5	-19.6128	20.7935	0	0.586692	-0.80981	0	None	None
ChainingRodShaped	766	2.76618	0.5	-60.0126	-28.9209	0	0.174689	-0.984624	0	767	951
ChainingRodShaped	310	4.5037	0.5	28.9997	12.3721	0	-0.797883	-0.602812	0	832	521
ChainingRodShaped	590	3.83542	0.5	23.0368	121.909	0	-0.663507	-0.74817	0	591	839
ChainingRodShaped	810	3.74015	0.5	-10.2776	23.8564	0	-0.152907	-0.988241	0	None	None
ChainingRodShaped	976	2.241	0.5	-7.05669	27.2775	0	-0.752447	-0.658653	0	None	None
ChainingRodShaped	784	3.10543	0.5	-14.5433	40.4569	0	-0.358534	-0.933517	0	None	None
ChainingRodShaped	846	3.17512	0.5	2.66716	33.2123	0	-0.970314	-0.241847	0	None	None
ChainingRodShaped	908	2.656	0.5	-29.2993	42.7555	0	-0.661831	-0.749653	0	None	None
ChainingRodShaped	1006	2.18414	0.5	24.987	59.8571	0	0.581449	-0.813583	0	1007	241
ChainingRodShaped	404	4.95284	0.5	-8.58195	18.5246	0	-0.732582	-0.680678	0	None	None
ChainingRodShaped	516	3.92097	0.5	-60.6679	-70.9019	0	-0.367311	-0.930098	0	517	525
ChainingRodShaped	1014	2.1291	0.5	-19.7604	53.7885	0	-0.163963	-0.986466	0	None	None
ChainingRodShaped	776	2.85613	0.5	-20.4038	18.5173	0	-0.811146	0.584843	0	None	None
ChainingRodShaped	726	4.55324	0.5	-19.1623	39.1269	0	-0.983671	-0.179978	0	None	None
ChainingRodShaped	450	4.65407	0.5	-30.6839	35.5838	0	0.488248	-0.872705	0	None	None
ChainingRodShaped	504	4.88311	0.5	-5.65483	42.2947	0	-0.183733	-0.982976	0	None	None
ChainingRodShaped	812	3.64598	0.5	-9.12929	24.9155	0	-0.152254	-0.988341	0	None	None
ChainingRodShaped	586	4.51909	0.5	-26.1585	37.9151	0	-0.0281261	-0.999604	0	None	None
ChainingRodShaped	468	4.19011	0.5	-11.3775	10.473	0	-0.924603	0.380932	0	820	877
ChainingRodShaped	566	4.43099	0.5	1.58226	28.6642	0	0.0889331	-0.996038	0	None	None
ChainingRodShaped	554	4.85884	0.5	13.5298	44.4844	0	-0.260159	-0.965566	0	None	None
ChainingRodShaped	608	3.11753	0.5	46.5327	146.127	0	-0.680882	-0.732393	0	609	779
ChainingRodShaped	750	3.28753	0.5	37.7699	36.0285	0	0.216921	-0.976189	0	751	931
ChainingRodShaped	972	2.54321	0.5	7.02989	40.9806	0	0.143405	-0.989664	0	None	None
ChainingRodShaped	912	2.40138	0.5	-11.682	55.581	0	-0.44837	-0.893848	0	None	None
ChainingRodShaped	522	4.98654	0.5	-57.0849	-50.3969	0	0.0414558	-0.99914	0	523	985
ChainingRodShaped	836	2.60959	0.5	-6.61719	42.4501	0	-0.173894	-0.984764	0	None	None
ChainingRodShaped	600	3.46685	0.5	11.7953	101.776	0	-0.230389	-0.973099	0	601	673
ChainingRodShaped	688	3.57817	0.5	-75.3247	-95.8836	0	-0.594021	-0.804449	0	689	991
ChainingRodShaped	834	3.18653	0.5	-8.57188	31.6031	0	-0.517498	-0.855684	0	None	None
ChainingRodShaped	840	3.12961	0.5	-21.5583	26.4906	0	0.763371	-0.64596	0	None	None
ChainingRodShaped	454	4.32872	0.5	-30.0204	43.4373	0	-0.675737	-0.737143	0	None	None
ChainingRodShaped	722	3.0135	0.5	1.09563	44.92	0	-0.633483	-0.773757	0	None	None
ChainingRodShaped	612	4.96356	0.5	-23.4482	52.0901	0	0.698473	-0.715637	0	None	None
ChainingRodShaped	786	3.32657	0.5	-15.8598	55.1974	0	-0.593044	-0.80517	0	None	None
ChainingRodShaped	890	2.77744	0.5	-11.9263	20.4117	0	0.544437	-0.838802	0	None	None
ChainingRodShaped	478	4.72026	0.5	17.9863	70.5654	0	0.500908	-0.8655	0	479	461
ChainingRodShaped	434	4.9585	0.5	-59.6078	-3.18169	0	-0.275182	-0.961392	0	435	679
ChainingRodShaped	542	3.80196	0.5	12.1579	39.4253	0	-0.422301	-0.906456	0	None	None
ChainingRodShaped	768	3.21348	0.5	11.1312	5.52285	0	-0.998248	-0.0591709	0	769	371
ChainingRodShaped	1026	2.08177	0.5	-4.02834	50.7145	0	-0.769969	-0.638082	0	None	None
ChainingRodShaped	570	3.59729	0.5	-17.8853	47.3609	0	-0.984804	-0.173669	0	None	None
ChainingRodShaped	790	2.75297	0.5	0.627473	28.3338	0	0.0889511	-0.996036	0	None	None
ChainingRodShaped	732	4.49326	0.5	11.5828	43.6803	0	0.195156	-0.980772	0	None	None
ChainingRodShaped	932	2.73263	0.5	-11.675	22.8132	0	0.161242	-0.986915	0	None	None
ChainingRodShaped	480	3.98448	0.5	-22.7958	14.8151	0	-0.952772	0.303685	0	876	871
ChainingRodShaped	668	2.88649	0.5	32.5058	48.714	0	0.501728	-0.865025	0	669	343
ChainingRodShaped	752	2.56976	0.5	36.5447	21.4704	0	-0.396771	-0.917918	0	753	833
ChainingRodShaped	382	4.94013	0.5	-2.20154	57.6471	0	-0.502084	-0.864819	0	None	None
ChainingRodShaped	966	2.34089	0.5	-4.12817	52.5098	0	-0.414877	-0.909877	0	None	None
ChainingRodShaped	410	4.68526	0.5	-16.0383	51.7315	0	-0.606682	-0.794945	0	None	None
ChainingRodShaped	626	3.37214	0.5	-8.62906	40.6958	0	0.962911	-0.26982	0	None	None
ChainingRodShaped	642	4.98769	0.5	-24.4266	32.3824	0	-0.496699	-0.867923	0	None	None
ChainingRodShaped	882	2.78054	0.5	0.387827	34.6759	0	-0.973149	-0.230175	0	None	None
ChainingRodShaped	712	3.36027	0.5	-23.937	31.279	0	-0.494762	-0.869028	0	None	None
ChainingRodShaped	532	3.79775	0.5	-58.1502	-39.5879	0	0.150104	-0.98867	0	950	523
ChainingRodShaped	660	3.65279	0.5	-22.2649	43.528	0	-0.990863	-0.134869	0	None	None
ChainingRodShaped	1012	2.19011	0.5	-2.89164	64.8627	0	-0.974249	0.225473	0	None	None
ChainingRodShaped	744	3.69279	0.5	-18.1032	51.9752	0	-0.160471	-0.98704	0	None	None
ChainingRodShaped	558	4.43836	0.5	-24.271	36.6592	0	-0.0445674	-0.999006	0	None	None
ChainingRodShaped	800	2.77888	0.5	35.6605	134.921	0	-0.708504	-0.705707	0	801	579
ChainingRodShaped	1010	2.17672	0.5	-32.4719	41.9153	0	-0.160225	-0.987081	0	None	None
ChainingRodShaped	814	3.16686	0.5	-20.6313	20.5235	0	0.582926	-0.812525	0	None	None
ChainingRodShaped	422	4.62082	0.5	60.4669	161.717	0	-0.65721	-0.753707	0	770	645
ChainingRodShaped	922	2.77025	0.5	-18.6428	60.2133	0	-0.240747	-0.970588	0	None	None
ChainingRodShaped	824	3.13423	0.5	4.3807	38.2901	0	0.217408	-0.976081	0	None	None
ChainingRodShaped	792	3.9907	0.5	-3.57736	23.4928	0	0.230266	-0.973128	0	None	None
ChainingRodShaped	742	3.41254	0.5	-20.275	49.5913	0	0.442508	-0.896765	0	None	None
ChainingRodShaped	756	3.97499	0.5	12.1807	62.6049	0	0.405341	-0.914165	0	None	None
ChainingRodShaped	654	3.76798	0.5	-70.1793	-88.5901	0	-0.555745	-0.831353	0	655	689
ChainingRodShaped	804	3.7209	0.5	-16.0604	53.2887	0	-0.598703	-0.800971	0	None	None
ChainingRodShaped	680	4.45143	0.5	-11.9147	39.5188	0	-0.973046	-0.230611	0	None	None
ChainingRodShaped	528	4.10393	0.5	-18.7934	53.6536	0	-0.17033	-0.985387	0	None	None
ChainingRodShaped	606	4.90576	0.5	9.24394	45.3172	0	0.198696	-0.980061	0	None	None
ChainingRodShaped	852	2.65303	0.5	-12.9015	20.1225	0	0.539528	-0.841968	0	None	None
ChainingRodShaped	678	3.77799	0.5	-61.3102	-13.2903	0	-0.0511998	-0.998688	0	679	755
ChainingRodShaped	662	3.57591	0.5	11.9533	48.5227	0	0.0650712	-0.997881	0	None	None
ChainingRodShaped	584	3.9804	0.5	0.85491	64.0756	0	0.871266	-0.490811	0	None	None
ChainingRodShaped	902	2.58308	0.5	-14.7057	34.4704	0	-0.892086	-0.451865	0	None	None
ChainingRodShaped	894	2.92236	0.5	-11.8373	26.5791	0	-0.124582	-0.992209	0	None	None
ChainingRodShaped	572	4.65372	0.5	-3.22833	38.7213	0	-0.682533	-0.730855	0	None	None
ChainingRodShaped	870	2.67792	0.5	-30.8123	16.6958	0	-0.992075	0.125647	0	871	741
ChainingRodShaped	564	3.68414	0.5	0.878041	24.1596	0	0.141065	-0.99	0	None	None
ChainingRodShaped	774	3.53397	0.5	-3.89173	49.5816	0	-0.769698	-0.638408	0	None	None
ChainingRodShaped	568	4.08424	0.5	11.7224	61.0185	0	0.490461	-0.871463	0	None	None
ChainingRodShaped	1046	2.04571	0.5	-0.179813	6.5155	0	-0.970468	0.24123	0	1047	821
ChainingRodShaped	802	3.96907	0.5	10.9956	35.0047	0	-0.417504	-0.908675	0	None	None
ChainingRodShaped	494	4.53737	0.5	-18.0078	38.1116	0	-0.997616	-0.0690097	0	None	None
ChainingRodShaped	1000	2.10827	0.5	14.5711	109.845	0	-0.426101	-0.904675	0	1001	601
ChainingRodShaped	1052	2.02228	0.5	6.52347	63.4826	0	0.882328	-0.470635	0	None	None
ChainingRodShaped	1036	2.14607	0.5	0.279949	38.6865	0	-0.00659243	-0.999978	0	None	None
ChainingRodShaped	690	3.49238	0.5	-4.23903	48.0271	0	-0.764483	-0.644644	0	None	None
ChainingRodShaped	592	4.53684	0.5	-24.7087	44.0594	0	-0.604175	-0.796851	0	None	None
ChainingRodShaped	1030	2.16383	0.5	-23.6193	56.7715	0	-0.495555	-0.868576	0	None	None
ChainingRodShaped	928	2.44136	0.5	-27.9615	34.7946	0	0.492539	-0.87029	0	None	None
ChainingRodShaped	484	4.95258	0.5	-55.2502	6.42245	0	-0.547728	-0.836656	0	866	435
ChainingRodShaped	628	3.81926	0.5	-27.3104	31.2962	0	-0.472608	-0.881273	0	None	None
ChainingRodShaped	910	3.06185	0.5	-25.2002	37.5873	0	-0.0345773	-0.999402	0	None	None
ChainingRodShaped	794	3.56482	0.5	0.163022	36.6077	0	-0.973975	-0.226655	0	None	None
ChainingRodShaped	822	2.70706	0.5	4.65785	63.3307	0	0.89997	-0.435952	0	None	None
ChainingRodShaped	482	4.30833	0.5	-4.71977	54.6173	0	-0.99669	0.0812969	0	None	None
ChainingRodShaped	710	4.4644	0.5	-19.2597	23.9483	0	0.0805543	-0.99675	0	None	None
ChainingRodShaped	508	3.98581	0.5	0.885883	35.7935	0	-0.972446	-0.233128	0	None	None
ChainingRodShaped	880	3.05441	0.5	-15.4898	40.6286	0	-0.358914	-0.933371	0	None	None
ChainingRodShaped	826	2.9269	0.5	-15.4988	57.3481	0	-0.594824	-0.803856	0	None	None
ChainingRodShaped	241	4.61789	0.5	27.5108	56.3109	0	0.578574	-0.81563	0	1006	669
ChainingRodShaped	420	4.47594	0.5	-6.01301	62.0837	0	-0.759634	-0.650351	0	None	None
ChainingRodShaped	245	4.92485	0.5	13.6076	79.8205	0	0.346391	-0.93809	0	676	479
ChainingRodShaped	1024	2.21933	0.5	-19.4371	50.0785	0	0.446189	-0.894939	0	None	None
ChainingRodShaped	640	4.26517	0.5	5.44575	44.0827	0	0.215559	-0.976491	0	None	None
ChainingRodShaped	520	3.96745	0.5	19.289	7.17631	0	-0.944964	-0.327176	0	521	769
ChainingRodShaped	530	3.94541	0.5	-14.6506	59.918	0	-0.684475	-0.729036	0	None	None
ChainingRodShaped	578	3.29897	0.5	29.3189	128.584	0	-0.702462	-0.711721	0	579	591
ChainingRodShaped	748	3.96328	0.5	0.219367	21.8649	0	0.688968	-0.724791	0	None	None
ChainingRodShaped	708	4.31927	0.5	-9.0199	45.711	0	-0.201177	-0.979555	0	None	None
ChainingRodShaped	968	2.44126	0.5	-6.52668	19.0902	0	-0.73016	-0.683276	0	None	None
ChainingRodShaped	638	4.72271	0.5	-26.9739	57.3571	0	-0.755566	0.655073	0	None	None
ChainingRodShaped	886	2.63741	0.5	-20.5195	31.4823	0	-0.813807	-0.581135	0	None	None
ChainingRodShaped	782	3.34314	0.5	-17.073	48.9891	0	-0.882908	-0.469545	0	None	None
ChainingRodShaped	406	4.49303	0.5	-9.96063	60.1018	0	-0.78868	-0.614803	0	None	None
ChainingRodShaped	432	4.96532	0.5	10.4464	58.1556	0	-0.972347	0.233541	0	None	None
ChainingRodShaped	588	4.85295	0.5	-14.7547	23.1622	0	0.0813376	-0.996687	0	None	None
ChainingRodShaped	686	4.95518	0.5	-12.3909	64.6366	0	-0.463812	-0.885934	0	None	None
ChainingRodShaped	596	3.86499	0.5	-6.155	58.142	0	-0.787506	-0.616307	0	None	None
ChainingRodShaped	560	4.62481	0.5	9.47681	48.6824	0	0.298086	-0.954539	0	None	None
ChainingRodShaped	466	4.63515	0.5	1.1169	57.2151	0	-0.591905	-0.806007	0	None	None
ChainingRodShaped	476	4.03138	0.5	-17.6244	37.1847	0	-0.997723	-0.0674483	0	None	None
ChainingRodShaped	720	4.13222	0.5	12.8076	50.4488	0	0.0853428	-0.996352	0	None	None
ChainingRodShaped	630	4.65186	0.5	4.9937	49.4453	0	-0.0248399	-0.999691	0	None	None
ChainingRodShaped	724	3.75009	0.5	-12.5931	29.7931	0	-0.0342108	-0.999415	0	None	None
ChainingRodShaped	546	3.89126	0.5	-57.9888	-62.0954	0	-0.209969	-0.977708	0	984	517
ChainingRodShaped	464	4.54293	0.5	-29.82	30.8031	0	-0.471424	-0.881907	0	None	None
ChainingRodShaped	524	3.91337	0.5	-65.2564	-80.549	0	-0.483665	-0.875253	0	525	655
ChainingRodShaped	672	2.91911	0.5	10.8565	93.8716	0	0.00628529	-0.99998	0	673	677
ChainingRodShaped	888	3.11037	0.5	2.57593	28.5793	0	0.0888973	-0.996041	0	None	None
ChainingRodShaped	896	3.00105	0.5	-18.2797	27.7448	0	0.796109	-0.605153	0	None	None
ChainingRodShaped	534	4.23583	0.5	-82.1881	-104.884	0	-0.614559	-0.788871	0	990	302
ChainingRodShaped	644	3.90928	0.5	53.4526	153.745	0	-0.665343	-0.746538	0	645	609
ChainingRodShaped	760	4.13183	0.5	-3.07595	37.5005	0	-0.689805	-0.723995	0	None	None
ChainingRodShaped	646	3.27862	0.5	-25.8126	50.2901	0	0.70441	-0.709794	0	None	None
ChainingRodShaped	832	3.10019	0.5	32.5649	15.4939	0	-0.684735	-0.728792	0	833	310
ChainingRodShaped	818	3.43453	0.5	9.31425	37.4033	0	0.430446	-0.902616	0	None	None
ChainingRodShaped	594	4.23932	0.5	-17.0044	44.673	0	-0.358628	-0.93348	0	None	None
ChainingRodShaped	650	4.71205	0.5	-4.69544	42.2528	0	-0.19231	-0.981334	0	None	None
ChainingRodShaped	616	3.75595	0.5	-8.88518	54.5523	0	-0.215693	-0.976461	0	None	None
ChainingRodShaped	618	3.58801	0.5	-0.590339	47.1831	0	-0.21583	-0.976431	0	None	None
ChainingRodShaped	958	2.33854	0.5	-13.5783	30.1434	0	-0.035098	-0.999384	0	None	None
ChainingRodShaped	868	2.72124	0.5	4.69757	60.5437	0	-0.977116	-0.212706	0	None	None
ChainingRodShaped	652	4.78847	0.5	-19.9126	39.9535	0	-0.982778	-0.184791	0	None	None
ChainingRodShaped	632	4.72145	0.5	-25.15	51.0145	0	0.702939	-0.71125	0	None	None
ChainingRodShaped	674	3.25907	0.5	8.25384	37.3407	0	0.434835	-0.90051	0	None	None
ChainingRodShaped	518	4.26038	0.5	-0.159379	70.3122	0	-0.977355	0.211604	0	None	None
ChainingRodShaped	764	2.97716	0.5	-4.96012	32.9781	0	-0.750754	-0.660582	0	None	None
ChainingRodShaped	878	2.99993	0.5	-4.36215	17.7966	0	-0.855515	-0.517777	0	None	None
ChainingRodShaped	842	3.49471	0.5	-21.0232	62.2179	0	-0.763734	-0.645531	0	None	None
ChainingRodShaped	754	3.5181	0.5	-61.0836	-21.3998	0	0.101719	-0.994813	0	755	767
ChainingRodShaped	343	4.78481	0.5	34.7116	44.4725	0	0.433521	-0.901143	0	668	751
ChainingRodShaped	514	4.65939	0.5	-5.39369	30.0266	0	-0.755108	-0.6556	0	None	None
ChainingRodShaped	816	3.2856	0.5	-1.45907	29.5604	0	0.0937192	-0.995599	0	None	None
ChainingRodShaped	1028	2.16287	0.5	-26.2899	31.1144	0	-0.476063	-0.879411	0	None	None
ChainingRodShaped	740	3.69336	0.5	-39.157	16.6236	0	-0.990533	-0.137277	0	741	807
ChainingRodShaped	658	3.3997	0.5	8.64521	64.5817	0	0.754069	-0.656795	0	None	None
ChainingRodShaped	355	4.80267	0.5	-10.201	53.1117	0	-0.219592	-0.975592	0	None	None
ChainingRodShaped	696	3.5974	0.5	-19.0497	44.6303	0	-0.349694	-0.936864	0	None	None
ChainingRodShaped	738	2.84617	0.5	5.84889	37.7627	0	0.447466	-0.894301	0	None	None
ChainingRodShaped	598	4.5926	0.5	-27.0956	39.6883	0	-0.0281777	-0.999603	0	None	None
ChainingRodShaped	874	2.62127	0.5	-6.51538	60.3729	0	-0.765561	-0.643363	0	None	None
ChainingRodShaped	780	3.26812	0.5	0.932451	48.3185	0	-0.388757	-0.92134	0	None	None
ChainingRodShaped	862	3.18324	0.5	7.02455	52.5096	0	-0.0242973	-0.999705	0	None	None
ChainingRodShaped	580	3.85671	0.5	-10.0763	62.7246	0	-0.458589	-0.888649	0	None	None
ChainingRodShaped	371	3.89831	0.5	6.63222	5.54269	0	-0.998278	0.0586531	0	768	1047
ChainingRodShaped	373	4.85376	0.5	-10.1739	64.6742	0	-0.459063	-0.888404	0	None	None
ChainingRodShaped	1040	2.10423	0.5	3.89655	65.8784	0	0.902873	-0.429908	0	None	None
ChainingRodShaped	664	4.27225	0.5	-15.7879	61.5569	0	-0.690022	-0.723789	0	None	None
ChainingRodShaped	938	2.47964	0.5	-0.391648	28.7236	0	0.0920456	-0.995755	0	None	None
ChainingRodShaped	734	3.16812	0.5	-17.5491	22.1468	0	-0.513185	-0.858278	0	None	None
ChainingRodShaped	648	4.13896	0.5	-0.255455	58.6534	0	-0.593458	-0.804865	0	None	None
ChainingRodShaped	920	2.37825	0.5	-7.83895	54.8269	0	-0.208396	-0.978044	0	None	None
ChainingRodShaped	978	2.39736	0.5	-24.9178	26.4879	0	0.865588	-0.500756	0	None	None
ChainingRodShaped	656	4.85415	0.5	-13.5554	47.4431	0	-0.462538	-0.886599	0	None	None
ChainingRodShaped	1016	2.20649	0.5	6.07497	53.7103	0	-0.0353978	-0.999373	0	None	None
ChainingRodShaped	730	4.08412	0.5	-9.13418	22.0403	0	-0.722257	-0.691624	0	None	None
ChainingRodShaped	395	4.80229	0.5	-5.67119	51.0368	0	-0.224339	-0.974511	0	None	None
ChainingRodShaped	772	3.40928	0.5	-7.48987	43.155	0	-0.164636	-0.986354	0	None	None
ChainingRodShaped	624	3.5887	0.5	-20.4878	55.4143	0	-0.167786	-0.985823	0	None	None
ChainingRodShaped	930	2.53585	0.5	38.3571	28.865	0	-0.0762009	-0.997092	0	931	753
ChainingRodShaped	706	4.56218	0.5	-2.92313	67.3506	0	0.873911	-0.486085	0	None	None
ChainingRodShaped	830	3.31368	0.5	-7.84393	20.5491	0	-0.733157	-0.68006	0	None	None
ChainingRodShaped	994	2.39342	0.5	-8.93858	62.5569	0	-0.562284	-0.826944	0	None	None
ChainingRodShaped	610	3.60782	0.5	-12.7788	68.0583	0	-0.625508	-0.780217	0	None	None
ChainingRodShaped	762	3.15373	0.5	-13.0748	55.6263	0	-0.615184	-0.788384	0	None	None
ChainingRodShaped	778	2.97606	0.5	40.8933	140.203	0	-0.697897	-0.716198	0	779	801
ChainingRodShaped	684	4.08747	0.5	-4.64425	21.7467	0	-0.00199702	-0.999998	0	None	None
ChainingRodShaped	838	2.7854	0.5	17.8825	115.471	0	-0.572473	-0.819924	0	839	1001
ChainingRodShaped	419	4.78283	0.5	-24.1843	59.8318	0	-0.485155	-0.874428	0	None	None
ChainingRodShaped	844	3.5529	0.5	-6.11302	63.3014	0	-0.764019	-0.645193	0	None	None
ChainingRodShaped	770	3.20523	0.5	63.6855	165.413	0	-0.656068	-0.754702	0	771	422
ChainingRodShaped	960	2.40479	0.5	-22.5118	31.1511	0	-0.716476	-0.697612	0	None	None
ChainingRodShaped	996	2.26525	0.5	-6.99628	49.6754	0	-0.238572	-0.971125	0	None	None
ChainingRodShaped	429	4.36333	0.5	-7.15314	37.0283	0	-0.892849	-0.450355	0	None	None
ChainingRodShaped	666	3.39073	0.5	-10.3087	44.634	0	-0.254922	-0.966962	0	None	None
ChainingRodShaped	433	4.32785	0.5	12.0714	56.7499	0	-0.971907	0.235365	0	None	None
ChainingRodShaped	435	3.77135	0.5	-57.8306	1.80534	0	-0.409815	-0.912169	0	484	434
ChainingRodShaped	924	2.62281	0.5	4.06108	51.2831	0	-0.0148438	-0.99989	0	None	None
ChainingRodShaped	758	3.56452	0.5	-14.0558	27.9542	0	0.709547	-0.704658	0	None	None
ChainingRodShaped	682	3.30449	0.5	9.99616	40.6994	0	0.514854	-0.857278	0	None	None
ChainingRodShaped	788	2.8866	0.5	-23.8949	51.1424	0	0.700713	-0.713443	0	None	None
ChainingRodShaped	850	3.2035	0.5	10.4513	52.1738	0	0.293008	-0.95611	0	None	None
ChainingRodShaped	798	3.04461	0.5	1.58065	43.0384	0	-0.271783	-0.962358	0	None	None
ChainingRodShaped	694	4.65243	0.5	-18.9647	33.8963	0	-0.790528	-0.612426	0	None	None
ChainingRodShaped	716	3.85482	0.5	-30.3759	40.1821	0	0.717832	0.696216	0	None	None
ChainingRodShaped	872	3.01949	0.5	-22.8818	26.3222	0	0.763037	-0.646355	0	None	None
ChainingRodShaped	746	3.03179	0.5	-28.9749	46.9684	0	-0.998129	-0.0611416	0	None	None
ChainingRodShaped	700	3.29359	0.5	-20.2139	41.8918	0	-0.987967	-0.154663	0	None	None
ChainingRodShaped	1038	2.059	0.5	11.2221	55.9393	0	-0.972201	0.234146	0	None	None
ChainingRodShaped	461	4.36116	0.5	20.8544	65.8967	0	0.546821	-0.83725	0	478	1007
ChainingRodShaped	704	4.0433	0.5	-15.2707	27.7866	0	0.713038	-0.701125	0	None	None
ChainingRodShaped	1050	2.0188	0.5	-29.0122	34.6433	0	0.493408	-0.869798	0	None	None
ChainingRodShaped	728	3.61801	0.5	5.20962	59.6757	0	-0.974942	-0.222459	0	None	None
ChainingRodShaped	820	3.15695	0.5	-7.08288	8.76022	0	-0.934239	0.356647	0	821	468
ChainingRodShaped	718	3.62695	0.5	-31.4465	47.4653	0	-0.291869	-0.956458	0	None	None
ChainingRodShaped	473	4.0971	0.5	-21.845	28.016	0	0.766261	-0.642529	0	None	None
ChainingRodShaped	475	4.2534	0.5	-8.12817	34.2129	0	-0.518066	-0.855341	0	None	None
ChainingRodShaped	714	3.14636	0.5	-13.1632	37.2745	0	-0.974465	-0.224539	0	None	None
ChainingRodShaped	479	3.55861	0.5	15.5958	75.0425	0	0.432232	-0.901762	0	245	478
ChainingRodShaped	876	2.64457	0.5	-18.763	13.4349	0	-0.936564	0.350496	0	877	480
ChainingRodShaped	736	4.03995	0.5	-3.52109	57.3177	0	-0.502689	-0.864467	0	None	None
ChainingRodShaped	866	2.44289	0.5	-52.4798	10.1275	0	-0.682456	-0.730926	0	867	484
ChainingRodShaped	487	4.85555	0.5	-15.6858	22.6609	0	0.0770056	-0.997031	0	None	None
ChainingRodShaped	489	4.56233	0.5	-6.36927	33.3874	0	-0.508915	-0.860817	0	None	None
ChainingRodShaped	828	3.46127	0.5	-0.749106	56.3749	0	-0.609253	-0.792976	0	None	None
ChainingRodShaped	940	2.75169	0.5	-10.8844	47.0057	0	-0.103484	-0.994631	0	None	None
ChainingRodShaped	906	2.88298	0.5	-13.4175	38.1962	0	-0.975302	-0.220875	0	None	None
ChainingRodShaped	497	4.46056	0.5	3.97755	46.7606	0	-0.00823151	-0.999966	0	None	None
ChainingRodShaped	954	2.35866	0.5	7.19307	45.29	0	0.233703	-0.972308	0	None	None
ChainingRodShaped	860	3.48722	0.5	2.70597	34.2288	0	-0.970337	-0.241758	0	None	None
ChainingRodShaped	884	3.28821	0.5	-1.62362	22.273	0	0.59007	-0.807352	0	None	None
ChainingRodShaped	986	2.39079	0.5	-4.48733	46.5452	0	-0.762974	-0.646429	0	None	None
ChainingRodShaped	507	4.8547	0.5	-27.4988	26.73	0	0.883932	-0.467616	0	None	None
ChainingRodShaped	864	3.10373	0.5	3.19896	38.0324	0	0.356436	-0.93432	0	None	None
ChainingRodShaped	942	2.78786	0.5	-2.86696	41.5382	0	-0.216776	-0.976221	0	None	None
ChainingRodShaped	796	3.54965	0.5	2.55091	55.8917	0	-0.582658	-0.812718	0	None	None
ChainingRodShaped	1032	2.15406	0.5	-2.54674	30.6866	0	0.0960005	-0.995381	0	None	None
ChainingRodShaped	517	3.43179	0.5	-59.1351	-66.548	0	-0.292213	-0.956353	0	546	516
ChainingRodShaped	808	3.13524	0.5	0.969643	69.0085	0	-0.969658	0.244464	0	None	None
ChainingRodShaped	521	4.9361	0.5	24.2178	9.35408	0	-0.884542	-0.46646	0	310	520
ChainingRodShaped	523	4.60721	0.5	-57.5013	-44.6829	0	0.105699	-0.994398	0	532	522
ChainingRodShaped	525	4.87845	0.5	-62.8205	-75.7919	0	-0.43201	-0.901869	0	516	524
ChainingRodShaped	527	4.33332	0.5	8.84459	32.9727	0	-0.468384	-0.883525	0	None	None
ChainingRodShaped	854	2.64017	0.5	-18.0766	57.9424	0	-0.153197	-0.988196	0	None	None
ChainingRodShaped	531	4.63691	0.5	-11.5549	64.1386	0	-0.464037	-0.885816	0	None	None
ChainingRodShaped	950	2.35777	0.5	-58.7934	-35.627	0	0.174274	-0.984697	0	951	532
ChainingRodShaped	990	2.2425	0.5	-79.5996	-101.548	0	-0.610622	-0.791923	0	991	534
ChainingRodShaped	537	4.57526	0.5	-5.4309	31.2774	0	-0.752273	-0.658852	0	None	None
ChainingRodShaped	539	3.73414	0.5	-7.04935	38.1544	0	-0.895864	-0.444328	0	None	None
ChainingRodShaped	541	4.02593	0.5	-28.0357	40.7785	0	-0.034191	-0.999415	0	None	None
ChainingRodShaped	543	4.96894	0.5	10.7043	43.0545	0	0.196642	-0.980475	0	None	None
ChainingRodShaped	934	2.68992	0.5	4.45899	29.8597	0	-0.691687	-0.722198	0	None	None
ChainingRodShaped	984	2.25293	0.5	-57.284	-58.1515	0	-0.124017	-0.99228	0	985	546
ChainingRodShaped	549	4.93468	0.5	1.66931	61.657	0	-0.923653	-0.383229	0	None	None
ChainingRodShaped	848	3.68395	0.5	-17.2679	34.0013	0	-0.786431	-0.617679	0	None	None
ChainingRodShaped	858	3.48759	0.5	-10.3902	30.1298	0	-0.217418	-0.976079	0	None	None
ChainingRodShaped	904	3.07377	0.5	12.8736	45.9843	0	-0.287626	-0.957743	0	None	None
ChainingRodShaped	898	3.24929	0.5	-28.4254	46.0171	0	-0.998026	-0.0628039	0	None	None
ChainingRodShaped	900	2.9784	0.5	-23.0456	40.2607	0	-0.954518	-0.298154	0	None	None
ChainingRodShaped	998	2.34354	0.5	9.33917	52.4423	0	0.287596	-0.957752	0	None	None
ChainingRodShaped	563	3.80128	0.5	-11.9632	48.2064	0	-0.51208	-0.858938	0	None	None
ChainingRodShaped	856	3.12002	0.5	2.97222	25.9627	0	-0.775388	-0.631485	0	None	None
ChainingRodShaped	1008	2.15532	0.5	2.30535	32.1101	0	-0.970697	-0.240306	0	None	None
ChainingRodShaped	936	2.65396	0.5	9.73543	62.0522	0	0.642799	-0.766035	0	None	None
ChainingRodShaped	916	2.77616	0.5	-14.6878	49.4578	0	-0.451649	-0.892196	0	None	None
ChainingRodShaped	914	2.6456	0.5	-4.14468	40.1457	0	-0.20212	-0.979361	0	None	None
ChainingRodShaped	946	2.65411	0.5	-3.59264	59.2335	0	-0.469908	-0.882715	0	None	None
ChainingRodShaped	974	2.28474	0.5	-12.5054	33.2534	0	-0.619875	-0.784701	0	None	None
ChainingRodShaped	579	4.01666	0.5	32.575	131.85	0	-0.70889	-0.705319	0	800	578
ChainingRodShaped	970	2.42471	0.5	-8.19295	66.3591	0	-0.343003	-0.939334	0	None	None
ChainingRodShaped	892	3.00912	0.5	-16.6833	62.6731	0	-0.447747	-0.89416	0	None	None
ChainingRodShaped	962	2.70019	0.5	-2.89658	66.2226	0	0.877515	-0.47955	0	None	None
ChainingRodShaped	982	2.42142	0.5	-25.0359	41.727	0	-0.876005	-0.482302	0	None	None
ChainingRodShaped	589	4.26203	0.5	-16.8548	27.9736	0	0.718994	-0.695016	0	None	None
ChainingRodShaped	591	3.71059	0.5	26.2252	125.385	0	-0.688336	-0.725392	0	578	590
ChainingRodShaped	593	4.06806	0.5	-22.5047	46.5208	0	0.23761	-0.971361	0	None	None
ChainingRodShaped	595	4.77119	0.5	-13.5624	49.5392	0	-0.455147	-0.890416	0	None	None
ChainingRodShaped	597	3.77825	0.5	-4.68346	60.6373	0	-0.760755	-0.649039	0	None	None
ChainingRodShaped	599	3.93555	0.5	-25.5068	44.6062	0	-0.602991	-0.797748	0	None	None
ChainingRodShaped	601	3.88615	0.5	13.1122	106.193	0	-0.335209	-0.942144	0	1000	600
ChainingRodShaped	918	2.49365	0.5	-6.45355	67.2071	0	0.517706	-0.855559	0	None	None
ChainingRodShaped	605	4.43851	0.5	-2.52761	69.4144	0	0.863329	-0.504642	0	None	None
ChainingRodShaped	1002	2.11385	0.5	7.94893	49.4235	0	0.0575706	-0.998341	0	None	None
ChainingRodShaped	609	4.84819	0.5	49.8735	149.77	0	-0.672342	-0.740241	0	644	608
ChainingRodShaped	1044	2.04972	0.5	-9.786	68.0446	0	-0.510029	-0.860157	0	None	None
ChainingRodShaped	926	2.48385	0.5	-24.7856	54.841	0	0.999889	0.0149088	0	None	None
ChainingRodShaped	615	4.46494	0.5	-28.6855	30.8227	0	-0.471943	-0.881629	0	None	None
ChainingRodShaped	617	4.26062	0.5	-8.56735	57.515	0	-0.796571	-0.604545	0	None	None
ChainingRodShaped	948	2.45054	0.5	0.931896	50.7893	0	-0.421186	-0.906974	0	None	None
ChainingRodShaped	952	2.44749	0.5	-21.2724	56.6373	0	-0.16611	-0.986107	0	None	None
ChainingRodShaped	623	4.83932	0.5	1.35811	55.8985	0	-0.587002	-0.809586	0	None	None
ChainingRodShaped	1004	2.20426	0.5	-19.896	59.2555	0	-0.212494	-0.977162	0	None	None
ChainingRodShaped	956	2.35872	0.5	-12.0602	41.4871	0	-0.365821	-0.930685	0	None	None
ChainingRodShaped	629	4.53858	0.5	-27.4811	35.9415	0	0.489708	-0.871887	0	None	None
ChainingRodShaped	631	4.98982	0.5	5.15075	55.2218	0	-0.0388139	-0.999246	0	None	None
ChainingRodShaped	633	4.63363	0.5	-28.4625	54.3377	0	0.344842	-0.938661	0	None	None
ChainingRodShaped	635	3.52998	0.5	-8.97656	20.8405	0	-0.726275	-0.687404	0	None	None
ChainingRodShaped	637	4.44399	0.5	-20.6179	36.646	0	0.719441	-0.694553	0	None	None
ChainingRodShaped	639	3.99389	0.5	-23.7844	58.4762	0	-0.495355	-0.86869	0	None	None
ChainingRodShaped	641	4.94205	0.5	5.94602	49.1649	0	-0.0282675	-0.9996	0	None	None
ChainingRodShaped	643	3.6945	0.5	-23.2707	37.3481	0	-0.0442863	-0.999019	0	None	None
ChainingRodShaped	645	4.39799	0.5	56.8508	157.586	0	-0.660201	-0.751089	0	422	644
ChainingRodShaped	647	3.95129	0.5	-28.4059	51.5125	0	0.694299	-0.719686	0	None	None
ChainingRodShaped	649	4.75835	0.5	6.0156	61.7912	0	-0.987938	-0.154851	0	None	None
ChainingRodShaped	651	3.54167	0.5	-2.82954	46.6787	0	-0.769402	-0.638765	0	None	None
ChainingRodShaped	992	2.36438	0.5	-16.8423	42.43	0	-0.367942	-0.929849	0	None	None
ChainingRodShaped	655	3.67833	0.5	-67.6492	-84.6515	0	-0.524528	-0.851393	0	524	654
ChainingRodShaped	1042	2.10672	0.5	-11.5842	51.358	0	-0.222553	-0.97492	0	None	None
ChainingRodShaped	659	4.24519	0.5	4.45992	66.7104	0	0.900435	-0.434991	0	None	None
ChainingRodShaped	661	4.85909	0.5	-21.6412	47.0341	0	0.241145	-0.970489	0	None	None
ChainingRodShaped	663	3.84436	0.5	11.1541	53.2361	0	0.298874	-0.954293	0	None	None
ChainingRodShaped	665	3.64716	0.5	-14.5615	65.6505	0	0.392048	-0.919945	0	None	None
ChainingRodShaped	980	2.38578	0.5	-9.4429	48.3431	0	-0.353469	-0.935446	0	None	None
ChainingRodShaped	669	3.45096	0.5	30.332	52.2074	0	0.550655	-0.834733	0	241	668
ChainingRodShaped	1022	2.21522	0.5	-1.2855	42.2752	0	-0.562879	-0.82654	0	None	None
ChainingRodShaped	673	2.91805	0.5	11.066	97.7161	0	-0.114841	-0.993384	0	600	672
ChainingRodShaped	1020	2.12927	0.5	7.27096	37.1142	0	0.4385	-0.898731	0	None	None
ChainingRodShaped	677	4.20255	0.5	11.1964	89.3935	0	0.127461	-0.991844	0	672	676
ChainingRodShaped	679	4.03672	0.5	-60.8046	-8.47642	0	-0.15502	-0.987911	0	434	678
ChainingRodShaped	1034	2.15062	0.5	-13.2798	41.0622	0	-0.366456	-0.930436	0	None	None
ChainingRodShaped	683	4.47922	0.5	8.27278	45.2003	0	0.197269	-0.980349	0	None	None
ChainingRodShaped	1018	2.11036	0.5	-5.01622	25.5251	0	-0.27348	-0.961878	0	None	None
ChainingRodShaped	687	4.2588	0.5	-12.1367	67.2751	0	-0.625306	-0.78038	0	None	None
ChainingRodShaped	689	3.32255	0.5	-72.7336	-92.305	0	-0.578257	-0.815855	0	654	688
ChainingRodShaped	691	3.2403	0.5	-0.901041	50.7843	0	-0.776044	-0.630678	0	None	None
ChainingRodShaped	693	3.86891	0.5	14.3331	58.1929	0	0.435279	-0.900296	0	None	None
ChainingRodShaped	695	3.22044	0.5	-17.1104	36.2656	0	-0.997774	-0.0666799	0	None	None
ChainingRodShaped	697	4.94479	0.5	-20.6619	47.059	0	0.243998	-0.969776	0	None	None
ChainingRodShaped	699	3.37194	0.5	-22.4035	55.8141	0	-0.164677	-0.986348	0	None	None
ChainingRodShaped	701	3.40159	0.5	-17.95	44.8579	0	-0.353517	-0.935428	0	None	None
ChainingRodShaped	703	4.85697	0.5	-0.0827715	66.8718	0	0.869007	-0.4948	0	None	None
ChainingRodShaped	705	4.24037	0.5	-17.8751	30.3701	0	0.988408	-0.151818	0	None	None
ChainingRodShaped	707	4.6804	0.5	-5.41844	71.632	0	-0.0043315	-0.999991	0	None	None
ChainingRodShaped	1048	2.06611	0.5	-7.97144	49.7431	0	-0.232968	-0.972484	0	None	None
ChainingRodShaped	711	4.64425	0.5	-19.4289	27.3858	0	0.796069	-0.605207	0	None	None
ChainingRodShaped	713	4.16106	0.5	-22.2346	34.8963	0	0.0468323	-0.998903	0	None	None
ChainingRodShaped	715	3.72304	0.5	-8.56678	38.4974	0	-0.907192	-0.420717	0	None	None
ChainingRodShaped	717	4.68736	0.5	-32.6271	39.5093	0	0.747432	0.664339	0	None	None
ChainingRodShaped	719	4.30824	0.5	-28.2627	48.6049	0	-0.941691	-0.336479	0	None	None
ChainingRodShaped	721	4.33932	0.5	13.2422	53.2931	0	0.713951	-0.700195	0	None	None
ChainingRodShaped	723	4.73003	0.5	2.16495	48.7452	0	-0.39795	-0.917407	0	None	None
ChainingRodShaped	725	3.60368	0.5	-10.8147	33.8505	0	-0.613349	-0.789812	0	None	None
ChainingRodShaped	727	4.23263	0.5	-15.8125	42.4276	0	-0.368227	-0.929736	0	None	None
ChainingRodShaped	729	4.02037	0.5	9.86553	59.301	0	-0.972422	0.233227	0	None	None
ChainingRodShaped	731	3.72073	0.5	-6.42091	26.5513	0	-0.756148	-0.6544	0	None	None
ChainingRodShaped	733	3.69072	0.5	10.5216	48.6248	0	0.300157	-0.95389	0	None	None
ChainingRodShaped	735	3.72574	0.5	-17.2907	24.5401	0	-0.494587	-0.869128	0	None	None
ChainingRodShaped	737	3.11217	0.5	-1.38622	61.3256	0	-0.413141	-0.910667	0	None	None
ChainingRodShaped	739	3.78324	0.5	4.87863	41.887	0	0.171848	-0.985123	0	None	None
ChainingRodShaped	741	3.30217	0.5	-34.7349	16.9329	0	-0.999993	0.00387089	0	870	740
ChainingRodShaped	743	2.91157	0.5	-22.7785	52.824	0	0.699285	-0.714843	0	None	None
ChainingRodShaped	745	4.15991	0.5	-17.259	56.8015	0	-0.150661	-0.988586	0	None	None
ChainingRodShaped	747	3.20588	0.5	-25.5145	48.0851	0	-0.998103	-0.0615651	0	None	None
ChainingRodShaped	749	2.83666	0.5	-0.96284	25.3051	0	-0.527314	-0.84967	0	None	None
ChainingRodShaped	751	3.07446	0.5	36.6325	39.9931	0	0.336187	-0.941795	0	343	750
ChainingRodShaped	753	3.2032	0.5	37.734	25.1068	0	-0.236147	-0.971717	0	930	752
ChainingRodShaped	755	2.60166	0.5	-61.3706	-17.4145	0	0.0335266	-0.999438	0	678	754
ChainingRodShaped	757	4.00936	0.5	8.88281	65.6867	0	0.751572	-0.659651	0	None	None
ChainingRodShaped	759	4.23737	0.5	-16.6411	31.1479	0	0.987071	-0.160284	0	None	None
ChainingRodShaped	761	3.98156	0.5	-0.696415	39.4053	0	0.00340947	-0.999994	0	None	None
ChainingRodShaped	763	3.84316	0.5	-9.99821	58.8403	0	-0.78869	-0.614791	0	None	None
ChainingRodShaped	765	3.95801	0.5	-3.06456	36.1397	0	-0.697012	-0.717059	0	None	None
ChainingRodShaped	767	2.58379	0.5	-60.5965	-25.357	0	0.147341	-0.989086	0	754	766
ChainingRodShaped	769	2.87315	0.5	15.0873	6.00874	0	-0.98178	-0.190022	0	520	768
ChainingRodShaped	771	2.84552	0.5	66.3218	168.446	0	-0.655791	-0.754942	0	None	770
ChainingRodShaped	773	3.84576	0.5	-8.01234	45.7926	0	-0.197615	-0.98028	0	None	None
ChainingRodShaped	775	3.60302	0.5	-0.360669	52.4562	0	-0.782309	-0.62289	0	None	None
ChainingRodShaped	777	3.93193	0.5	-17.5989	20.1333	0	-0.508752	-0.860913	0	None	None
ChainingRodShaped	779	3.22151	0.5	43.7047	143.122	0	-0.689713	-0.724082	0	608	778
ChainingRodShaped	781	2.79401	0.5	2.56699	51.9868	0	-0.429676	-0.902983	0	None	None
ChainingRodShaped	783	4.12981	0.5	-14.3203	52.3924	0	-0.604745	-0.796419	0	None	None
ChainingRodShaped	785	3.97355	0.5	-12.7655	44.6089	0	-0.424758	-0.905307	0	None	None
ChainingRodShaped	787	4.01312	0.5	-12.9694	58.8177	0	-0.669206	-0.743077	0	None	None
ChainingRodShaped	789	3.29893	0.5	-26.6929	54.1004	0	0.660191	-0.751097	0	None	None
ChainingRodShaped	791	2.92643	0.5	0.234458	32.1361	0	0.116417	-0.9932	0	None	None
ChainingRodShaped	793	3.17227	0.5	-2.7231	27.114	0	-0.227331	-0.973818	0	None	None
ChainingRodShaped	795	3.60539	0.5	1.66144	39.6037	0	-0.230473	-0.973079	0	None	None
ChainingRodShaped	797	3.55224	0.5	5.37769	58.7353	0	-0.973541	-0.228514	0	None	None
ChainingRodShaped	799	3.92212	0.5	3.00666	46.3289	0	-0.0110509	-0.999939	0	None	None
ChainingRodShaped	801	2.64274	0.5	38.2519	137.516	0	-0.704452	-0.709752	0	778	800
ChainingRodShaped	803	3.92032	0.5	9.89714	38.5343	0	0.413532	-0.91049	0	None	None
ChainingRodShaped	805	3.14613	0.5	-13.3935	56.788	0	-0.62304	-0.78219	0	None	None
ChainingRodShaped	807	2.99332	0.5	-43.338	15.7294	0	-0.956199	-0.292717	0	740	806
ChainingRodShaped	809	3.3083	0.5	4.91357	67.5876	0	-0.89933	0.437271	0	None	None
ChainingRodShaped	811	2.77719	0.5	-9.49702	27.9933	0	-0.272555	-0.96214	0	None	None
ChainingRodShaped	813	3.12203	0.5	-8.16565	29.0541	0	-0.0744325	-0.997226	0	None	None
ChainingRodShaped	815	3.13687	0.5	-22.1825	23.9935	0	0.607492	-0.794326	0	None	None
ChainingRodShaped	817	3.17451	0.5	-1.87799	33.7587	0	0.0994928	-0.995038	0	None	None
ChainingRodShaped	819	3.40534	0.5	7.92905	41.5217	0	0.145416	-0.989371	0	None	None
ChainingRodShaped	821	2.7625	0.5	-3.39903	7.4523	0	-0.950968	0.30929	0	1046	820
ChainingRodShaped	823	3.00879	0.5	1.22046	64.9952	0	0.870799	-0.491639	0	None	None
ChainingRodShaped	825	2.85094	0.5	3.85305	42.2046	0	0.167495	-0.985873	0	None	None
ChainingRodShaped	827	3.27515	0.5	-12.8311	60.428	0	-0.674225	-0.738526	0	None	None
ChainingRodShaped	829	3.1811	0.5	1.80908	59.7968	0	-0.59813	-0.801399	0	None	None
ChainingRodShaped	831	3.22343	0.5	-6.42691	24.1585	0	-0.290114	-0.956992	0	None	None
ChainingRodShaped	833	2.49513	0.5	34.8994	18.4122	0	-0.548942	-0.835861	0	752	832
ChainingRodShaped	835	3.19313	0.5	-6.4452	35.1724	0	-0.508916	-0.860816	0	None	None
ChainingRodShaped	837	3.22172	0.5	-6.44146	46.247	0	0.144106	-0.989562	0	None	None
ChainingRodShaped	839	3.05842	0.5	20.2004	118.56	0	-0.624929	-0.780682	0	590	838
ChainingRodShaped	841	2.94807	0.5	-24.8435	28.7613	0	0.905433	-0.42449	0	None	None
ChainingRodShaped	843	2.87045	0.5	-18.087	65.102	0	-0.783461	-0.621441	0	None	None
ChainingRodShaped	845	3.64946	0.5	-5.88223	64.7835	0	-0.765445	-0.643501	0	None	None
ChainingRodShaped	847	3.33195	0.5	6.78074	34.096	0	-0.993631	-0.11268	0	None	None
ChainingRodShaped	849	2.77493	0.5	-13.6658	36.0374	0	-0.940329	-0.340266	0	None	None
ChainingRodShaped	851	2.99612	0.5	9.23937	56.0569	0	0.223312	-0.974747	0	None	None
ChainingRodShaped	853	3.04776	0.5	-13.8358	23.873	0	0.0912537	-0.995828	0	None	None
ChainingRodShaped	855	3.00311	0.5	-15.2748	60.6788	0	-0.687261	-0.72641	0	None	None
ChainingRodShaped	857	2.60833	0.5	4.8703	28.8585	0	-0.693308	-0.720641	0	None	None
ChainingRodShaped	859	2.7563	0.5	-9.39089	33.9892	0	-0.526597	-0.850115	0	None	None
ChainingRodShaped	861	2.89321	0.5	6.77835	35.0736	0	-0.993754	-0.11159	0	None	None
ChainingRodShaped	863	3.1228	0.5	7.15363	56.6173	0	-0.0462077	-0.998932	0	None	None
ChainingRodShaped	865	3.16252	0.5	2.94177	41.8626	0	0.162079	-0.986778	0	None	None
ChainingRodShaped	867	2.6608	0.5	-49.8821	12.447	0	-0.800017	-0.599978	0	806	866
ChainingRodShaped	869	2.7782	0.5	8.62653	60.6411	0	-0.965674	0.259756	0	None	None
ChainingRodShaped	871	3.02341	0.5	-27.08	16.0162	0	-0.973914	0.226919	0	480	870
ChainingRodShaped	873	2.65297	0.5	-26.1294	28.278	0	0.8957	-0.444658	0	None	None
ChainingRodShaped	875	3.03319	0.5	-3.61334	62.8087	0	-0.774721	-0.632304	0	None	None
ChainingRodShaped	877	2.63391	0.5	-15.4201	12.1298	0	-0.926594	0.376062	0	468	876
ChainingRodShaped	879	2.96874	0.5	-1.0215	19.7854	0	-0.951085	-0.308929	0	None	None
ChainingRodShaped	881	3.02984	0.5	-13.9671	44.3251	0	-0.409606	-0.912263	0	None	None
ChainingRodShaped	883	3.06521	0.5	4.1649	35.6093	0	-0.96787	-0.251451	0	None	None
ChainingRodShaped	885	2.79298	0.5	-1.83296	25.7688	0	-0.522651	-0.852547	0	None	None
ChainingRodShaped	887	3.00943	0.5	-16.4113	32.7274	0	-0.961504	-0.274792	0	None	None
ChainingRodShaped	889	2.99511	0.5	3.80624	31.4602	0	-0.972008	-0.234946	0	None	None
ChainingRodShaped	891	3.23169	0.5	-12.8859	24.1561	0	0.100858	-0.994901	0	None	None
ChainingRodShaped	893	3.14215	0.5	-15.5074	65.3421	0	0.393742	-0.919221	0	None	None
ChainingRodShaped	895	3.28809	0.5	-11.2712	30.6021	0	-0.227168	-0.973856	0	None	None
ChainingRodShaped	897	3.05921	0.5	-20.8897	29.7178	0	0.998064	-0.0621905	0	None	None
ChainingRodShaped	899	2.78693	0.5	-25.0751	47.129	0	-0.998442	-0.0557927	0	None	None
ChainingRodShaped	901	2.44542	0.5	-19.4504	41.0262	0	-0.984577	-0.174951	0	None	None
ChainingRodShaped	903	3.16111	0.5	-11.8156	35.7026	0	-0.615473	-0.788158	0	None	None
ChainingRodShaped	905	3.15841	0.5	13.8636	49.7608	0	0.0848733	-0.996392	0	None	None
ChainingRodShaped	907	2.99921	0.5	-9.68566	39.02	0	-0.911351	-0.41163	0	None	None
ChainingRodShaped	909	3.11812	0.5	-26.5123	44.8833	0	-0.603575	-0.797306	0	None	None
ChainingRodShaped	911	2.42359	0.5	-23.9475	41.0377	0	-0.934396	-0.356237	0	None	None
ChainingRodShaped	913	2.71039	0.5	-9.35646	58.1217	0	-0.792875	-0.609384	0	None	None
ChainingRodShaped	915	3.11008	0.5	-3.2884	43.889	0	-0.258203	-0.966091	0	None	None
ChainingRodShaped	917	2.44568	0.5	-12.9703	52.571	0	-0.612677	-0.790334	0	None	None
ChainingRodShaped	919	2.83747	0.5	-6.40991	71.3413	0	-0.00141271	-0.999999	0	None	None
ChainingRodShaped	921	2.4677	0.5	-5.67856	56.4857	0	-0.79587	-0.605467	0	None	None
ChainingRodShaped	923	2.85355	0.5	-17.266	63.7259	0	-0.451561	-0.89224	0	None	None
ChainingRodShaped	925	3.02718	0.5	4.17366	55.0794	0	-0.0447319	-0.998999	0	None	None
ChainingRodShaped	927	2.76288	0.5	-27.5791	56.5643	0	0.757518	-0.652814	0	None	None
ChainingRodShaped	929	2.53735	0.5	-29.6435	37.8311	0	0.458142	-0.888879	0	None	None
ChainingRodShaped	931	2.4128	0.5	38.36	32.2816	0	0.076875	-0.997041	0	750	930
ChainingRodShaped	933	2.70925	0.5	-10.9254	26.1047	0	-0.134497	-0.990914	0	None	None
ChainingRodShaped	935	2.47498	0.5	7.02728	32.3134	0	-0.673639	-0.73906	0	None	None
ChainingRodShaped	937	2.74221	0.5	6.93744	64.3661	0	0.882508	-0.470298	0	None	None
ChainingRodShaped	939	2.47813	0.5	-0.741042	32.1567	0	0.109442	-0.993993	0	None	None
ChainingRodShaped	941	2.75699	0.5	-9.8252	50.4548	0	-0.243393	-0.969928	0	None	None
ChainingRodShaped	943	2.81253	0.5	-1.85391	44.7429	0	0.0951429	-0.995464	0	None	None
ChainingRodShaped	945	2.49867	0.5	-2.91032	20.2852	0	-0.656197	-0.754589	0	None	None
ChainingRodShaped	947	2.74999	0.5	-1.92286	62.4936	0	-0.404012	-0.914754	0	None	None
ChainingRodShaped	949	2.73893	0.5	2.47002	53.9839	0	-0.537136	-0.843496	0	None	None
ChainingRodShaped	951	2.36356	0.5	-59.3847	-32.3746	0	0.182841	-0.983143	0	766	950
ChainingRodShaped	953	2.62499	0.5	-20.7247	60.1183	0	-0.208734	-0.977972	0	None	None
ChainingRodShaped	955	2.55802	0.5	6.90154	48.6692	0	-0.0314516	-0.999505	0	None	None
ChainingRodShaped	957	2.63422	0.5	-9.69436	42.4114	0	-0.914223	-0.405211	0	None	None
ChainingRodShaped	959	2.34241	0.5	-14.0496	32.8543	0	-0.385783	-0.922589	0	None	None
ChainingRodShaped	961	2.61842	0.5	-21.2553	34.6965	0	0.0515864	-0.998669	0	None	None
ChainingRodShaped	963	2.54089	0.5	-5.70682	67.8534	0	0.517442	-0.855718	0	None	None
ChainingRodShaped	965	2.44178	0.5	-10.9194	18.286	0	-0.925039	-0.379872	0	None	None
ChainingRodShaped	967	2.57373	0.5	-1.84028	53.7544	0	-0.787212	-0.616683	0	None	None
ChainingRodShaped	969	2.34015	0.5	-5.62684	22.3267	0	-0.0119973	-0.999928	0	None	None
ChainingRodShaped	971	2.38833	0.5	-8.08343	68.745	0	-0.592088	-0.805873	0	None	None
ChainingRodShaped	973	2.63686	0.5	6.36812	44.4707	0	0.222809	-0.974862	0	None	None
ChainingRodShaped	975	2.5625	0.5	-10.4113	35.939	0	-0.617463	-0.7866	0	None	None
ChainingRodShaped	977	2.63298	0.5	-4.47858	29.5243	0	-0.750784	-0.660548	0	None	None
ChainingRodShaped	979	2.1905	0.5	-27.8166	28.0209	0	0.883672	-0.468106	0	None	None
ChainingRodShaped	981	2.38872	0.5	-8.55307	51.5599	0	-0.22897	-0.973433	0	None	None
ChainingRodShaped	983	2.44008	0.5	-21.8242	42.6155	0	-0.989464	-0.144777	0	None	None
ChainingRodShaped	985	2.27912	0.5	-57.024	-54.9622	0	-0.0387894	-0.999247	0	522	984
ChainingRodShaped	987	2.36471	0.5	-1.91999	48.6962	0	-0.769725	-0.638376	0	None	None
ChainingRodShaped	989	2.15667	0.5	-20.5634	23.7147	0	0.386549	-0.922269	0	None	None
ChainingRodShaped	991	2.23395	0.5	-77.6453	-98.9922	0	-0.603974	-0.797004	0	688	990
ChainingRodShaped	993	2.34737	0.5	-15.6348	45.5373	0	-0.364464	-0.931218	0	None	None
ChainingRodShaped	995	2.15173	0.5	-7.48394	65.4347	0	-0.336464	-0.941696	0	None	None
ChainingRodShaped	997	2.13427	0.5	-6.2783	52.7364	0	-0.224115	-0.974563	0	None	None
ChainingRodShaped	999	2.22962	0.5	8.35513	55.5506	0	0.213556	-0.976931	0	None	None
ChainingRodShaped	1001	2.21057	0.5	16.0181	112.583	0	-0.505659	-0.862734	0	838	1000
ChainingRodShaped	1003	2.1987	0.5	8.00518	52.5605	0	-0.0182854	-0.999833	0	None	None
ChainingRodShaped	1005	2.11495	0.5	-19.0599	62.2912	0	-0.387838	-0.921728	0	None	None
ChainingRodShaped	1007	2.1621	0.5	23.191	62.4031	0	0.570751	-0.821123	0	461	1006
ChainingRodShaped	1009	2.11198	0.5	5.33949	32.8347	0	-0.976691	-0.21465	0	None	None
ChainingRodShaped	1011	2.18287	0.5	-31.1688	44.5192	0	-0.173122	-0.9849	0	None	None
ChainingRodShaped	1013	2.10221	0.5	0.516132	63.1417	0	-0.867083	0.498163	0	None	None
ChainingRodShaped	1015	2.12827	0.5	-19.2496	56.8539	0	-0.162135	-0.986769	0	None	None
ChainingRodShaped	1017	2.16714	0.5	6.19169	56.8688	0	-0.0444649	-0.999011	0	None	None
ChainingRodShaped	1019	2.11118	0.5	-3.6701	28.2072	0	-0.309474	-0.950908	0	None	None
ChainingRodShaped	1021	2.14605	0.5	6.19109	39.9873	0	0.153296	-0.98818	0	None	None
ChainingRodShaped	1023	2.12977	0.5	-0.0942393	45.0028	0	-0.629021	-0.777388	0	None	None
ChainingRodShaped	1025	2.20733	0.5	-21.2267	52.6721	0	0.707472	-0.706741	0	None	None
ChainingRodShaped	1027	2.08568	0.5	-1.65157	52.6686	0	-0.785104	-0.619364	0	None	None
ChainingRodShaped	1029	2.18704	0.5	-25.3354	33.9977	0	0.0666887	-0.997774	0	None	None
ChainingRodShaped	1031	2.07527	0.5	-22.0373	59.3986	0	-0.347452	-0.937698	0	None	None
ChainingRodShaped	1033	2.19187	0.5	-2.84358	33.8163	0	0.095455	-0.995434	0	None	None
ChainingRodShaped	1035	2.16377	0.5	-12.0434	43.9	0	-0.433794	-0.901012	0	None	None
ChainingRodShaped	1037	2.07869	0.5	0.238906	41.7538	0	0.0134193	-0.99991	0	None	None
ChainingRodShaped	1039	2.05398	0.5	14.1756	55.2348	0	-0.991308	0.131559	0	None	None
ChainingRodShaped	1041	2.11007	0.5	1.1658	67.2974	0	0.865549	-0.500825	0	None	None
ChainingRodShaped	1043	2.1082	0.5	-10.9762	54.3524	0	-0.263813	-0.964574	0	None	None
ChainingRodShaped	1045	2.0695	0.5	-8.01637	70.517	0	-0.59223	-0.805769	0	None	None
ChainingRodShaped	1047	2.02509	0.5	2.74309	5.91942	0	-0.98759	0.157051	0	371	1046
ChainingRodShaped	1049	2.06922	0.5	-7.28424	52.7206	0	-0.219223	-0.975675	0	None	None
ChainingRodShaped	1051	2.0245	0.5	-30.4721	37.2798	0	0.463796	-0.885942	0	None	None
ChainingRodShaped	1053	2.01748	0.5	3.8304	64.816	0	0.904284	-0.426931	0	None	None
