cell_type	cell_id	length	radius	pos_x	pos_y	pos_z	ori_x	ori_y	ori_z	lower_link	upper_link
ChainingRodShaped	4524	2.69307	0.5	-11.9805	39.0785	0	-0.860884	-0.508802	0	None	None
ChainingRodShaped	4522	2.4206	0.5	24.119	40.415	0	-0.511789	0.859111	0	None	None
ChainingRodShaped	4520	2.34962	0.5	-17.5269	42.9908	0	0.987455	0.157904	0	4521	None
ChainingRodShaped	4518	2.35156	0.5	3.31457	40.7881	0	-0.758506	-0.651666	0	None	None
ChainingRodShaped	4516	2.3314	0.5	-15.2669	37.7245	0	0.563603	0.826046	0	4517	None
ChainingRodShaped	4514	2.16739	0.5	31.6321	45.3863	0	0.985757	0.168178	0	4515	None
ChainingRodShaped	4512	2.30659	0.5	37.421	44.1186	0	-0.497327	-0.867563	0	None	None
ChainingRodShaped	4510	2.27539	0.5	13.833	30.3997	0	-0.900688	-0.434467	0	None	None
ChainingRodShaped	4508	2.4064	0.5	4.82577	17.7255	0	-0.639056	-0.76916	0	None	None
ChainingRodShaped	4506	2.43809	0.5	23.9627	27.2771	0	0.996101	-0.0882162	0	None	None
ChainingRodShaped	4504	2.30315	0.5	22.1536	46.5433	0	-0.889418	0.457095	0	4505	None
ChainingRodShaped	4502	2.32961	0.5	-28.5148	49.1206	0	0.41335	0.910572	0	4503	None
ChainingRodShaped	4500	2.30598	0.5	-23.7914	36.4259	0	0.882495	0.470322	0	None	None
ChainingRodShaped	4498	2.30186	0.5	18.7136	35.6347	0	0.143856	-0.989599	0	4499	None
ChainingRodShaped	4496	2.43535	0.5	-10.3191	29.4922	0	0.92062	-0.390459	0	None	None
ChainingRodShaped	4494	2.33753	0.5	-7.09014	36.3997	0	-0.785159	0.619294	0	None	None
ChainingRodShaped	4492	2.66231	0.5	8.32276	47.2504	0	-0.731443	0.681903	0	None	None
ChainingRodShaped	4490	2.28115	0.5	-34.2802	38.5634	0	-0.340677	0.94018	0	4491	None
ChainingRodShaped	4488	2.35154	0.5	-36.0468	47.5604	0	-0.460875	0.887465	0	4489	None
ChainingRodShaped	4486	2.27855	0.5	-14.3153	44.7766	0	0.117103	-0.99312	0	4487	None
ChainingRodShaped	4484	2.50466	0.5	27.4177	48.9299	0	0.467469	-0.88401	0	None	None
ChainingRodShaped	4482	2.21513	0.5	-10.0988	21.1315	0	-0.924818	0.38041	0	4483	None
ChainingRodShaped	4480	2.26747	0.5	-4.87397	44.6368	0	0.29388	-0.955842	0	None	None
ChainingRodShaped	4478	2.68726	0.5	10.0939	37.0917	0	-0.990857	-0.134914	0	None	None
ChainingRodShaped	4476	2.13816	0.5	-19.1828	31.3755	0	0.77029	-0.637694	0	4477	None
ChainingRodShaped	4474	2.3602	0.5	-22.5486	25.9481	0	0.452569	-0.891729	0	None	None
ChainingRodShaped	4472	2.33518	0.5	33.609	35.1447	0	-0.779314	-0.626633	0	4473	None
ChainingRodShaped	4470	2.30631	0.5	29.0072	27.8026	0	0.262614	-0.964901	0	None	None
ChainingRodShaped	4468	2.32391	0.5	1.08337	37.0633	0	0.918151	0.39623	0	None	None
ChainingRodShaped	4466	2.19987	0.5	-15.9539	21.5249	0	-0.200187	-0.979758	0	4467	None
ChainingRodShaped	4464	2.27138	0.5	-1.22178	29.5126	0	-0.457034	-0.889449	0	4465	None
ChainingRodShaped	4462	2.12684	0.5	-32.2361	29.7748	0	-0.512737	-0.858546	0	4463	None
ChainingRodShaped	4460	2.18597	0.5	-6.37995	26.5235	0	0.375807	-0.926698	0	4461	None
ChainingRodShaped	4458	2.30418	0.5	5.7288	34.3134	0	0.585393	0.81075	0	4459	None
ChainingRodShaped	4456	2.37841	0.5	9.85935	26.9238	0	0.924505	0.38117	0	None	None
ChainingRodShaped	4454	2.33619	0.5	30.6663	33.9509	0	0.567899	-0.823098	0	4455	None
ChainingRodShaped	4452	2.39305	0.5	1.58246	49.095	0	0.999947	-0.0102673	0	None	None
ChainingRodShaped	4450	2.52402	0.5	-29.1453	41.871	0	-0.460119	0.887857	0	None	None
ChainingRodShaped	4448	2.56648	0.5	12.7768	48.3065	0	-0.682123	-0.731238	0	None	None
ChainingRodShaped	4446	2.16996	0.5	-22.381	44.7372	0	0.866071	-0.49992	0	4447	None
ChainingRodShaped	4444	2.52906	0.5	1.78124	20.7455	0	0.0600312	-0.998197	0	None	None
ChainingRodShaped	4442	2.34931	0.5	14.1065	25.7602	0	-0.68046	0.732785	0	None	None
ChainingRodShaped	4440	2.17298	0.5	-36.9255	41.3666	0	0.935912	0.352234	0	4441	None
ChainingRodShaped	4438	2.30781	0.5	-39.0326	44.7078	0	0.912192	-0.409764	0	4439	None
ChainingRodShaped	4436	2.16194	0.5	-9.90122	49.0593	0	-0.40595	-0.913895	0	4437	None
ChainingRodShaped	4434	2.28158	0.5	-41.0737	48.894	0	0.508408	-0.861117	0	None	None
ChainingRodShaped	4432	2.30191	0.5	-19.5028	48.4522	0	-0.399958	-0.916534	0	None	None
ChainingRodShaped	4430	2.41414	0.5	21.7576	34.8417	0	-0.702727	0.71146	0	None	None
ChainingRodShaped	4428	2.45425	0.5	14.6198	41.7089	0	0.530946	-0.847406	0	None	None
ChainingRodShaped	4426	2.24359	0.5	18.2064	41.9601	0	-0.227353	-0.973812	0	4427	None
ChainingRodShaped	4424	2.2947	0.5	11.5278	32.4859	0	0.91384	0.406075	0	4425	None
ChainingRodShaped	4422	2.35947	0.5	-5.07859	21.1067	0	-0.988441	-0.151603	0	4423	None
ChainingRodShaped	4420	2.34602	0.5	40.0408	39.8407	0	0.935636	-0.352967	0	4421	None
ChainingRodShaped	4418	2.27079	0.5	-18.8179	29.2835	0	-0.612757	0.790271	0	4419	None
ChainingRodShaped	4416	2.50082	0.5	3.94323	45.264	0	-0.3444	-0.938823	0	None	None
ChainingRodShaped	4414	2.3549	0.5	-1.79262	42.0749	0	-0.653588	-0.756851	0	4415	None
ChainingRodShaped	4412	2.31823	0.5	44.1029	48.795	0	0.948498	-0.316782	0	4413	None
ChainingRodShaped	4410	2.33801	0.5	17.7978	49.1555	0	-0.638979	-0.769224	0	None	None
ChainingRodShaped	4408	2.18934	0.5	36.2752	49.9351	0	0.683379	-0.730064	0	4409	None
ChainingRodShaped	4406	2.38418	0.5	10.8896	22.1495	0	-0.232789	0.972527	0	None	None
ChainingRodShaped	4404	2.48872	0.5	-23.0021	49.6722	0	0.431376	-0.902172	0	None	None
ChainingRodShaped	4405	2.60042	0.5	-24.5666	52.8489	0	0.435632	-0.900125	0	None	None
ChainingRodShaped	4407	2.57909	0.5	11.7385	18.7762	0	-0.237552	0.971375	0	None	None
ChainingRodShaped	4409	2.24705	0.5	34.076	52.2845	0	0.683379	-0.730064	0	None	4408
ChainingRodShaped	4411	2.60628	0.5	20.0902	51.7555	0	-0.642158	-0.766572	0	None	None
ChainingRodShaped	4413	2.28043	0.5	40.9736	49.8401	0	0.948498	-0.316782	0	None	4412
ChainingRodShaped	4415	2.29613	0.5	0.380771	44.5917	0	-0.653588	-0.756851	0	None	4414
ChainingRodShaped	4417	2.67217	0.5	5.0816	48.6578	0	-0.343898	-0.939007	0	None	None
ChainingRodShaped	4419	2.29599	0.5	-16.8061	26.6889	0	-0.612752	0.790276	0	None	4418
ChainingRodShaped	4421	2.21811	0.5	36.9701	40.9991	0	0.935636	-0.352967	0	None	4420
ChainingRodShaped	4423	2.21382	0.5	-1.83009	21.605	0	-0.988441	-0.151603	0	None	4422
ChainingRodShaped	4425	2.26115	0.5	8.53241	31.1549	0	0.91384	0.406075	0	None	4424
ChainingRodShaped	4427	2.33401	0.5	18.954	45.1624	0	-0.227335	-0.973817	0	None	4426
ChainingRodShaped	4429	2.54413	0.5	12.6671	44.1916	0	0.25605	-0.966663	0	None	None
ChainingRodShaped	4431	2.60341	0.5	24.2592	32.3868	0	-0.704505	0.709699	0	None	None
ChainingRodShaped	4433	2.5846	0.5	-18.211	51.6386	0	-0.395087	-0.918644	0	None	None
ChainingRodShaped	4435	2.58899	0.5	-42.7452	51.8897	0	0.506609	-0.862176	0	None	None
ChainingRodShaped	4437	2.30117	0.5	-8.58942	52.0125	0	-0.40595	-0.913895	0	None	4436
ChainingRodShaped	4439	2.29279	0.5	-42.0429	46.0601	0	0.912192	-0.409764	0	None	4438
ChainingRodShaped	4441	2.2182	0.5	-39.9162	40.241	0	0.935912	0.352234	0	None	4440
ChainingRodShaped	4443	2.7222	0.5	16.4866	23.1503	0	-0.681932	0.731415	0	None	None
ChainingRodShaped	4445	2.4448	0.5	1.46281	24.2107	0	0.0594747	-0.99823	0	None	None
ChainingRodShaped	4447	2.18059	0.5	-25.1309	46.3246	0	0.866071	-0.49992	0	None	4446
ChainingRodShaped	4449	2.32276	0.5	15.1071	50.8394	0	-0.682965	-0.730451	0	None	None
ChainingRodShaped	4451	2.60215	0.5	-27.4491	38.7431	0	-0.459479	0.888189	0	None	None
ChainingRodShaped	4453	2.67011	0.5	-1.94301	49.2049	0	0.999859	-0.0168174	0	None	None
ChainingRodShaped	4455	2.16069	0.5	28.8216	36.6246	0	0.567899	-0.823098	0	None	4454
ChainingRodShaped	4457	2.33561	0.5	6.75241	25.6584	0	0.925037	0.379876	0	None	None
ChainingRodShaped	4459	2.2549	0.5	3.80908	31.6547	0	0.585393	0.81075	0	None	4458
ChainingRodShaped	4461	2.28679	0.5	-7.59616	29.5225	0	0.375807	-0.926698	0	None	4460
ChainingRodShaped	4463	2.25904	0.5	-30.599	32.516	0	-0.512737	-0.858546	0	None	4462
ChainingRodShaped	4465	2.29288	0.5	0.27819	32.4318	0	-0.457034	-0.889449	0	None	4464
ChainingRodShaped	4467	2.18237	0.5	-15.3151	24.6513	0	-0.200196	-0.979756	0	None	4466
ChainingRodShaped	4469	2.54941	0.5	-2.05682	35.6739	0	0.916921	0.399068	0	None	None
ChainingRodShaped	4471	2.37843	0.5	28.0985	31.0165	0	0.264736	-0.964321	0	None	None
ChainingRodShaped	4473	2.15934	0.5	36.1396	37.1795	0	-0.779314	-0.626633	0	None	4472
ChainingRodShaped	4475	2.31838	0.5	-24.1049	28.8987	0	0.448203	-0.893932	0	None	None
ChainingRodShaped	4477	2.27592	0.5	-21.6531	33.4205	0	0.77029	-0.637694	0	None	4476
ChainingRodShaped	4479	2.42413	0.5	13.6045	37.6298	0	-0.99035	-0.138588	0	None	None
ChainingRodShaped	4481	2.28937	0.5	-5.81827	47.7742	0	0.294153	-0.955758	0	None	None
ChainingRodShaped	4483	2.2732	0.5	-7.09866	19.8975	0	-0.924818	0.38041	0	None	4482
ChainingRodShaped	4485	2.66352	0.5	25.8279	52.1344	0	0.471162	-0.882047	0	None	None
ChainingRodShaped	4487	2.3665	0.5	-14.7044	48.0761	0	0.117103	-0.99312	0	None	4486
ChainingRodShaped	4489	2.22264	0.5	-34.5319	44.6434	0	-0.460875	0.887465	0	None	4488
ChainingRodShaped	4491	2.3496	0.5	-33.1508	35.4465	0	-0.340677	0.94018	0	None	4490
ChainingRodShaped	4493	2.41962	0.5	10.886	45.3712	0	-0.491473	0.870893	0	None	None
ChainingRodShaped	4495	2.37809	0.5	-4.49297	34.2769	0	-0.785344	0.619059	0	None	None
ChainingRodShaped	4497	2.62505	0.5	-13.6104	30.7428	0	0.920913	-0.389768	0	None	None
ChainingRodShaped	4499	2.14321	0.5	18.25	38.8234	0	0.143856	-0.989599	0	None	4498
ChainingRodShaped	4501	2.66214	0.5	-26.8114	34.7002	0	0.879772	0.475395	0	None	None
ChainingRodShaped	4503	2.32045	0.5	-29.8891	46.0931	0	0.41335	0.910572	0	None	4502
ChainingRodShaped	4505	2.18265	0.5	25.0377	45.061	0	-0.889418	0.457095	0	None	4504
ChainingRodShaped	4507	2.30434	0.5	20.6046	27.5443	0	0.996333	-0.0855546	0	None	None
ChainingRodShaped	4509	2.33908	0.5	6.9536	20.3389	0	-0.638213	-0.76986	0	None	None
ChainingRodShaped	4511	2.53599	0.5	16.9012	31.8722	0	-0.900017	-0.435854	0	None	None
ChainingRodShaped	4513	2.49853	0.5	39.1143	47.067	0	-0.492989	-0.870036	0	None	None
ChainingRodShaped	4515	2.16721	0.5	28.51	44.8537	0	0.985757	0.168178	0	None	4514
ChainingRodShaped	4517	2.36242	0.5	-17.1531	34.9599	0	0.563603	0.826046	0	None	4516
ChainingRodShaped	4519	2.61305	0.5	5.93082	43.0817	0	-0.75598	-0.654595	0	None	None
ChainingRodShaped	4521	2.18243	0.5	-20.7518	42.4751	0	0.987455	0.157904	0	None	4520
ChainingRodShaped	4523	2.59921	0.5	25.8087	37.3477	0	-0.512737	0.858546	0	None	None
ChainingRodShaped	4525	2.71975	0.5	-8.7454	40.8716	0	-0.860782	-0.508973	0	None	None
