cell_type	cell_id	length	radius	pos_x	pos_y	pos_z	ori_x	ori_y	ori_z	lower_link	upper_link
ChainingRodShaped	5164	4.0444	0.5	-18.3303	30.7536	0	-0.459227	-0.888319	0	None	None
ChainingRodShaped	4926	4.12248	0.5	22.1522	46.2686	0	-0.217286	0.976108	0	None	None
ChainingRodShaped	4628	3.81199	0.5	-16.2176	41.876	0	0.984744	0.174009	0	4629	None
ChainingRodShaped	5038	3.4247	0.5	-3.69373	35.7724	0	-0.915734	-0.401786	0	None	None
ChainingRodShaped	5348	2.13276	0.5	-9.54679	49.7	0	0.444666	0.895697	0	5349	None
ChainingRodShaped	5130	2.95755	0.5	36.2724	42.0626	0	0.861083	-0.508464	0	5131	None
ChainingRodShaped	5076	3.62391	0.5	37.74	43.2424	0	0.409885	-0.912137	0	None	None
ChainingRodShaped	5174	3.58901	0.5	8.16877	28.9676	0	-0.910873	-0.412687	0	None	None
ChainingRodShaped	5384	2.22757	0.5	-0.495733	12.6053	0	-0.958447	0.28527	0	None	None
ChainingRodShaped	5040	3.82088	0.5	28.3967	20.9825	0	0.140526	-0.990077	0	None	None
ChainingRodShaped	4712	3.76605	0.5	22.5737	52.0882	0	-0.469734	0.882808	0	4713	None
ChainingRodShaped	4670	4.30159	0.5	-28.7659	59.3882	0	0.251362	0.967893	0	5114	None
ChainingRodShaped	5190	2.68994	0.5	-18.9745	37.069	0	0.65906	-0.752091	0	None	None
ChainingRodShaped	5154	2.45082	0.5	20.6138	28.8346	0	-0.06075	-0.998153	0	5155	None
ChainingRodShaped	5102	3.63069	0.5	-10.1436	20.9852	0	0.0479037	-0.998852	0	None	None
ChainingRodShaped	5256	2.81795	0.5	-7.94745	38.0323	0	-0.834682	-0.550732	0	None	None
ChainingRodShaped	5374	2.33272	0.5	10.1246	57.6192	0	0.222444	0.974946	0	None	None
ChainingRodShaped	5344	2.29649	0.5	-36.1014	45.592	0	-0.0758413	0.99712	0	5345	None
ChainingRodShaped	4626	3.70389	0.5	-32.7639	56.5205	0	0.113281	0.993563	0	4627	None
ChainingRodShaped	4762	3.96017	0.5	-14.6447	45.0706	0	-0.0700309	-0.997545	0	4763	None
ChainingRodShaped	5054	4.54013	0.5	32.3579	46.5578	0	0.826371	-0.563127	0	None	None
ChainingRodShaped	4880	4.16645	0.5	-14.4124	18.2927	0	-0.967701	0.252102	0	4881	None
ChainingRodShaped	5286	3.02078	0.5	-4.6499	42.1108	0	-0.0842876	-0.996441	0	None	None
ChainingRodShaped	5292	2.41793	0.5	4.68932	39.8961	0	-0.983335	-0.181803	0	None	None
ChainingRodShaped	4476	4.90132	0.5	-20.8151	24.3674	0	0.365241	-0.930913	0	5418	None
ChainingRodShaped	5346	2.29074	0.5	-21.0264	19.4383	0	0.361447	-0.932393	0	None	None
ChainingRodShaped	4658	4.72711	0.5	34.9145	31.8545	0	-0.856147	-0.516732	0	4659	None
ChainingRodShaped	4924	4.04696	0.5	30.4285	21.5446	0	-0.189824	-0.981818	0	None	None
ChainingRodShaped	5050	3.37339	0.5	6.25048	39.1979	0	0.985103	0.171967	0	None	None
ChainingRodShaped	4934	4.15441	0.5	-16.6459	12.2348	0	0.116112	-0.993236	0	4935	None
ChainingRodShaped	4776	4.45845	0.5	-6.74036	21.7101	0	-0.645667	-0.763619	0	4777	None
ChainingRodShaped	4462	4.66361	0.5	-31.9002	25.8889	0	0.0269052	-0.999638	0	4790	None
ChainingRodShaped	5014	3.72318	0.5	-9.15301	20.8021	0	0.0450169	-0.998986	0	5015	None
ChainingRodShaped	4710	4.70055	0.5	9.86377	37.878	0	0.708559	0.705651	0	4711	None
ChainingRodShaped	4806	4.41655	0.5	14.1465	27.597	0	0.874707	-0.484652	0	None	None
ChainingRodShaped	5072	2.51678	0.5	33.1165	25.2309	0	0.194747	-0.980854	0	5073	None
ChainingRodShaped	5138	3.17358	0.5	3.75816	56.7879	0	0.469698	0.882827	0	None	None
ChainingRodShaped	5396	2.3228	0.5	-30.2967	47.0476	0	-0.285435	0.958398	0	None	None
ChainingRodShaped	5392	2.18108	0.5	13.4089	44.6056	0	0.522486	-0.852648	0	None	None
ChainingRodShaped	5104	2.52974	0.5	-17.9212	43.2769	0	0.907817	-0.419367	0	5105	None
ChainingRodShaped	5046	4.86283	0.5	-1.7454	13.9965	0	-0.96877	0.247961	0	None	None
ChainingRodShaped	5022	3.25823	0.5	12.2613	26.9276	0	-0.578898	0.8154	0	None	None
ChainingRodShaped	5094	2.80821	0.5	-37.9418	45.4952	0	0.55441	0.832243	0	5095	None
ChainingRodShaped	4698	3.9395	0.5	-36.7144	47.6817	0	0.997992	0.0633367	0	4699	None
ChainingRodShaped	5202	2.78116	0.5	-13.3017	44.9289	0	-0.30459	-0.952483	0	5203	None
ChainingRodShaped	4988	3.79288	0.5	-37.0592	48.6528	0	0.997933	0.06426	0	None	None
ChainingRodShaped	5270	2.88042	0.5	-17.0267	44.0163	0	0.876544	-0.481322	0	None	None
ChainingRodShaped	5414	2.10539	0.5	22.3207	42.2394	0	0.0374445	0.999299	0	None	None
ChainingRodShaped	4908	4.43776	0.5	17.4841	36.8324	0	-0.832783	-0.5536	0	None	None
ChainingRodShaped	4814	3.25912	0.5	20.0678	35.9023	0	-0.0484607	-0.998825	0	4815	None
ChainingRodShaped	4724	4.52478	0.5	17.0286	34.1791	0	0.903897	0.42775	0	5350	None
ChainingRodShaped	5308	2.31651	0.5	-15.5309	19.611	0	-0.967554	0.252665	0	5309	None
ChainingRodShaped	4636	4.39711	0.5	48.2925	40.708	0	0.999336	0.0364229	0	4637	None
ChainingRodShaped	4778	4.81441	0.5	-25.9424	34.8138	0	-0.362711	0.931902	0	4779	None
ChainingRodShaped	5366	2.44102	0.5	-4.25492	37.3995	0	-0.460732	-0.88754	0	None	None
ChainingRodShaped	5380	2.16864	0.5	-6.52384	35.0059	0	-0.446665	-0.894701	0	5381	None
ChainingRodShaped	5136	2.77323	0.5	52.9306	44.5972	0	0.879066	-0.4767	0	5137	None
ChainingRodShaped	5236	2.74047	0.5	18.4097	48.7039	0	0.221606	-0.975136	0	None	None
ChainingRodShaped	4998	2.97019	0.5	39.5402	47.4402	0	0.725125	-0.688618	0	4999	None
ChainingRodShaped	5142	3.92234	0.5	10.2049	25.6453	0	0.218357	0.975869	0	None	None
ChainingRodShaped	4792	4.35871	0.5	-21.2207	45.8911	0	0.904641	-0.426174	0	None	None
ChainingRodShaped	5218	3.54281	0.5	-25.6253	48.123	0	0.867761	-0.496981	0	None	None
ChainingRodShaped	5240	3.42999	0.5	12.5027	22.8942	0	-0.489461	0.872025	0	None	None
ChainingRodShaped	4804	4.04262	0.5	32.7069	53.9285	0	0.72519	-0.688549	0	4805	4999
ChainingRodShaped	4946	3.75744	0.5	19.4801	43.5687	0	-0.0314887	-0.999504	0	None	None
ChainingRodShaped	5254	2.57173	0.5	41.2426	50.9364	0	0.878988	-0.476845	0	5255	5451
ChainingRodShaped	5208	2.56723	0.5	-0.0739261	47.4947	0	-0.470089	-0.882619	0	5209	5199
ChainingRodShaped	5036	3.51539	0.5	0.475005	46.4672	0	-0.478582	-0.878043	0	None	None
ChainingRodShaped	5268	2.54281	0.5	-22.1512	25.082	0	-0.36326	0.931688	0	5269	4779
ChainingRodShaped	4874	4.26104	0.5	37.3503	40.3497	0	0.999656	0.0262306	0	4875	4637
ChainingRodShaped	4882	4.36906	0.5	-3.69391	16.5426	0	-0.968291	0.249826	0	4883	4619
ChainingRodShaped	4788	3.59997	0.5	6.66498	29.331	0	0.906702	0.421772	0	5390	5351
ChainingRodShaped	5188	2.81761	0.5	20.4943	44.6788	0	-0.046296	-0.998928	0	5189	4815
ChainingRodShaped	5284	3.07933	0.5	15.7032	39.2397	0	-0.814396	-0.580309	0	None	None
ChainingRodShaped	4954	4.16491	0.5	24.1951	40.7666	0	-0.441825	0.897101	0	None	None
ChainingRodShaped	5140	2.78293	0.5	-20.8861	48.138	0	0.108265	-0.994122	0	None	None
ChainingRodShaped	5074	3.62252	0.5	-39.6981	50.4567	0	0.998401	0.0565243	0	None	None
ChainingRodShaped	5166	2.97778	0.5	-10.9946	52.1483	0	-0.304328	-0.952567	0	5167	5203
ChainingRodShaped	4732	3.77957	0.5	-47.0604	47.0447	0	0.998231	0.0594541	0	5210	4699
ChainingRodShaped	4872	4.59395	0.5	-42.5952	38.522	0	0.555659	0.83141	0	4873	5095
ChainingRodShaped	5436	2.022	0.5	12.113	25.31	0	-0.712102	0.702076	0	None	None
ChainingRodShaped	5010	4.3984	0.5	0.291706	17.8908	0	0.923753	0.382988	0	None	None
ChainingRodShaped	5044	3.04648	0.5	-25.0993	46.6318	0	0.903806	-0.427943	0	5045	5105
ChainingRodShaped	5234	2.99611	0.5	12.1516	49.2927	0	0.168134	-0.985764	0	None	None
ChainingRodShaped	5354	2.64527	0.5	-27.6583	45.8142	0	-0.922371	0.386306	0	None	None
ChainingRodShaped	5116	3.98738	0.5	1.54289	57.024	0	0.669858	0.742489	0	None	None
ChainingRodShaped	5212	2.56826	0.5	30.502	38.3251	0	0.198577	-0.980085	0	5213	5377
ChainingRodShaped	5306	2.59133	0.5	7.01834	26.2696	0	0.997154	-0.0753974	0	None	None
ChainingRodShaped	4794	3.52751	0.5	2.28227	30.2367	0	0.697034	0.717038	0	4795	4711
ChainingRodShaped	4744	4.57545	0.5	-9.62914	29.9226	0	0.0605188	-0.998167	0	5244	5015
ChainingRodShaped	4790	3.77379	0.5	-32.0408	31.1044	0	0.0270087	-0.999635	0	4791	4462
ChainingRodShaped	5328	2.35082	0.5	-0.256081	29.2411	0	-0.656731	-0.754125	0	5329	4777
ChainingRodShaped	5032	2.92444	0.5	-17.7219	21.6444	0	0.107804	-0.994172	0	5033	4935
ChainingRodShaped	5004	3.6064	0.5	4.80582	36.7428	0	0.634391	0.773012	0	None	None
ChainingRodShaped	4892	3.92397	0.5	28.1565	25.8114	0	0.0712126	-0.997461	0	None	None
ChainingRodShaped	5228	2.73664	0.5	43.7342	37.1484	0	-0.859042	-0.511904	0	5229	4659
ChainingRodShaped	5120	4.30316	0.5	-25.3555	23.4419	0	0.0802484	-0.996775	0	None	None
ChainingRodShaped	5418	2.04315	0.5	-22.4445	28.5349	0	0.361928	-0.932206	0	5419	4476
ChainingRodShaped	5124	3.16434	0.5	12.4997	39.3715	0	-0.0439763	0.999033	0	None	None
ChainingRodShaped	5152	3.65724	0.5	-4.45457	48.9597	0	0.608409	-0.793623	0	None	None
ChainingRodShaped	5274	2.52256	0.5	-5.50936	15.9848	0	-0.968387	0.249452	0	5275	4881
ChainingRodShaped	4860	4.95241	0.5	31.1476	50.0766	0	0.678952	-0.734183	0	None	None
ChainingRodShaped	5430	2.02732	0.5	-14.0273	54.0348	0	-0.0667394	-0.99777	0	5431	4763
ChainingRodShaped	4858	3.03048	0.5	-33.905	46.5991	0	0.116414	0.993201	0	4859	4627
ChainingRodShaped	5176	2.9954	0.5	-34.9979	32.5848	0	-0.0959768	0.995384	0	5177	5405
ChainingRodShaped	5170	2.78113	0.5	11.1652	57.7374	0	0.229077	0.973408	0	None	None
ChainingRodShaped	5108	4.04414	0.5	-8.92586	34.2531	0	-0.0651156	0.997878	0	None	None
ChainingRodShaped	5382	2.39755	0.5	-11.1244	20.7011	0	0.0480747	-0.998844	0	None	None
ChainingRodShaped	5438	2.01221	0.5	21.2874	41.0112	0	-0.0462683	-0.998929	0	5439	4717
ChainingRodShaped	5100	3.4428	0.5	-19.864	35.7985	0	0.902433	-0.43083	0	None	None
ChainingRodShaped	5144	3.08515	0.5	-31.8356	47.4666	0	0.245034	0.969514	0	5145	5115
ChainingRodShaped	5028	2.99388	0.5	26.7595	44.2233	0	-0.466265	0.884645	0	5029	4713
ChainingRodShaped	5278	2.75473	0.5	23.3481	22.5976	0	0.480688	-0.876892	0	None	None
ChainingRodShaped	4914	4.42821	0.5	6.21642	15.7573	0	0.157612	-0.987501	0	None	None
ChainingRodShaped	5178	3.45066	0.5	14.1752	30.5787	0	-0.869512	-0.493911	0	None	None
ChainingRodShaped	5126	3.87527	0.5	41.0742	42.4472	0	-0.84106	-0.540941	0	None	None
ChainingRodShaped	5134	2.5868	0.5	29.6749	45.9792	0	0.858166	-0.513373	0	5135	5131
ChainingRodShaped	5296	2.45371	0.5	-15.8229	37.5101	0	0.472816	0.881161	0	5297	5231
ChainingRodShaped	4990	3.75124	0.5	-1.75098	37.8319	0	-0.884085	-0.467327	0	None	None
ChainingRodShaped	5030	3.03442	0.5	-25.8651	40.1955	0	0.985237	0.171198	0	5031	4629
ChainingRodShaped	4976	3.39421	0.5	24.3175	42.672	0	-0.45077	0.89264	0	None	None
ChainingRodShaped	5358	2.30156	0.5	-13.184	34.5057	0	-0.208307	-0.978064	0	None	None
ChainingRodShaped	5122	3.28169	0.5	14.9038	20.5194	0	-0.453953	0.891026	0	None	None
ChainingRodShaped	4996	4.68226	0.5	-7.18406	47.741	0	-0.548429	0.836197	0	None	None
ChainingRodShaped	5034	4.47198	0.5	-14.3663	38.1479	0	-0.472296	-0.88144	0	None	None
ChainingRodShaped	4972	3.72914	0.5	10.248	36.9147	0	0.709295	0.704912	0	None	None
ChainingRodShaped	5368	2.36627	0.5	2.34769	49.9167	0	-0.478638	-0.878012	0	None	None
ChainingRodShaped	5444	2.01312	0.5	-2.96631	50.2156	0	0.610059	-0.792356	0	None	None
ChainingRodShaped	5416	2.0737	0.5	30.4987	52.2453	0	0.679188	-0.733964	0	None	None
ChainingRodShaped	5110	4.1086	0.5	7.93918	51.3099	0	0.0715139	0.99744	0	None	None
ChainingRodShaped	5298	3.10738	0.5	-30.1105	37.1871	0	-0.729068	0.684441	0	None	None
ChainingRodShaped	5312	2.76769	0.5	-14.0805	25.2493	0	0.583765	-0.811922	0	None	None
ChainingRodShaped	5364	2.43681	0.5	0.592169	41.7458	0	-0.671699	-0.740824	0	None	None
ChainingRodShaped	5070	4.55989	0.5	24.0947	51.3205	0	0.476753	-0.879037	0	None	None
ChainingRodShaped	5242	3.31305	0.5	25.944	33.7368	0	-0.0888635	0.996044	0	None	None
ChainingRodShaped	5006	3.39118	0.5	-24.7794	41.7486	0	0.9283	0.371831	0	None	None
ChainingRodShaped	4740	4.9594	0.5	-26.7787	53.8381	0	-0.683337	-0.730103	0	None	None
ChainingRodShaped	4928	4.69298	0.5	26.5719	38.1827	0	-0.451434	0.892305	0	None	None
ChainingRodShaped	5422	2.10275	0.5	-40.8645	52.3387	0	0.969501	-0.245086	0	None	None
ChainingRodShaped	4932	4.26948	0.5	-20.8092	53.6572	0	-0.410557	-0.911835	0	None	None
ChainingRodShaped	5262	2.65756	0.5	15.7753	17.0661	0	0.750016	0.661419	0	None	None
ChainingRodShaped	5082	4.57857	0.5	13.2831	48.4156	0	0.134532	-0.990909	0	None	None
ChainingRodShaped	5096	3.82605	0.5	-0.929724	33.8462	0	0.776328	0.630329	0	None	None
ChainingRodShaped	4938	4.78343	0.5	15.1828	42.8941	0	0.266632	-0.963798	0	None	None
ChainingRodShaped	4902	4.7493	0.5	15.8083	28.5131	0	-0.973467	0.228829	0	None	None
ChainingRodShaped	5068	4.08487	0.5	4.05822	16.3053	0	0.655711	-0.755012	0	None	None
ChainingRodShaped	4900	4.01492	0.5	-28.6727	42.7537	0	0.982852	0.184395	0	None	None
ChainingRodShaped	5098	2.96037	0.5	30.2578	49.5812	0	0.679556	-0.733623	0	None	None
ChainingRodShaped	5266	2.54767	0.5	-1.97976	41.7977	0	-0.468168	-0.88364	0	None	None
ChainingRodShaped	5326	2.52768	0.5	42.4245	42.084	0	-0.863638	-0.504113	0	None	None
ChainingRodShaped	5330	2.65396	0.5	-23.2564	49.0013	0	0.320202	-0.947349	0	None	None
ChainingRodShaped	5180	2.84964	0.5	17.724	40.9038	0	0.270456	-0.962732	0	None	None
ChainingRodShaped	5258	2.77298	0.5	0.486894	20.4346	0	0.0330517	-0.999454	0	None	None
ChainingRodShaped	4962	4.91265	0.5	24.2922	22.9258	0	0.482191	-0.876066	0	None	None
ChainingRodShaped	5086	4.68086	0.5	-11.5015	28.5671	0	0.0492014	-0.998789	0	None	None
ChainingRodShaped	5314	2.40182	0.5	17.2461	37.8768	0	0.831204	0.555968	0	None	None
ChainingRodShaped	5222	2.94121	0.5	23.6414	45.9942	0	-0.488224	0.872719	0	None	None
ChainingRodShaped	5106	4.42026	0.5	13.9456	41.8706	0	-0.513928	0.857834	0	None	None
ChainingRodShaped	5156	3.12281	0.5	23.1467	39.0113	0	0.0434773	0.999054	0	None	None
ChainingRodShaped	5246	3.22871	0.5	7.28168	16.2833	0	0.0565235	-0.998401	0	None	None
ChainingRodShaped	5128	2.79874	0.5	1.94738	55.5087	0	0.476768	0.879029	0	None	None
ChainingRodShaped	5260	3.20659	0.5	11.5824	22.5498	0	-0.484385	0.874855	0	None	None
ChainingRodShaped	5118	3.50172	0.5	30.0034	30.395	0	0.7477	-0.664037	0	None	None
ChainingRodShaped	5192	2.67576	0.5	9.34037	26.1942	0	0.210652	0.977561	0	None	None
ChainingRodShaped	4944	3.61125	0.5	-6.27151	30.0695	0	-0.74134	0.67113	0	None	None
ChainingRodShaped	4613	4.92416	0.5	-13.5379	61.5233	0	-0.0644468	-0.997921	0	None	5431
ChainingRodShaped	5282	2.34035	0.5	-19.0113	31.5331	0	0.465684	0.884951	0	5283	5297
ChainingRodShaped	4832	4.38171	0.5	-22.8977	24.2821	0	0.361622	-0.932325	0	None	None
ChainingRodShaped	4619	3.60101	0.5	-8.51345	17.7861	0	-0.96827	0.249905	0	4882	5309
ChainingRodShaped	5198	2.63997	0.5	-3.55614	40.8583	0	-0.45814	-0.88888	0	5199	5381
ChainingRodShaped	5332	2.71657	0.5	-27.6444	34.0168	0	0.33589	0.941901	0	None	None
ChainingRodShaped	5440	2.02219	0.5	1.67656	39.626	0	-0.886472	-0.462782	0	None	None
ChainingRodShaped	4627	4.6216	0.5	-33.3504	51.3919	0	0.113927	0.993489	0	4858	4626
ChainingRodShaped	4629	4.39787	0.5	-21.2322	40.9991	0	0.985313	0.170757	0	5030	4628
ChainingRodShaped	5352	2.13833	0.5	-34.2948	25.4698	0	-0.100016	0.994986	0	5353	5177
ChainingRodShaped	4966	3.52869	0.5	15.7137	24.5171	0	-0.88142	0.472333	0	None	None
ChainingRodShaped	5370	2.17579	0.5	6.86096	49.9799	0	0.0788996	0.996883	0	None	None
ChainingRodShaped	4637	4.62775	0.5	42.7866	40.5141	0	0.999424	0.0339272	0	4874	4636
ChainingRodShaped	4942	3.98302	0.5	-7.54446	42.6299	0	-0.952067	0.30589	0	None	None
ChainingRodShaped	5160	3.62333	0.5	10.5535	35.8694	0	0.709769	0.704434	0	None	None
ChainingRodShaped	5146	3.73577	0.5	24.7447	53.4353	0	0.172486	-0.985012	0	None	None
ChainingRodShaped	5394	2.29467	0.5	17.5456	22.6307	0	-0.9822	0.187841	0	None	None
ChainingRodShaped	4984	4.14649	0.5	6.60674	21.2571	0	-0.75037	-0.661018	0	None	None
ChainingRodShaped	4992	4.22155	0.5	18.1673	52.8391	0	0.259388	-0.965773	0	None	None
ChainingRodShaped	4834	4.30293	0.5	-7.98759	34.5894	0	-0.0583597	0.998296	0	None	None
ChainingRodShaped	5388	2.31114	0.5	7.41438	34.075	0	0.708264	0.705947	0	None	None
ChainingRodShaped	5376	2.11174	0.5	31.7731	31.9911	0	0.194931	-0.980817	0	5377	5073
ChainingRodShaped	5062	3.28618	0.5	5.30598	24.6454	0	0.912289	0.409548	0	None	None
ChainingRodShaped	4659	4.56523	0.5	39.7471	34.7628	0	-0.857496	-0.51449	0	5228	4658
ChainingRodShaped	5182	2.84618	0.5	20.7904	51.8708	0	-0.0363753	-0.999338	0	5183	5189
ChainingRodShaped	5318	2.43525	0.5	-29.0415	37.6663	0	-0.77684	0.629699	0	None	None
ChainingRodShaped	4910	4.58318	0.5	-14.0003	35.4045	0	-0.199797	-0.979837	0	None	None
ChainingRodShaped	5230	2.75912	0.5	-12.5352	43.7559	0	0.455549	0.890211	0	5231	5349
ChainingRodShaped	5016	4.72958	0.5	-0.76149	52.4629	0	0.458932	0.888472	0	None	None
ChainingRodShaped	5114	2.56894	0.5	-29.8793	55.0965	0	0.250737	0.968055	0	5115	4670
ChainingRodShaped	5448	2.007	0.5	-3.46389	49.2643	0	0.609786	-0.792566	0	None	None
ChainingRodShaped	5078	4.16634	0.5	0.863288	36.0436	0	0.999787	-0.0206352	0	None	None
ChainingRodShaped	5042	3.67976	0.5	-31.082	32.8528	0	-0.0352885	0.999377	0	None	None
ChainingRodShaped	5058	3.538	0.5	14.8571	54.7688	0	-0.426431	-0.90452	0	None	None
ChainingRodShaped	4948	4.66215	0.5	9.15502	47.431	0	-0.151177	0.988507	0	None	None
ChainingRodShaped	4683	4.52767	0.5	-33.9036	39.147	0	0.237987	0.971268	0	None	5145
ChainingRodShaped	5412	2.08512	0.5	-26.7647	24.385	0	0.395775	-0.918348	0	None	None
ChainingRodShaped	5450	2.00045	0.5	46.7661	47.9403	0	0.879033	-0.476762	0	5451	5137
ChainingRodShaped	4980	3.56533	0.5	20.2197	20.1176	0	-0.982188	0.1879	0	None	None
ChainingRodShaped	4936	4.78445	0.5	-17.0518	55.4069	0	-0.670989	-0.741467	0	None	None
ChainingRodShaped	5324	2.70652	0.5	11.9202	56.3302	0	-0.461388	-0.887198	0	None	None
ChainingRodShaped	4896	4.32653	0.5	-13.4339	28.1087	0	0.0360367	-0.99935	0	None	None
ChainingRodShaped	5012	4.31201	0.5	21.6241	29.3064	0	-0.0620371	-0.998074	0	None	None
ChainingRodShaped	4699	4.51126	0.5	-41.9268	47.356	0	0.99811	0.0614596	0	4732	4698
ChainingRodShaped	4986	4.7796	0.5	38.7723	44.8171	0	0.164486	-0.986379	0	None	None
ChainingRodShaped	5162	3.98439	0.5	29.3013	23.238	0	0.0299756	-0.999551	0	None	None
ChainingRodShaped	5356	2.53354	0.5	-24.0089	39.5082	0	0.986057	0.166408	0	None	None
ChainingRodShaped	4952	4.62948	0.5	5.507	59.2885	0	0.204645	-0.978836	0	None	None
ChainingRodShaped	4709	4.9929	0.5	19.2006	24.9984	0	0.899612	-0.43669	0	None	None
ChainingRodShaped	4711	4.65994	0.5	5.85189	33.8637	0	0.704983	0.709224	0	4794	4710
ChainingRodShaped	4713	3.53724	0.5	24.7607	47.987	0	-0.471341	0.881951	0	5028	4712
ChainingRodShaped	5400	2.11796	0.5	-16.6519	46.2373	0	0.459199	-0.888333	0	None	None
ChainingRodShaped	4717	4.01238	0.5	21.0863	37.0081	0	-0.0526529	-0.998613	0	5438	5155
ChainingRodShaped	5172	2.44148	0.5	-8.80876	58.9751	0	-0.305418	-0.952218	0	5173	5167
ChainingRodShaped	4721	4.67633	0.5	3.88827	54.9333	0	-0.470195	-0.882563	0	None	5209
ChainingRodShaped	5150	2.81425	0.5	-19.5762	18.4479	0	-0.360121	0.932906	0	5151	5269
ChainingRodShaped	5350	2.18481	0.5	13.097	32.3248	0	0.905457	0.424439	0	5351	4724
ChainingRodShaped	4920	4.03382	0.5	16.6935	29.2963	0	-0.974805	0.223058	0	None	None
ChainingRodShaped	5088	4.19182	0.5	0.457647	33.735	0	0.778894	0.627156	0	None	None
ChainingRodShaped	5196	2.65925	0.5	4.17551	34.4473	0	-0.638677	-0.769475	0	5197	5329
ChainingRodShaped	5210	2.57159	0.5	-51.227	46.7982	0	0.998284	0.0585629	0	5211	4732
ChainingRodShaped	5060	4.62623	0.5	39.9834	49.8399	0	0.734591	-0.67851	0	None	None
ChainingRodShaped	4737	4.90101	0.5	41.2166	45.4692	0	-0.490516	-0.871432	0	None	None
ChainingRodShaped	5428	2.08111	0.5	-24.5145	49.3193	0	0.414164	-0.910202	0	None	None
ChainingRodShaped	4940	3.94381	0.5	-26.4096	55.685	0	-0.684862	-0.728673	0	None	None
ChainingRodShaped	5026	4.31928	0.5	-9.11065	52.5943	0	-0.528445	-0.848967	0	None	None
ChainingRodShaped	5244	2.71035	0.5	-9.91936	34.5535	0	0.0654446	-0.997856	0	5245	4744
ChainingRodShaped	4974	4.36211	0.5	3.64298	41.9082	0	-0.857391	-0.514666	0	None	None
ChainingRodShaped	4918	4.7569	0.5	1.40224	21.8674	0	0.10214	-0.99477	0	None	None
ChainingRodShaped	5362	2.41558	0.5	23.3538	55.2144	0	0.24698	-0.969021	0	None	None
ChainingRodShaped	5316	2.83872	0.5	5.58825	45.0001	0	-0.976866	0.213854	0	None	None
ChainingRodShaped	5372	2.24831	0.5	2.87199	46.7297	0	-0.505138	-0.863039	0	None	None
ChainingRodShaped	5020	3.63597	0.5	-41.028	49.3885	0	0.998365	0.0571673	0	None	None
ChainingRodShaped	5404	2.1027	0.5	-35.5967	39.1891	0	-0.0830308	0.996547	0	5405	5345
ChainingRodShaped	4761	4.91108	0.5	34.214	54.7494	0	0.878974	-0.476869	0	None	5255
ChainingRodShaped	4763	4.0053	0.5	-14.2997	50.0338	0	-0.0686515	-0.997641	0	5430	4762
ChainingRodShaped	5024	3.92909	0.5	25.5141	30.7809	0	-0.381089	0.924538	0	None	None
ChainingRodShaped	5386	2.14077	0.5	25.3003	23.1401	0	0.476219	-0.879327	0	None	None
ChainingRodShaped	4769	4.25204	0.5	-25.0447	35.2384	0	0.361854	-0.932235	0	None	5419
ChainingRodShaped	4771	4.66521	0.5	16.9369	33.0793	0	-0.905164	-0.425063	0	None	None
ChainingRodShaped	4950	3.56665	0.5	19.8967	54.4698	0	-0.0344711	-0.999406	0	None	None
ChainingRodShaped	4775	4.70285	0.5	2.26475	13.9993	0	-0.969325	0.245781	0	None	5275
ChainingRodShaped	4777	4.55898	0.5	-3.16762	25.8867	0	-0.65446	-0.756096	0	5328	4776
ChainingRodShaped	4779	4.77522	0.5	-23.8415	29.4186	0	-0.363055	0.931768	0	5268	4778
ChainingRodShaped	5442	2.01451	0.5	2.98429	44.5261	0	-0.286948	-0.957946	0	None	None
ChainingRodShaped	5064	3.33111	0.5	-4.96809	46.201	0	0.047689	-0.998862	0	None	None
ChainingRodShaped	4982	3.43688	0.5	-8.53202	46.0581	0	-0.599552	0.800336	0	None	None
ChainingRodShaped	5184	3.04104	0.5	13.8332	14.5926	0	0.90155	0.432674	0	None	None
ChainingRodShaped	5390	2.19103	0.5	3.14542	27.6804	0	0.903485	0.428619	0	5391	4788
ChainingRodShaped	4791	4.19552	0.5	-32.1757	36.0853	0	0.0271335	-0.999632	0	None	4790
ChainingRodShaped	4994	3.61382	0.5	-21.9775	49.0446	0	0.106447	-0.994318	0	None	None
ChainingRodShaped	4795	4.07696	0.5	-1.04646	26.7807	0	0.690794	0.723051	0	None	4794
ChainingRodShaped	4797	4.28377	0.5	11.1506	16.7094	0	0.874829	0.484432	0	None	None
ChainingRodShaped	5090	4.00527	0.5	6.6332	23.9001	0	0.756351	0.654167	0	None	None
ChainingRodShaped	4801	4.60656	0.5	27.5245	49.5571	0	0.859525	-0.511093	0	None	None
ChainingRodShaped	4803	4.30365	0.5	12.1275	15.9691	0	0.903524	0.428537	0	None	None
ChainingRodShaped	4805	4.74841	0.5	28.7952	57.6429	0	0.72514	-0.688601	0	None	4804
ChainingRodShaped	5066	3.45128	0.5	10.1462	28.8013	0	0.911122	0.412137	0	None	None
ChainingRodShaped	5048	3.36828	0.5	-10.6627	31.0136	0	0.0591877	-0.998247	0	None	None
ChainingRodShaped	5092	3.76558	0.5	3.02054	16.0245	0	0.65906	-0.75209	0	None	None
ChainingRodShaped	5084	3.01466	0.5	4.77445	11.418	0	-0.992961	0.118439	0	None	None
ChainingRodShaped	4815	3.7546	0.5	20.2885	40.4015	0	-0.0494683	-0.998776	0	5188	4814
ChainingRodShaped	5232	3.43838	0.5	-7.34529	28.3231	0	-0.724644	0.689123	0	None	None
ChainingRodShaped	5158	3.98571	0.5	5.10038	52.8555	0	-0.54843	-0.836197	0	None	None
ChainingRodShaped	4821	4.17197	0.5	-0.579857	48.6067	0	0.465943	0.884815	0	None	None
ChainingRodShaped	5052	3.22754	0.5	15.9095	38.182	0	0.830251	0.557389	0	None	None
ChainingRodShaped	5148	3.4226	0.5	-17.8949	51.0616	0	-0.976526	-0.215401	0	None	None
ChainingRodShaped	4827	4.55292	0.5	-25.4863	38.2594	0	0.986527	0.163598	0	None	None
ChainingRodShaped	5264	2.94641	0.5	14.9556	52.692	0	-0.628653	-0.777686	0	None	None
ChainingRodShaped	5080	3.34645	0.5	27.8012	40.1105	0	-0.453497	0.891258	0	None	None
ChainingRodShaped	4833	4.82434	0.5	-24.9277	29.5005	0	0.364261	-0.931297	0	None	None
ChainingRodShaped	5294	2.79214	0.5	-5.54007	33.1464	0	-0.994982	-0.100054	0	None	None
ChainingRodShaped	5334	2.78298	0.5	23.8019	57.5672	0	0.230925	-0.972972	0	None	None
ChainingRodShaped	5320	2.76035	0.5	14.3802	22.9925	0	-0.870112	0.492853	0	None	None
ChainingRodShaped	4841	4.03444	0.5	15.7347	34.6248	0	-0.904348	-0.426796	0	None	None
ChainingRodShaped	5194	2.94442	0.5	-25.2874	42.6187	0	0.927681	0.373374	0	None	None
ChainingRodShaped	5112	4.19446	0.5	17.416	47.5432	0	0.591866	-0.806037	0	None	None
ChainingRodShaped	4847	4.84652	0.5	10.8212	32.3155	0	-0.90192	-0.431904	0	None	None
ChainingRodShaped	4849	4.28982	0.5	23.6349	30.2177	0	0.0569836	0.998375	0	None	None
ChainingRodShaped	5216	3.43032	0.5	-24.1745	21.6046	0	0.105262	-0.994445	0	None	None
ChainingRodShaped	5204	3.41142	0.5	-29.9726	30.9308	0	-0.0639419	0.997954	0	None	None
ChainingRodShaped	5206	3.20158	0.5	-6.52199	54.8772	0	0.0886613	-0.996062	0	None	None
ChainingRodShaped	5276	2.65418	0.5	-43.7883	54.154	0	0.948944	-0.315445	0	None	None
ChainingRodShaped	4859	4.09277	0.5	-34.4409	42.0705	0	0.118327	0.992975	0	None	4858
ChainingRodShaped	4861	4.25314	0.5	27.0408	52.8629	0	0.689987	-0.723822	0	None	None
ChainingRodShaped	5248	3.43199	0.5	-11.6326	39.4918	0	-0.823081	-0.567924	0	None	None
ChainingRodShaped	4865	4.62776	0.5	17.5713	19.8771	0	-0.823994	0.566598	0	None	None
ChainingRodShaped	4867	4.75751	0.5	-15.4503	32.8254	0	-0.0752145	-0.997167	0	None	None
ChainingRodShaped	5168	3.90662	0.5	9.6244	50.6331	0	-0.325669	0.945484	0	None	None
ChainingRodShaped	5132	3.83635	0.5	-2.12823	47.7372	0	0.462192	0.88678	0	None	None
ChainingRodShaped	4873	3.84444	0.5	-45.4951	34.1843	0	0.555919	0.831236	0	None	4872
ChainingRodShaped	4875	3.26208	0.5	32.5976	40.2362	0	0.999777	0.0211369	0	None	4874
ChainingRodShaped	5378	2.19861	0.5	26.9054	33.9624	0	0.0879971	-0.996121	0	None	None
ChainingRodShaped	4879	4.64853	0.5	6.54452	56.2167	0	-0.728633	-0.684904	0	None	None
ChainingRodShaped	4881	3.86009	0.5	-9.56383	17.0328	0	-0.968033	0.250822	0	5274	4880
ChainingRodShaped	4883	3.50376	0.5	1.07851	15.3078	0	-0.967909	0.2513	0	None	4882
ChainingRodShaped	4885	4.8194	0.5	22.271	20.7243	0	-0.98115	0.193248	0	None	None
ChainingRodShaped	5402	2.14587	0.5	-17.8001	46.2944	0	0.459668	-0.888091	0	None	None
ChainingRodShaped	5186	3.32274	0.5	-12.319	24.9903	0	0.0469224	-0.998899	0	None	None
ChainingRodShaped	5220	3.21586	0.5	-0.904961	19.8669	0	-0.230557	-0.973059	0	None	None
ChainingRodShaped	5226	3.17431	0.5	29.4425	27.7486	0	-0.213354	-0.976975	0	None	None
ChainingRodShaped	5214	3.52812	0.5	27.5011	53.8143	0	0.689763	-0.724035	0	None	None
ChainingRodShaped	5200	2.94918	0.5	-13.6935	31.5779	0	0.648249	0.761428	0	None	None
ChainingRodShaped	5290	2.86857	0.5	15.5194	46.1755	0	0.119348	-0.992853	0	None	None
ChainingRodShaped	5302	2.49938	0.5	-32.6983	40.03	0	0.247681	0.968842	0	None	None
ChainingRodShaped	5288	2.56271	0.5	17.7879	26.7727	0	-0.901452	0.432879	0	None	None
ChainingRodShaped	4905	4.3486	0.5	6.12371	43.8993	0	-0.978221	0.207565	0	None	None
ChainingRodShaped	4907	4.85826	0.5	14.8177	57.0245	0	-0.8546	-0.519287	0	None	None
ChainingRodShaped	5224	2.9412	0.5	18.834	40.4376	0	0.280055	-0.959984	0	None	None
ChainingRodShaped	5408	2.22331	0.5	-11.517	40.9931	0	-0.703812	-0.710386	0	None	None
ChainingRodShaped	5424	2.07234	0.5	10.9662	50.1438	0	0.209936	-0.977715	0	None	None
ChainingRodShaped	4915	4.97328	0.5	7.80736	18.8594	0	-0.999341	0.0362987	0	None	None
ChainingRodShaped	5280	2.9879	0.5	8.40458	38.3339	0	-0.474418	-0.880299	0	None	None
ChainingRodShaped	4919	4.90467	0.5	2.48035	25.3202	0	0.995984	0.0895299	0	None	None
ChainingRodShaped	4921	4.20001	0.5	19.7756	31.1934	0	-0.0713637	-0.99745	0	None	None
ChainingRodShaped	5398	2.15739	0.5	27.004	27.7202	0	0.200642	0.979665	0	None	None
ChainingRodShaped	5238	3.43946	0.5	31.8032	23.4633	0	-0.164056	-0.986451	0	None	None
ChainingRodShaped	5250	3.25606	0.5	24.1771	47.0303	0	-0.48014	0.877192	0	None	None
ChainingRodShaped	4929	4.16827	0.5	29.9227	32.5532	0	-0.527078	0.849817	0	None	None
ChainingRodShaped	4931	4.82965	0.5	6.8488	53.3639	0	-0.623842	-0.78155	0	None	None
ChainingRodShaped	5252	2.71947	0.5	-18.4322	52.5481	0	-0.791733	-0.610867	0	None	None
ChainingRodShaped	4935	3.93697	0.5	-17.2279	17.2447	0	0.114527	-0.99342	0	5032	4934
ChainingRodShaped	4937	4.86453	0.5	-16.4521	58.1108	0	-0.549981	-0.835177	0	None	None
ChainingRodShaped	4939	4.43628	0.5	14.2602	48.3732	0	0.12927	-0.991609	0	None	None
ChainingRodShaped	5300	2.77545	0.5	-26.1683	57.3962	0	-0.686134	-0.727475	0	None	None
ChainingRodShaped	4943	4.04865	0.5	-7.47596	39.5017	0	-0.85092	-0.525295	0	None	None
ChainingRodShaped	5272	2.82212	0.5	-2.87135	29.7012	0	-0.760358	-0.649504	0	None	None
ChainingRodShaped	5406	2.09393	0.5	19.6608	47.4682	0	-0.0308768	-0.999523	0	None	None
ChainingRodShaped	4949	4.40105	0.5	11.6328	43.7432	0	-0.543579	0.839358	0	None	None
ChainingRodShaped	4951	3.90133	0.5	20.8065	58.9986	0	-0.421221	-0.906958	0	None	None
ChainingRodShaped	4953	3.67893	0.5	8.42048	58.9673	0	-0.91283	-0.408341	0	None	None
ChainingRodShaped	4955	4.59563	0.5	24.7732	35.8301	0	-0.098822	0.995105	0	None	None
ChainingRodShaped	5304	2.90249	0.5	-15.862	28.4809	0	0.993805	-0.111142	0	None	None
ChainingRodShaped	4959	4.61801	0.5	21.9371	34.7491	0	0.0558733	0.998438	0	None	None
ChainingRodShaped	5342	2.50176	0.5	-24.5628	54.7162	0	-0.629775	-0.776778	0	None	None
ChainingRodShaped	4963	4.82588	0.5	22.528	28.1406	0	-0.06132	-0.998118	0	None	None
ChainingRodShaped	4965	3.63176	0.5	-28.977	30.9116	0	-0.0639322	0.997954	0	None	None
ChainingRodShaped	4967	3.95228	0.5	20.1869	23.1387	0	-0.983243	0.182297	0	None	None
ChainingRodShaped	4969	3.95618	0.5	43.4173	48.2292	0	0.782961	-0.622071	0	None	None
ChainingRodShaped	5310	2.77075	0.5	-26.985	28.8017	0	-0.15593	-0.987768	0	None	None
ChainingRodShaped	5322	2.54824	0.5	7.67845	32.9843	0	0.708623	0.705587	0	None	None
ChainingRodShaped	4975	4.2635	0.5	8.61952	42.5173	0	-0.991694	-0.128618	0	None	None
ChainingRodShaped	5434	2.04873	0.5	27.3279	38.8666	0	-0.452685	0.89167	0	None	None
ChainingRodShaped	5360	2.45245	0.5	-16.37	48.9768	0	0.0396233	-0.999215	0	None	None
ChainingRodShaped	4981	3.92681	0.5	22.2657	18.7325	0	-0.985131	0.171804	0	None	None
ChainingRodShaped	5340	2.4377	0.5	-9.28592	45.3917	0	-0.586479	0.809964	0	None	None
ChainingRodShaped	5432	2.03915	0.5	8.86942	20.632	0	-0.846312	0.532688	0	None	None
ChainingRodShaped	5336	2.57359	0.5	37.4064	46.9839	0	0.126252	-0.991998	0	None	None
ChainingRodShaped	4989	4.42666	0.5	-42.1557	48.3312	0	0.998236	0.0593643	0	None	None
ChainingRodShaped	4991	3.38675	0.5	-0.598952	39.5358	0	-0.884963	-0.46566	0	None	None
ChainingRodShaped	4993	3.59514	0.5	18.9514	55.6001	0	-0.0244758	-0.9997	0	None	None
ChainingRodShaped	4995	3.59935	0.5	-22.3665	52.7145	0	-0.432314	-0.901723	0	None	None
ChainingRodShaped	4997	4.00354	0.5	-7.02375	45.6946	0	-0.603942	0.797028	0	None	None
ChainingRodShaped	4999	3.91985	0.5	36.318	50.4999	0	0.725182	-0.688557	0	4804	4998
ChainingRodShaped	5001	4.7966	0.5	0.465352	43.0471	0	-0.678105	-0.734965	0	None	None
ChainingRodShaped	5338	2.36739	0.5	-24.1308	53.6705	0	-0.628139	-0.778101	0	None	None
ChainingRodShaped	5005	4.83617	0.5	1.14967	33.0675	0	0.779968	0.62582	0	None	None
ChainingRodShaped	5007	3.70846	0.5	-29.1611	40.6289	0	0.984595	0.174849	0	None	None
ChainingRodShaped	5009	3.49819	0.5	-31.3585	43.7692	0	0.301924	0.953332	0	None	None
ChainingRodShaped	5011	4.17345	0.5	-2.78772	21.8923	0	0.433078	-0.901356	0	None	None
ChainingRodShaped	5013	3.75203	0.5	22.8265	33.4039	0	-0.0469968	-0.998895	0	None	None
ChainingRodShaped	5015	2.9899	0.5	-9.35977	25.1508	0	0.0506249	-0.998718	0	4744	5014
ChainingRodShaped	5017	4.97326	0.5	-4.0141	53.2025	0	0.608902	-0.793246	0	None	None
ChainingRodShaped	5446	2.0065	0.5	6.80622	41.2521	0	-0.985104	-0.171957	0	None	None
ChainingRodShaped	5021	3.30231	0.5	-44.0628	50.8348	0	0.946505	-0.322688	0	None	None
ChainingRodShaped	5426	2.07238	0.5	14.426	26.3292	0	-0.874442	0.48513	0	None	None
ChainingRodShaped	5410	2.10164	0.5	24.9991	29.482	0	-0.371827	0.928302	0	None	None
ChainingRodShaped	5027	4.49939	0.5	-8.36685	55.6403	0	-0.532507	-0.846425	0	None	None
ChainingRodShaped	5029	3.0861	0.5	28.629	40.6466	0	-0.46035	0.887737	0	None	5028
ChainingRodShaped	5031	3.68748	0.5	-30.1472	39.4456	0	0.984819	0.173586	0	None	5030
ChainingRodShaped	5033	3.20262	0.5	-18.1517	25.6781	0	0.104342	-0.994542	0	None	5032
ChainingRodShaped	5035	4.93655	0.5	-11.6433	43.1446	0	-0.495828	-0.868421	0	None	None
ChainingRodShaped	5037	4.52424	0.5	2.5889	48.2948	0	-0.480493	-0.876999	0	None	None
ChainingRodShaped	5039	4.32639	0.5	0.801627	38.0783	0	-0.888714	-0.458463	0	None	None
ChainingRodShaped	5420	2.11613	0.5	26.1982	23.5522	0	0.470551	-0.882373	0	None	None
ChainingRodShaped	5043	3.10147	0.5	-30.7412	28.4928	0	-0.176537	0.984294	0	None	None
ChainingRodShaped	5045	3.48651	0.5	-28.948	48.4618	0	0.902507	-0.430675	0	None	5044
ChainingRodShaped	5047	4.41525	0.5	3.6071	12.5536	0	-0.992892	0.119021	0	None	None
ChainingRodShaped	5049	3.56928	0.5	-10.9591	35.4464	0	0.0641801	-0.997938	0	None	None
ChainingRodShaped	5051	4.02374	0.5	2.62478	37.4636	0	0.969701	0.244296	0	None	None
ChainingRodShaped	5053	4.54911	0.5	12.3395	34.9303	0	0.704314	0.709889	0	None	None
ChainingRodShaped	5055	4.99508	0.5	28.4462	47.8625	0	0.857607	-0.514306	0	None	None
ChainingRodShaped	5057	4.74752	0.5	5.73994	48.3647	0	-0.0888686	-0.996043	0	None	None
ChainingRodShaped	5059	4.71482	0.5	18.3185	58.1558	0	-0.739636	-0.673007	0	None	None
ChainingRodShaped	5061	4.91613	0.5	37.1494	51.1306	0	0.712224	-0.701952	0	None	None
ChainingRodShaped	5063	3.27586	0.5	3.27895	23.1209	0	0.691932	-0.721962	0	None	None
ChainingRodShaped	5065	4.58201	0.5	-7.28849	49.6944	0	0.545347	-0.83821	0	None	None
ChainingRodShaped	5067	3.38244	0.5	6.83957	27.2539	0	0.996734	-0.0807505	0	None	None
ChainingRodShaped	5069	4.74867	0.5	4.25203	19.1114	0	0.272866	-0.962052	0	None	None
ChainingRodShaped	5071	3.5915	0.5	22.1414	55.9506	0	0.238373	-0.971174	0	None	None
ChainingRodShaped	5073	2.57983	0.5	32.4253	28.7101	0	0.195025	-0.980798	0	5376	5072
ChainingRodShaped	5075	4.46116	0.5	-43.266	51.8602	0	0.975612	-0.219501	0	None	None
ChainingRodShaped	5077	3.10215	0.5	36.0374	45.9299	0	-0.0316231	-0.9995	0	None	None
ChainingRodShaped	5079	3.26909	0.5	-3.48124	34.8142	0	0.91753	0.397666	0	None	None
ChainingRodShaped	5081	4.90582	0.5	29.9856	35.8994	0	-0.20205	0.979375	0	None	None
ChainingRodShaped	5083	3.24751	0.5	13.1507	53.2874	0	-0.0625549	-0.998042	0	None	None
ChainingRodShaped	5085	4.11843	0.5	8.35877	14.4008	0	0.0465365	-0.998917	0	None	None
ChainingRodShaped	5087	4.14733	0.5	-11.8429	33.951	0	0.0661714	-0.997808	0	None	None
ChainingRodShaped	5089	4.30065	0.5	-3.85297	31.3655	0	0.993775	0.111409	0	None	None
ChainingRodShaped	5091	3.9103	0.5	6.212	22.2158	0	0.749251	0.662286	0	None	None
ChainingRodShaped	5093	4.34173	0.5	2.82209	20.6697	0	0.256676	-0.966497	0	None	None
ChainingRodShaped	5095	2.68753	0.5	-40.0192	42.3791	0	0.554987	0.831859	0	4872	5094
ChainingRodShaped	5097	3.37184	0.5	-5.27073	32.1927	0	0.99447	0.105023	0	None	None
ChainingRodShaped	5099	2.98131	0.5	27.1989	51.0718	0	0.800926	-0.598763	0	None	None
ChainingRodShaped	5101	3.26016	0.5	-23.1656	36.2576	0	0.904858	-0.425714	0	None	None
ChainingRodShaped	5103	4.59858	0.5	-10.3935	26.0654	0	0.0523926	-0.998627	0	None	None
ChainingRodShaped	5105	3.14576	0.5	-21.3971	44.8913	0	0.906136	-0.422986	0	5044	5104
ChainingRodShaped	5107	3.31884	0.5	13.4571	39.3176	0	-0.0487676	0.99881	0	None	None
ChainingRodShaped	5109	3.11671	0.5	-7.55225	29.9007	0	-0.737888	0.674923	0	None	None
ChainingRodShaped	5111	2.95746	0.5	8.02832	46.8969	0	-0.297472	0.95473	0	None	None
ChainingRodShaped	5113	3.13893	0.5	16.5699	50.8657	0	0.422453	-0.906385	0	None	None
ChainingRodShaped	5115	3.05379	0.5	-30.831	51.4078	0	0.248941	0.968519	0	5144	5114
ChainingRodShaped	5117	3.48834	0.5	-1.39316	53.8305	0	0.351512	0.936183	0	None	None
ChainingRodShaped	5119	2.86024	0.5	27.9093	33.7042	0	0.0882801	-0.996096	0	None	None
ChainingRodShaped	5121	3.34372	0.5	-26.1692	27.6498	0	-0.156361	-0.9877	0	None	None
ChainingRodShaped	5123	3.71535	0.5	18.0995	18.3151	0	-0.821488	0.570226	0	None	None
ChainingRodShaped	5125	2.97608	0.5	11.8932	35.8403	0	0.707264	0.70695	0	None	None
ChainingRodShaped	5127	3.72424	0.5	42.347	45.4631	0	-0.493382	-0.869813	0	None	None
ChainingRodShaped	5129	3.485	0.5	0.0224541	51.8579	0	0.463608	0.88604	0	None	None
ChainingRodShaped	5131	2.91744	0.5	32.8909	44.0638	0	0.860047	-0.510215	0	5134	5130
ChainingRodShaped	5133	2.7944	0.5	-2.95105	44.1166	0	0.462723	0.886503	0	None	None
ChainingRodShaped	5135	2.48365	0.5	26.6522	47.7945	0	0.856444	-0.51624	0	None	5134
ChainingRodShaped	5137	2.62771	0.5	49.6783	46.3609	0	0.879056	-0.476719	0	5450	5136
ChainingRodShaped	5139	3.59875	0.5	1.69686	52.9226	0	0.467452	0.884019	0	None	None
ChainingRodShaped	5141	3.69501	0.5	-20.3779	52.1945	0	-0.409596	-0.912267	0	None	None
ChainingRodShaped	5143	3.33688	0.5	11.0775	21.4282	0	-0.488716	0.872443	0	None	None
ChainingRodShaped	5145	2.7744	0.5	-32.7909	43.6591	0	0.241539	0.970391	0	4683	5144
ChainingRodShaped	5147	3.0002	0.5	25.0041	56.9449	0	0.253527	-0.967328	0	None	None
ChainingRodShaped	5149	2.78218	0.5	-15.9855	53.281	0	-0.70068	-0.713475	0	None	None
ChainingRodShaped	5151	2.46957	0.5	-18.2678	15.0514	0	-0.358813	0.933409	0	None	5150
ChainingRodShaped	5153	3.30648	0.5	-6.97831	51.8422	0	0.281259	-0.959632	0	None	None
ChainingRodShaped	5155	2.96418	0.5	20.8364	32.5308	0	-0.0594715	-0.99823	0	4717	5154
ChainingRodShaped	5157	3.45144	0.5	23.8893	35.008	0	-0.0949422	0.995483	0	None	None
ChainingRodShaped	5159	2.93188	0.5	7.9611	56.2081	0	-0.727255	-0.686367	0	None	None
ChainingRodShaped	5161	3.37672	0.5	8.95178	32.902	0	0.711759	0.702424	0	None	None
ChainingRodShaped	5163	2.79198	0.5	30.7315	27.0551	0	-0.510183	-0.860066	0	None	None
ChainingRodShaped	5165	3.75847	0.5	-16.4524	32.4455	0	-0.0751132	-0.997175	0	None	None
ChainingRodShaped	5167	2.46089	0.5	-9.86184	55.6898	0	-0.305057	-0.952334	0	5172	5166
ChainingRodShaped	5169	3.9602	0.5	11.1715	46.2042	0	-0.560186	0.828367	0	None	None
ChainingRodShaped	5171	3.49544	0.5	10.244	53.7942	0	0.0472366	0.998884	0	None	None
ChainingRodShaped	5173	2.76244	0.5	-7.70873	62.4041	0	-0.305506	-0.95219	0	None	5172
ChainingRodShaped	5175	3.62429	0.5	12.3369	30.8708	0	-0.911287	-0.411771	0	None	None
ChainingRodShaped	5177	2.58844	0.5	-34.629	28.8142	0	-0.0988456	0.995103	0	5352	5176
ChainingRodShaped	5179	3.91231	0.5	17.4608	31.6951	0	-0.761833	-0.647774	0	None	None
ChainingRodShaped	5181	3.37143	0.5	16.7645	44.8882	0	0.196039	-0.980596	0	None	None
ChainingRodShaped	5183	2.33757	0.5	20.9197	55.461	0	-0.0356083	-0.999366	0	None	5182
ChainingRodShaped	5185	3.15212	0.5	11.346	12.6097	0	0.966752	0.255716	0	None	None
ChainingRodShaped	5187	3.73636	0.5	-12.5134	29.5054	0	0.0421265	-0.999112	0	None	None
ChainingRodShaped	5189	2.37314	0.5	20.6519	48.2672	0	-0.0408743	-0.999164	0	5182	5188
ChainingRodShaped	5191	2.88954	0.5	-21.1768	38.5571	0	0.415468	-0.909608	0	None	None
ChainingRodShaped	5193	3.60564	0.5	9.31007	22.5615	0	-0.483914	0.875116	0	None	None
ChainingRodShaped	5195	3.80987	0.5	-29.509	41.5766	0	0.984398	0.175958	0	None	None
ChainingRodShaped	5197	2.86006	0.5	6.55015	37.3431	0	-0.62994	-0.776644	0	None	5196
ChainingRodShaped	5199	2.90379	0.5	-1.81755	44.1982	0	-0.465033	-0.885293	0	5208	5198
ChainingRodShaped	5201	3.36136	0.5	-16.1183	29.5051	0	0.994167	-0.107851	0	None	None
ChainingRodShaped	5203	2.70203	0.5	-12.1628	48.4919	0	-0.304336	-0.952565	0	5166	5202
ChainingRodShaped	5205	3.09692	0.5	-29.0888	26.824	0	-0.385475	0.922718	0	None	None
ChainingRodShaped	5207	3.24836	0.5	-4.38719	55.3179	0	0.610545	-0.791982	0	None	None
ChainingRodShaped	5209	2.81602	0.5	1.65888	50.7478	0	-0.47004	-0.882645	0	4721	5208
ChainingRodShaped	5211	2.41139	0.5	-54.7116	46.5943	0	0.998298	0.0583206	0	None	5210
ChainingRodShaped	5213	2.72221	0.5	29.777	41.8982	0	0.199077	-0.979984	0	None	5212
ChainingRodShaped	5215	3.50708	0.5	26.1343	57.4876	0	0.417471	-0.90869	0	None	None
ChainingRodShaped	5217	3.52172	0.5	-24.5633	25.8413	0	0.361611	-0.932329	0	None	None
ChainingRodShaped	5219	2.91926	0.5	-26.2515	50.759	0	0.402308	-0.915504	0	None	None
ChainingRodShaped	5221	3.4822	0.5	-1.70487	23.4627	0	0.785463	-0.618908	0	None	None
ChainingRodShaped	5223	3.5627	0.5	25.61	42.2463	0	-0.45591	0.890026	0	None	None
ChainingRodShaped	5225	3.06749	0.5	17.8682	44.2847	0	0.21092	-0.977503	0	None	None
ChainingRodShaped	5227	2.80768	0.5	27.9995	30.8466	0	0.667555	-0.744561	0	None	None
ChainingRodShaped	5229	2.68034	0.5	46.9188	39.042	0	-0.859993	-0.510306	0	None	5228
ChainingRodShaped	5231	2.46884	0.5	-14.1994	40.5555	0	0.467742	0.883865	0	5296	5230
ChainingRodShaped	5233	2.5773	0.5	-4.17829	27.8096	0	-0.99747	0.0710954	0	None	None
ChainingRodShaped	5235	3.1745	0.5	12.1797	53.3105	0	-0.0605567	-0.998165	0	None	None
ChainingRodShaped	5237	3.46727	0.5	17.215	52.5687	0	0.248421	-0.968652	0	None	None
ChainingRodShaped	5239	3.0486	0.5	31.0409	25.649	0	-0.514554	-0.857458	0	None	None
ChainingRodShaped	5241	3.00403	0.5	14.4843	19.1884	0	-0.455441	0.890266	0	None	None
ChainingRodShaped	5243	3.3386	0.5	27.5249	29.9036	0	-0.66394	0.747786	0	None	None
ChainingRodShaped	5245	2.33698	0.5	-10.1543	38.067	0	0.0680766	-0.99768	0	None	5244
ChainingRodShaped	5247	3.07671	0.5	9.76646	17.6861	0	-0.988624	-0.150411	0	None	None
ChainingRodShaped	5249	3.35892	0.5	-7.88109	40.3953	0	-0.854005	-0.520264	0	None	None
ChainingRodShaped	5251	2.53488	0.5	25.9978	43.5987	0	-0.464368	0.885642	0	None	None
ChainingRodShaped	5253	2.8822	0.5	-15.7483	55.1909	0	-0.60942	-0.792847	0	None	None
ChainingRodShaped	5255	2.25757	0.5	38.2425	52.5639	0	0.878993	-0.476836	0	4761	5254
ChainingRodShaped	5257	3.29288	0.5	-5.97827	38.2565	0	-0.455036	-0.890473	0	None	None
ChainingRodShaped	5259	2.55529	0.5	-0.482765	24.131	0	0.612604	-0.79039	0	None	None
ChainingRodShaped	5261	2.72171	0.5	13.4416	19.0803	0	-0.456037	0.889961	0	None	None
ChainingRodShaped	5263	3.08357	0.5	12.5058	15.0559	0	0.902522	0.430644	0	None	None
ChainingRodShaped	5265	2.56693	0.5	16.9749	55.6321	0	-0.785632	-0.618694	0	None	None
ChainingRodShaped	5267	2.71157	0.5	0.392452	44.3683	0	-0.67816	-0.734915	0	None	None
ChainingRodShaped	5269	2.44524	0.5	-20.8855	21.8297	0	-0.362034	0.932165	0	5150	5268
ChainingRodShaped	5271	2.72581	0.5	-19.2458	46.8984	0	0.473838	-0.880612	0	None	None
ChainingRodShaped	5273	3.31835	0.5	-1.03701	29.9907	0	-0.744794	-0.667295	0	None	None
ChainingRodShaped	5275	2.4166	0.5	-2.15185	15.1229	0	-0.968804	0.247827	0	4775	5274
ChainingRodShaped	5277	2.89133	0.5	-47.0619	55.878	0	0.912803	-0.4084	0	None	None
ChainingRodShaped	5279	2.61166	0.5	21.0083	25.2163	0	0.90196	-0.431819	0	None	None
ChainingRodShaped	5281	3.03441	0.5	10.8917	40.5016	0	-0.604676	-0.796471	0	None	None
ChainingRodShaped	5283	2.46365	0.5	-20.5802	28.5256	0	0.459574	0.88814	0	None	5282
ChainingRodShaped	5285	2.81535	0.5	16.302	42.4394	0	0.260818	-0.965388	0	None	None
ChainingRodShaped	5287	2.47163	0.5	-3.97092	45.61	0	0.052556	-0.998618	0	None	None
ChainingRodShaped	5289	2.83872	0.5	20.1473	26.7221	0	-0.897598	0.440816	0	None	None
ChainingRodShaped	5291	2.87796	0.5	15.2089	50.0099	0	0.00151664	-0.999999	0	None	None
ChainingRodShaped	5293	3.02302	0.5	8.34516	40.5153	0	-0.988496	-0.151246	0	None	None
ChainingRodShaped	5295	2.98777	0.5	-2.01976	34.1969	0	-0.781911	-0.62339	0	None	None
ChainingRodShaped	5297	2.39771	0.5	-17.4364	34.4999	0	0.471806	0.881702	0	5282	5296
ChainingRodShaped	5299	2.79055	0.5	-30.1849	34.9225	0	-0.276759	0.960939	0	None	None
ChainingRodShaped	5301	3.11881	0.5	-24.8984	60.5486	0	-0.549018	-0.83581	0	None	None
ChainingRodShaped	5303	2.57984	0.5	-33.1802	36.4971	0	-0.0257135	0.999669	0	None	None
ChainingRodShaped	5305	2.55469	0.5	-19.2837	27.7273	0	0.787663	0.616106	0	None	None
ChainingRodShaped	5307	2.67456	0.5	3.41089	26.3742	0	0.995155	0.0983218	0	None	None
ChainingRodShaped	5309	2.30754	0.5	-12.3337	18.7766	0	-0.967647	0.25231	0	4619	5308
ChainingRodShaped	5311	2.76738	0.5	-26.745	32.5311	0	-0.0746092	-0.997213	0	None	None
ChainingRodShaped	5313	2.93957	0.5	-15.9441	27.4916	0	0.993766	-0.111482	0	None	None
ChainingRodShaped	5315	2.84161	0.5	14.3881	35.6422	0	0.69276	0.721168	0	None	None
ChainingRodShaped	5317	2.76687	0.5	9.22066	44.1809	0	-0.942267	0.334864	0	None	None
ChainingRodShaped	5319	2.37523	0.5	-28.4122	34.7952	0	0.339987	0.94043	0	None	None
ChainingRodShaped	5321	2.54225	0.5	17.6887	21.6052	0	-0.982675	0.185339	0	None	None
ChainingRodShaped	5323	2.82569	0.5	6.11242	30.338	0	0.949204	0.314661	0	None	None
ChainingRodShaped	5325	2.63274	0.5	14.6499	58.0804	0	-0.853918	-0.520408	0	None	None
ChainingRodShaped	5327	2.54072	0.5	43.8319	44.9632	0	-0.122512	-0.992467	0	None	None
ChainingRodShaped	5329	2.3601	0.5	1.92589	31.7724	0	-0.648938	-0.760841	0	5196	5328
ChainingRodShaped	5331	2.40541	0.5	-23.7374	52.1516	0	-0.436201	-0.899849	0	None	None
ChainingRodShaped	5333	2.35532	0.5	-27.8571	30.6077	0	0.0270839	0.999633	0	None	None
ChainingRodShaped	5335	2.3087	0.5	22.8786	60.8007	0	0.630141	-0.77648	0	None	None
ChainingRodShaped	5337	2.46646	0.5	35.573	49.4759	0	0.56525	-0.824919	0	None	None
ChainingRodShaped	5339	2.50469	0.5	-21.46	55.6939	0	-0.792068	-0.610433	0	None	None
ChainingRodShaped	5341	2.39504	0.5	-6.69663	43.377	0	-0.950399	0.311032	0	None	None
ChainingRodShaped	5343	2.24247	0.5	-22.4008	57.2758	0	-0.563751	-0.825945	0	None	None
ChainingRodShaped	5345	2.23126	0.5	-35.8509	42.3417	0	-0.0779576	0.996957	0	5404	5344
ChainingRodShaped	5347	2.23141	0.5	-22.8762	21.4981	0	0.363707	-0.931514	0	None	None
ChainingRodShaped	5349	2.21745	0.5	-10.9614	46.8627	0	0.447864	0.894102	0	5230	5348
ChainingRodShaped	5351	2.21915	0.5	10.2029	30.9748	0	0.906951	0.421236	0	4788	5350
ChainingRodShaped	5353	2.28649	0.5	-33.9731	22.2749	0	-0.100322	0.994955	0	None	5352
ChainingRodShaped	5355	2.33961	0.5	-24.7027	44.3064	0	-0.987294	0.158904	0	None	None
ChainingRodShaped	5357	2.53885	0.5	-27.4881	38.9135	0	0.985025	0.172414	0	None	None
ChainingRodShaped	5359	2.61004	0.5	-11.9735	37.6237	0	-0.616485	-0.787367	0	None	None
ChainingRodShaped	5361	2.40644	0.5	-15.2076	51.5916	0	-0.10916	-0.994024	0	None	None
ChainingRodShaped	5363	2.52749	0.5	22.5459	58.5702	0	0.218091	-0.975929	0	None	None
ChainingRodShaped	5365	2.21778	0.5	3.20511	42.7562	0	-0.856387	-0.516335	0	None	None
ChainingRodShaped	5367	2.35211	0.5	-2.13099	39.8208	0	-0.896059	-0.443935	0	None	None
ChainingRodShaped	5369	2.21187	0.5	3.89079	52.7874	0	-0.542316	-0.840175	0	None	None
ChainingRodShaped	5371	2.45694	0.5	7.04888	46.7384	0	-0.298467	0.95442	0	None	None
ChainingRodShaped	5373	2.27905	0.5	4.41044	49.5763	0	-0.474392	-0.880314	0	None	None
ChainingRodShaped	5375	2.22521	0.5	9.29396	54.5351	0	0.049521	0.998773	0	None	None
ChainingRodShaped	5377	2.12841	0.5	31.1631	35.0471	0	0.196664	-0.980471	0	5212	5376
ChainingRodShaped	5379	2.26727	0.5	26.0572	37.0132	0	0.45227	-0.891881	0	None	None
ChainingRodShaped	5381	2.17021	0.5	-5.10316	37.8323	0	-0.451853	-0.892093	0	5198	5380
ChainingRodShaped	5383	2.35656	0.5	-11.2815	24.0656	0	0.0495009	-0.998774	0	None	None
ChainingRodShaped	5385	2.25091	0.5	2.31851	11.0975	0	-0.77473	0.632292	0	None	None
ChainingRodShaped	5387	2.32133	0.5	23.8745	26.0172	0	0.368506	-0.929625	0	None	None
ChainingRodShaped	5389	2.24899	0.5	5.14657	31.7142	0	0.680069	0.733149	0	None	None
ChainingRodShaped	5391	2.07356	0.5	0.324452	26.3313	0	0.900861	0.434107	0	None	5390
ChainingRodShaped	5393	2.20759	0.5	11.6404	47.2421	0	0.561358	-0.827573	0	None	None
ChainingRodShaped	5395	2.20318	0.5	20.7343	22.034	0	-0.982697	0.185218	0	None	None
ChainingRodShaped	5397	2.28668	0.5	-29.7884	44.3937	0	0.550622	0.834755	0	None	None
ChainingRodShaped	5399	2.28469	0.5	27.2561	24.6187	0	-0.0763654	0.99708	0	None	None
ChainingRodShaped	5401	2.23228	0.5	-18.0582	49.0021	0	0.649763	-0.760137	0	None	None
ChainingRodShaped	5403	2.22796	0.5	-19.3804	49.0183	0	0.651701	-0.758476	0	None	None
ChainingRodShaped	5405	2.09053	0.5	-35.3289	36.1083	0	-0.0902746	0.995917	0	5176	5404
ChainingRodShaped	5407	2.25467	0.5	19.6857	50.5963	0	-0.0983306	-0.995154	0	None	None
ChainingRodShaped	5409	2.14243	0.5	-8.77099	41.5133	0	-0.991792	-0.127865	0	None	None
ChainingRodShaped	5411	2.20436	0.5	25.8	26.4956	0	-0.361749	0.932276	0	None	None
ChainingRodShaped	5413	2.15403	0.5	-28.1524	27.1574	0	0.384991	-0.92292	0	None	None
ChainingRodShaped	5415	2.16508	0.5	22.179	39.1221	0	0.0483089	0.998832	0	None	None
ChainingRodShaped	5417	2.13234	0.5	28.3	54.4181	0	0.689455	-0.724328	0	None	None
ChainingRodShaped	5419	2.05153	0.5	-23.5447	31.3719	0	0.361346	-0.932432	0	4769	5418
ChainingRodShaped	5421	2.13886	0.5	24.8052	26.3392	0	0.365033	-0.930994	0	None	None
ChainingRodShaped	5423	2.0817	0.5	-43.8744	53.025	0	0.974676	-0.223622	0	None	None
ChainingRodShaped	5425	2.07248	0.5	11.1892	53.1045	0	-0.0536131	-0.998562	0	None	None
ChainingRodShaped	5427	2.09313	0.5	17.1407	24.9124	0	-0.899868	0.436162	0	None	None
ChainingRodShaped	5429	2.088	0.5	-25.6984	52.1491	0	0.396497	-0.918036	0	None	None
ChainingRodShaped	5431	2.03756	0.5	-13.8275	57.0556	0	-0.0652402	-0.99787	0	4613	5430
ChainingRodShaped	5433	2.03196	0.5	11.4354	19.0875	0	-0.764224	0.644951	0	None	None
ChainingRodShaped	5435	2.02363	0.5	28.6859	36.1772	0	-0.421319	0.906912	0	None	None
ChainingRodShaped	5437	2.03834	0.5	14.728	23.9297	0	-0.876653	0.481124	0	None	None
ChainingRodShaped	5439	2.0124	0.5	21.4222	44.0166	0	-0.0436376	-0.999047	0	None	5438
ChainingRodShaped	5441	2.03235	0.5	4.25023	41.1665	0	-0.852203	-0.523211	0	None	None
ChainingRodShaped	5443	2.0158	0.5	4.29873	47.1829	0	-0.426631	-0.904426	0	None	None
ChainingRodShaped	5445	2.01558	0.5	-4.7906	52.6	0	0.610477	-0.792034	0	None	None
ChainingRodShaped	5447	2.01055	0.5	9.7311	41.7003	0	-0.990358	-0.138533	0	None	None
ChainingRodShaped	5449	2.00423	0.5	-5.30087	51.6233	0	0.639897	-0.768461	0	None	None
ChainingRodShaped	5451	2.00046	0.5	44.1298	49.3702	0	0.879007	-0.476809	0	5254	5450
