cell_type	cell_id	length	radius	pos_x	pos_y	pos_z	ori_x	ori_y	ori_z	lower_link	upper_link
ChainingRodShaped	6995	2.69069	0.5	-12.2062	5.06717	0	-0.967873	-0.251441	0	None	None
ChainingRodShaped	6899	2.81031	0.5	27.8688	31.342	0	-0.37567	-0.926753	0	None	None
ChainingRodShaped	6379	3.49003	0.5	-18.8888	13.7989	0	-0.0312258	-0.999512	0	None	None
ChainingRodShaped	7117	2.1952	0.5	-19.5259	6.10753	0	-0.256956	-0.966423	0	None	None
ChainingRodShaped	5571	3.59989	0.5	43.7036	24.4396	0	0.345163	-0.938543	0	5572	None
ChainingRodShaped	6965	2.21074	0.5	27.4294	43.7132	0	0.304041	0.952659	0	6966	None
ChainingRodShaped	6543	2.88116	0.5	0.671568	27.3414	0	-0.197659	0.980271	0	6544	None
ChainingRodShaped	6933	2.14899	0.5	41.8373	26.5542	0	0.339623	-0.940562	0	6934	None
ChainingRodShaped	6393	2.60554	0.5	-4.28491	41.877	0	-0.372072	0.928204	0	6394	None
ChainingRodShaped	6411	4.64536	0.5	10.1808	9.71941	0	-0.440336	-0.897833	0	None	None
ChainingRodShaped	6423	2.8532	0.5	40.5419	27.1905	0	0.338306	-0.941036	0	6424	None
ChainingRodShaped	6829	2.48839	0.5	16.0812	46.4052	0	0.14615	-0.989262	0	6830	None
ChainingRodShaped	6589	3.70207	0.5	14.4694	45.1348	0	-0.168756	0.985658	0	None	None
ChainingRodShaped	7029	2.54073	0.5	19.3646	26.4064	0	-0.411985	-0.911191	0	None	None
ChainingRodShaped	6801	2.55531	0.5	1.11378	11.418	0	0.754962	-0.655768	0	None	None
ChainingRodShaped	6247	4.38526	0.5	-0.0383355	26.115	0	0.195918	-0.98062	0	None	None
ChainingRodShaped	6931	2.76278	0.5	-45.6463	19.3326	0	-0.604111	0.7969	0	None	None
ChainingRodShaped	6111	2.80146	0.5	1.67164	27.0687	0	-0.204825	0.978799	0	6112	None
ChainingRodShaped	6929	2.35238	0.5	24.6978	22.0202	0	-0.407655	-0.913136	0	6930	None
ChainingRodShaped	5061	4.94974	0.5	5.40935	54.2613	0	0.380875	-0.924626	0	5783	None
ChainingRodShaped	6563	2.34383	0.5	38.6354	65.8099	0	0.760633	0.649182	0	6564	None
ChainingRodShaped	7069	2.0775	0.5	-39.7132	66.031	0	-0.83597	0.548775	0	7070	None
ChainingRodShaped	6773	2.67591	0.5	-42.0345	58.9867	0	-0.935799	-0.352534	0	None	None
ChainingRodShaped	5567	3.54954	0.5	3.65925	22.0928	0	-0.199347	0.979929	0	5568	None
ChainingRodShaped	6599	3.11421	0.5	-39.8343	16.2898	0	0.958877	-0.283823	0	None	None
ChainingRodShaped	5431	4.81979	0.5	37.5036	60.8545	0	0.33952	0.940599	0	5432	None
ChainingRodShaped	6805	2.79237	0.5	12.8748	19.6847	0	0.613437	0.789744	0	None	None
ChainingRodShaped	6471	4.57052	0.5	7.06068	48.8085	0	-0.212265	0.977212	0	None	None
ChainingRodShaped	5671	3.11435	0.5	-2.41412	51.0392	0	-0.739434	0.673229	0	5672	None
ChainingRodShaped	6691	3.13857	0.5	-17.9646	30.2668	0	0.377764	-0.925902	0	None	None
ChainingRodShaped	6041	4.77881	0.5	-37.2895	18.1161	0	0.447729	-0.894169	0	None	None
ChainingRodShaped	6775	2.86105	0.5	15.2715	30.3774	0	0.955095	-0.2963	0	None	None
ChainingRodShaped	5717	4.43075	0.5	3.17274	7.94366	0	0.968792	0.247874	0	5718	None
ChainingRodShaped	6015	3.78674	0.5	7.88266	5.47861	0	0.185376	-0.982668	0	6016	None
ChainingRodShaped	6475	3.57117	0.5	-19.1627	71.0482	0	-0.995744	-0.0921659	0	None	None
ChainingRodShaped	7099	2.26671	0.5	47.7629	34.8141	0	0.055547	-0.998456	0	None	None
ChainingRodShaped	7093	2.18377	0.5	-53.7245	50.5856	0	-0.959605	0.281351	0	None	None
ChainingRodShaped	5503	4.41947	0.5	-38.135	59.4037	0	0.935606	0.353045	0	7131	None
ChainingRodShaped	6137	4.34309	0.5	-20.3024	43.0085	0	0.874142	0.48567	0	None	None
ChainingRodShaped	6509	2.92305	0.5	-39.6655	31.0087	0	-0.667363	-0.744732	0	6510	None
ChainingRodShaped	7087	2.20997	0.5	24.7324	16.7776	0	-0.910614	-0.413257	0	None	None
ChainingRodShaped	6333	3.31591	0.5	17.1685	56.5499	0	-0.899968	-0.435955	0	6334	None
ChainingRodShaped	6733	3.09555	0.5	-23.034	5.32865	0	0.301005	-0.953622	0	None	None
ChainingRodShaped	6501	3.074	0.5	-0.0384362	33.7445	0	-0.393623	0.919272	0	6502	None
ChainingRodShaped	6383	3.08659	0.5	16.0103	21.261	0	-0.41542	-0.90963	0	6384	None
ChainingRodShaped	5517	4.3678	0.5	22.4892	13.6721	0	-0.122538	-0.992464	0	5518	None
ChainingRodShaped	5409	3.84811	0.5	37.2962	49.816	0	0.560339	0.828263	0	5410	None
ChainingRodShaped	6673	2.38867	0.5	32.4799	49.7256	0	-0.334618	-0.942354	0	6674	None
ChainingRodShaped	6607	2.83715	0.5	57.4264	51.6101	0	0.995942	-0.0900022	0	6608	None
ChainingRodShaped	5693	4.27195	0.5	9.1717	9.90067	0	-0.440229	-0.897886	0	5694	None
ChainingRodShaped	7151	2.03811	0.5	-14.4879	50.1301	0	-0.136103	-0.990695	0	None	None
ChainingRodShaped	6985	2.52455	0.5	2.15847	13.2296	0	0.0803626	0.996766	0	None	None
ChainingRodShaped	6705	3.14248	0.5	-16.0722	71.5014	0	-0.773329	0.634005	0	None	None
ChainingRodShaped	6637	3.55812	0.5	-32.4692	42.1126	0	-0.64858	-0.761146	0	None	None
ChainingRodShaped	6515	4.57296	0.5	-37.8754	47.5722	0	-0.69492	-0.719087	0	None	None
ChainingRodShaped	5949	4.88538	0.5	-1.08921	13.8288	0	0.923529	-0.383529	0	None	None
ChainingRodShaped	5963	3.02001	0.5	8.5665	47.6779	0	-0.430154	0.902755	0	5964	None
ChainingRodShaped	5311	4.10162	0.5	11.3667	57.945	0	0.661037	-0.750353	0	5312	None
ChainingRodShaped	6427	3.65355	0.5	6.82473	45.3118	0	0.210691	-0.977553	0	None	None
ChainingRodShaped	6533	4.29089	0.5	3.50998	49.1513	0	0.468495	-0.883466	0	None	None
ChainingRodShaped	5673	4.97038	0.5	3.75658	66.5995	0	0.660549	-0.750783	0	5674	5312
ChainingRodShaped	5847	3.22569	0.5	12.6613	39.3492	0	-0.450572	0.89274	0	5848	5964
ChainingRodShaped	5655	4.82909	0.5	1.04217	20.622	0	0.202836	-0.979213	0	None	None
ChainingRodShaped	6343	3.41873	0.5	-36.5932	44.083	0	-0.988918	-0.148466	0	None	None
ChainingRodShaped	7055	2.42772	0.5	-21.7636	47.2004	0	0.826599	0.562791	0	None	None
ChainingRodShaped	6349	3.60523	0.5	-14.8572	67.5418	0	-0.635549	0.772061	0	None	None
ChainingRodShaped	6889	2.4598	0.5	0.805754	10.3521	0	0.787677	-0.616088	0	None	None
ChainingRodShaped	6171	4.28494	0.5	-21.8311	65.4567	0	0.129504	0.991579	0	None	None
ChainingRodShaped	6045	2.75901	0.5	13.6303	18.7822	0	-0.45528	-0.890348	0	6046	5694
ChainingRodShaped	5403	4.56729	0.5	43.0427	52.8964	0	0.996214	-0.0869299	0	5404	5314
ChainingRodShaped	5561	4.06183	0.5	35.1043	57.0968	0	-0.335897	-0.941899	0	5562	6674
ChainingRodShaped	5917	2.82283	0.5	31.8534	41.7785	0	0.55812	0.82976	0	5918	5410
ChainingRodShaped	5383	3.81674	0.5	23.7001	23.5032	0	-0.123641	-0.992327	0	6369	5518
ChainingRodShaped	7013	2.17603	0.5	18.8608	27.7282	0	-0.384402	-0.923166	0	7014	6384
ChainingRodShaped	5601	3.38857	0.5	6.04101	19.8686	0	-0.399518	0.916725	0	5602	6388
ChainingRodShaped	5905	4.31185	0.5	-31.5512	13.3622	0	0.236281	-0.971685	0	None	None
ChainingRodShaped	5439	4.84195	0.5	30.6691	63.1163	0	-0.897238	-0.441548	0	7027	5288
ChainingRodShaped	6361	3.35715	0.5	24.7557	19.8333	0	-0.43313	-0.901331	0	None	None
ChainingRodShaped	6093	2.74209	0.5	-30.2193	41.8389	0	-0.640647	-0.767836	0	6094	6704
ChainingRodShaped	6975	2.48263	0.5	-20.1885	39.0135	0	-0.753588	0.657347	0	None	None
ChainingRodShaped	5891	3.6271	0.5	-48.4635	55.4672	0	0.933148	0.359493	0	5892	7132
ChainingRodShaped	7075	2.22658	0.5	-49.1598	50.4158	0	-0.589145	0.808027	0	None	None
ChainingRodShaped	6099	3.93896	0.5	42.7124	34.1185	0	-0.436701	-0.899607	0	None	None
ChainingRodShaped	6955	2.28817	0.5	-20.1185	68.5582	0	-0.474151	0.880444	0	None	None
ChainingRodShaped	6037	3.78911	0.5	6.12741	14.6323	0	0.196629	-0.980478	0	6038	6016
ChainingRodShaped	6865	2.43748	0.5	-6.7908	5.39238	0	0.968671	0.248347	0	6866	5718
ChainingRodShaped	6767	2.94947	0.5	14.8448	32.9019	0	0.449955	-0.893051	0	None	None
ChainingRodShaped	6451	4.23258	0.5	-40.0468	19.1251	0	0.479391	-0.877601	0	None	None
ChainingRodShaped	6963	2.58269	0.5	-15.5593	49.2548	0	-0.126217	-0.992003	0	None	None
ChainingRodShaped	5387	4.8933	0.5	5.3522	43.987	0	-0.739438	0.673224	0	6761	5672
ChainingRodShaped	6251	4.43207	0.5	8.98054	48.9887	0	-0.439158	0.89841	0	None	None
ChainingRodShaped	6507	3.67404	0.5	11.243	25.1033	0	0.541445	0.840736	0	None	None
ChainingRodShaped	5355	4.63326	0.5	33.9953	51.0857	0	0.334612	0.942356	0	6583	5432
ChainingRodShaped	6915	2.93162	0.5	-47.427	28.9304	0	-0.657948	-0.753063	0	None	None
ChainingRodShaped	5291	4.5086	0.5	5.47635	12.8863	0	-0.188153	0.98214	0	5292	5568
ChainingRodShaped	6745	2.9407	0.5	-39.5999	62.0858	0	-0.912672	-0.408692	0	None	None
ChainingRodShaped	6187	3.57758	0.5	-33.9595	62.2474	0	-0.834758	0.550617	0	6188	7070
ChainingRodShaped	6613	2.67311	0.5	28.4103	56.847	0	0.736063	0.676913	0	6614	7016
ChainingRodShaped	5783	3.22359	0.5	3.46815	58.9567	0	0.383827	-0.923405	0	5784	5061
ChainingRodShaped	6351	3.15661	0.5	30.11	33.8317	0	-0.419816	-0.907609	0	6352	5644
ChainingRodShaped	5893	3.08207	0.5	3.21492	19.4415	0	-0.194316	0.980939	0	5894	6112
ChainingRodShaped	6833	2.54059	0.5	-35.8217	32.4087	0	0.270086	0.962836	0	None	None
ChainingRodShaped	6261	3.99354	0.5	-1.61897	23.1957	0	0.706253	-0.70796	0	None	None
ChainingRodShaped	6741	2.6367	0.5	-9.44837	18.5443	0	0.562214	-0.826992	0	None	None
ChainingRodShaped	7005	2.44438	0.5	19.4286	37.5266	0	-0.18657	-0.982442	0	None	None
ChainingRodShaped	6021	4.40191	0.5	16.7582	48.2415	0	-0.1332	0.991089	0	None	None
ChainingRodShaped	5549	3.51639	0.5	14.28	59.1728	0	0.137388	-0.990517	0	7105	5260
ChainingRodShaped	5319	4.3466	0.5	37.7143	35.0773	0	0.336637	-0.941634	0	5320	6424
ChainingRodShaped	7171	2.00396	0.5	10.8344	8.42545	0	-0.57944	-0.815015	0	None	None
ChainingRodShaped	6237	3.16968	0.5	-1.45462	34.85	0	-0.369383	0.929277	0	6238	6394
ChainingRodShaped	5859	4.44397	0.5	37.5568	38.411	0	0.339333	-0.940666	0	5860	5552
ChainingRodShaped	6545	2.35383	0.5	2.91219	16.0653	0	-0.193989	0.981004	0	6546	5502
ChainingRodShaped	6211	3.36291	0.5	22.6149	29.3145	0	0.339507	0.940603	0	6212	6150
ChainingRodShaped	5913	4.03646	0.5	40.4154	33.406	0	0.342848	-0.939391	0	5914	5572
ChainingRodShaped	6173	4.44171	0.5	-24.158	21.7932	0	0.496895	-0.86781	0	None	None
ChainingRodShaped	6115	3.89036	0.5	-16.8056	17.8587	0	-0.0603333	-0.998178	0	None	None
ChainingRodShaped	6381	4.01567	0.5	25.3238	28.8406	0	-0.118457	-0.992959	0	None	None
ChainingRodShaped	6417	3.33957	0.5	-16.0737	4.02303	0	0.965984	0.258604	0	None	None
ChainingRodShaped	6243	3.85304	0.5	31.1962	33.8708	0	-0.423225	-0.906025	0	None	None
ChainingRodShaped	6905	2.9063	0.5	20.7488	29.8348	0	-0.356418	-0.934327	0	None	None
ChainingRodShaped	6969	2.61939	0.5	-51.1913	27.7682	0	-0.0329298	-0.999458	0	None	None
ChainingRodShaped	6241	3.86896	0.5	-24.3858	15.0688	0	0.454072	-0.890965	0	None	None
ChainingRodShaped	6575	3.39933	0.5	-23.8077	41.0592	0	-0.525504	0.850791	0	None	None
ChainingRodShaped	6435	3.0437	0.5	4.37564	41.0114	0	0.729389	-0.684099	0	None	None
ChainingRodShaped	6269	4.52833	0.5	-18.6569	25.7235	0	0.570916	-0.821008	0	None	None
ChainingRodShaped	6175	3.87347	0.5	25.2081	45.265	0	0.440428	-0.897788	0	None	None
ChainingRodShaped	6239	4.05995	0.5	-12.0616	65.7298	0	-0.65135	0.758777	0	None	None
ChainingRodShaped	6177	4.44094	0.5	-44.6484	54.7843	0	-0.936378	-0.350994	0	None	None
ChainingRodShaped	7149	2.03244	0.5	10.4844	36.691	0	0.762968	-0.646436	0	None	None
ChainingRodShaped	6885	2.451	0.5	-40.6929	27.8258	0	-0.915608	-0.402072	0	None	None
ChainingRodShaped	6165	4.91411	0.5	10.2228	20.1256	0	-0.0291908	-0.999574	0	None	None
ChainingRodShaped	5635	4.87477	0.5	-11.1621	28.1621	0	-0.563125	-0.826372	0	None	None
ChainingRodShaped	6185	3.70478	0.5	-44.2658	55.9821	0	-0.936897	-0.349605	0	None	None
ChainingRodShaped	6591	2.91627	0.5	25.5445	19.2295	0	-0.440211	-0.897894	0	None	None
ChainingRodShaped	6823	2.63979	0.5	-37.4889	46.6379	0	-0.702063	-0.712115	0	None	None
ChainingRodShaped	6489	4.51401	0.5	-7.8792	14.0488	0	0.711767	-0.702416	0	None	None
ChainingRodShaped	6777	2.62901	0.5	44.5924	36.5765	0	-0.057351	-0.998354	0	None	None
ChainingRodShaped	6735	2.89555	0.5	5.30276	47.888	0	0.204582	-0.978849	0	None	None
ChainingRodShaped	5833	4.58896	0.5	-15.2794	64.9735	0	-0.624584	0.780957	0	None	None
ChainingRodShaped	5955	4.79219	0.5	-19.5202	39.8722	0	-0.839162	0.543881	0	None	None
ChainingRodShaped	6689	3.74312	0.5	-32.7453	9.88018	0	0.990846	-0.134998	0	None	None
ChainingRodShaped	6263	3.43806	0.5	22.2023	39.2098	0	0.0558878	0.998437	0	None	None
ChainingRodShaped	6425	3.78334	0.5	-18.5998	60.7607	0	0.138613	0.990347	0	None	None
ChainingRodShaped	6609	3.00665	0.5	10.424	33.3105	0	0.910725	-0.413014	0	None	None
ChainingRodShaped	6825	2.99267	0.5	17.4825	13.0103	0	0.492469	0.87033	0	None	None
ChainingRodShaped	6685	3.30299	0.5	-11.7402	68.8914	0	-0.975078	0.22186	0	None	None
ChainingRodShaped	6201	4.2607	0.5	0.97809	17.262	0	0.525023	-0.851088	0	None	None
ChainingRodShaped	5785	4.62018	0.5	-22.7287	65.9963	0	0.134512	0.990912	0	None	None
ChainingRodShaped	6577	3.83428	0.5	39.7241	38.1514	0	0.340871	-0.94011	0	None	None
ChainingRodShaped	5869	4.66153	0.5	-17.0917	8.53874	0	-0.520491	-0.853867	0	None	None
ChainingRodShaped	6875	2.60495	0.5	-19.4795	48.0083	0	0.62735	0.778737	0	None	None
ChainingRodShaped	6725	3.21352	0.5	-44.2025	22.3115	0	0.554949	-0.831885	0	None	None
ChainingRodShaped	7145	2.05406	0.5	-20.3489	61.9813	0	0.124349	0.992239	0	None	None
ChainingRodShaped	7175	2.0039	0.5	16.7664	55.2707	0	-0.904282	-0.426936	0	None	None
ChainingRodShaped	6553	3.69724	0.5	4.96509	62.967	0	-0.412566	0.910928	0	None	None
ChainingRodShaped	6621	3.20581	0.5	17.0917	42.717	0	-0.391068	0.920362	0	None	None
ChainingRodShaped	7067	2.23029	0.5	-1.85008	25.4735	0	0.270707	-0.962662	0	None	None
ChainingRodShaped	6675	3.52974	0.5	-33.3179	34.2415	0	0.282898	0.95915	0	None	None
ChainingRodShaped	6523	3.34186	0.5	-43.548	19.9471	0	0.818265	-0.574841	0	None	None
ChainingRodShaped	7127	2.14172	0.5	-15.7844	37.183	0	-0.680658	-0.732601	0	None	None
ChainingRodShaped	5613	4.99837	0.5	-18.4483	42.9647	0	-0.873457	-0.4869	0	None	None
ChainingRodShaped	6537	3.25985	0.5	0.456627	16.3091	0	0.533513	-0.845792	0	None	None
ChainingRodShaped	6627	2.74475	0.5	-14.1306	5.58036	0	0.963294	0.26845	0	None	None
ChainingRodShaped	6403	3.5427	0.5	-28.6759	9.01086	0	0.267372	-0.963593	0	None	None
ChainingRodShaped	6519	3.00356	0.5	-32.2664	30.9002	0	-0.249946	-0.96826	0	None	None
ChainingRodShaped	6033	4.7803	0.5	15.278	36.2537	0	0.44647	-0.894799	0	None	None
ChainingRodShaped	6601	2.96118	0.5	-2.67942	8.35361	0	0.957801	-0.287434	0	None	None
ChainingRodShaped	5683	4.71892	0.5	-10.5102	66.1357	0	-0.790832	0.612033	0	None	None
ChainingRodShaped	6341	3.91395	0.5	29.1478	29.4634	0	-0.419952	-0.907546	0	None	None
ChainingRodShaped	6881	2.83191	0.5	14.9333	12.7892	0	-0.484859	-0.874592	0	None	None
ChainingRodShaped	6223	3.35822	0.5	-43.4417	34.0447	0	-0.682126	-0.731234	0	None	None
ChainingRodShaped	6371	4.7517	0.5	23.9709	48.261	0	-0.521601	-0.853189	0	None	None
ChainingRodShaped	7079	2.32815	0.5	-52.1204	30.5557	0	0.0266671	-0.999644	0	None	None
ChainingRodShaped	6429	3.41534	0.5	-35.0315	13.5833	0	0.4612	-0.887296	0	None	None
ChainingRodShaped	7047	2.32031	0.5	-51.265	45.679	0	-0.35294	0.935646	0	None	None
ChainingRodShaped	6443	4.53484	0.5	12.9963	29.1512	0	0.948977	-0.315347	0	None	None
ChainingRodShaped	6819	3.09158	0.5	-24.2815	37.7604	0	-0.470063	0.882633	0	None	None
ChainingRodShaped	6433	4.63322	0.5	-21.0145	5.70967	0	0.262707	-0.964876	0	None	None
ChainingRodShaped	6405	4.37972	0.5	-0.243346	55.39	0	0.383578	-0.923509	0	None	None
ChainingRodShaped	6711	3.55388	0.5	-37.326	24.6388	0	-0.981554	0.191187	0	None	None
ChainingRodShaped	7085	2.19889	0.5	-14.4746	45.2139	0	-0.850498	-0.525978	0	None	None
ChainingRodShaped	5943	4.43829	0.5	-46.4526	52.3758	0	-0.71883	0.695186	0	None	None
ChainingRodShaped	6631	3.44988	0.5	10.6028	37.8923	0	0.739484	-0.673174	0	None	None
ChainingRodShaped	7043	2.21437	0.5	-20.091	9.39661	0	0.927007	-0.375045	0	None	None
ChainingRodShaped	6643	3.4033	0.5	-35.7937	47.0355	0	-0.716459	-0.697629	0	None	None
ChainingRodShaped	6669	2.67278	0.5	48.3731	41.1751	0	-0.0624833	-0.998046	0	None	None
ChainingRodShaped	6925	2.59061	0.5	-45.8371	40.8999	0	0.755533	-0.655111	0	None	None
ChainingRodShaped	6525	3.76152	0.5	-16.9934	41.5873	0	-0.876753	-0.48094	0	None	None
ChainingRodShaped	6035	4.64702	0.5	43.6847	45.5689	0	0.747597	-0.664153	0	None	None
ChainingRodShaped	6651	3.44881	0.5	25.5571	40.9032	0	-0.295411	-0.95537	0	None	None
ChainingRodShaped	6945	2.68161	0.5	-10.0235	36.2197	0	-0.546665	-0.837351	0	None	None
ChainingRodShaped	6453	3.03138	0.5	-18.1669	65.4967	0	-0.626448	0.779463	0	None	None
ChainingRodShaped	6127	2.76267	0.5	37.5884	41.1911	0	0.339833	-0.940486	0	6128	5914
ChainingRodShaped	6703	2.43353	0.5	-34.7946	36.4934	0	-0.659012	-0.752132	0	6704	6510
ChainingRodShaped	5887	4.24231	0.5	-41.7618	39.8416	0	-0.299676	-0.954041	0	None	None
ChainingRodShaped	6301	3.92445	0.5	-1.85955	56.8121	0	0.385077	-0.922884	0	None	None
ChainingRodShaped	5258	3.95792	0.5	-57.6838	51.8941	0	0.932103	0.362193	0	None	5892
ChainingRodShaped	5260	4.45986	0.5	14.965	54.2375	0	0.137728	-0.99047	0	5549	6830
ChainingRodShaped	6407	4.28143	0.5	-11.9477	17.0611	0	0.451744	0.892148	0	None	None
ChainingRodShaped	6539	3.92613	0.5	26.3537	29.4895	0	-0.115121	-0.993352	0	None	None
ChainingRodShaped	6409	4.08917	0.5	-40.8834	28.7812	0	-0.913636	-0.406532	0	None	None
ChainingRodShaped	6593	4.09224	0.5	26.8041	46.4902	0	-0.0589059	-0.998264	0	None	None
ChainingRodShaped	5871	4.95665	0.5	-39.3104	57.9192	0	0.934753	0.355298	0	None	None
ChainingRodShaped	6649	3.85788	0.5	-28.0931	40.8548	0	-0.16504	0.986287	0	None	None
ChainingRodShaped	6089	4.08535	0.5	36.5194	35.4617	0	-0.302977	0.952998	0	None	None
ChainingRodShaped	6389	4.63078	0.5	-33.7597	47.7023	0	-0.723405	-0.690424	0	None	None
ChainingRodShaped	7065	2.19498	0.5	1.77411	65.9329	0	-0.178884	0.98387	0	None	None
ChainingRodShaped	6983	2.43597	0.5	-32.4198	40.7013	0	-0.642017	-0.766691	0	None	None
ChainingRodShaped	6747	3.35313	0.5	31.5452	24.6272	0	-0.847037	-0.531534	0	None	None
ChainingRodShaped	6231	4.01562	0.5	-11.925	69.9352	0	-0.975192	0.221359	0	None	None
ChainingRodShaped	6395	3.36441	0.5	-14.7875	20.2396	0	-0.0676702	-0.997708	0	None	None
ChainingRodShaped	5288	4.61925	0.5	25.5301	60.6018	0	-0.89928	-0.437374	0	5439	6334
ChainingRodShaped	6517	3.21088	0.5	-11.6949	28.972	0	-0.561007	-0.827811	0	None	None
ChainingRodShaped	5292	4.59011	0.5	6.51105	7.43644	0	-0.185001	0.982738	0	None	5291
ChainingRodShaped	6083	3.98914	0.5	-41.9186	31.3722	0	-0.668103	-0.744068	0	None	None
ChainingRodShaped	7037	2.28202	0.5	-48.9266	31.9065	0	-0.352262	-0.935902	0	None	None
ChainingRodShaped	6213	3.10091	0.5	23.0446	51.7809	0	0.720439	0.693518	0	6214	6614
ChainingRodShaped	6959	2.54584	0.5	-3.30638	28.1713	0	0.186336	-0.982486	0	None	None
ChainingRodShaped	6103	3.63648	0.5	27.3746	20.0758	0	-0.582069	-0.81314	0	None	None
ChainingRodShaped	6479	3.30824	0.5	37.7802	46.4116	0	0.32188	-0.946781	0	None	None
ChainingRodShaped	6635	3.70582	0.5	-4.73502	50.6296	0	-0.732761	0.680486	0	None	None
ChainingRodShaped	5775	4.40287	0.5	25.4938	14.9217	0	-0.898637	-0.438693	0	None	None
ChainingRodShaped	6757	2.7907	0.5	-9.92483	26.7063	0	-0.581516	-0.813535	0	None	None
ChainingRodShaped	5312	4.99723	0.5	7.70479	62.1081	0	0.65997	-0.751292	0	5673	5311
ChainingRodShaped	5314	4.96105	0.5	48.7795	52.3888	0	0.99601	-0.0892366	0	5403	6608
ChainingRodShaped	6943	2.39883	0.5	14.445	29.6614	0	0.952084	-0.305837	0	None	None
ChainingRodShaped	6605	2.96711	0.5	19.2621	33.9238	0	0.343157	0.939278	0	None	None
ChainingRodShaped	5320	4.60591	0.5	35.8681	40.2318	0	0.337669	-0.941265	0	None	5319
ChainingRodShaped	6791	2.6233	0.5	-6.26268	10.4362	0	0.962835	-0.27009	0	None	None
ChainingRodShaped	6961	2.7993	0.5	-19.3512	62.3489	0	0.118948	0.9929	0	None	None
ChainingRodShaped	6565	2.72541	0.5	-27.1879	57.7475	0	-0.829963	0.557818	0	6566	6188
ChainingRodShaped	6895	2.90876	0.5	-2.42194	15.4186	0	0.923332	-0.384003	0	None	None
ChainingRodShaped	6109	4.30473	0.5	20.1228	50.2996	0	-0.7144	-0.699737	0	None	None
ChainingRodShaped	6285	4.7335	0.5	-11.8903	31.9894	0	-0.17945	-0.983767	0	None	None
ChainingRodShaped	6149	3.21222	0.5	25.3074	37.1325	0	0.312235	0.950005	0	6150	6966
ChainingRodShaped	7167	2.00961	0.5	-18.2544	56.4805	0	0.569852	0.821747	0	None	None
ChainingRodShaped	6081	3.73234	0.5	-1.02383	21.2486	0	0.699137	-0.714988	0	None	None
ChainingRodShaped	7101	2.18194	0.5	14.7645	18.1371	0	-0.70685	-0.707364	0	None	None
ChainingRodShaped	6977	2.49599	0.5	3.41123	64.0752	0	-0.403435	0.915008	0	None	None
ChainingRodShaped	6017	4.84264	0.5	-35.0281	31.7037	0	0.269848	0.962903	0	None	None
ChainingRodShaped	7111	2.22342	0.5	13.6775	44.3506	0	-0.167108	0.985939	0	None	None
ChainingRodShaped	5811	4.43302	0.5	11.6766	21.1072	0	0.249583	0.968353	0	None	None
ChainingRodShaped	7057	2.32043	0.5	-23.2472	56.182	0	0.82027	-0.571976	0	None	None
ChainingRodShaped	6221	3.48103	0.5	28.9024	24.1292	0	-0.846264	-0.532764	0	None	None
ChainingRodShaped	7081	2.22595	0.5	17.2367	51.4381	0	-0.977406	0.211371	0	None	None
ChainingRodShaped	6583	2.68326	0.5	32.451	46.6892	0	0.326529	0.945187	0	6584	5355
ChainingRodShaped	6665	3.70715	0.5	-5.65233	56.8903	0	-0.699453	0.714679	0	None	None
ChainingRodShaped	7073	2.24331	0.5	-43.0246	53.207	0	-0.0455394	0.998963	0	None	None
ChainingRodShaped	6883	2.56102	0.5	12.683	33.1141	0	0.452056	-0.89199	0	None	None
ChainingRodShaped	5987	3.88163	0.5	-34.2476	51.2978	0	-0.704527	-0.709677	0	None	None
ChainingRodShaped	5669	4.99865	0.5	-49.2985	33.7268	0	-0.344979	-0.93861	0	None	None
ChainingRodShaped	5897	4.75586	0.5	-29.657	29.9363	0	0.131059	-0.991375	0	None	None
ChainingRodShaped	6455	3.4919	0.5	-41.8487	34.3343	0	-0.674779	-0.73802	0	None	None
ChainingRodShaped	6359	3.57995	0.5	13.7795	55.7241	0	0.143224	-0.98969	0	None	None
ChainingRodShaped	5967	4.73839	0.5	-50.6037	37.1781	0	-0.222093	-0.975025	0	None	None
ChainingRodShaped	6215	4.55564	0.5	8.84984	19.1235	0	0.224015	-0.974586	0	None	None
ChainingRodShaped	6751	2.98014	0.5	-9.82188	42.7954	0	0.496355	0.86812	0	None	None
ChainingRodShaped	6217	4.99206	0.5	-26.5354	28.8368	0	0.416359	-0.9092	0	None	None
ChainingRodShaped	6835	2.71925	0.5	-2.14765	62.3857	0	0.385889	-0.922545	0	None	None
ChainingRodShaped	6369	3.03117	0.5	24.2362	27.8923	0	-0.118798	-0.992918	0	6370	5383
ChainingRodShaped	6167	4.80545	0.5	30.6759	50.4583	0	-0.32932	-0.944218	0	None	None
ChainingRodShaped	6761	2.2117	0.5	8.70147	40.9246	0	-0.735294	0.677748	0	6762	5387
ChainingRodShaped	7089	2.12999	0.5	-31.6727	48.2008	0	-0.785124	-0.619338	0	None	None
ChainingRodShaped	6473	3.03657	0.5	-19.4388	20.4913	0	0.0583018	0.998299	0	None	None
ChainingRodShaped	6131	4.44721	0.5	0.111612	47.5043	0	-0.746362	0.665541	0	None	None
ChainingRodShaped	5396	4.43474	0.5	33.7147	41.7469	0	-0.41044	-0.911888	0	None	6352
ChainingRodShaped	7015	2.20697	0.5	33.2888	61.2109	0	0.753642	0.657285	0	7016	6564
ChainingRodShaped	6715	2.80534	0.5	-42.8154	28.948	0	-0.909522	-0.415656	0	None	None
ChainingRodShaped	6387	3.05327	0.5	2.93295	26.9198	0	-0.402376	0.915474	0	6388	6502
ChainingRodShaped	5404	4.03935	0.5	37.7648	53.3472	0	0.99654	-0.0831184	0	None	5403
ChainingRodShaped	6265	4.05866	0.5	40.8007	38.0449	0	0.340213	-0.940348	0	None	None
ChainingRodShaped	5821	4.47724	0.5	19.4035	14.9679	0	-0.273213	-0.961954	0	None	None
ChainingRodShaped	5410	4.3767	0.5	34.4288	45.5856	0	0.561647	0.827377	0	5917	5409
ChainingRodShaped	7119	2.15206	0.5	-27.9979	10.5301	0	0.180117	-0.983645	0	None	None
ChainingRodShaped	6587	3.87228	0.5	-40.7404	51.1418	0	-0.154972	0.987919	0	None	None
ChainingRodShaped	6203	4.74799	0.5	-17.874	15.2529	0	-0.0412198	-0.99915	0	None	None
ChainingRodShaped	6603	4.11197	0.5	-54.238	45.8141	0	-0.141292	-0.989968	0	None	None
ChainingRodShaped	6547	2.86531	0.5	-43.1044	35.816	0	-0.673308	-0.739362	0	None	None
ChainingRodShaped	7157	2.04973	0.5	8.13979	30.7214	0	0.730834	-0.682556	0	None	None
ChainingRodShaped	6713	3.48912	0.5	-4.75919	54.5902	0	-0.69905	0.715073	0	None	None
ChainingRodShaped	6441	4.95937	0.5	-35.5923	52.6653	0	0.693659	0.720304	0	None	None
ChainingRodShaped	6281	4.86406	0.5	-25.0168	35.7147	0	-0.242988	0.970029	0	None	None
ChainingRodShaped	5827	4.79105	0.5	2.18265	36.7413	0	0.933249	-0.359229	0	None	None
ChainingRodShaped	5432	3.65213	0.5	35.7273	55.9307	0	0.339074	0.94076	0	5355	5431
ChainingRodShaped	6989	2.35554	0.5	-21.838	4.86925	0	0.28353	-0.958963	0	None	None
ChainingRodShaped	6831	2.58855	0.5	-12.4634	41.8597	0	-0.478911	-0.877863	0	None	None
ChainingRodShaped	6615	3.8097	0.5	-31.6418	52.351	0	-0.763259	-0.646093	0	None	None
ChainingRodShaped	7027	2.2139	0.5	34.7239	65.119	0	-0.895465	-0.445132	0	7028	5439
ChainingRodShaped	7035	2.45241	0.5	-18.7933	57.3613	0	0.57568	0.817675	0	None	None
ChainingRodShaped	6611	4.14871	0.5	-3.13521	19.4323	0	0.710994	-0.703198	0	None	None
ChainingRodShaped	6549	2.83562	0.5	-13.6868	64.6136	0	-0.650914	0.759152	0	None	None
ChainingRodShaped	6521	3.88056	0.5	-13.6841	48.7132	0	0.712014	0.702165	0	None	None
ChainingRodShaped	6921	2.85435	0.5	-11.1289	53.9824	0	0.126205	0.992004	0	None	None
ChainingRodShaped	6679	2.66101	0.5	-13.3078	3.71589	0	0.968165	0.250312	0	6680	6866
ChainingRodShaped	5901	4.80915	0.5	-32.4863	13.1074	0	0.235413	-0.971895	0	None	None
ChainingRodShaped	6559	3.4112	0.5	25.8344	47.7695	0	0.00714281	-0.999974	0	None	None
ChainingRodShaped	6499	4.42161	0.5	33.612	35.0988	0	-0.689253	-0.72452	0	None	None
ChainingRodShaped	6005	4.85828	0.5	-26.2434	49.4926	0	-0.915083	-0.403266	0	None	None
ChainingRodShaped	6595	3.21589	0.5	-23.2646	44.2577	0	-0.993344	-0.115183	0	None	None
ChainingRodShaped	6025	4.9102	0.5	-23.235	37.8823	0	-0.435724	0.900081	0	None	None
ChainingRodShaped	6437	4.73778	0.5	9.28145	35.8981	0	0.91387	-0.406008	0	None	None
ChainingRodShaped	5468	3.41635	0.5	21.4136	34.2817	0	-0.349848	-0.936806	0	None	7014
ChainingRodShaped	5995	4.57861	0.5	32.278	27.8304	0	-0.648723	-0.761025	0	None	None
ChainingRodShaped	6327	4.89506	0.5	28.7123	41.4981	0	-0.303796	-0.952737	0	None	None
ChainingRodShaped	7125	2.07337	0.5	-44.7477	48.8295	0	-0.0600421	0.998196	0	None	None
ChainingRodShaped	6737	3.44743	0.5	45.5027	35.22	0	-0.119995	-0.992774	0	None	None
ChainingRodShaped	7031	2.53272	0.5	21.1571	56.4642	0	-0.620881	-0.783905	0	None	None
ChainingRodShaped	6049	4.60019	0.5	-19.511	25.391	0	0.571118	-0.820868	0	None	None
ChainingRodShaped	6357	3.39537	0.5	9.01935	51.8775	0	-0.994723	0.1026	0	None	None
ChainingRodShaped	6117	4.12538	0.5	36.1616	27.701	0	-0.784629	0.619966	0	None	None
ChainingRodShaped	6467	4.63509	0.5	1.31496	54.0838	0	0.376403	-0.926456	0	None	None
ChainingRodShaped	6541	2.99122	0.5	-23.331	68.8307	0	0.141209	0.98998	0	None	None
ChainingRodShaped	5873	4.59583	0.5	5.12199	26.6442	0	-0.206142	0.978522	0	None	None
ChainingRodShaped	6743	2.67264	0.5	-3.88984	59.0819	0	0.427897	-0.903827	0	None	None
ChainingRodShaped	6859	3.11322	0.5	-9.19585	71.4035	0	-0.779339	0.626603	0	None	None
ChainingRodShaped	6799	3.24768	0.5	-37.8096	25.7366	0	-0.990971	0.134077	0	None	None
ChainingRodShaped	5853	4.88326	0.5	-27.2142	41.0872	0	-0.161819	0.98682	0	None	None
ChainingRodShaped	6731	2.5719	0.5	-7.91796	56.5556	0	-0.698397	0.71571	0	None	None
ChainingRodShaped	5502	3.43224	0.5	2.1569	19.8822	0	-0.194282	0.980946	0	6545	6544
ChainingRodShaped	7131	2.02142	0.5	-42.0758	57.9131	0	0.9348	0.355173	0	7132	5503
ChainingRodShaped	6849	3.08408	0.5	27.6504	37.0886	0	-0.542065	-0.840337	0	None	None
ChainingRodShaped	6271	3.33513	0.5	-8.72197	13.5561	0	0.718759	-0.69526	0	None	None
ChainingRodShaped	6511	4.18626	0.5	-31.0366	46.2143	0	-0.86405	-0.503405	0	None	None
ChainingRodShaped	6337	4.07478	0.5	-5.03026	13.8189	0	0.338012	-0.941142	0	None	None
ChainingRodShaped	6653	2.83928	0.5	-23.6667	61.8576	0	0.931924	-0.362654	0	None	None
ChainingRodShaped	7161	2.01589	0.5	-45.6443	22.7203	0	0.546602	-0.837392	0	None	None
ChainingRodShaped	5518	3.81296	0.5	23.1096	18.7229	0	-0.121378	-0.992606	0	5383	5517
ChainingRodShaped	6683	3.78868	0.5	-7.10225	63.641	0	-0.422721	0.90626	0	None	None
ChainingRodShaped	6633	2.82546	0.5	-52.8941	41.5904	0	0.324864	-0.945761	0	None	None
ChainingRodShaped	6053	4.93786	0.5	20.2047	20.4327	0	-0.226583	-0.973992	0	None	None
ChainingRodShaped	6003	4.58211	0.5	-21.614	16.1138	0	-0.387381	-0.92192	0	None	None
ChainingRodShaped	5997	4.37206	0.5	-15.7097	20.1811	0	-0.0653395	-0.997863	0	None	None
ChainingRodShaped	7133	2.06165	0.5	-46.3706	36.45	0	0.51702	-0.855973	0	None	None
ChainingRodShaped	5989	4.05698	0.5	-21.924	48.6389	0	-0.989068	-0.147459	0	None	None
ChainingRodShaped	6377	4.55912	0.5	-4.06971	47.417	0	-0.73465	0.678446	0	None	None
ChainingRodShaped	6919	2.34052	0.5	19.1077	11.6903	0	-0.995076	0.0991148	0	None	None
ChainingRodShaped	6485	3.94887	0.5	-4.85772	6.90945	0	0.96864	0.248469	0	None	None
ChainingRodShaped	5889	4.17642	0.5	9.51319	30.9743	0	0.300112	-0.953904	0	None	None
ChainingRodShaped	5947	4.67596	0.5	-50.7766	52.7525	0	-0.773264	-0.634084	0	None	None
ChainingRodShaped	6143	3.66363	0.5	-10.8383	36.6947	0	-0.552506	-0.833509	0	None	None
ChainingRodShaped	6279	3.81627	0.5	-37.4169	42.1484	0	-0.828291	0.560298	0	None	None
ChainingRodShaped	6073	4.89932	0.5	-7.28869	67.3447	0	-0.784678	0.619904	0	None	None
ChainingRodShaped	7105	2.04896	0.5	13.7594	62.9163	0	0.138239	-0.990399	0	7106	5549
ChainingRodShaped	5552	4.16714	0.5	39.3573	33.4224	0	0.339638	-0.940556	0	5859	6934
ChainingRodShaped	6949	2.40697	0.5	45.3171	48.226	0	0.807669	-0.589636	0	None	None
ChainingRodShaped	6295	3.74004	0.5	-28.9566	62.3792	0	0.823172	-0.567792	0	None	None
ChainingRodShaped	6469	4.23937	0.5	2.74341	55.667	0	0.382282	-0.924046	0	None	None
ChainingRodShaped	6697	3.19729	0.5	31.9768	21.4132	0	-0.83547	-0.549536	0	None	None
ChainingRodShaped	5562	3.66833	0.5	36.7391	61.6763	0	-0.336451	-0.941701	0	None	5561
ChainingRodShaped	7021	2.30564	0.5	-0.626777	24.4189	0	0.20571	-0.978613	0	None	None
ChainingRodShaped	6477	3.57222	0.5	0.138294	9.62605	0	0.793799	-0.60818	0	None	None
ChainingRodShaped	5568	3.36336	0.5	4.53498	17.7278	0	-0.194194	0.980963	0	5291	5567
ChainingRodShaped	6557	4.22955	0.5	-16.6648	5.89811	0	-0.963696	-0.267001	0	None	None
ChainingRodShaped	5572	3.73429	0.5	42.0941	28.8195	0	0.344637	-0.938736	0	5913	5571
ChainingRodShaped	6793	2.99989	0.5	-29.8701	26.6398	0	-0.522061	0.852908	0	None	None
ChainingRodShaped	6331	4.52489	0.5	7.71501	58.8331	0	-0.736718	0.6762	0	None	None
ChainingRodShaped	6937	2.42123	0.5	-10.5371	7.55447	0	0.706611	-0.707602	0	None	None
ChainingRodShaped	6255	4.76637	0.5	-8.1172	27.5526	0	-0.60257	-0.798066	0	None	None
ChainingRodShaped	5961	4.5784	0.5	36.2057	50.9313	0	0.778817	0.627252	0	None	None
ChainingRodShaped	6639	3.89101	0.5	-33.626	29.6349	0	-0.271479	-0.962444	0	None	None
ChainingRodShaped	7025	2.48516	0.5	-28.3991	21.6096	0	-0.905634	0.424061	0	None	None
ChainingRodShaped	6315	4.8139	0.5	9.23406	52.8782	0	-0.993047	0.117722	0	None	None
ChainingRodShaped	6373	3.43922	0.5	18.9015	30.3524	0	0.366094	0.930578	0	None	None
ChainingRodShaped	6531	4.01242	0.5	27.8758	57.6915	0	-0.734866	-0.678212	0	None	None
ChainingRodShaped	6225	3.41867	0.5	-39.7165	20.5686	0	0.495309	-0.868717	0	None	None
ChainingRodShaped	6687	3.51944	0.5	30.7836	22.9876	0	-0.843031	-0.537864	0	None	None
ChainingRodShaped	6759	3.19648	0.5	-25.9994	32.2163	0	-0.400009	0.916511	0	None	None
ChainingRodShaped	6847	2.77652	0.5	12.8723	13.0777	0	-0.464232	-0.885714	0	None	None
ChainingRodShaped	5602	3.28453	0.5	7.76403	15.8909	0	-0.395662	0.918396	0	None	5601
ChainingRodShaped	6009	4.87739	0.5	-12.3054	44.1244	0	-0.474707	-0.880144	0	None	None
ChainingRodShaped	6839	2.72062	0.5	-13.6945	18.3525	0	0.794223	0.607626	0	None	None
ChainingRodShaped	6797	2.70544	0.5	18.6308	41.4783	0	-0.30342	0.952857	0	None	None
ChainingRodShaped	6129	3.97268	0.5	9.13017	56.3773	0	-0.911362	0.411607	0	None	None
ChainingRodShaped	6581	3.09859	0.5	-19.4913	36.2754	0	-0.406752	0.913538	0	None	None
ChainingRodShaped	6811	2.75903	0.5	-16.5621	48.6246	0	-0.116289	-0.993215	0	None	None
ChainingRodShaped	6307	4.36274	0.5	-31.8823	18.0188	0	0.42612	-0.904667	0	None	None
ChainingRodShaped	6561	2.93418	0.5	-47.1441	33.5312	0	-0.42572	-0.904855	0	None	None
ChainingRodShaped	6095	3.72878	0.5	-3.50401	64.9591	0	-0.0897484	-0.995964	0	None	None
ChainingRodShaped	7115	2.2066	0.5	-36.0769	20.1279	0	0.44121	-0.897404	0	None	None
ChainingRodShaped	6863	2.42743	0.5	23.2786	54.8571	0	-0.773082	-0.634307	0	None	None
ChainingRodShaped	6893	2.47805	0.5	-44.2616	38.3222	0	-0.190307	-0.981725	0	None	None
ChainingRodShaped	6623	4.09048	0.5	-16.2968	27.3264	0	-0.585722	-0.810512	0	None	None
ChainingRodShaped	7077	2.25199	0.5	-32.3532	60.0111	0	-0.836442	0.548055	0	None	None
ChainingRodShaped	6179	3.95499	0.5	19.9272	43.8795	0	0.804865	-0.593458	0	None	None
ChainingRodShaped	6353	4.202	0.5	-3.36325	37.1225	0	0.370635	-0.928779	0	None	None
ChainingRodShaped	7103	2.1065	0.5	-11.1139	26.6122	0	-0.571378	-0.820687	0	None	None
ChainingRodShaped	6891	2.81358	0.5	-35.8629	57.7303	0	-0.131416	0.991327	0	None	None
ChainingRodShaped	6789	3.22028	0.5	-24.662	13.4638	0	0.447775	-0.894146	0	None	None
ChainingRodShaped	6069	3.91147	0.5	28.0208	34.0039	0	-0.480909	-0.876771	0	None	None
ChainingRodShaped	5644	4.9399	0.5	27.9942	29.259	0	-0.419944	-0.90755	0	6351	6930
ChainingRodShaped	6987	2.55765	0.5	-4.34197	28.5879	0	0.196136	-0.980577	0	None	None
ChainingRodShaped	6729	2.78493	0.5	1.01557	39.3643	0	0.870059	-0.492947	0	None	None
ChainingRodShaped	6923	2.63668	0.5	-7.96855	21.8907	0	0.861528	-0.50771	0	None	None
ChainingRodShaped	6663	2.7621	0.5	23.3503	41.2841	0	0.769453	-0.638703	0	None	None
ChainingRodShaped	6273	4.7508	0.5	-6.67341	35.3652	0	-0.163304	-0.986576	0	None	None
ChainingRodShaped	6197	4.01976	0.5	-2.24773	21.1658	0	0.704061	-0.71014	0	None	None
ChainingRodShaped	6125	4.91625	0.5	-23.2542	22.0402	0	0.50554	-0.862803	0	None	None
ChainingRodShaped	6303	4.80485	0.5	17.9772	33.1657	0	0.343632	0.939104	0	None	None
ChainingRodShaped	6973	2.77759	0.5	-32.8645	55.0185	0	-0.0613313	-0.998117	0	None	None
ChainingRodShaped	6297	4.22518	0.5	-3.61823	45.7503	0	0.727831	-0.685756	0	None	None
ChainingRodShaped	6133	3.76569	0.5	31.8856	54.2414	0	-0.807127	-0.590377	0	None	None
ChainingRodShaped	6299	4.61699	0.5	12.3601	47.7029	0	-0.332376	-0.943147	0	None	None
ChainingRodShaped	6851	3.01718	0.5	-48.3727	37.9161	0	0.499457	-0.866339	0	None	None
ChainingRodShaped	5672	4.51582	0.5	1.13973	47.8128	0	-0.741021	0.671482	0	5387	5671
ChainingRodShaped	5674	4.03765	0.5	0.120061	70.7285	0	0.661411	-0.750024	0	None	5673
ChainingRodShaped	6151	4.34483	0.5	-42.4769	32.1916	0	-0.672689	-0.739926	0	None	None
ChainingRodShaped	6169	4.82771	0.5	22.6704	32.29	0	-0.337023	-0.941496	0	None	None
ChainingRodShaped	6317	4.30746	0.5	-34.1814	64.7467	0	0.833152	-0.553044	0	None	None
ChainingRodShaped	6867	2.84352	0.5	27.0445	39.3719	0	-0.295411	-0.95537	0	None	None
ChainingRodShaped	7097	2.17579	0.5	-7.64656	62.5099	0	-0.431764	0.901987	0	None	None
ChainingRodShaped	6063	3.94963	0.5	-29.9364	61.8979	0	0.828311	-0.560268	0	None	None
ChainingRodShaped	6141	4.10793	0.5	-14.8649	35.4066	0	0.693843	0.720126	0	None	None
ChainingRodShaped	6079	3.92632	0.5	-8.13349	37.7062	0	-0.385037	-0.922901	0	None	None
ChainingRodShaped	6323	3.36504	0.5	43.0706	38.4904	0	0.290219	-0.95696	0	None	None
ChainingRodShaped	5694	4.4465	0.5	11.5529	14.6885	0	-0.450367	-0.892844	0	6045	5693
ChainingRodShaped	6311	3.77742	0.5	-28.4925	34.1841	0	-0.275745	-0.961231	0	None	None
ChainingRodShaped	6495	2.98349	0.5	-4.22099	48.8527	0	-0.735912	0.677078	0	None	None
ChainingRodShaped	5700	4.85909	0.5	-22.1167	25.6404	0	-0.615342	0.78826	0	None	None
ChainingRodShaped	6077	4.98248	0.5	-16.5563	28.4713	0	-0.593779	-0.804628	0	None	None
ChainingRodShaped	6457	3.90761	0.5	-37.4943	20.6704	0	0.472339	-0.881417	0	None	None
ChainingRodShaped	6415	4.62765	0.5	1.62712	32.2071	0	0.387064	-0.922053	0	None	None
ChainingRodShaped	6347	4.55958	0.5	-33.7395	36.2682	0	-0.655845	-0.754896	0	None	None
ChainingRodShaped	6569	3.72661	0.5	-22.5779	56.8332	0	0.815826	-0.578297	0	None	None
ChainingRodShaped	6249	4.66281	0.5	-6.47463	24.3006	0	0.859752	-0.510712	0	None	None
ChainingRodShaped	5714	4.68805	0.5	17.6371	15.1508	0	-0.577033	-0.816721	0	None	None
ChainingRodShaped	7159	2.0272	0.5	41.3625	42.051	0	0.329216	-0.944254	0	None	None
ChainingRodShaped	5718	4.85768	0.5	-2.29178	6.545	0	0.968742	0.248069	0	6865	5717
ChainingRodShaped	6181	3.88038	0.5	9.47466	43.7357	0	-0.432567	0.901602	0	None	None
ChainingRodShaped	6787	2.92281	0.5	6.11235	26.4598	0	-0.2159	0.976415	0	None	None
ChainingRodShaped	6189	4.15742	0.5	-29.4716	8.19471	0	0.267571	-0.963538	0	None	None
ChainingRodShaped	6567	4.36104	0.5	-16.4175	61.7327	0	0.609466	-0.792812	0	None	None
ChainingRodShaped	6413	4.73342	0.5	3.43069	43.2201	0	-0.725918	0.687781	0	None	None
ChainingRodShaped	6419	3.01792	0.5	-12.8462	57.7541	0	-0.361006	0.932563	0	None	None
ChainingRodShaped	7095	2.25	0.5	7.97777	28.3856	0	0.736872	-0.676032	0	None	None
ChainingRodShaped	6871	2.84293	0.5	-41.7882	54.3639	0	0.177643	0.984095	0	None	None
ChainingRodShaped	6845	2.64417	0.5	43.7157	41.096	0	-0.00660813	-0.999978	0	None	None
ChainingRodShaped	5738	4.90207	0.5	-37.1189	40.8354	0	-0.827851	0.560947	0	None	None
ChainingRodShaped	6155	3.81147	0.5	-6.92373	54.1439	0	-0.691196	0.722667	0	None	None
ChainingRodShaped	6163	3.81296	0.5	-26.3944	14.7564	0	0.456693	-0.889624	0	None	None
ChainingRodShaped	6861	3.07054	0.5	-36.2074	13.7059	0	0.457702	-0.889106	0	None	None
ChainingRodShaped	7011	2.41208	0.5	-1.44705	66.0821	0	-0.0847626	-0.996401	0	None	None
ChainingRodShaped	5748	4.83828	0.5	-29.3594	53.0331	0	-0.767016	-0.641628	0	None	None
ChainingRodShaped	6967	2.72367	0.5	-12.1908	64.3869	0	-0.656344	0.754461	0	None	None
ChainingRodShaped	6397	4.42714	0.5	11.0639	59.7735	0	0.654628	-0.755951	0	None	None
ChainingRodShaped	5754	4.92461	0.5	-15.1376	36.4232	0	0.695746	0.718288	0	None	None
ChainingRodShaped	6855	2.55457	0.5	33.8572	36.7306	0	-0.681973	-0.731378	0	None	None
ChainingRodShaped	6309	4.48994	0.5	-48.8142	23.7895	0	0.885863	-0.463947	0	None	None
ChainingRodShaped	6449	2.99632	0.5	1.02501	49.138	0	-0.734269	0.678858	0	None	None
ChainingRodShaped	6257	3.8732	0.5	23.7752	44.1019	0	0.00450729	-0.99999	0	None	None
ChainingRodShaped	6401	3.09431	0.5	-7.81155	18.0994	0	0.0655716	-0.997848	0	None	None
ChainingRodShaped	6629	3.72497	0.5	-30.1658	18.3604	0	0.0392376	-0.99923	0	None	None
ChainingRodShaped	6809	3.24728	0.5	-26.7885	52.2612	0	-0.908701	-0.417447	0	None	None
ChainingRodShaped	6335	3.25258	0.5	0.602807	41.7589	0	0.869199	-0.494462	0	None	None
ChainingRodShaped	6363	4.9636	0.5	15.1533	46.4737	0	-0.15889	0.987296	0	None	None
ChainingRodShaped	7033	2.27218	0.5	-4.98378	34.7142	0	-0.14352	-0.989647	0	None	None
ChainingRodShaped	6807	2.95539	0.5	25.0193	15.8256	0	-0.90847	-0.417951	0	None	None
ChainingRodShaped	7051	2.16223	0.5	33.6549	32.1834	0	-0.680794	0.732475	0	None	None
ChainingRodShaped	7129	2.10515	0.5	-20.5063	8.51591	0	0.923216	-0.384281	0	None	None
ChainingRodShaped	6375	3.50192	0.5	30.2592	46.4013	0	-0.347325	-0.937745	0	None	None
ChainingRodShaped	5784	3.00048	0.5	1.88558	62.7472	0	0.386687	-0.922211	0	None	5783
ChainingRodShaped	6497	4.62282	0.5	-24.3805	63.1964	0	0.927339	-0.374223	0	None	None
ChainingRodShaped	7017	2.47687	0.5	30.275	43.2772	0	-0.310816	-0.95047	0	None	None
ChainingRodShaped	7049	2.25955	0.5	-24.067	47.2073	0	0.956577	0.29148	0	None	None
ChainingRodShaped	6941	2.71116	0.5	38.2586	42.1543	0	0.338643	-0.940915	0	None	None
ChainingRodShaped	6887	2.73971	0.5	28.3519	54.1162	0	-0.00332553	-0.999994	0	None	None
ChainingRodShaped	6535	3.19926	0.5	-9.6854	57.2643	0	-0.335263	0.942125	0	None	None
ChainingRodShaped	7109	2.20762	0.5	-23.4872	49.3603	0	-0.990084	-0.140479	0	None	None
ChainingRodShaped	5800	4.77233	0.5	-11.417	16.025	0	0.446741	0.894664	0	None	None
ChainingRodShaped	5802	4.89533	0.5	-14.0412	47.1288	0	0.719005	0.695005	0	None	None
ChainingRodShaped	6869	2.74017	0.5	-15.3757	43.6034	0	0.855713	0.51745	0	None	None
ChainingRodShaped	6277	3.82407	0.5	-13.7574	57.5277	0	-0.368379	0.929676	0	None	None
ChainingRodShaped	6753	3.06932	0.5	-34.9704	58.3291	0	-0.121494	0.992592	0	None	None
ChainingRodShaped	6749	3.10719	0.5	11.2002	48.1081	0	-0.132546	-0.991177	0	None	None
ChainingRodShaped	5812	4.69931	0.5	13.9957	22.5612	0	-0.62133	-0.783549	0	None	None
ChainingRodShaped	6723	3.31684	0.5	-13.5793	25.2056	0	-0.075906	-0.997115	0	None	None
ChainingRodShaped	7009	2.57328	0.5	-20.7711	13.0428	0	-0.484516	0.874782	0	None	None
ChainingRodShaped	6953	2.78571	0.5	8.10658	18.0788	0	0.233755	-0.972296	0	None	None
ChainingRodShaped	7083	2.27358	0.5	9.07962	25.3315	0	0.54794	-0.836517	0	None	None
ChainingRodShaped	6385	4.69025	0.5	21.1736	20.4079	0	-0.224936	-0.974374	0	None	None
ChainingRodShaped	6681	3.49378	0.5	-8.21265	20.9329	0	0.861888	-0.507099	0	None	None
ChainingRodShaped	6529	4.1676	0.5	-10.5725	57.0336	0	-0.342994	0.939338	0	None	None
ChainingRodShaped	5828	4.81199	0.5	-0.791103	39.3204	0	0.865085	-0.501624	0	None	None
ChainingRodShaped	6551	4.35254	0.5	28.9053	26.6223	0	-0.428945	-0.903331	0	None	None
ChainingRodShaped	6841	2.91638	0.5	-2.33859	54.8347	0	0.74409	-0.66808	0	None	None
ChainingRodShaped	6667	3.10763	0.5	-12.3731	61.2338	0	-0.457278	0.889324	0	None	None
ChainingRodShaped	6421	4.13172	0.5	-36.7362	44.9767	0	-0.988756	-0.149537	0	None	None
ChainingRodShaped	6319	4.6998	0.5	-0.831539	61.7602	0	0.390758	-0.920493	0	None	None
ChainingRodShaped	6463	3.73171	0.5	17.6949	54.6292	0	-0.907792	-0.419422	0	None	None
ChainingRodShaped	6481	3.59566	0.5	-23.0587	52.0066	0	0.902431	0.430834	0	None	None
ChainingRodShaped	6399	4.9726	0.5	-31.7998	24.4717	0	-0.545041	0.83841	0	None	None
ChainingRodShaped	6769	3.06501	0.5	-9.72827	48.2871	0	-0.577037	-0.816718	0	None	None
ChainingRodShaped	5848	4.23468	0.5	14.7947	35.1303	0	-0.451608	0.892217	0	None	5847
ChainingRodShaped	6817	2.95187	0.5	-40.937	18.7274	0	0.477873	-0.878429	0	None	None
ChainingRodShaped	6461	3.75532	0.5	-19.525	23.8388	0	0.579296	-0.815117	0	None	None
ChainingRodShaped	6901	2.77694	0.5	-26.1502	36.4398	0	-0.252684	0.967549	0	None	None
ChainingRodShaped	5856	4.88403	0.5	13.3987	33.7317	0	0.458878	-0.888499	0	None	None
ChainingRodShaped	6655	3.47429	0.5	-46.136	37.9448	0	0.516956	-0.856012	0	None	None
ChainingRodShaped	5860	3.75161	0.5	35.8314	43.2056	0	0.337795	-0.94122	0	None	5859
ChainingRodShaped	6365	4.21384	0.5	21.3481	14.465	0	-0.2929	-0.956143	0	None	None
ChainingRodShaped	5864	4.52709	0.5	-24.6136	61.1767	0	0.935421	-0.353535	0	None	None
ChainingRodShaped	6573	2.85236	0.5	-30.541	65.1086	0	0.647765	-0.76184	0	None	None
ChainingRodShaped	6339	3.82416	0.5	-51.7417	48.9643	0	0.956744	-0.290931	0	None	None
ChainingRodShaped	6367	3.18426	0.5	-15.6545	12.7601	0	-0.591179	-0.806541	0	None	None
ChainingRodShaped	6493	4.19817	0.5	-38.3719	55.0238	0	-0.152712	0.988271	0	None	None
ChainingRodShaped	5874	4.9284	0.5	3.94767	27.8125	0	0.214063	-0.97682	0	None	None
ChainingRodShaped	6391	3.0896	0.5	-48.0277	47.2091	0	-0.587432	0.809273	0	None	None
ChainingRodShaped	6727	3.39559	0.5	19.0394	19.6267	0	-0.234826	-0.972037	0	None	None
ChainingRodShaped	7139	2.04028	0.5	34.3196	32.928	0	-0.680584	0.73267	0	None	None
ChainingRodShaped	6459	3.02727	0.5	-14.9454	10.1982	0	0.527523	0.849541	0	None	None
ChainingRodShaped	5884	4.87439	0.5	-7.37844	9.74435	0	0.963488	-0.26775	0	None	None
ChainingRodShaped	6897	2.61555	0.5	-17.9986	46.2723	0	-0.316054	-0.948741	0	None	None
ChainingRodShaped	5888	4.59819	0.5	-40.0312	42.6981	0	-0.149288	-0.988794	0	None	None
ChainingRodShaped	6431	3.02879	0.5	7.23279	33.0598	0	0.667002	-0.745056	0	None	None
ChainingRodShaped	5892	4.10289	0.5	-52.9968	53.7141	0	0.932278	0.361742	0	5258	5891
ChainingRodShaped	5894	4.08821	0.5	4.10698	14.946	0	-0.194886	0.980826	0	None	5893
ChainingRodShaped	5896	4.05506	0.5	4.46272	39.7024	0	0.736211	-0.676752	0	None	None
ChainingRodShaped	6447	3.66513	0.5	-31.1361	31.4534	0	-0.24126	-0.97046	0	None	None
ChainingRodShaped	6779	2.97069	0.5	-25.7024	66.8778	0	0.822321	0.569025	0	None	None
ChainingRodShaped	6445	3.88042	0.5	-34.0556	18.1614	0	0.430629	-0.902529	0	None	None
ChainingRodShaped	7023	2.60069	0.5	4.55812	53.7756	0	0.373019	-0.927824	0	None	None
ChainingRodShaped	5906	4.8114	0.5	-33.2149	18.6067	0	0.428928	-0.903338	0	None	None
ChainingRodShaped	6465	3.3395	0.5	4.28826	59.5095	0	-0.383832	0.923403	0	None	None
ChainingRodShaped	5910	4.47782	0.5	30.4691	19.5578	0	-0.999897	0.014334	0	None	None
ChainingRodShaped	6439	3.51467	0.5	-29.5266	20.9711	0	-0.933736	0.357963	0	None	None
ChainingRodShaped	5914	2.88607	0.5	38.8898	37.5966	0	0.341061	-0.940041	0	6127	5913
ChainingRodShaped	6487	3.58131	0.5	2.3809	39.748	0	0.891815	-0.4524	0	None	None
ChainingRodShaped	5918	4.22977	0.5	29.3496	38.0127	0	0.550443	0.834873	0	None	5917
ChainingRodShaped	5920	4.05526	0.5	-2.12347	9.21427	0	0.958293	-0.285787	0	None	None
ChainingRodShaped	6707	3.45586	0.5	-21.2448	37.9399	0	0.422116	-0.906542	0	None	None
ChainingRodShaped	6483	4.10505	0.5	3.22476	51.9805	0	0.384789	-0.923005	0	None	None
ChainingRodShaped	6503	3.3051	0.5	-44.7169	25.3374	0	0.399248	-0.916843	0	None	None
ChainingRodShaped	6671	3.70368	0.5	14.564	14.1175	0	-0.490338	-0.871532	0	None	None
ChainingRodShaped	6555	3.0445	0.5	-49.2829	42.1479	0	0.61187	-0.790958	0	None	None
ChainingRodShaped	5932	4.73731	0.5	-16.7113	68.2854	0	-0.632363	0.774672	0	None	None
ChainingRodShaped	5934	4.09171	0.5	-9.85092	33.1078	0	-0.163552	-0.986535	0	None	None
ChainingRodShaped	5936	4.34352	0.5	45.4749	46.8808	0	0.807413	-0.589987	0	None	None
ChainingRodShaped	6527	4.47995	0.5	0.701469	60.6037	0	0.390314	-0.920682	0	None	None
ChainingRodShaped	6513	3.67924	0.5	-7.6972	46.6592	0	-0.908768	-0.417302	0	None	None
ChainingRodShaped	6877	2.41854	0.5	-37.6836	34.6702	0	-0.663311	-0.748344	0	None	None
ChainingRodShaped	5944	4.48979	0.5	-43.9315	51.7027	0	-0.0533216	0.998577	0	None	None
ChainingRodShaped	6617	3.94352	0.5	-10.6859	9.08403	0	0.703553	-0.710643	0	None	None
ChainingRodShaped	6505	3.41696	0.5	-47.7289	51.7875	0	-0.576735	0.816931	0	None	None
ChainingRodShaped	6657	3.16558	0.5	-4.41516	14.9518	0	0.333559	-0.942729	0	None	None
ChainingRodShaped	6579	2.80043	0.5	44.0621	50.3562	0	0.814153	-0.58065	0	None	None
ChainingRodShaped	5954	4.9384	0.5	-2.35897	32.0742	0	0.308725	-0.951151	0	None	None
ChainingRodShaped	6491	3.96534	0.5	-16.2268	40.9421	0	-0.876839	-0.480784	0	None	None
ChainingRodShaped	6783	3.34149	0.5	29.4708	51.9912	0	0.0760957	-0.997101	0	None	None
ChainingRodShaped	5960	4.05334	0.5	6.43757	56.8382	0	-0.373039	0.927816	0	None	None
ChainingRodShaped	6903	2.7722	0.5	34.9124	48.6625	0	0.772504	0.63501	0	None	None
ChainingRodShaped	5964	4.17282	0.5	10.5693	43.5492	0	-0.441584	0.89722	0	5847	5963
ChainingRodShaped	5966	4.93158	0.5	45.5315	42.6068	0	0.745035	-0.667026	0	None	None
ChainingRodShaped	5968	3.98856	0.5	-51.4606	39.6373	0	-0.0183035	-0.999832	0	None	None
ChainingRodShaped	5970	4.52455	0.5	15.7518	37.3607	0	-0.45084	0.892605	0	None	None
ChainingRodShaped	6571	3.51255	0.5	-23.8578	26.2924	0	-0.623193	0.782068	0	None	None
ChainingRodShaped	6641	3.90132	0.5	35.3646	25.7845	0	-0.349098	0.937086	0	None	None
ChainingRodShaped	6913	2.44604	0.5	-29.3287	56.8584	0	-0.821816	0.569753	0	None	None
ChainingRodShaped	6979	2.69683	0.5	-16.0773	55.7385	0	0.386663	-0.922221	0	None	None
ChainingRodShaped	5980	4.1465	0.5	24.1164	56.9368	0	-0.742237	-0.670137	0	None	None
ChainingRodShaped	6951	2.49758	0.5	-33.5897	13.5203	0	0.23547	-0.971882	0	None	None
ChainingRodShaped	6585	3.1695	0.5	-49.1101	45.8644	0	-0.897894	0.440212	0	None	None
ChainingRodShaped	6911	2.37145	0.5	-16.9336	12.6626	0	-0.599217	-0.800587	0	None	None
ChainingRodShaped	6619	3.0879	0.5	-31.9385	54.8022	0	-0.0639215	-0.997955	0	None	None
ChainingRodShaped	6645	3.25764	0.5	-19.8722	49.8549	0	-0.993694	-0.112128	0	None	None
ChainingRodShaped	5992	3.97366	0.5	-52.5536	37.7074	0	0.313835	-0.949478	0	None	None
ChainingRodShaped	6821	2.62012	0.5	-43.3352	38.0128	0	-0.190564	-0.981675	0	None	None
ChainingRodShaped	5996	4.82868	0.5	38.7518	26.8265	0	-0.684111	0.729378	0	None	None
ChainingRodShaped	6677	3.52364	0.5	-15.4354	25.1091	0	-0.0640688	-0.997945	0	None	None
ChainingRodShaped	6000	4.57764	0.5	-10.9837	12.1182	0	0.905609	-0.424113	0	None	None
ChainingRodShaped	6947	2.37074	0.5	-20.0786	33.046	0	-0.38553	0.922695	0	None	None
ChainingRodShaped	6693	3.77473	0.5	-21.408	20.7664	0	0.496989	-0.867757	0	None	None
ChainingRodShaped	6597	3.93413	0.5	-21.3856	51.7637	0	-0.905077	-0.425248	0	None	None
ChainingRodShaped	6717	3.19687	0.5	-38.6466	26.794	0	-0.992263	0.124155	0	None	None
ChainingRodShaped	6010	4.9864	0.5	-8.15032	48.959	0	-0.568827	-0.822457	0	None	None
ChainingRodShaped	6012	4.98914	0.5	0.851515	50.5478	0	-0.726889	0.686755	0	None	None
ChainingRodShaped	6721	2.69238	0.5	-30.0599	35.4544	0	-0.276966	-0.96088	0	None	None
ChainingRodShaped	6016	3.53532	0.5	7.01778	10.0615	0	0.185667	-0.982613	0	6037	6015
ChainingRodShaped	6699	2.92696	0.5	-30.8452	26.4329	0	-0.530553	0.847652	0	None	None
ChainingRodShaped	6701	3.52402	0.5	-6.88234	22.3587	0	0.856408	-0.516299	0	None	None
ChainingRodShaped	6022	4.30229	0.5	18.8688	43.5221	0	-0.798886	0.601482	0	None	None
ChainingRodShaped	6739	2.5976	0.5	-30.4613	50.8416	0	-0.771348	-0.636413	0	None	None
ChainingRodShaped	6625	3.24566	0.5	-22.4882	34.0876	0	-0.385501	0.922708	0	None	None
ChainingRodShaped	6795	2.94455	0.5	16.4335	26.7662	0	0.412204	0.911092	0	None	None
ChainingRodShaped	6030	3.82048	0.5	-15.0969	69.4298	0	-0.773019	0.634383	0	None	None
ChainingRodShaped	7107	2.16004	0.5	-19.5571	10.2077	0	0.930719	-0.365736	0	None	None
ChainingRodShaped	6857	2.53659	0.5	13.6497	40.5073	0	0.100599	-0.994927	0	None	None
ChainingRodShaped	6647	3.32261	0.5	43.6456	46.919	0	0.749945	-0.6615	0	None	None
ChainingRodShaped	6038	2.7152	0.5	5.26631	18.7889	0	0.210428	-0.977609	0	None	6037
ChainingRodShaped	6040	3.78748	0.5	-31.5662	25.8171	0	-0.538993	0.84231	0	None	None
ChainingRodShaped	6659	3.13457	0.5	-39.6576	22.422	0	0.531234	-0.847225	0	None	None
ChainingRodShaped	6044	4.48066	0.5	17.121	33.4641	0	0.334241	0.942488	0	None	None
ChainingRodShaped	6046	2.94237	0.5	15.367	22.2106	0	-0.448881	-0.893592	0	None	6045
ChainingRodShaped	6771	3.22511	0.5	-25.8849	22.9769	0	-0.488184	0.872741	0	None	None
ChainingRodShaped	6755	3.53135	0.5	-20.9129	30.0844	0	0.395851	-0.918315	0	None	None
ChainingRodShaped	6909	2.75148	0.5	-48.8942	26.0718	0	0.263108	-0.964766	0	None	None
ChainingRodShaped	6054	4.01481	0.5	22.2488	25.546	0	-0.353562	-0.935411	0	None	None
ChainingRodShaped	7141	2.06092	0.5	19.0302	10.6977	0	-0.995258	0.0972749	0	None	None
ChainingRodShaped	6695	3.08381	0.5	-15.2381	56.1973	0	0.377411	-0.926046	0	None	None
ChainingRodShaped	6060	4.62593	0.5	20.8483	45.5045	0	0.864447	-0.502723	0	None	None
ChainingRodShaped	6719	3.35063	0.5	17.0611	21.3009	0	-0.412705	-0.910865	0	None	None
ChainingRodShaped	6661	3.84394	0.5	-34.1962	63.5814	0	0.833548	-0.552448	0	None	None
ChainingRodShaped	7137	2.09908	0.5	-7.80991	66.5127	0	-0.787817	0.615909	0	None	None
ChainingRodShaped	7007	2.62993	0.5	-23.3904	52.8821	0	0.900404	0.435054	0	None	None
ChainingRodShaped	6070	4.93726	0.5	30.9919	38.7883	0	-0.544018	-0.839074	0	None	None
ChainingRodShaped	7039	2.46182	0.5	20.3665	37.3933	0	-0.196393	-0.980525	0	None	None
ChainingRodShaped	6074	4.3266	0.5	-4.27572	67.2889	0	-0.0826375	-0.99658	0	None	None
ChainingRodShaped	6785	2.63002	0.5	-39.3772	61.0272	0	-0.933606	-0.3583	0	None	None
ChainingRodShaped	6879	3.03701	0.5	-15.8061	31.0913	0	-0.601802	-0.798645	0	None	None
ChainingRodShaped	6080	4.70134	0.5	-7.80152	42.699	0	-0.488312	-0.872669	0	None	None
ChainingRodShaped	6082	3.71707	0.5	-5.68247	26.0701	0	0.868718	-0.495308	0	None	None
ChainingRodShaped	6765	2.8307	0.5	-38.9929	34.6457	0	-0.666488	-0.745516	0	None	None
ChainingRodShaped	6873	2.5203	0.5	6.79012	35.9571	0	0.917885	-0.396847	0	None	None
ChainingRodShaped	6843	2.85186	0.5	-35.4047	27.2792	0	-0.914579	0.404408	0	None	None
ChainingRodShaped	7041	2.27217	0.5	36.8254	31.1463	0	-0.738054	0.674742	0	None	None
ChainingRodShaped	6837	3.10336	0.5	-8.09868	32.4968	0	-0.161269	-0.98691	0	None	None
ChainingRodShaped	6094	3.38354	0.5	-27.6302	44.9694	0	-0.634528	-0.7729	0	None	6093
ChainingRodShaped	6096	3.97515	0.5	-2.58085	69.6541	0	-0.340996	-0.940065	0	None	None
ChainingRodShaped	6098	4.79646	0.5	-48.0651	50.5815	0	-0.584876	0.811123	0	None	None
ChainingRodShaped	6709	2.73118	0.5	42.0848	35.1429	0	-0.459656	-0.888097	0	None	None
ChainingRodShaped	6997	2.44727	0.5	-25.432	10.7548	0	0.638113	-0.769942	0	None	None
ChainingRodShaped	6104	4.3673	0.5	30.762	21.7857	0	-0.835063	-0.550154	0	None	None
ChainingRodShaped	6781	2.71505	0.5	-45.9481	29.138	0	-0.662959	-0.748656	0	None	None
ChainingRodShaped	6108	4.16758	0.5	-24.5968	60.1435	0	0.937428	-0.34818	0	None	None
ChainingRodShaped	7061	2.26085	0.5	22.2581	53.0308	0	-0.945783	-0.3248	0	None	None
ChainingRodShaped	6112	2.84871	0.5	2.43971	23.3272	0	-0.197324	0.980338	0	5893	6111
ChainingRodShaped	7173	2.00853	0.5	13.5275	9.13749	0	-0.613085	-0.790017	0	None	None
ChainingRodShaped	7143	2.07921	0.5	-16.5543	21.7748	0	-0.0707905	-0.997491	0	None	None
ChainingRodShaped	6763	3.28385	0.5	37.8729	25.3219	0	-0.925646	0.37839	0	None	None
ChainingRodShaped	6120	4.51161	0.5	40.927	47.2526	0	0.183368	-0.983044	0	None	None
ChainingRodShaped	6122	4.41008	0.5	-26.9689	10.2553	0	0.178516	-0.983937	0	None	None
ChainingRodShaped	7123	2.14249	0.5	28.1885	59.3342	0	-0.7355	-0.677524	0	None	None
ChainingRodShaped	6126	4.99353	0.5	-26.7111	26.988	0	0.4177	-0.908585	0	None	None
ChainingRodShaped	6128	2.68047	0.5	36.3255	44.6904	0	0.339117	-0.940744	0	None	6127
ChainingRodShaped	6130	4.88224	0.5	10.5805	54.6596	0	-0.991952	0.126614	0	None	None
ChainingRodShaped	6803	2.90414	0.5	3.53264	44.4005	0	-0.732668	0.680586	0	None	None
ChainingRodShaped	6134	4.87241	0.5	34.075	58.2984	0	-0.486193	-0.873852	0	None	None
ChainingRodShaped	7091	2.22273	0.5	-28.1983	45.7812	0	-0.627661	-0.778487	0	None	None
ChainingRodShaped	6138	3.90709	0.5	-20.9847	43.7121	0	0.876589	0.481239	0	None	None
ChainingRodShaped	6991	2.63245	0.5	-41.8275	47.467	0	-0.100432	0.994944	0	None	None
ChainingRodShaped	6935	2.41987	0.5	-16.9805	32.8421	0	0.39108	-0.920357	0	None	None
ChainingRodShaped	6144	3.98281	0.5	-10.8807	38.4612	0	-0.746795	-0.665054	0	None	None
ChainingRodShaped	6907	2.74638	0.5	17.5187	52.344	0	-0.975242	0.221139	0	None	None
ChainingRodShaped	6148	4.19285	0.5	-3.48261	32.6906	0	0.299175	-0.954198	0	None	None
ChainingRodShaped	6150	2.99518	0.5	24.0024	33.2486	0	0.325221	0.945638	0	6211	6149
ChainingRodShaped	6827	2.65067	0.5	-39.5048	35.5023	0	-0.665119	-0.746737	0	None	None
ChainingRodShaped	6154	4.15323	0.5	-23.5201	30.273	0	0.398728	0.917069	0	None	None
ChainingRodShaped	6156	3.66752	0.5	-3.603	50.85	0	-0.736166	0.676801	0	None	None
ChainingRodShaped	6813	2.73521	0.5	46.5006	35.1941	0	-0.120021	-0.992771	0	None	None
ChainingRodShaped	6927	2.60014	0.5	-3.76471	18.0198	0	0.927542	-0.373718	0	None	None
ChainingRodShaped	6162	4.01012	0.5	-8.94686	32.9807	0	-0.163424	-0.986556	0	None	None
ChainingRodShaped	6164	4.06508	0.5	-28.2489	17.4465	0	0.0347877	-0.999395	0	None	None
ChainingRodShaped	6971	2.27588	0.5	11.7017	24.1084	0	-0.543097	-0.83967	0	None	None
ChainingRodShaped	6815	3.01414	0.5	32.0088	56.5885	0	-0.321081	-0.947052	0	None	None
ChainingRodShaped	6170	4.07247	0.5	23.9897	37.4668	0	-0.0603115	-0.99818	0	None	None
ChainingRodShaped	6853	2.98736	0.5	-21.1001	63.5237	0	0.134277	0.990944	0	None	None
ChainingRodShaped	6174	3.61221	0.5	-27.7332	26.945	0	0.422075	-0.906561	0	None	None
ChainingRodShaped	6176	4.53979	0.5	22.7723	48.1447	0	-0.530107	-0.847931	0	None	None
ChainingRodShaped	7001	2.53032	0.5	-40.5541	55.1591	0	0.00337799	0.999994	0	None	None
ChainingRodShaped	6180	4.57155	0.5	17.6911	48.179	0	0.125663	-0.992073	0	None	None
ChainingRodShaped	6182	3.48067	0.5	10.2897	40.7283	0	-0.728479	0.685068	0	None	None
ChainingRodShaped	6184	4.25586	0.5	-29.1949	17.7013	0	0.0361723	-0.999346	0	None	None
ChainingRodShaped	6186	4.84307	0.5	-39.2576	54.3462	0	-0.147941	0.988996	0	None	None
ChainingRodShaped	6188	2.98604	0.5	-30.3911	59.8864	0	-0.833093	0.553134	0	6565	6187
ChainingRodShaped	6190	4.02323	0.5	-30.5003	13.1292	0	0.239208	-0.970968	0	None	None
ChainingRodShaped	6192	4.70439	0.5	-49.9721	35.5507	0	-0.22462	-0.974446	0	None	None
ChainingRodShaped	6194	3.71803	0.5	28.0633	47.3854	0	0.144416	-0.989517	0	None	None
ChainingRodShaped	6196	4.94844	0.5	-37.3853	55.0358	0	-0.157467	0.987524	0	None	None
ChainingRodShaped	6981	2.56088	0.5	-4.02241	23.9443	0	0.838697	-0.544599	0	None	None
ChainingRodShaped	6200	3.38284	0.5	-39.4296	15.1368	0	-0.958761	0.284212	0	None	None
ChainingRodShaped	6202	3.8159	0.5	-2.26276	19.8636	0	0.707491	-0.706722	0	None	None
ChainingRodShaped	6204	4.33676	0.5	-17.5745	20.7454	0	-0.067175	-0.997741	0	None	None
ChainingRodShaped	6917	2.4126	0.5	-15.4487	63.6258	0	-0.621651	0.783294	0	None	None
ChainingRodShaped	6208	4.91493	0.5	-8.95331	42.4817	0	-0.489194	-0.872175	0	None	None
ChainingRodShaped	6210	4.19413	0.5	-42.627	45.8743	0	-0.0904972	0.995897	0	None	None
ChainingRodShaped	6212	3.20362	0.5	21.1465	25.2979	0	0.347138	0.937814	0	None	6211
ChainingRodShaped	6214	3.51054	0.5	19.9612	48.8034	0	0.718541	0.695485	0	None	6213
ChainingRodShaped	6216	3.56475	0.5	8.28831	23.1152	0	0.559902	-0.828559	0	None	None
ChainingRodShaped	7165	2.01535	0.5	-28.5917	30.5373	0	-0.0637831	-0.997964	0	None	None
ChainingRodShaped	6220	3.42038	0.5	-34.1514	59.6381	0	0.118016	-0.993012	0	None	None
ChainingRodShaped	6993	2.37242	0.5	30.0726	26.8112	0	-0.432201	-0.901777	0	None	None
ChainingRodShaped	7063	2.40901	0.5	-40.8621	36.8731	0	-0.656861	-0.754012	0	None	None
ChainingRodShaped	6939	2.30343	0.5	-41.7094	23.8394	0	0.550417	-0.83489	0	None	None
ChainingRodShaped	6228	4.60624	0.5	23.0711	37.7725	0	-0.059644	-0.99822	0	None	None
ChainingRodShaped	6230	4.10736	0.5	-15.471	38.8999	0	-0.79697	-0.604019	0	None	None
ChainingRodShaped	6957	2.79778	0.5	-9.31663	70.2311	0	-0.777645	0.628704	0	None	None
ChainingRodShaped	6234	4.1041	0.5	-26.2937	41.025	0	-0.161359	0.986896	0	None	None
ChainingRodShaped	7053	2.32768	0.5	10.8517	28.1892	0	0.962408	0.271606	0	None	None
ChainingRodShaped	6238	2.73438	0.5	0.000624612	31.1747	0	-0.367162	0.930157	0	None	6237
ChainingRodShaped	7003	2.6713	0.5	-9.16031	63.2436	0	-0.48131	0.87655	0	None	None
ChainingRodShaped	6242	4.58657	0.5	-22.3426	16.9216	0	-0.364309	-0.931278	0	None	None
ChainingRodShaped	6244	3.76518	0.5	33.1759	38.2288	0	-0.419538	-0.907738	0	None	None
ChainingRodShaped	6246	3.3524	0.5	-5.70447	35.8291	0	-0.153454	-0.988156	0	None	None
ChainingRodShaped	6248	4.88514	0.5	-1.2423	31.5649	0	0.318229	-0.948014	0	None	None
ChainingRodShaped	6250	4.3976	0.5	-10.4928	24.6123	0	0.988563	-0.150805	0	None	None
ChainingRodShaped	6252	4.95923	0.5	11.4315	43.7829	0	-0.4505	0.892777	0	None	None
ChainingRodShaped	6254	4.02801	0.5	-8.0526	57.978	0	-0.705522	0.708688	0	None	None
ChainingRodShaped	6256	4.51883	0.5	-5.84248	30.0827	0	0.302827	-0.953046	0	None	None
ChainingRodShaped	7155	2.04085	0.5	20.4981	47.9496	0	-0.722103	-0.691785	0	None	None
ChainingRodShaped	6260	3.70921	0.5	-45.8435	42.1682	0	-0.757013	0.6534	0	None	None
ChainingRodShaped	6262	4.4447	0.5	-4.81903	26.6629	0	0.870047	-0.492969	0	None	None
ChainingRodShaped	6264	4.34609	0.5	20.6266	34.8664	0	0.345316	0.938486	0	None	None
ChainingRodShaped	6266	4.94094	0.5	40.0195	42.942	0	0.329908	-0.944013	0	None	None
ChainingRodShaped	6268	4.29827	0.5	39.5981	48.9719	0	0.0982901	-0.995158	0	None	None
ChainingRodShaped	6270	3.99837	0.5	-19.5679	29.3655	0	0.396189	-0.918169	0	None	None
ChainingRodShaped	6272	4.22367	0.5	-10.6883	15.3848	0	0.441934	0.897048	0	None	None
ChainingRodShaped	6274	3.40134	0.5	-6.60526	40.2244	0	0.347117	-0.937822	0	None	None
ChainingRodShaped	6276	4.19495	0.5	-14.5704	57.0695	0	0.368132	-0.929773	0	None	None
ChainingRodShaped	6278	4.81791	0.5	-13.2016	52.4702	0	0.146021	0.989281	0	None	None
ChainingRodShaped	6280	4.76393	0.5	-34.8523	41.1198	0	-0.421526	0.906816	0	None	None
ChainingRodShaped	6282	4.17316	0.5	-24.4708	30.4254	0	0.405814	0.913956	0	None	None
ChainingRodShaped	6284	3.70365	0.5	-11.2319	42.199	0	-0.487647	-0.873041	0	None	None
ChainingRodShaped	6286	3.68277	0.5	-13.3143	34.6397	0	-0.545294	-0.838245	0	None	None
ChainingRodShaped	7153	2.04818	0.5	5.54108	32.1229	0	0.669522	-0.742792	0	None	None
ChainingRodShaped	7059	2.43822	0.5	-3.54097	71.2596	0	0.700149	0.713996	0	None	None
ChainingRodShaped	7147	2.02699	0.5	-18.9369	51.7818	0	-0.43797	-0.89899	0	None	None
ChainingRodShaped	6294	4.3254	0.5	-5.83674	40.8139	0	0.356386	-0.934339	0	None	None
ChainingRodShaped	6296	3.52745	0.5	-32.1922	65.4936	0	0.492442	-0.870345	0	None	None
ChainingRodShaped	6298	4.55805	0.5	-7.8698	45.6057	0	0.91319	0.407535	0	None	None
ChainingRodShaped	7071	2.18847	0.5	13.3183	47.4787	0	-0.334188	-0.942506	0	None	None
ChainingRodShaped	6302	3.90063	0.5	-3.85468	61.2738	0	0.42895	-0.903328	0	None	None
ChainingRodShaped	6999	2.68887	0.5	15.8518	27.6987	0	0.422826	0.906211	0	None	None
ChainingRodShaped	6306	4.59735	0.5	-26.107	55.8762	0	-0.831405	0.555667	0	None	None
ChainingRodShaped	6308	3.6009	0.5	-34.3179	22.146	0	0.741392	-0.671072	0	None	None
ChainingRodShaped	6310	4.58668	0.5	-50.1989	27.9905	0	-0.0316881	-0.999498	0	None	None
ChainingRodShaped	6312	4.54101	0.5	-28.7731	39.4064	0	0.174894	-0.984587	0	None	None
ChainingRodShaped	6314	4.20592	0.5	-25.5475	42.0888	0	-0.156351	0.987702	0	None	None
ChainingRodShaped	7019	2.52882	0.5	8.80408	53.901	0	-0.992901	0.118947	0	None	None
ChainingRodShaped	6318	4.13452	0.5	-34.8743	66.3895	0	0.829272	-0.558845	0	None	None
ChainingRodShaped	6320	4.66334	0.5	-0.463804	66.1739	0	-0.0831729	-0.996535	0	None	None
ChainingRodShaped	6322	4.6389	0.5	-43.5894	46.1595	0	-0.0825831	0.996584	0	None	None
ChainingRodShaped	6324	3.22017	0.5	42.2066	42.5947	0	0.328477	-0.944512	0	None	None
ChainingRodShaped	7163	2.01951	0.5	-28.4642	59.7702	0	0.8355	-0.54949	0	None	None
ChainingRodShaped	6328	3.97424	0.5	28.9011	48.3034	0	0.146044	-0.989278	0	None	None
ChainingRodShaped	7045	2.29611	0.5	-10.0302	49.4534	0	-0.577082	-0.816686	0	None	None
ChainingRodShaped	6332	4.49915	0.5	10.879	57.0647	0	-0.667353	0.744742	0	None	None
ChainingRodShaped	6334	3.35101	0.5	21.0561	58.4315	0	-0.900258	-0.435357	0	5288	6333
ChainingRodShaped	6336	4.90483	0.5	-3.80366	44.228	0	0.872992	-0.487734	0	None	None
ChainingRodShaped	6338	3.31955	0.5	-6.82577	17.4317	0	0.0555998	-0.998453	0	None	None
ChainingRodShaped	6340	4.59157	0.5	-55.019	47.3205	0	0.146795	0.989167	0	None	None
ChainingRodShaped	6342	3.47981	0.5	30.9564	31.0569	0	-0.429447	-0.903092	0	None	None
ChainingRodShaped	6344	4.67315	0.5	-32.5545	43.4468	0	-0.654047	-0.756454	0	None	None
ChainingRodShaped	6346	4.95684	0.5	4.04267	30.9309	0	0.675993	-0.736908	0	None	None
ChainingRodShaped	6348	3.41866	0.5	-31.2291	38.2305	0	-0.269852	-0.962902	0	None	None
ChainingRodShaped	6350	4.20867	0.5	-9.30091	61.458	0	-0.462633	0.88655	0	None	None
ChainingRodShaped	6352	2.91976	0.5	31.7903	37.4936	0	-0.414425	-0.910084	0	5396	6351
ChainingRodShaped	6354	4.2517	0.5	-5.27406	41.95	0	0.362773	-0.931878	0	None	None
ChainingRodShaped	6356	3.52379	0.5	2.92089	34.4816	0	0.928646	-0.370967	0	None	None
ChainingRodShaped	6358	4.2893	0.5	11.2958	50.8937	0	-0.672227	-0.740345	0	None	None
ChainingRodShaped	6360	4.96273	0.5	12.6572	60.8287	0	0.301759	-0.953384	0	None	None
ChainingRodShaped	7169	2.00611	0.5	26.2897	23.1563	0	-0.42161	-0.906777	0	None	None
ChainingRodShaped	6364	3.46265	0.5	16.6484	39.5317	0	0.0244713	0.999701	0	None	None
ChainingRodShaped	6366	3.48887	0.5	21.4148	17.511	0	-0.425403	-0.905004	0	None	None
ChainingRodShaped	6368	3.66078	0.5	-13.3019	16.4733	0	-0.460644	-0.887585	0	None	None
ChainingRodShaped	6370	2.46755	0.5	24.6895	31.611	0	-0.123735	-0.992315	0	None	6369
ChainingRodShaped	6372	4.68109	0.5	25.8223	52.8053	0	-0.660868	-0.750502	0	None	None
ChainingRodShaped	6374	3.80076	0.5	17.1629	26.1417	0	0.403067	0.915171	0	None	None
ChainingRodShaped	7113	2.19093	0.5	31.5363	49.9754	0	-0.331871	-0.943325	0	None	None
ChainingRodShaped	6378	4.77417	0.5	0.403461	43.9972	0	-0.863317	0.504662	0	None	None
ChainingRodShaped	6380	4.88632	0.5	-18.6342	18.9315	0	-0.0682783	-0.997666	0	None	None
ChainingRodShaped	6382	3.48608	0.5	25.7471	35.419	0	-0.303639	-0.952787	0	None	None
ChainingRodShaped	6384	2.4476	0.5	17.5549	24.691	0	-0.404289	-0.914631	0	7013	6383
ChainingRodShaped	6386	4.91695	0.5	22.6289	22.4856	0	-0.141071	-0.99	0	None	None
ChainingRodShaped	6388	2.48702	0.5	4.45766	23.4707	0	-0.405809	0.913958	0	5601	6387
ChainingRodShaped	6390	3.55152	0.5	-30.9305	47.3151	0	-0.869047	-0.49473	0	None	None
ChainingRodShaped	6392	3.36512	0.5	-45.1881	44.1303	0	-0.750084	0.661343	0	None	None
ChainingRodShaped	6394	2.68009	0.5	-2.91847	38.4934	0	-0.376438	0.926442	0	6237	6393
ChainingRodShaped	6396	3.54152	0.5	-14.5436	24.6454	0	-0.069712	-0.997567	0	None	None
ChainingRodShaped	6398	4.19607	0.5	7.56906	63.7612	0	0.659163	-0.752	0	None	None
ChainingRodShaped	7121	2.10516	0.5	-28.9849	22.9684	0	-0.904051	0.427424	0	None	None
ChainingRodShaped	7135	2.08429	0.5	-9.7422	20.4812	0	0.94271	-0.333612	0	None	None
ChainingRodShaped	6404	3.93957	0.5	-29.6253	13.6187	0	0.24124	-0.970466	0	None	None
ChainingRodShaped	6406	4.30925	0.5	-2.31161	60.2842	0	0.399499	-0.916733	0	None	None
ChainingRodShaped	6408	3.55392	0.5	-14.4043	12.8454	0	0.583381	0.812199	0	None	None
ChainingRodShaped	6410	3.21343	0.5	-37.7026	31.7533	0	-0.659883	-0.751368	0	None	None
ChainingRodShaped	6412	4.26434	0.5	12.5736	14.6	0	-0.455352	-0.890312	0	None	None
ChainingRodShaped	6414	3.12119	0.5	7.12353	40.1371	0	-0.86517	0.501478	0	None	None
ChainingRodShaped	6416	4.64835	0.5	-0.911397	37.1763	0	0.556212	-0.831041	0	None	None
ChainingRodShaped	6418	4.69717	0.5	-21.4146	2.65552	0	0.985661	-0.16874	0	None	None
ChainingRodShaped	6420	4.49806	0.5	-12.163	53.2538	0	0.136121	0.990692	0	None	None
ChainingRodShaped	6422	4.01253	0.5	-33.8459	44.8116	0	-0.231485	-0.972838	0	None	None
ChainingRodShaped	6424	2.78084	0.5	39.2521	30.7819	0	0.337657	-0.941269	0	5319	6423
ChainingRodShaped	6426	4.19675	0.5	-22.1676	57.6689	0	0.816168	-0.577815	0	None	None
ChainingRodShaped	6428	3.77161	0.5	5.86419	49.8827	0	0.214361	-0.976755	0	None	None
ChainingRodShaped	6430	3.22583	0.5	-35.4627	16.6179	0	0.438763	-0.898603	0	None	None
ChainingRodShaped	6432	4.58128	0.5	3.01621	35.4302	0	0.932194	-0.361959	0	None	None
ChainingRodShaped	6434	4.58485	0.5	-23.839	10.3376	0	0.630382	-0.776285	0	None	None
ChainingRodShaped	6436	4.16907	0.5	0.551607	42.8514	0	0.865386	-0.501106	0	None	None
ChainingRodShaped	6438	3.33049	0.5	4.67315	37.7697	0	0.945769	-0.32484	0	None	None
ChainingRodShaped	6440	4.83837	0.5	-25.3603	18.1163	0	-0.767241	0.641359	0	None	None
ChainingRodShaped	6442	4.70839	0.5	-38.2592	48.494	0	0.691308	0.72256	0	None	None
ChainingRodShaped	6444	4.36285	0.5	11.3976	27.3609	0	0.959646	0.281211	0	None	None
ChainingRodShaped	6446	3.1926	0.5	-36.0612	22.1943	0	0.516723	-0.856153	0	None	None
ChainingRodShaped	6448	3.29112	0.5	-29.2844	34.7802	0	-0.274796	-0.961503	0	None	None
ChainingRodShaped	6450	4.22896	0.5	4.44637	46.0941	0	-0.735644	0.677368	0	None	None
ChainingRodShaped	6452	3.41722	0.5	-42.4768	23.2689	0	0.544024	-0.83907	0	None	None
ChainingRodShaped	6454	4.44476	0.5	-15.2456	61.7966	0	-0.615511	0.788128	0	None	None
ChainingRodShaped	6456	4.46192	0.5	-38.5796	38.0143	0	-0.657613	-0.753356	0	None	None
ChainingRodShaped	6458	4.03911	0.5	-40.076	24.8687	0	0.53968	-0.84187	0	None	None
ChainingRodShaped	6460	4.20775	0.5	-15.3713	8.0124	0	0.804556	0.593877	0	None	None
ChainingRodShaped	6462	3.97218	0.5	-22.0386	27.858	0	0.383083	-0.923714	0	None	None
ChainingRodShaped	6464	4.82833	0.5	19.5296	54.1617	0	-0.946385	-0.323042	0	None	None
ChainingRodShaped	6466	3.21597	0.5	5.91188	55.5679	0	-0.379745	0.925091	0	None	None
ChainingRodShaped	6468	3.40711	0.5	-0.573357	58.6757	0	0.390314	-0.920682	0	None	None
ChainingRodShaped	6470	4.55932	0.5	1.47879	61.2015	0	0.388071	-0.92163	0	None	None
ChainingRodShaped	6472	3.08413	0.5	8.03108	44.1115	0	-0.220448	0.975399	0	None	None
ChainingRodShaped	6474	4.7376	0.5	-19.8055	15.6891	0	0.0188	0.999823	0	None	None
ChainingRodShaped	6476	3.31312	0.5	-18.3963	68.7752	0	-0.647106	0.7624	0	None	None
ChainingRodShaped	6478	4.56391	0.5	-4.3324	10.8889	0	0.960088	-0.2797	0	None	None
ChainingRodShaped	6480	3.78512	0.5	38.7093	48.0673	0	0.0921594	-0.995744	0	None	None
ChainingRodShaped	6482	4.66502	0.5	-27.7105	49.8834	0	0.919029	0.394189	0	None	None
ChainingRodShaped	6484	4.22973	0.5	1.2671	56.7432	0	0.381088	-0.924539	0	None	None
ChainingRodShaped	6486	4.10493	0.5	-6.64879	7.46149	0	0.969427	0.245382	0	None	None
ChainingRodShaped	6488	4.37353	0.5	-1.9275	42.1121	0	0.86809	-0.496406	0	None	None
ChainingRodShaped	6490	4.59048	0.5	-7.43339	14.9258	0	0.705661	-0.708549	0	None	None
ChainingRodShaped	6492	3.65334	0.5	-15.5059	40.275	0	-0.874253	-0.485471	0	None	None
ChainingRodShaped	6494	4.61983	0.5	-38.8817	50.009	0	0.48956	0.87197	0	None	None
ChainingRodShaped	6496	4.12485	0.5	-0.82867	45.9688	0	-0.802194	0.597063	0	None	None
ChainingRodShaped	6498	2.96093	0.5	-28.7079	64.9883	0	0.808393	-0.588643	0	None	None
ChainingRodShaped	6500	4.52566	0.5	36.1319	33.0555	0	-0.779215	0.626757	0	None	None
ChainingRodShaped	6502	2.38606	0.5	1.43886	30.3256	0	-0.400297	0.916386	0	6387	6501
ChainingRodShaped	6504	3.25966	0.5	-45.2837	28.4424	0	-0.660632	-0.75071	0	None	None
ChainingRodShaped	6506	4.65038	0.5	-45.6552	48.0368	0	-0.0583593	0.998296	0	None	None
ChainingRodShaped	6508	4.42833	0.5	8.22831	24.8928	0	0.551592	-0.834114	0	None	None
ChainingRodShaped	6510	2.6714	0.5	-37.1413	33.8358	0	-0.664581	-0.747216	0	6703	6509
ChainingRodShaped	6512	3.22957	0.5	-26.8802	48.1711	0	-0.911006	-0.412392	0	None	None
ChainingRodShaped	6514	3.75556	0.5	-7.04748	48.9737	0	-0.572216	-0.820103	0	None	None
ChainingRodShaped	6516	3.17353	0.5	-34.8708	52.0358	0	-0.697398	-0.716684	0	None	None
ChainingRodShaped	6518	3.03994	0.5	-10.8393	32.6802	0	-0.173391	-0.984853	0	None	None
ChainingRodShaped	6520	4.49169	0.5	-31.0256	35.4698	0	-0.277225	-0.960805	0	None	None
ChainingRodShaped	6522	2.94169	0.5	-16.7287	45.7121	0	0.592467	0.805595	0	None	None
ChainingRodShaped	6524	3.56166	0.5	-47.4711	21.9674	0	0.910849	-0.412739	0	None	None
ChainingRodShaped	6526	4.53147	0.5	-12.9812	44.7239	0	-0.482915	-0.875668	0	None	None
ChainingRodShaped	6528	4.37302	0.5	0.527025	66.4001	0	-0.08727	-0.996185	0	None	None
ChainingRodShaped	6530	3.83997	0.5	-10.3327	52.2673	0	0.0979357	0.995193	0	None	None
ChainingRodShaped	6532	4.20771	0.5	31.6601	61.1013	0	-0.750731	-0.660608	0	None	None
ChainingRodShaped	6534	2.94096	0.5	0.494507	52.1809	0	0.72893	-0.684588	0	None	None
ChainingRodShaped	6536	3.48939	0.5	-9.2268	53.0775	0	0.161703	0.98684	0	None	None
ChainingRodShaped	6538	3.91544	0.5	-0.419719	15.5402	0	0.650668	-0.759362	0	None	None
ChainingRodShaped	6540	4.12307	0.5	26.6893	33.6088	0	-0.489652	-0.871918	0	None	None
ChainingRodShaped	6542	3.647	0.5	-25.3202	65.6524	0	0.918358	0.395751	0	None	None
ChainingRodShaped	6544	2.45134	0.5	1.3911	23.7478	0	-0.194585	0.980886	0	5502	6543
ChainingRodShaped	6546	2.47573	0.5	3.57703	12.7169	0	-0.195748	0.980654	0	None	6545
ChainingRodShaped	6548	4.18893	0.5	-40.1225	39.2023	0	-0.647578	-0.762	0	None	None
ChainingRodShaped	6550	3.51815	0.5	-11.3207	61.2471	0	-0.453881	0.891062	0	None	None
ChainingRodShaped	6552	3.50783	0.5	31.7083	30.3903	0	-0.434993	-0.900434	0	None	None
ChainingRodShaped	6554	3.06568	0.5	7.62176	60.5181	0	-0.646451	0.762955	0	None	None
ChainingRodShaped	6556	4.18465	0.5	-52.2399	45.4009	0	0.3795	-0.925192	0	None	None
ChainingRodShaped	6558	3.89978	0.5	-12.6101	6.91729	0	-0.960943	0.276747	0	None	None
ChainingRodShaped	6560	2.96139	0.5	26.7872	51.7354	0	-0.396718	-0.91794	0	None	None
ChainingRodShaped	6562	3.39575	0.5	-45.2631	34.6824	0	-0.556439	-0.830888	0	None	None
ChainingRodShaped	6564	2.78658	0.5	35.9293	63.4936	0	0.758778	0.651349	0	7015	6563
ChainingRodShaped	6566	2.39923	0.5	-24.2421	55.7525	0	-0.825947	0.563747	0	None	6565
ChainingRodShaped	6568	3.71976	0.5	-19.504	65.6491	0	0.622192	-0.782865	0	None	None
ChainingRodShaped	6570	3.18661	0.5	-26.1414	59.426	0	0.835048	-0.550177	0	None	None
ChainingRodShaped	6572	4.05613	0.5	-21.2329	22.4232	0	-0.459725	0.888061	0	None	None
ChainingRodShaped	6574	4.32755	0.5	-31.3494	67.4441	0	0.937013	-0.349294	0	None	None
ChainingRodShaped	6576	3.48452	0.5	-21.8673	37.1171	0	-0.426715	0.904386	0	None	None
ChainingRodShaped	6578	3.23238	0.5	39.1917	42.3944	0	0.333026	-0.942918	0	None	None
ChainingRodShaped	6580	3.38738	0.5	40.6545	52.1073	0	0.996947	-0.0780789	0	None	None
ChainingRodShaped	6582	3.3328	0.5	-17.8175	32.4345	0	-0.385513	0.922702	0	None	None
ChainingRodShaped	6584	2.46648	0.5	31.294	43.3038	0	0.320304	0.947315	0	None	6583
ChainingRodShaped	6586	3.78003	0.5	-45.5903	43.2165	0	-0.751899	0.659278	0	None	None
ChainingRodShaped	6588	3.45369	0.5	-40.8163	46.7403	0	-0.110399	0.993887	0	None	None
ChainingRodShaped	6590	3.63318	0.5	15.7427	41.2856	0	0.0144759	0.999895	0	None	None
ChainingRodShaped	6592	3.33167	0.5	27.8765	22.3439	0	-0.851549	-0.524275	0	None	None
ChainingRodShaped	6594	2.88314	0.5	27.6462	50.6437	0	-0.601737	-0.798694	0	None	None
ChainingRodShaped	6596	3.97825	0.5	-19.5644	46.4285	0	-0.619534	-0.78497	0	None	None
ChainingRodShaped	6598	3.25259	0.5	-18.2603	54.8299	0	-0.561594	-0.827413	0	None	None
ChainingRodShaped	6600	3.14934	0.5	-43.1453	18.4699	0	0.820074	-0.572257	0	None	None
ChainingRodShaped	6602	3.37031	0.5	-8.05756	8.95046	0	0.962855	-0.270019	0	None	None
ChainingRodShaped	6604	3.89793	0.5	-51.0649	47.7392	0	-0.955283	0.295694	0	None	None
ChainingRodShaped	6606	2.83659	0.5	17.8925	30.3288	0	0.364108	0.931357	0	None	None
ChainingRodShaped	6608	2.78762	0.5	53.6312	51.9528	0	0.995955	-0.0898572	0	5314	6607
ChainingRodShaped	6610	3.08473	0.5	6.74983	34.9515	0	0.915363	-0.40263	0	None	None
ChainingRodShaped	6612	3.75662	0.5	-5.89362	22.8523	0	0.854993	-0.51864	0	None	None
ChainingRodShaped	6614	2.52763	0.5	25.7902	54.4033	0	0.726389	0.687283	0	6213	6613
ChainingRodShaped	6616	2.8653	0.5	-29.6583	54.7447	0	-0.951995	-0.306113	0	None	None
ChainingRodShaped	6618	3.3558	0.5	-12.0975	11.5731	0	0.903422	-0.428752	0	None	None
ChainingRodShaped	6620	3.27942	0.5	-31.1026	57.0035	0	0.410783	-0.911733	0	None	None
ChainingRodShaped	6622	4.01187	0.5	17.6477	38.3466	0	0.166884	0.985977	0	None	None
ChainingRodShaped	6624	3.81075	0.5	-13.4295	32.7808	0	-0.55365	-0.832749	0	None	None
ChainingRodShaped	6626	2.74572	0.5	-21.6914	29.4851	0	-0.392306	0.919835	0	None	None
ChainingRodShaped	6628	3.26676	0.5	-17.983	4.52103	0	0.964021	0.265825	0	None	None
ChainingRodShaped	6630	3.40108	0.5	-31.6747	20.1173	0	0.342347	-0.939574	0	None	None
ChainingRodShaped	6632	2.85679	0.5	7.55269	38.7653	0	0.90572	-0.423877	0	None	None
ChainingRodShaped	6634	3.06131	0.5	-52.649	43.8072	0	0.383969	-0.923346	0	None	None
ChainingRodShaped	6636	3.64557	0.5	-1.26322	47.5299	0	-0.757684	0.652622	0	None	None
ChainingRodShaped	6638	2.8075	0.5	-29.8039	45.2907	0	-0.635415	-0.77217	0	None	None
ChainingRodShaped	6640	3.33594	0.5	-32.4078	34.0489	0	-0.278171	-0.960532	0	None	None
ChainingRodShaped	6642	3.73652	0.5	37.1501	23.2389	0	-0.948479	-0.316841	0	None	None
ChainingRodShaped	6644	2.81811	0.5	-32.9209	49.8776	0	-0.706444	-0.707769	0	None	None
ChainingRodShaped	6646	3.77322	0.5	-17.393	52.6155	0	-0.485163	-0.874424	0	None	None
ChainingRodShaped	6648	2.7845	0.5	41.2824	50.0568	0	0.635873	-0.771794	0	None	None
ChainingRodShaped	6650	3.53565	0.5	-27.0875	36.3385	0	-0.262328	0.964979	0	None	None
ChainingRodShaped	6652	2.70474	0.5	24.7266	42.7596	0	-0.00149685	-0.999999	0	None	None
ChainingRodShaped	6654	3.02701	0.5	-27.3483	63.102	0	0.972714	-0.232007	0	None	None
ChainingRodShaped	6656	2.96979	0.5	-46.2415	39.9796	0	0.753599	-0.657334	0	None	None
ChainingRodShaped	6658	2.75826	0.5	-5.91512	18.0644	0	0.0455932	-0.99896	0	None	None
ChainingRodShaped	6660	3.02007	0.5	-41.8938	25.7806	0	0.590625	-0.806946	0	None	None
ChainingRodShaped	6662	3.32908	0.5	-38.0081	66.1003	0	0.83426	-0.551371	0	None	None
ChainingRodShaped	6664	3.53879	0.5	21.3606	43.9982	0	0.820444	-0.571727	0	None	None
ChainingRodShaped	6666	2.83716	0.5	-2.68162	53.8875	0	-0.73737	0.675489	0	None	None
ChainingRodShaped	6668	2.79248	0.5	-11.7889	57.6081	0	-0.351669	0.936124	0	None	None
ChainingRodShaped	6670	3.57675	0.5	46.6252	43.8246	0	0.456877	-0.88953	0	None	None
ChainingRodShaped	6672	2.63759	0.5	16.8985	17.5246	0	-0.66766	-0.744466	0	None	None
ChainingRodShaped	6674	2.61005	0.5	33.6504	53.017	0	-0.335509	-0.942037	0	5561	6673
ChainingRodShaped	6676	3.5927	0.5	-34.5442	29.8913	0	0.273202	0.961957	0	None	None
ChainingRodShaped	6678	3.1256	0.5	-14.2346	28.8868	0	-0.157695	-0.987488	0	None	None
ChainingRodShaped	6680	2.5151	0.5	-16.78	2.8164	0	0.967931	0.251216	0	None	6679
ChainingRodShaped	6682	3.23949	0.5	-12.2493	22.0577	0	0.984865	-0.173325	0	None	None
ChainingRodShaped	6684	2.74357	0.5	-5.2912	59.8273	0	-0.438264	0.898847	0	None	None
ChainingRodShaped	6686	2.95606	0.5	-9.84835	66.845	0	-0.793937	0.607999	0	None	None
ChainingRodShaped	6688	3.07584	0.5	33.8112	24.8387	0	-0.195151	-0.980773	0	None	None
ChainingRodShaped	6690	2.77584	0.5	-34.3507	11.0978	0	0.991275	-0.131808	0	None	None
ChainingRodShaped	6692	3.30012	0.5	-19.5178	34.0504	0	0.394719	-0.918802	0	None	None
ChainingRodShaped	6694	3.3945	0.5	-23.7369	24.6204	0	0.607637	-0.794215	0	None	None
ChainingRodShaped	6696	2.72936	0.5	-16.6299	59.8104	0	0.354875	-0.934914	0	None	None
ChainingRodShaped	6698	3.37434	0.5	34.4372	22.9266	0	-0.192014	-0.981392	0	None	None
ChainingRodShaped	6700	2.79462	0.5	-28.3361	23.7402	0	-0.90257	0.430544	0	None	None
ChainingRodShaped	6702	3.478	0.5	-11.0204	23.7586	0	0.988132	-0.153608	0	None	None
ChainingRodShaped	6704	2.46152	0.5	-32.5409	39.0926	0	-0.650946	-0.759124	0	6093	6703
ChainingRodShaped	6706	3.34447	0.5	-12.9675	71.188	0	-0.973849	0.227195	0	None	None
ChainingRodShaped	6708	3.45104	0.5	-23.2005	41.8024	0	0.534005	-0.845481	0	None	None
ChainingRodShaped	6710	2.90461	0.5	41.8834	38.5931	0	0.194248	-0.980952	0	None	None
ChainingRodShaped	6712	3.47894	0.5	-33.1735	23.1551	0	-0.913805	0.406153	0	None	None
ChainingRodShaped	6714	2.7953	0.5	-1.81485	51.7568	0	-0.732665	0.680589	0	None	None
ChainingRodShaped	6716	3.46911	0.5	-40.2765	31.7612	0	-0.672632	-0.739977	0	None	None
ChainingRodShaped	6718	2.78648	0.5	-34.8236	25.9854	0	-0.915052	0.403336	0	None	None
ChainingRodShaped	6720	3.30761	0.5	19.5145	24.5934	0	-0.535805	-0.844342	0	None	None
ChainingRodShaped	6722	3.01719	0.5	-29.6892	39.1664	0	0.171318	-0.985216	0	None	None
ChainingRodShaped	6724	3.45455	0.5	-13.2196	29.5606	0	-0.155958	-0.987764	0	None	None
ChainingRodShaped	6726	3.41963	0.5	-46.5282	25.8979	0	0.626213	-0.779652	0	None	None
ChainingRodShaped	6728	2.85166	0.5	18.911	22.0908	0	-0.653977	-0.756515	0	None	None
ChainingRodShaped	6730	2.5947	0.5	-2.15026	41.1865	0	0.866181	-0.499731	0	None	None
ChainingRodShaped	6732	3.0646	0.5	-5.31075	53.8248	0	-0.697573	0.716514	0	None	None
ChainingRodShaped	6734	2.93508	0.5	-25.0305	8.70632	0	0.614232	-0.789125	0	None	None
ChainingRodShaped	6736	2.60134	0.5	4.36541	51.5802	0	0.373395	-0.927672	0	None	None
ChainingRodShaped	6738	3.23487	0.5	45.6717	39.5357	0	-0.0063168	-0.99998	0	None	None
ChainingRodShaped	6740	3.02998	0.5	-27.4205	52.9825	0	-0.904489	-0.426498	0	None	None
ChainingRodShaped	6742	2.74992	0.5	-12.4653	20.1397	0	0.988136	-0.153584	0	None	None
ChainingRodShaped	6744	3.25072	0.5	-5.57409	62.6428	0	0.431766	-0.901986	0	None	None
ChainingRodShaped	6746	3.21727	0.5	-36.5165	62.7549	0	-0.842293	0.539021	0	None	None
ChainingRodShaped	6748	2.89686	0.5	32.9592	27.1375	0	-0.656299	-0.754501	0	None	None
ChainingRodShaped	6750	3.51578	0.5	13.1956	51.5695	0	-0.579324	-0.815097	0	None	None
ChainingRodShaped	6752	2.87197	0.5	-11.7558	39.4628	0	0.521516	0.853241	0	None	None
ChainingRodShaped	6754	3.41547	0.5	-34.3535	55.7515	0	0.564115	0.825696	0	None	None
ChainingRodShaped	6756	2.89717	0.5	-21.2315	33.4517	0	0.376239	-0.926523	0	None	None
ChainingRodShaped	6758	3.08265	0.5	-7.83576	29.9199	0	-0.43893	-0.898521	0	None	None
ChainingRodShaped	6760	2.97786	0.5	-26.4748	30.966	0	-0.407244	0.91332	0	None	None
ChainingRodShaped	6762	2.32897	0.5	11.0952	38.7222	0	-0.736494	0.676444	0	None	6761
ChainingRodShaped	6764	2.79187	0.5	41.247	24.2326	0	-0.960699	-0.277591	0	None	None
ChainingRodShaped	6766	2.88557	0.5	-36.458	37.508	0	-0.657322	-0.75361	0	None	None
ChainingRodShaped	6768	2.51366	0.5	13.202	36.1943	0	0.450639	-0.892707	0	None	None
ChainingRodShaped	6770	2.80944	0.5	-7.56128	51.4827	0	-0.562154	-0.827032	0	None	None
ChainingRodShaped	6772	3.45136	0.5	-23.8509	19.1796	0	-0.444602	0.895728	0	None	None
ChainingRodShaped	6774	2.91324	0.5	-38.4874	60.3122	0	-0.935286	-0.353892	0	None	None
ChainingRodShaped	6776	3.16706	0.5	11.5255	31.7728	0	0.904979	-0.425457	0	None	None
ChainingRodShaped	6778	3.09927	0.5	44.6927	40.4334	0	-0.0098104	-0.999952	0	None	None
ChainingRodShaped	6780	2.84815	0.5	-28.3194	66.8405	0	0.379568	-0.925164	0	None	None
ChainingRodShaped	6782	2.69773	0.5	-44.7454	31.5435	0	-0.817368	-0.576116	0	None	None
ChainingRodShaped	6784	2.94279	0.5	30.6552	55.5959	0	-0.323689	-0.946163	0	None	None
ChainingRodShaped	6786	2.53034	0.5	-36.3483	61.4971	0	-0.847641	0.53057	0	None	None
ChainingRodShaped	6788	2.84296	0.5	6.46814	22.6413	0	0.0104936	0.999945	0	None	None
ChainingRodShaped	6790	3.21694	0.5	-26.5758	17.1595	0	0.479247	-0.87768	0	None	None
ChainingRodShaped	6792	3.23428	0.5	-9.21297	12.7191	0	0.725668	-0.688045	0	None	None
ChainingRodShaped	6794	2.69425	0.5	-28.1802	25.6482	0	-0.420902	0.907106	0	None	None
ChainingRodShaped	6796	2.91376	0.5	14.0033	24.0761	0	0.61346	0.789726	0	None	None
ChainingRodShaped	6798	2.79999	0.5	18.5259	37.8572	0	0.176747	0.984256	0	None	None
ChainingRodShaped	6800	2.89305	0.5	-33.9587	24.5757	0	-0.910971	0.41247	0	None	None
ChainingRodShaped	6802	2.85528	0.5	-2.14702	12.6128	0	0.999513	0.0312102	0	None	None
ChainingRodShaped	6804	2.49193	0.5	6.22299	41.9531	0	-0.749655	0.661829	0	None	None
ChainingRodShaped	6806	3.05905	0.5	10.4919	16.6253	0	0.721689	0.692217	0	None	None
ChainingRodShaped	6808	2.80244	0.5	28.5191	17.4806	0	-0.89711	-0.441806	0	None	None
ChainingRodShaped	6810	2.98955	0.5	-23.1009	54.0688	0	-0.896016	-0.444022	0	None	None
ChainingRodShaped	6812	2.66468	0.5	-16.0611	52.2467	0	-0.168318	-0.985733	0	None	None
ChainingRodShaped	6814	2.71211	0.5	46.6604	38.9018	0	-0.0051344	-0.999987	0	None	None
ChainingRodShaped	6816	2.49006	0.5	33.7853	59.799	0	-0.491188	-0.871054	0	None	None
ChainingRodShaped	6818	2.53795	0.5	-42.7893	21.9588	0	0.548586	-0.836094	0	None	None
ChainingRodShaped	6820	2.77539	0.5	-23.5762	34.3543	0	-0.376256	0.926516	0	None	None
ChainingRodShaped	6822	2.85188	0.5	-42.3118	41.5389	0	-0.238382	-0.971171	0	None	None
ChainingRodShaped	6824	3.00336	0.5	-34.817	49.3451	0	-0.703628	-0.710568	0	None	None
ChainingRodShaped	6826	3.14644	0.5	17.5687	9.37092	0	-0.517595	0.855626	0	None	None
ChainingRodShaped	6828	2.55272	0.5	-37.1484	38.1826	0	-0.658046	-0.752977	0	None	None
ChainingRodShaped	6830	2.44127	0.5	15.5836	49.8306	0	0.141342	-0.989961	0	5260	6829
ChainingRodShaped	6832	2.62258	0.5	-10.8272	45.0057	0	-0.46584	-0.884869	0	None	None
ChainingRodShaped	6834	3.01492	0.5	-37.1772	28.963	0	0.503967	0.863723	0	None	None
ChainingRodShaped	6836	2.98556	0.5	-2.42303	66.0896	0	-0.0861588	-0.996281	0	None	None
ChainingRodShaped	6838	3.01379	0.5	-7.38001	36.4312	0	-0.173157	-0.984894	0	None	None
ChainingRodShaped	6840	2.71931	0.5	-16.0519	15.5702	0	0.52422	0.851583	0	None	None
ChainingRodShaped	6842	2.93287	0.5	-4.03413	57.1815	0	0.880838	-0.473419	0	None	None
ChainingRodShaped	6844	2.63481	0.5	-31.7556	28.6383	0	-0.964646	-0.263548	0	None	None
ChainingRodShaped	6846	2.52002	0.5	42.6449	44.3341	0	0.319015	-0.94775	0	None	None
ChainingRodShaped	6848	2.74328	0.5	14.7164	16.3357	0	-0.548821	-0.83594	0	None	None
ChainingRodShaped	6850	2.42957	0.5	29.6609	40.2462	0	-0.549799	-0.835297	0	None	None
ChainingRodShaped	6852	2.95029	0.5	-50.1367	41.4148	0	0.529306	-0.848431	0	None	None
ChainingRodShaped	6854	2.5091	0.5	-21.6069	59.8222	0	0.143819	0.989604	0	None	None
ChainingRodShaped	6856	3.01624	0.5	35.0247	39.7421	0	0.329459	-0.94417	0	None	None
ChainingRodShaped	6858	3.00915	0.5	12.7993	44.0714	0	0.165596	-0.986194	0	None	None
ChainingRodShaped	6860	2.59856	0.5	-6.2045	68.9841	0	-0.783387	0.621534	0	None	None
ChainingRodShaped	6862	2.50985	0.5	-37.8637	17.0933	0	0.445796	-0.895134	0	None	None
ChainingRodShaped	6864	2.40866	0.5	25.7964	57.1198	0	-0.736814	-0.676095	0	None	None
ChainingRodShaped	6866	2.18506	0.5	-9.99538	4.56992	0	0.968524	0.248922	0	6679	6865
ChainingRodShaped	6868	2.98762	0.5	28.2307	43.1006	0	-0.306424	-0.951895	0	None	None
ChainingRodShaped	6870	2.77099	0.5	-18.5837	41.8103	0	0.876619	0.481186	0	None	None
ChainingRodShaped	6872	2.37829	0.5	-41.6792	50.816	0	-0.154552	0.987985	0	None	None
ChainingRodShaped	6874	2.77615	0.5	3.44295	37.2299	0	0.936789	-0.349895	0	None	None
ChainingRodShaped	6876	2.94737	0.5	-22.2782	45.6957	0	0.925516	0.378709	0	None	None
ChainingRodShaped	6878	2.62718	0.5	-35.3741	37.2897	0	-0.657349	-0.753586	0	None	None
ChainingRodShaped	6880	2.94128	0.5	-14.9816	33.8104	0	-0.601092	-0.79918	0	None	None
ChainingRodShaped	6882	3.03941	0.5	17.0406	16.0727	0	-0.607465	-0.794346	0	None	None
ChainingRodShaped	6884	2.67161	0.5	10.0153	34.5248	0	0.909938	-0.414745	0	None	None
ChainingRodShaped	6886	2.9679	0.5	-37.8605	29.6879	0	-0.502568	-0.864538	0	None	None
ChainingRodShaped	6888	2.84376	0.5	29.7798	55.9912	0	-0.328239	-0.944595	0	None	None
ChainingRodShaped	6890	2.39298	0.5	-2.15194	11.6507	0	0.99947	0.0325447	0	None	None
ChainingRodShaped	6892	2.58528	0.5	-36.3698	54.7562	0	-0.16387	0.986482	0	None	None
ChainingRodShaped	6894	2.63103	0.5	-43.258	41.6794	0	-0.238622	-0.971112	0	None	None
ChainingRodShaped	6896	2.57298	0.5	-3.71141	16.9768	0	0.927127	-0.374746	0	None	None
ChainingRodShaped	6898	2.47083	0.5	-17.3761	49.7334	0	-0.123072	-0.992398	0	None	None
ChainingRodShaped	6900	2.67072	0.5	29.4824	34.6601	0	-0.428869	-0.903367	0	None	None
ChainingRodShaped	6902	2.48443	0.5	-25.3191	33.0035	0	-0.390803	0.920474	0	None	None
ChainingRodShaped	6904	2.67268	0.5	33.3814	45.7473	0	0.555008	0.831845	0	None	None
ChainingRodShaped	6906	2.63767	0.5	22.0587	33.3471	0	-0.344543	-0.938771	0	None	None
ChainingRodShaped	6908	2.53384	0.5	20.2195	53.3778	0	-0.948805	-0.315861	0	None	None
ChainingRodShaped	6910	2.34237	0.5	-48.7608	29.563	0	-0.335036	-0.942205	0	None	None
ChainingRodShaped	6912	2.92295	0.5	-14.8866	15.626	0	-0.523936	-0.851758	0	None	None
ChainingRodShaped	6914	2.89486	0.5	-26.2861	54.8952	0	-0.830831	0.556525	0	None	None
ChainingRodShaped	6916	2.93546	0.5	-46.4863	31.4985	0	-0.658027	-0.752994	0	None	None
ChainingRodShaped	6918	2.63109	0.5	-13.2945	60.9634	0	-0.466138	0.884712	0	None	None
ChainingRodShaped	6920	2.43544	0.5	20.0992	13.8068	0	-0.277748	-0.960654	0	None	None
ChainingRodShaped	6922	2.50569	0.5	-11.4064	50.3886	0	-0.0102494	0.999947	0	None	None
ChainingRodShaped	6924	2.64774	0.5	-11.5187	22.885	0	0.986549	-0.163468	0	None	None
ChainingRodShaped	6926	2.43484	0.5	-48.5451	42.7976	0	0.618439	-0.785833	0	None	None
ChainingRodShaped	6928	2.3205	0.5	-5.12106	19.9697	0	0.761747	-0.647874	0	None	None
ChainingRodShaped	6930	2.32782	0.5	26.0638	25.0574	0	-0.412956	-0.910751	0	5644	6929
ChainingRodShaped	6932	2.66431	0.5	-42.9458	16.8917	0	-0.728825	0.6847	0	None	None
ChainingRodShaped	6934	2.14669	0.5	40.7686	29.514	0	0.339613	-0.940565	0	5552	6933
ChainingRodShaped	6936	2.6389	0.5	-18.3994	36.0551	0	0.415862	-0.909428	0	None	None
ChainingRodShaped	6938	2.89432	0.5	-12.8136	9.66563	0	0.314011	-0.949419	0	None	None
ChainingRodShaped	6940	2.71357	0.5	-43.8332	26.589	0	0.65615	-0.75463	0	None	None
ChainingRodShaped	6942	2.78796	0.5	37.0061	45.6757	0	0.329695	-0.944087	0	None	None
ChainingRodShaped	6944	2.3339	0.5	11.3835	30.8199	0	0.900878	-0.434073	0	None	None
ChainingRodShaped	6946	2.8403	0.5	-8.36733	39.5352	0	-0.391358	-0.920238	0	None	None
ChainingRodShaped	6948	2.45512	0.5	-18.7978	29.8899	0	-0.386972	0.922092	0	None	None
ChainingRodShaped	6950	2.55088	0.5	42.5519	50.063	0	0.63946	-0.768824	0	None	None
ChainingRodShaped	6952	2.61655	0.5	-34.6003	17.0602	0	0.435225	-0.900322	0	None	None
ChainingRodShaped	6954	2.40608	0.5	7.39584	21.5119	0	-0.0202257	-0.999795	0	None	None
ChainingRodShaped	6956	2.81347	0.5	-17.693	66.4263	0	-0.631175	0.775641	0	None	None
ChainingRodShaped	6958	2.79616	0.5	-6.36962	67.8588	0	-0.783184	0.62179	0	None	None
ChainingRodShaped	6960	2.55165	0.5	-4.15422	31.5979	0	0.306432	-0.951892	0	None	None
ChainingRodShaped	6962	2.73248	0.5	-19.8367	58.6515	0	0.128701	0.991683	0	None	None
ChainingRodShaped	6964	2.40482	0.5	-15.0562	52.6493	0	-0.158465	-0.987365	0	None	None
ChainingRodShaped	6966	2.21698	0.5	26.4531	40.6579	0	0.30495	0.952368	0	6149	6965
ChainingRodShaped	6968	2.45677	0.5	-10.336	61.398	0	-0.459397	0.888231	0	None	None
ChainingRodShaped	6970	2.49327	0.5	-51.1497	31.3103	0	0.026505	-0.999649	0	None	None
ChainingRodShaped	6972	2.40978	0.5	13.6894	26.7481	0	-0.674405	-0.738362	0	None	None
ChainingRodShaped	6974	2.26886	0.5	-32.7228	58.2959	0	0.369828	-0.9291	0	None	None
ChainingRodShaped	6976	2.71178	0.5	-17.7587	36.824	0	-0.424913	0.905234	0	None	None
ChainingRodShaped	6978	2.61864	0.5	4.80247	60.8235	0	-0.382954	0.923767	0	None	None
ChainingRodShaped	6980	2.39736	0.5	-17.3247	59.0082	0	0.352323	-0.935878	0	None	None
ChainingRodShaped	6982	2.40136	0.5	-6.92131	25.673	0	0.864244	-0.503073	0	None	None
ChainingRodShaped	6984	2.38182	0.5	-30.253	43.2764	0	-0.640075	-0.768312	0	None	None
ChainingRodShaped	6986	2.47189	0.5	3.14652	10.2257	0	-0.23339	0.972383	0	None	None
ChainingRodShaped	6988	2.73048	0.5	-5.4406	31.9904	0	0.410581	-0.911824	0	None	None
ChainingRodShaped	6990	2.69002	0.5	-23.2091	8.00484	0	0.628377	-0.777909	0	None	None
ChainingRodShaped	6992	2.45582	0.5	-41.2981	44.0087	0	-0.268004	0.963418	0	None	None
ChainingRodShaped	6994	2.25551	0.5	32.6971	30.2176	0	-0.443975	-0.896039	0	None	None
ChainingRodShaped	6996	2.27389	0.5	-8.8329	5.8932	0	-0.969664	-0.24444	0	None	None
ChainingRodShaped	6998	2.37568	0.5	-26.937	13.6956	0	0.463116	-0.886298	0	None	None
ChainingRodShaped	7000	2.53263	0.5	13.5997	25.1012	0	0.61504	0.788496	0	None	None
ChainingRodShaped	7002	2.57834	0.5	-39.8671	51.7973	0	-0.145089	0.989419	0	None	None
ChainingRodShaped	7004	2.31344	0.5	-7.58915	60.1842	0	-0.443746	0.896153	0	None	None
ChainingRodShaped	7006	2.5255	0.5	19.8815	40.6961	0	0.31293	-0.949776	0	None	None
ChainingRodShaped	7008	2.27908	0.5	-26.4725	51.407	0	0.912858	0.408278	0	None	None
ChainingRodShaped	7010	2.58912	0.5	-18.2421	10.8825	0	-0.968878	0.247538	0	None	None
ChainingRodShaped	7012	2.44738	0.5	-1.36365	69.4509	0	-0.167793	-0.985822	0	None	None
ChainingRodShaped	7014	2.24758	0.5	20.0561	30.7032	0	-0.361853	-0.932235	0	5468	7013
ChainingRodShaped	7016	2.12654	0.5	30.9205	59.1227	0	0.746287	0.665624	0	6613	7015
ChainingRodShaped	7018	2.45168	0.5	31.3504	46.5243	0	-0.339015	-0.940781	0	None	None
ChainingRodShaped	7020	2.22365	0.5	12.1455	53.503	0	-0.99256	0.12176	0	None	None
ChainingRodShaped	7022	2.35089	0.5	-1.29361	27.6268	0	0.167221	-0.985919	0	None	None
ChainingRodShaped	7024	2.53008	0.5	3.21116	57.0373	0	0.381677	-0.924296	0	None	None
ChainingRodShaped	7026	2.45649	0.5	-25.661	19.5931	0	-0.766342	0.642432	0	None	None
ChainingRodShaped	7028	2.22138	0.5	37.6003	66.553	0	-0.894468	-0.447132	0	None	7027
ChainingRodShaped	7030	2.3794	0.5	21.1027	28.0136	0	-0.350369	-0.936612	0	None	None
ChainingRodShaped	7032	2.31326	0.5	23.7134	57.9016	0	-0.737157	-0.675721	0	None	None
ChainingRodShaped	7034	2.46005	0.5	-4.19314	36.7541	0	0.361326	-0.932439	0	None	None
ChainingRodShaped	7036	2.20175	0.5	-20.6696	54.6495	0	0.56995	0.821679	0	None	None
ChainingRodShaped	7038	2.19365	0.5	-47.6487	34.8371	0	-0.493647	-0.869662	0	None	None
ChainingRodShaped	7040	2.43935	0.5	21.3211	40.5195	0	-0.0645318	-0.997916	0	None	None
ChainingRodShaped	7042	2.26196	0.5	38.5009	28.5547	0	-0.679329	0.733834	0	None	None
ChainingRodShaped	7044	2.29765	0.5	-22.3375	11.571	0	0.634815	-0.772664	0	None	None
ChainingRodShaped	7046	2.43611	0.5	-8.33408	52.8408	0	-0.171584	-0.98517	0	None	None
ChainingRodShaped	7048	2.45831	0.5	-48.9929	44.687	0	-0.881427	0.47232	0	None	None
ChainingRodShaped	7050	2.26018	0.5	-26.297	45.1328	0	0.626781	0.779196	0	None	None
ChainingRodShaped	7052	2.40502	0.5	35.2296	29.6852	0	-0.79079	0.612088	0	None	None
ChainingRodShaped	7054	2.33819	0.5	7.76062	29.8453	0	0.73764	-0.675194	0	None	None
ChainingRodShaped	7056	2.17299	0.5	-24.4946	45.6294	0	0.74312	0.669158	0	None	None
ChainingRodShaped	7058	2.27246	0.5	-25.8892	58.0594	0	0.82707	-0.562098	0	None	None
ChainingRodShaped	7060	2.21905	0.5	-6.09916	70.2454	0	0.839142	-0.543912	0	None	None
ChainingRodShaped	7062	2.28938	0.5	24.8532	54.876	0	-0.726339	-0.687336	0	None	None
ChainingRodShaped	7064	2.30941	0.5	-38.6829	39.379	0	-0.654552	-0.756017	0	None	None
ChainingRodShaped	7066	2.18039	0.5	2.84226	62.9622	0	-0.395859	0.918311	0	None	None
ChainingRodShaped	7068	2.35427	0.5	-2.43071	28.6318	0	0.177066	-0.984199	0	None	None
ChainingRodShaped	7070	2.06204	0.5	-37.1481	64.3467	0	-0.835839	0.548975	0	6187	7069
ChainingRodShaped	7072	2.2023	0.5	14.2	50.527	0	-0.192244	-0.981347	0	None	None
ChainingRodShaped	7074	2.22499	0.5	-42.8095	50.039	0	0.083898	0.996474	0	None	None
ChainingRodShaped	7076	2.32673	0.5	-47.2392	47.7723	0	-0.587775	0.809024	0	None	None
ChainingRodShaped	7078	2.11588	0.5	-29.7212	58.2712	0	-0.827757	0.561087	0	None	None
ChainingRodShaped	7080	2.14151	0.5	-52.142	33.7805	0	-0.018493	-0.999829	0	None	None
ChainingRodShaped	7082	2.28319	0.5	19.6138	51.4	0	-0.57848	-0.815697	0	None	None
ChainingRodShaped	7084	2.16535	0.5	7.23417	27.818	0	0.730765	-0.682629	0	None	None
ChainingRodShaped	7086	2.17664	0.5	-12.398	47.4358	0	-0.725281	-0.688453	0	None	None
ChainingRodShaped	7088	2.14321	0.5	27.5959	18.1288	0	-0.897369	-0.441281	0	None	None
ChainingRodShaped	7090	2.11728	0.5	-29.3972	50.1721	0	-0.911266	-0.411819	0	None	None
ChainingRodShaped	7092	2.10665	0.5	-25.7841	47.6317	0	-0.915081	-0.40327	0	None	None
ChainingRodShaped	7094	2.25645	0.5	-50.6517	49.6664	0	-0.95408	0.299551	0	None	None
ChainingRodShaped	7096	2.20752	0.5	5.64479	30.5845	0	0.676909	-0.736067	0	None	None
ChainingRodShaped	7098	2.12767	0.5	-6.28531	59.6772	0	-0.434751	0.900551	0	None	None
ChainingRodShaped	7100	2.12921	0.5	47.6532	38.0041	0	-0.0045652	-0.99999	0	None	None
ChainingRodShaped	7102	2.1572	0.5	17.2354	19.2899	0	-0.724301	-0.689484	0	None	None
ChainingRodShaped	7104	2.21645	0.5	-9.37365	29.182	0	-0.554826	-0.831966	0	None	None
ChainingRodShaped	7106	2.03239	0.5	13.3389	65.926	0	0.13845	-0.990369	0	None	7105
ChainingRodShaped	7108	2.11647	0.5	-21.6586	12.2669	0	0.637881	-0.770135	0	None	None
ChainingRodShaped	7110	2.11949	0.5	-21.1746	50.8481	0	-0.909274	-0.416198	0	None	None
ChainingRodShaped	7112	2.09114	0.5	14.5701	41.3803	0	-0.16598	0.986129	0	None	None
ChainingRodShaped	7114	2.09939	0.5	32.5942	52.8847	0	-0.344925	-0.93863	0	None	None
ChainingRodShaped	7116	2.10832	0.5	-37.5971	22.8795	0	0.508133	-0.861279	0	None	None
ChainingRodShaped	7118	2.0923	0.5	-18.0465	8.79927	0	-0.518645	-0.85499	0	None	None
ChainingRodShaped	7120	2.11243	0.5	-28.5682	13.6062	0	0.214783	-0.976662	0	None	None
ChainingRodShaped	7122	2.12104	0.5	-26.3288	21.4638	0	-0.719524	0.694468	0	None	None
ChainingRodShaped	7124	2.07542	0.5	30.4912	61.3974	0	-0.750767	-0.660567	0	None	None
ChainingRodShaped	7126	2.10093	0.5	-44.5245	45.7842	0	-0.0854882	0.996339	0	None	None
ChainingRodShaped	7128	2.05128	0.5	-13.5337	39.2183	0	-0.802972	-0.596016	0	None	None
ChainingRodShaped	7130	2.04726	0.5	-22.7108	10.4823	0	0.627266	-0.778805	0	None	None
ChainingRodShaped	7132	2.02843	0.5	-44.896	56.8378	0	0.93398	0.357325	0	5891	7131
ChainingRodShaped	7134	2.05772	0.5	-47.9075	39.0602	0	0.49077	-0.871289	0	None	None
ChainingRodShaped	7136	2.06073	0.5	-12.7127	21.1572	0	0.986551	-0.163456	0	None	None
ChainingRodShaped	7138	2.04086	0.5	-5.39446	64.6308	0	-0.793673	0.608344	0	None	None
ChainingRodShaped	7140	2.07363	0.5	36.0721	30.4457	0	-0.708578	0.705632	0	None	None
ChainingRodShaped	7142	2.03454	0.5	22.0678	10.5251	0	-0.997666	0.0682814	0	None	None
ChainingRodShaped	7144	2.03059	0.5	-16.3729	24.7824	0	-0.0730735	-0.997327	0	None	None
ChainingRodShaped	7146	2.04392	0.5	-20.7584	58.9759	0	0.136127	0.990691	0	None	None
ChainingRodShaped	7148	2.02486	0.5	-17.4662	54.378	0	-0.553265	-0.833005	0	None	None
ChainingRodShaped	7150	2.0565	0.5	7.80997	37.6003	0	0.909917	-0.414791	0	None	None
ChainingRodShaped	7152	2.06163	0.5	-14.0455	53.1213	0	-0.148625	-0.988894	0	None	None
ChainingRodShaped	7154	2.04494	0.5	2.944	33.4777	0	0.924887	-0.380241	0	None	None
ChainingRodShaped	7156	2.02398	0.5	22.6654	50.0049	0	-0.661691	-0.749776	0	None	None
ChainingRodShaped	7158	2.04091	0.5	6.12619	32.8943	0	0.662049	-0.74946	0	None	None
ChainingRodShaped	7160	2.03516	0.5	40.364	44.9076	0	0.327928	-0.944703	0	None	None
ChainingRodShaped	7162	2.02453	0.5	-47.2653	25.2393	0	0.610845	-0.79175	0	None	None
ChainingRodShaped	7164	2.01066	0.5	-30.9502	61.4197	0	0.831228	-0.555932	0	None	None
ChainingRodShaped	7166	2.01329	0.5	-27.763	33.3334	0	-0.270612	-0.962689	0	None	None
ChainingRodShaped	7168	2.00552	0.5	-19.9576	54.0277	0	0.569841	0.821755	0	None	None
ChainingRodShaped	7170	2.00856	0.5	27.4987	25.8863	0	-0.424865	-0.905257	0	None	None
ChainingRodShaped	7172	2.00695	0.5	12.6545	10.7997	0	-0.608874	-0.793267	0	None	None
ChainingRodShaped	7174	2.00682	0.5	15.3862	11.4803	0	-0.557546	-0.830146	0	None	None
ChainingRodShaped	7176	2.00225	0.5	19.4523	56.5579	0	-0.896166	-0.443719	0	None	None
