cell_type	cell_id	length	radius	pos_x	pos_y	pos_z	ori_x	ori_y	ori_z	lower_link	upper_link
ChainingRodShaped	5577	2.87605	0.5	-13.6843	17.4515	0	-0.981294	-0.192516	0	None	None
ChainingRodShaped	5641	2.70909	0.5	25.114	36.4114	0	-0.505802	-0.86265	0	None	None
ChainingRodShaped	5479	4.83155	0.5	-17.7819	27.828	0	0.366876	-0.93027	0	None	None
ChainingRodShaped	5639	3.78438	0.5	-17.1039	23.0972	0	-0.436276	-0.899813	0	None	None
ChainingRodShaped	5571	2.43703	0.5	43.6803	33.1911	0	0.79743	-0.603411	0	5572	None
ChainingRodShaped	5333	3.45753	0.5	22.0825	41.0007	0	0.488597	0.872509	0	5334	None
ChainingRodShaped	5501	3.31134	0.5	-2.68121	31.1474	0	-0.0190618	0.999818	0	5502	None
ChainingRodShaped	5551	2.96159	0.5	36.6555	33.2823	0	0.582805	-0.812612	0	5552	None
ChainingRodShaped	5083	4.42575	0.5	-3.84293	37.1683	0	-0.449635	0.893213	0	5084	None
ChainingRodShaped	5599	3.13391	0.5	9.38439	20.3523	0	-0.66925	-0.743038	0	None	None
ChainingRodShaped	5079	4.40054	0.5	35.5684	30.8264	0	0.628444	-0.777855	0	5319	None
ChainingRodShaped	5259	3.69763	0.5	13.6247	43.5644	0	0.31723	-0.948349	0	5260	None
ChainingRodShaped	5771	2.28764	0.5	12.0807	43.633	0	0.0828583	0.996561	0	None	None
ChainingRodShaped	5677	2.56734	0.5	16.8386	34.249	0	-0.304967	-0.952363	0	None	None
ChainingRodShaped	5511	3.13005	0.5	-6.94174	23.9541	0	0.88505	-0.465496	0	None	None
ChainingRodShaped	5563	3.45819	0.5	-3.71732	32.4085	0	-0.0727493	-0.99735	0	None	None
ChainingRodShaped	5743	2.71508	0.5	-35.698	25.5616	0	-0.950849	-0.309656	0	None	None
ChainingRodShaped	5065	4.6365	0.5	0.309636	28.7975	0	0.223739	0.974649	0	5066	None
ChainingRodShaped	5643	2.69713	0.5	22.8069	29.7916	0	-0.476327	-0.879268	0	5644	None
ChainingRodShaped	5061	4.0343	0.5	0.828679	46.6702	0	0.511353	-0.859371	0	5783	None
ChainingRodShaped	5397	3.53902	0.5	29.9036	54.7786	0	0.713953	0.700194	0	5398	None
ChainingRodShaped	5057	4.10596	0.5	-32.8543	55.3885	0	-0.774535	0.632532	0	5325	None
ChainingRodShaped	5637	3.47741	0.5	-31.959	52.123	0	-0.325162	0.945658	0	None	None
ChainingRodShaped	5567	2.42949	0.5	2.69033	24.06	0	0.628268	0.777997	0	5568	None
ChainingRodShaped	5515	4.84688	0.5	-35.1121	29.3194	0	0.243285	-0.969955	0	None	None
ChainingRodShaped	5431	3.08519	0.5	37.4667	54.4532	0	0.635248	0.772308	0	5432	None
ChainingRodShaped	5375	4.99954	0.5	9.67208	29.7923	0	0.819572	-0.572977	0	None	None
ChainingRodShaped	5719	2.65217	0.5	0.415594	44.7286	0	-0.241581	0.970381	0	None	None
ChainingRodShaped	5671	2.19909	0.5	-4.85495	44.5108	0	-0.936018	0.351951	0	5672	None
ChainingRodShaped	5461	4.48494	0.5	-17.804	37.7506	0	0.620332	-0.784339	0	None	None
ChainingRodShaped	5593	3.75312	0.5	-32.0231	28.7054	0	-0.0160915	-0.999871	0	None	None
ChainingRodShaped	5539	3.07782	0.5	8.93381	37.4511	0	0.975115	0.221698	0	None	None
ChainingRodShaped	5717	2.34304	0.5	-3.10067	19.4987	0	0.957806	0.287416	0	5718	None
ChainingRodShaped	5033	4.73654	0.5	4.63992	15.8206	0	0.0490905	-0.998794	0	5034	None
ChainingRodShaped	5445	4.47421	0.5	-13.3333	54.42	0	-0.174293	0.984694	0	None	None
ChainingRodShaped	5475	3.79088	0.5	45.8687	38.3045	0	0.634575	-0.772862	0	None	None
ChainingRodShaped	5541	3.79884	0.5	-46.2616	47.3223	0	-0.999882	0.0153332	0	None	None
ChainingRodShaped	5503	2.79744	0.5	-33.8766	50.4898	0	0.997661	0.0683558	0	5504	None
ChainingRodShaped	5611	3.43324	0.5	-17.5723	41.9374	0	0.18547	0.98265	0	None	None
ChainingRodShaped	5251	3.92885	0.5	-32.3658	34.2189	0	-0.843889	-0.536517	0	5252	None
ChainingRodShaped	5301	4.71479	0.5	24.2333	24.9432	0	-0.747536	0.664221	0	None	None
ChainingRodShaped	5287	3.99965	0.5	15.2111	48.0929	0	-0.87263	-0.488382	0	5288	None
ChainingRodShaped	5723	3.00812	0.5	-21.9905	19.8677	0	0.329465	-0.944168	0	None	None
ChainingRodShaped	5401	3.58906	0.5	0.454443	33.1335	0	-0.610598	0.79194	0	5402	None
ChainingRodShaped	5011	4.43559	0.5	14.7574	26.1747	0	-0.0635688	-0.997977	0	5467	None
ChainingRodShaped	5517	2.75513	0.5	21.7705	23.0854	0	0.0840975	-0.996458	0	5518	None
ChainingRodShaped	5409	2.73587	0.5	35.2695	45.851	0	0.897086	0.441856	0	5410	None
ChainingRodShaped	5005	4.26192	0.5	29.7716	47.9388	0	-0.288225	-0.957563	0	5561	None
ChainingRodShaped	5313	3.71307	0.5	47.9986	51.0179	0	0.987283	0.15897	0	5314	None
ChainingRodShaped	5693	2.36748	0.5	6.37102	18.0001	0	-0.548808	-0.835949	0	5694	None
ChainingRodShaped	5725	2.78762	0.5	-15.6253	46.9938	0	0.360198	-0.932876	0	None	None
ChainingRodShaped	5565	2.92203	0.5	-4.35796	23.2621	0	0.545023	0.838421	0	None	None
ChainingRodShaped	5519	4.02254	0.5	-12.1941	56.3351	0	-0.237611	0.97136	0	None	None
ChainingRodShaped	5509	3.22464	0.5	-26.6683	40.5313	0	-0.928419	-0.371535	0	None	None
ChainingRodShaped	5661	2.83618	0.5	-31.3955	44.275	0	-0.565165	-0.824978	0	None	None
ChainingRodShaped	5327	4.56675	0.5	-5.73657	25.5417	0	0.999549	-0.0300298	0	None	None
ChainingRodShaped	4987	4.79856	0.5	4.55366	42.9236	0	-0.832401	0.554173	0	4988	None
ChainingRodShaped	5311	2.995	0.5	8.6557	48.8427	0	0.897165	-0.441695	0	5312	None
ChainingRodShaped	5557	4.45094	0.5	-0.899354	46.1739	0	0.133849	-0.991002	0	None	None
ChainingRodShaped	5491	4.93331	0.5	-5.9334	48.7018	0	0.818539	-0.574452	0	None	None
ChainingRodShaped	5673	2.52439	0.5	1.32015	52.4554	0	0.896915	-0.442203	0	5674	5312
ChainingRodShaped	4988	4.96714	0.5	9.44699	39.6633	0	-0.831994	0.554784	0	None	4987
ChainingRodShaped	5655	2.56675	0.5	-3.62805	28.4286	0	-0.00478472	-0.999989	0	None	None
ChainingRodShaped	5275	4.95113	0.5	-27.3776	41.3415	0	-0.935028	-0.354574	0	None	None
ChainingRodShaped	5427	3.73892	0.5	-20.5496	38.6461	0	0.341709	0.939806	0	None	None
ChainingRodShaped	5795	2.17973	0.5	-11.644	51.3737	0	-0.306434	0.951892	0	None	None
ChainingRodShaped	5507	3.08743	0.5	-7.81792	22.3398	0	0.998899	-0.0469091	0	None	None
ChainingRodShaped	5513	3.70529	0.5	-18.1274	52.6261	0	0.995388	0.0959263	0	None	None
ChainingRodShaped	5002	4.70475	0.5	10.7218	24.6323	0	-0.548147	-0.836382	0	None	5694
ChainingRodShaped	5403	3.03408	0.5	39.3373	49.6217	0	0.987202	0.159474	0	5404	5314
ChainingRodShaped	5561	2.58832	0.5	31.047	52.1751	0	-0.288344	-0.957527	0	5562	5005
ChainingRodShaped	5008	4.85772	0.5	27.4352	41.9744	0	0.895401	0.445261	0	None	5410
ChainingRodShaped	5383	2.75112	0.5	21.1656	30.3908	0	0.0802241	-0.996777	0	5384	5518
ChainingRodShaped	5467	3.10089	0.5	15.0606	30.932	0	-0.0636621	-0.997972	0	5468	5011
ChainingRodShaped	5601	2.3381	0.5	5.72511	26.2713	0	-0.607849	0.794053	0	5602	5402
ChainingRodShaped	5453	4.59583	0.5	-25.9639	23.3077	0	0.335318	-0.942105	0	None	None
ChainingRodShaped	5439	3.08314	0.5	22.9163	52.3994	0	-0.873122	-0.487502	0	5440	5288
ChainingRodShaped	5351	4.9589	0.5	24.5677	28.9366	0	-0.850733	-0.525598	0	None	None
ChainingRodShaped	5022	4.65688	0.5	-23.8791	39.6445	0	-0.842151	-0.539242	0	None	5252
ChainingRodShaped	5435	3.80557	0.5	-14.5898	39.7853	0	-0.929574	-0.368636	0	None	None
ChainingRodShaped	5257	4.77669	0.5	-42.6435	49.8933	0	0.997722	0.0674668	0	5258	5504
ChainingRodShaped	5417	4.74063	0.5	-42.8622	45.2994	0	-0.905239	0.424904	0	None	None
ChainingRodShaped	5691	3.19895	0.5	41.4459	38.4191	0	0.467071	-0.88422	0	None	None
ChainingRodShaped	5729	2.82605	0.5	-14.9149	51.9967	0	-0.28442	0.9587	0	None	None
ChainingRodShaped	5034	4.71387	0.5	4.35887	21.5388	0	0.0490905	-0.998794	0	None	5033
ChainingRodShaped	5451	3.25121	0.5	-9.99429	17.4314	0	0.957934	0.286989	0	5452	5718
ChainingRodShaped	5361	4.87196	0.5	6.96495	38.8655	0	0.991542	-0.129785	0	None	None
ChainingRodShaped	5293	4.66113	0.5	-34.4529	30.7453	0	0.242463	-0.970161	0	None	None
ChainingRodShaped	5441	4.12675	0.5	-16.4232	46.3285	0	0.362992	-0.931792	0	None	None
ChainingRodShaped	5387	3.18989	0.5	1.82388	41.9786	0	-0.933897	0.357543	0	5388	5672
ChainingRodShaped	5481	3.64498	0.5	6.68367	42.6932	0	-0.835529	0.549446	0	None	None
ChainingRodShaped	5489	4.98432	0.5	6.63005	33.3321	0	0.999622	-0.027491	0	None	None
ChainingRodShaped	5355	3.15464	0.5	32.5434	48.4621	0	0.634296	0.77309	0	5356	5432
ChainingRodShaped	5625	2.7416	0.5	-37.0954	36.22	0	0.102693	-0.994713	0	None	None
ChainingRodShaped	5291	3.23274	0.5	-1.84122	18.454	0	0.629277	0.777181	0	5292	5568
ChainingRodShaped	5807	2.0727	0.5	-30.7384	51.7173	0	-0.355678	0.934608	0	None	None
ChainingRodShaped	5325	4.07296	0.5	-28.9139	52.1698	0	-0.774378	0.632724	0	5326	5057
ChainingRodShaped	5297	3.74822	0.5	23.5281	48.5305	0	0.714519	0.699616	0	5298	5398
ChainingRodShaped	5783	2.05808	0.5	-1.23907	50.1453	0	0.511331	-0.859384	0	5784	5061
ChainingRodShaped	5395	3.74612	0.5	26.5378	36.6708	0	-0.47715	-0.878822	0	5396	5644
ChainingRodShaped	5066	4.88664	0.5	-0.978832	23.1837	0	0.223656	0.974668	0	None	5065
ChainingRodShaped	5343	4.31518	0.5	-29.0434	31.6103	0	-0.797697	0.603058	0	None	None
ChainingRodShaped	5645	3.13033	0.5	-6.34066	31.7196	0	0.892878	-0.450298	0	None	None
ChainingRodShaped	5605	2.86115	0.5	-11.5528	25.0581	0	0.735123	-0.677933	0	None	None
ChainingRodShaped	5631	3.52869	0.5	16.4527	39.4323	0	-0.865984	-0.500072	0	None	None
ChainingRodShaped	5607	3.74092	0.5	15.5031	42.1894	0	-0.492233	0.870464	0	None	None
ChainingRodShaped	5549	2.44072	0.5	10.9857	51.467	0	0.316616	-0.948554	0	5550	5260
ChainingRodShaped	5319	3.10415	0.5	32.5819	34.5229	0	0.628441	-0.777857	0	5320	5079
ChainingRodShaped	5713	3.05021	0.5	13.0434	18.6924	0	-0.952759	-0.303728	0	None	None
ChainingRodShaped	5084	4.53004	0.5	-1.37905	32.2778	0	-0.450119	0.892968	0	None	5083
ChainingRodShaped	5086	4.95016	0.5	31.6543	40.2569	0	0.582644	-0.812727	0	None	5552
ChainingRodShaped	5088	4.33459	0.5	-2.54542	22.8607	0	-0.014265	0.999898	0	None	5502
ChainingRodShaped	5090	4.5447	0.5	17.1248	32.1694	0	0.489802	0.871834	0	None	5334
ChainingRodShaped	5249	4.74729	0.5	37.2506	38.0571	0	0.79733	-0.603543	0	5250	5572
ChainingRodShaped	5367	4.01226	0.5	-22.1252	27.6925	0	0.392353	-0.919815	0	None	None
ChainingRodShaped	5627	3.42716	0.5	-15.5943	29.0499	0	0.0582991	-0.998299	0	None	None
ChainingRodShaped	5681	2.848	0.5	22.2927	38.3915	0	-0.38058	-0.924748	0	None	None
ChainingRodShaped	5433	3.59814	0.5	-17.7762	17.7992	0	0.934892	-0.354931	0	None	None
ChainingRodShaped	5755	2.58716	0.5	25.8483	32.517	0	-0.714128	-0.700015	0	None	None
ChainingRodShaped	5651	3.16289	0.5	17.8186	37.9339	0	-0.365033	-0.930995	0	None	None
ChainingRodShaped	5373	3.97062	0.5	-40.8549	36.8218	0	0.471594	-0.881816	0	None	None
ChainingRodShaped	5657	3.10589	0.5	-20.4132	26.1538	0	0.321648	-0.946859	0	None	None
ChainingRodShaped	5463	4.18445	0.5	-18.275	36.787	0	-0.62021	0.784436	0	None	None
ChainingRodShaped	5663	2.87803	0.5	-3.56308	41.0902	0	0.99917	-0.0407444	0	None	None
ChainingRodShaped	5701	2.89529	0.5	-16.6106	31.4846	0	-0.0646755	-0.997906	0	None	None
ChainingRodShaped	5455	3.82608	0.5	21.4602	43.4186	0	-0.109331	-0.994005	0	None	None
ChainingRodShaped	5749	2.6244	0.5	-10.4099	50.8837	0	-0.337012	0.9415	0	None	None
ChainingRodShaped	5733	2.83931	0.5	-36.5881	46.2964	0	-0.636782	0.771044	0	None	None
ChainingRodShaped	5465	4.57497	0.5	1.82269	40.037	0	0.999961	0.0088233	0	None	None
ChainingRodShaped	5495	4.13384	0.5	-30.8539	31.1678	0	-0.915127	0.403166	0	None	None
ChainingRodShaped	5315	4.14417	0.5	10.0504	33.7201	0	0.173577	-0.98482	0	None	None
ChainingRodShaped	5635	2.61271	0.5	-12.1834	32.2029	0	-0.472917	-0.881107	0	None	None
ChainingRodShaped	5413	3.89906	0.5	-35.7378	47.0942	0	-0.720906	0.693033	0	None	None
ChainingRodShaped	5595	3.00495	0.5	24.8598	27.1849	0	-0.995018	-0.0996985	0	None	None
ChainingRodShaped	5747	2.38167	0.5	-30.477	42.35	0	-0.991417	-0.130741	0	None	None
ChainingRodShaped	5763	2.37558	0.5	-9.21331	24.1917	0	0.704834	-0.709373	0	None	None
ChainingRodShaped	5735	2.44881	0.5	42.1612	39.6432	0	0.370718	-0.928745	0	None	None
ChainingRodShaped	5485	4.4255	0.5	-3.00871	47.6307	0	0.398923	-0.916984	0	None	None
ChainingRodShaped	5449	4.94376	0.5	-13.664	51.2038	0	-0.279331	0.960195	0	None	None
ChainingRodShaped	5603	4.0165	0.5	-15.1252	40.6084	0	-0.928561	-0.371179	0	None	None
ChainingRodShaped	5621	3.83947	0.5	-28.0276	23.1882	0	0.355449	-0.934696	0	None	None
ChainingRodShaped	5589	3.33748	0.5	15.7592	37.5654	0	0.766757	0.641937	0	None	None
ChainingRodShaped	5709	2.71186	0.5	-18.516	49.3423	0	0.996277	-0.0862133	0	None	None
ChainingRodShaped	5429	3.4495	0.5	5.11796	37.9178	0	0.999911	-0.0133579	0	None	None
ChainingRodShaped	5535	3.91867	0.5	17.2471	18.1796	0	-0.901024	0.433768	0	None	None
ChainingRodShaped	5547	3.84039	0.5	-9.09682	55.2653	0	-0.851126	-0.524961	0	None	None
ChainingRodShaped	5711	2.8987	0.5	-6.94501	28.7416	0	0.904174	-0.427163	0	None	None
ChainingRodShaped	5785	2.10957	0.5	-18.309	53.6075	0	0.995393	0.095881	0	None	None
ChainingRodShaped	5791	2.15303	0.5	37.8955	40.5708	0	0.422644	-0.906296	0	None	None
ChainingRodShaped	5415	4.79346	0.5	-16.0597	23.0063	0	-0.438665	-0.898651	0	None	None
ChainingRodShaped	5789	2.12239	0.5	-20.2079	41.9419	0	0.771786	0.635883	0	None	None
ChainingRodShaped	5675	3.2462	0.5	-35.7197	33.9627	0	-0.35851	-0.933526	0	None	None
ChainingRodShaped	5555	4.72985	0.5	-20.1033	51.4668	0	0.995454	-0.095239	0	None	None
ChainingRodShaped	5477	4.88792	0.5	16.2462	46.3641	0	-0.864633	-0.502404	0	None	None
ChainingRodShaped	5575	3.10593	0.5	2.54455	48.7116	0	-0.999761	-0.0218607	0	None	None
ChainingRodShaped	5659	3.50251	0.5	13.6185	40.0263	0	0.76638	0.642387	0	None	None
ChainingRodShaped	5633	3.34466	0.5	-5.56521	34.1484	0	-0.0668396	-0.997764	0	None	None
ChainingRodShaped	5573	3.71148	0.5	-27.2694	32.7127	0	-0.792966	0.609266	0	None	None
ChainingRodShaped	5757	2.41507	0.5	-37.936	30.3592	0	0.68926	-0.724514	0	None	None
ChainingRodShaped	5533	3.50387	0.5	-11.6366	40.0639	0	-0.855468	-0.517856	0	None	None
ChainingRodShaped	5613	2.68452	0.5	-16.5166	42.3105	0	-0.188757	-0.982024	0	None	None
ChainingRodShaped	5443	3.47957	0.5	-5.96205	27.2099	0	0.909524	-0.415651	0	None	None
ChainingRodShaped	5779	2.21814	0.5	-16.5891	18.5394	0	0.886555	-0.462624	0	None	None
ChainingRodShaped	5615	3.06072	0.5	-23.835	23.2453	0	0.326477	-0.945205	0	None	None
ChainingRodShaped	5583	3.10152	0.5	-25.2554	33.4826	0	0.227546	-0.973767	0	None	None
ChainingRodShaped	5667	3.47634	0.5	10.0654	42.0166	0	0.110648	-0.99386	0	None	None
ChainingRodShaped	5537	4.56988	0.5	-10.117	19.8342	0	0.937272	-0.3486	0	None	None
ChainingRodShaped	5683	2.45395	0.5	-10.9872	53.1693	0	-0.965562	0.260172	0	None	None
ChainingRodShaped	5777	2.33537	0.5	26.5121	31.2573	0	-0.907945	-0.419089	0	None	None
ChainingRodShaped	5523	4.63714	0.5	14.8948	21.0314	0	-0.823805	-0.566874	0	None	None
ChainingRodShaped	5737	2.75522	0.5	-34.0779	38.8689	0	-0.98866	-0.150174	0	None	None
ChainingRodShaped	5793	2.18219	0.5	23.2339	46.6753	0	-0.811611	-0.584198	0	None	None
ChainingRodShaped	5521	4.13795	0.5	-43.7821	38.4109	0	0.162919	-0.98664	0	None	None
ChainingRodShaped	5703	2.74644	0.5	-29.9406	25.379	0	0.366299	-0.930497	0	None	None
ChainingRodShaped	5359	3.93277	0.5	-38.6828	42.3334	0	-0.999982	-0.00604244	0	None	None
ChainingRodShaped	5731	2.60673	0.5	7.50323	35.0265	0	0.963602	0.26734	0	None	None
ChainingRodShaped	5699	3.05673	0.5	-19.3172	34.9343	0	0.0555456	0.998456	0	None	None
ChainingRodShaped	5741	2.58288	0.5	-19.4317	20.0963	0	0.679868	-0.733335	0	None	None
ChainingRodShaped	5381	3.70442	0.5	-5.60384	51.6973	0	-0.143465	-0.989655	0	None	None
ChainingRodShaped	5585	2.96591	0.5	-27.5546	28.3631	0	-0.999828	0.0185464	0	None	None
ChainingRodShaped	5739	2.662	0.5	-11.4557	45.1105	0	-0.809846	-0.586642	0	None	None
ChainingRodShaped	5473	4.36459	0.5	-40.1381	46.4394	0	-0.815975	0.578087	0	None	None
ChainingRodShaped	5769	2.28057	0.5	0.00556037	40.9833	0	0.999823	0.01883	0	None	None
ChainingRodShaped	5525	4.00196	0.5	-18.8691	24.442	0	0.192096	-0.981376	0	None	None
ChainingRodShaped	5389	4.27325	0.5	-26.9007	43.7834	0	-0.663948	-0.747778	0	None	None
ChainingRodShaped	5236	4.69122	0.5	43.1531	43.3344	0	0.349322	-0.937003	0	None	None
ChainingRodShaped	5529	3.02234	0.5	-38.8322	41.3505	0	0.999988	0.00482815	0	None	None
ChainingRodShaped	5240	4.93713	0.5	-12.5404	43.176	0	-0.845462	-0.534036	0	None	None
ChainingRodShaped	5553	3.90972	0.5	40.9022	44.9663	0	0.594748	-0.803913	0	None	None
ChainingRodShaped	5761	2.33432	0.5	20.2644	40.6433	0	-0.00664377	-0.999978	0	None	None
ChainingRodShaped	5689	2.98805	0.5	-9.93369	38.2041	0	-0.54364	-0.839319	0	None	None
ChainingRodShaped	5805	2.09942	0.5	-15.6001	50.8696	0	-0.285348	0.958424	0	None	None
ChainingRodShaped	5250	4.33042	0.5	32.8367	41.399	0	0.797212	-0.6037	0	None	5249
ChainingRodShaped	5252	3.7867	0.5	-28.2729	36.8304	0	-0.842117	-0.539294	0	5022	5251
ChainingRodShaped	5545	4.54175	0.5	-32.0243	41.1502	0	-0.99006	-0.140646	0	None	None
ChainingRodShaped	5619	3.1742	0.5	-6.96044	53.6246	0	0.260241	-0.965544	0	None	None
ChainingRodShaped	5258	3.00833	0.5	-47.5243	49.5636	0	0.997732	0.0673134	0	None	5257
ChainingRodShaped	5260	3.26468	0.5	12.205	47.8135	0	0.316526	-0.948584	0	5549	5259
ChainingRodShaped	5569	4.53115	0.5	-15.1774	22.5785	0	0.441031	0.897492	0	None	None
ChainingRodShaped	5505	3.30974	0.5	23.7262	39.2339	0	-0.331273	-0.943535	0	None	None
ChainingRodShaped	5707	2.7402	0.5	-31.3741	33.6881	0	-0.844925	-0.534886	0	None	None
ChainingRodShaped	5471	3.32117	0.5	23.8849	44.2199	0	-0.861273	-0.508142	0	None	None
ChainingRodShaped	5270	4.84881	0.5	-33.1713	47.1603	0	0.116599	0.993179	0	None	None
ChainingRodShaped	5597	2.95555	0.5	-23.3864	37.0853	0	-0.380873	0.924627	0	None	None
ChainingRodShaped	5274	4.34563	0.5	33.234	32.083	0	-0.639871	0.768482	0	None	None
ChainingRodShaped	5459	3.55297	0.5	-24.7203	43.3071	0	-0.965608	-0.260003	0	None	None
ChainingRodShaped	5587	4.3541	0.5	2.89443	45.8841	0	-0.660515	0.750813	0	None	None
ChainingRodShaped	5531	3.73392	0.5	-24.9659	40.1032	0	-0.845576	-0.533856	0	None	None
ChainingRodShaped	5483	3.20379	0.5	29.4063	28.742	0	-0.993155	-0.116807	0	None	None
ChainingRodShaped	5493	3.64725	0.5	-10.0625	56.9145	0	-0.472037	-0.881579	0	None	None
ChainingRodShaped	5813	2.04158	0.5	-13.5495	27.4941	0	0.0713124	-0.997454	0	None	None
ChainingRodShaped	5288	3.29071	0.5	19.2628	50.3588	0	-0.872981	-0.487754	0	5439	5287
ChainingRodShaped	5543	4.29879	0.5	-12.2197	34.1901	0	-0.479234	-0.877687	0	None	None
ChainingRodShaped	5292	3.27279	0.5	-4.51805	15.1498	0	0.629648	0.776881	0	None	5291
ChainingRodShaped	5294	4.32613	0.5	-32.7999	36.2183	0	-0.725714	-0.687996	0	None	None
ChainingRodShaped	5296	4.89603	0.5	-38.2657	37.8856	0	0.105981	-0.994368	0	None	None
ChainingRodShaped	5298	4.1107	0.5	20.0067	45.0842	0	0.714844	0.699284	0	None	5297
ChainingRodShaped	5773	2.2034	0.5	-6.53971	35.2292	0	-0.00475686	-0.999989	0	None	None
ChainingRodShaped	5559	3.71641	0.5	26.2316	26.3085	0	-0.995853	-0.0909727	0	None	None
ChainingRodShaped	5581	3.13406	0.5	37.5282	45.0503	0	-0.0306137	-0.999531	0	None	None
ChainingRodShaped	5697	2.63679	0.5	-8.41165	44.3261	0	-0.886296	0.463119	0	None	None
ChainingRodShaped	5775	2.14258	0.5	21.6561	20.4582	0	-0.882713	-0.469913	0	None	None
ChainingRodShaped	5653	3.40462	0.5	-9.62357	33.1091	0	-0.130163	-0.991493	0	None	None
ChainingRodShaped	5312	3.41902	0.5	4.88215	50.7005	0	0.89715	-0.441726	0	5673	5311
ChainingRodShaped	5314	3.40088	0.5	43.5002	50.2933	0	0.987265	0.159083	0	5403	5313
ChainingRodShaped	5316	4.05624	0.5	7.08004	35.9389	0	0.963706	0.266965	0	None	None
ChainingRodShaped	5318	4.39233	0.5	13.0688	36.028	0	0.50119	0.865337	0	None	None
ChainingRodShaped	5320	3.22616	0.5	29.9646	37.7626	0	0.628427	-0.777869	0	None	5319
ChainingRodShaped	5322	4.43773	0.5	-10.9699	21.5345	0	0.997961	-0.0638344	0	None	None
ChainingRodShaped	5685	3.17151	0.5	-19.0211	50.3729	0	0.995779	-0.0917885	0	None	None
ChainingRodShaped	5326	3.70137	0.5	-25.1314	49.0794	0	-0.774422	0.632669	0	None	5325
ChainingRodShaped	5649	3.26993	0.5	-8.401	27.0714	0	0.946907	-0.321507	0	None	None
ChainingRodShaped	5591	3.58685	0.5	19.0646	45.5427	0	-0.716353	-0.697738	0	None	None
ChainingRodShaped	5687	2.91647	0.5	-14.0965	33.856	0	-0.0994656	-0.995041	0	None	None
ChainingRodShaped	5334	4.12739	0.5	19.7379	36.821	0	0.489753	0.871861	0	5090	5333
ChainingRodShaped	5336	4.92695	0.5	-21.3584	45.9286	0	0.857939	0.513752	0	None	None
ChainingRodShaped	5579	3.70232	0.5	-6.2453	30.5801	0	0.895479	-0.445104	0	None	None
ChainingRodShaped	5340	4.28857	0.5	14.8771	23.005	0	-0.983699	-0.17982	0	None	None
ChainingRodShaped	5609	3.98479	0.5	4.41746	46.9871	0	-0.927879	0.372883	0	None	None
ChainingRodShaped	5344	4.37034	0.5	-27.4708	31.6377	0	-0.793574	0.608474	0	None	None
ChainingRodShaped	5346	4.49563	0.5	11.0716	41.8498	0	-0.107662	0.994188	0	None	None
ChainingRodShaped	5811	2.018	0.5	11.1049	33.4131	0	-0.17885	0.983876	0	None	None
ChainingRodShaped	5679	2.89629	0.5	-24.0005	49.4219	0	0.772449	-0.635076	0	None	None
ChainingRodShaped	5352	3.98636	0.5	27.0202	29.2467	0	-0.859257	-0.511544	0	None	None
ChainingRodShaped	5623	3.38583	0.5	16.644	45.4491	0	-0.866395	-0.49936	0	None	None
ChainingRodShaped	5356	3.63074	0.5	29.7587	45.0658	0	0.633849	0.773457	0	None	5355
ChainingRodShaped	5358	4.37842	0.5	-5.84645	47.4464	0	-0.82118	0.570669	0	None	None
ChainingRodShaped	5360	3.98269	0.5	-36.6082	44.1746	0	-0.494097	0.869407	0	None	None
ChainingRodShaped	5647	3.43711	0.5	1.97856	38.4676	0	0.937639	0.347611	0	None	None
ChainingRodShaped	5629	3.81039	0.5	-29.8198	44.8349	0	-0.569937	-0.821688	0	None	None
ChainingRodShaped	5669	2.53855	0.5	-39.1898	36.6942	0	0.151249	-0.988496	0	None	None
ChainingRodShaped	5368	4.67978	0.5	-24.0526	32.6109	0	0.230503	-0.973072	0	None	None
ChainingRodShaped	5617	3.00878	0.5	-34.9535	36.9417	0	-0.752686	-0.65838	0	None	None
ChainingRodShaped	5751	2.53433	0.5	10.9691	48.4021	0	0.321188	-0.947015	0	None	None
ChainingRodShaped	5374	4.45704	0.5	-43.0292	39.9655	0	0.164036	-0.986454	0	None	None
ChainingRodShaped	5721	2.86225	0.5	9.29864	31.2638	0	0.817347	-0.576145	0	None	None
ChainingRodShaped	5753	2.3572	0.5	-10.9471	39.3413	0	0.850999	0.525168	0	None	None
ChainingRodShaped	5695	2.96352	0.5	-22.6695	33.0664	0	0.531885	-0.846817	0	None	None
ChainingRodShaped	5745	2.38983	0.5	-5.36109	55.6905	0	0.148221	-0.988954	0	None	None
ChainingRodShaped	5384	3.75258	0.5	20.8286	34.6275	0	0.0786023	-0.996906	0	None	5383
ChainingRodShaped	5665	3.15748	0.5	27.485	48.6935	0	-0.136177	-0.990685	0	None	None
ChainingRodShaped	5388	3.42359	0.5	5.84369	40.4363	0	-0.933383	0.358883	0	None	5387
ChainingRodShaped	5767	2.21028	0.5	-24.4658	45.0369	0	-0.658917	-0.752215	0	None	None
ChainingRodShaped	5815	2.00854	0.5	-18.9647	28.1452	0	-0.37286	0.927887	0	None	None
ChainingRodShaped	5727	2.97605	0.5	-4.84301	43.4088	0	-0.952796	0.303611	0	None	None
ChainingRodShaped	5396	2.99211	0.5	28.6217	40.5076	0	-0.477443	-0.878663	0	None	5395
ChainingRodShaped	5398	3.2864	0.5	26.7537	51.6903	0	0.714171	0.699972	0	5297	5397
ChainingRodShaped	5400	4.49472	0.5	-30.2868	36.7018	0	-0.841786	-0.539811	0	None	None
ChainingRodShaped	5402	3.69476	0.5	3.28301	29.4566	0	-0.608886	0.793258	0	5601	5401
ChainingRodShaped	5404	2.82143	0.5	35.4608	48.9941	0	0.987082	0.160218	0	None	5403
ChainingRodShaped	5715	2.82969	0.5	38.7388	41.9156	0	0.19727	-0.980349	0	None	None
ChainingRodShaped	5408	4.98594	0.5	19.0006	22.0044	0	-0.62414	-0.781313	0	None	None
ChainingRodShaped	5410	2.94634	0.5	31.8256	44.1521	0	0.896535	0.442972	0	5008	5409
ChainingRodShaped	5765	2.52072	0.5	-23.0473	23.9885	0	0.324628	-0.945842	0	None	None
ChainingRodShaped	5414	3.49647	0.5	-33.7019	43.453	0	-0.603203	0.797588	0	None	None
ChainingRodShaped	5416	3.86964	0.5	-16.6019	27.4932	0	0.370803	-0.928711	0	None	None
ChainingRodShaped	5418	4.3376	0.5	-41.3455	43.2855	0	-0.99962	-0.0275755	0	None	None
ChainingRodShaped	5420	3.50347	0.5	-33.1533	39.9995	0	-0.988706	-0.149867	0	None	None
ChainingRodShaped	5705	2.80889	0.5	2.77932	35.4094	0	0.990009	0.141001	0	None	None
ChainingRodShaped	5759	2.31851	0.5	-5.75227	46.1906	0	-0.821773	0.569814	0	None	None
ChainingRodShaped	5426	3.59224	0.5	-31.8111	45.4026	0	0.564855	0.82519	0	None	None
ChainingRodShaped	5428	3.76771	0.5	-20.2825	34.9637	0	0.0578277	0.998327	0	None	None
ChainingRodShaped	5430	4.95249	0.5	0.148199	36.8077	0	0.963556	0.267507	0	None	None
ChainingRodShaped	5432	2.63582	0.5	35.015	51.4717	0	0.635022	0.772494	0	5355	5431
ChainingRodShaped	5434	4.04203	0.5	-21.1199	20.3773	0	0.331563	-0.943433	0	None	None
ChainingRodShaped	5436	4.46413	0.5	-10.0552	42.0697	0	-0.91318	-0.407557	0	None	None
ChainingRodShaped	5438	4.34609	0.5	-26.412	46.1308	0	-0.904493	-0.426489	0	None	None
ChainingRodShaped	5440	3.2093	0.5	26.5354	54.4199	0	-0.873153	-0.487447	0	None	5439
ChainingRodShaped	5442	4.10866	0.5	-20.8882	47.3401	0	0.856156	0.516717	0	None	None
ChainingRodShaped	5444	4.21191	0.5	-10.2261	29.3588	0	0.815508	-0.578746	0	None	None
ChainingRodShaped	5446	4.95302	0.5	-11.9011	48.9114	0	-0.303224	0.952919	0	None	None
ChainingRodShaped	5803	2.11326	0.5	-14.247	45.2526	0	0.439059	0.898458	0	None	None
ChainingRodShaped	5801	2.08491	0.5	-12.5104	46.8665	0	-0.104373	0.994538	0	None	None
ChainingRodShaped	5452	3.34927	0.5	-14.113	16.1983	0	0.958035	0.286651	0	None	5451
ChainingRodShaped	5454	4.60571	0.5	-27.7462	25.2389	0	0.354742	-0.934964	0	None	None
ChainingRodShaped	5456	4.36594	0.5	24.4524	45.7159	0	-0.858256	-0.513222	0	None	None
ChainingRodShaped	5458	4.67309	0.5	30.9483	31.9137	0	-0.879994	0.474985	0	None	None
ChainingRodShaped	5460	4.20613	0.5	-20.3812	45.385	0	-0.85735	-0.514733	0	None	None
ChainingRodShaped	5462	4.64384	0.5	-18.4086	42.7013	0	-0.184602	-0.982813	0	None	None
ChainingRodShaped	5464	4.10921	0.5	-18.4505	33.1232	0	0.0661718	0.997808	0	None	None
ChainingRodShaped	5466	4.49299	0.5	-1.49752	39.0819	0	0.99978	-0.0209927	0	None	None
ChainingRodShaped	5468	2.48695	0.5	15.3024	34.7172	0	-0.063848	-0.99796	0	None	5467
ChainingRodShaped	5470	4.19405	0.5	31.7862	29.88	0	-0.998182	0.0602645	0	None	None
ChainingRodShaped	5781	2.30404	0.5	26.1252	44.4831	0	-0.624318	-0.78117	0	None	None
ChainingRodShaped	5474	3.57797	0.5	-38.7717	44.2633	0	-0.850144	0.526551	0	None	None
ChainingRodShaped	5476	4.28907	0.5	43.2134	40.4154	0	0.440739	-0.897635	0	None	None
ChainingRodShaped	5478	4.23983	0.5	19.0521	49.1006	0	-0.873827	-0.486237	0	None	None
ChainingRodShaped	5480	4.03751	0.5	-17.5377	32.241	0	-0.0648285	-0.997896	0	None	None
ChainingRodShaped	5809	2.08558	0.5	7.28535	44.4909	0	-0.929139	-0.369731	0	None	None
ChainingRodShaped	5484	3.86802	0.5	33.8513	28.7518	0	-0.995625	-0.0934413	0	None	None
ChainingRodShaped	5486	4.89233	0.5	-4.56157	51.9668	0	-0.144491	-0.989506	0	None	None
ChainingRodShaped	5488	4.55427	0.5	-21.8114	55.7258	0	0.847182	-0.531303	0	None	None
ChainingRodShaped	5490	4.70473	0.5	2.53135	33.244	0	0.827021	-0.562171	0	None	None
ChainingRodShaped	5492	3.18467	0.5	-7.65152	52.3902	0	0.25593	-0.966695	0	None	None
ChainingRodShaped	5494	3.12627	0.5	-8.71402	59.9723	0	-0.858734	-0.512421	0	None	None
ChainingRodShaped	5496	4.87993	0.5	-27.6083	29.3386	0	-0.99986	0.0167078	0	None	None
ChainingRodShaped	5498	4.82417	0.5	-22.1952	36.7406	0	-0.37979	0.925073	0	None	None
ChainingRodShaped	5500	3.181	0.5	-8.00629	46.3162	0	-0.887449	0.460905	0	None	None
ChainingRodShaped	5502	2.4721	0.5	-2.6118	27.2601	0	-0.0163703	0.999866	0	5088	5501
ChainingRodShaped	5504	3.00183	0.5	-37.7664	50.2241	0	0.997688	0.0679635	0	5257	5503
ChainingRodShaped	5787	2.13091	0.5	25.5156	42.3813	0	-0.766022	-0.642815	0	None	None
ChainingRodShaped	5799	2.1794	0.5	-10.7699	22.9493	0	0.941204	0.337839	0	None	None
ChainingRodShaped	5797	2.14199	0.5	-23.3751	42.3073	0	-0.820824	-0.571181	0	None	None
ChainingRodShaped	5512	4.9606	0.5	-10.8314	27.0747	0	0.743508	-0.668727	0	None	None
ChainingRodShaped	5514	4.76461	0.5	-23.1949	53.3663	0	0.938561	-0.345112	0	None	None
ChainingRodShaped	5516	3.97472	0.5	-37.3468	32.5484	0	0.263761	-0.964588	0	None	None
ChainingRodShaped	5518	2.57818	0.5	21.4643	26.7388	0	0.0828201	-0.996565	0	5383	5517
ChainingRodShaped	5520	3.1725	0.5	-8.71648	52.5644	0	-0.251622	0.967826	0	None	None
ChainingRodShaped	5522	4.7462	0.5	-45.0926	43.6597	0	0.343749	-0.939062	0	None	None
ChainingRodShaped	5524	3.94604	0.5	18.9626	23.5452	0	-0.623209	-0.782055	0	None	None
ChainingRodShaped	5526	4.08046	0.5	-20.5336	29.1308	0	0.424233	-0.905553	0	None	None
ChainingRodShaped	5528	4.08793	0.5	-14.6369	29.2347	0	0.0613358	-0.998117	0	None	None
ChainingRodShaped	5530	4.33235	0.5	-40.8948	40.5099	0	0.686759	-0.726885	0	None	None
ChainingRodShaped	5532	4.11481	0.5	-20.8761	42.7825	0	-0.834522	-0.550974	0	None	None
ChainingRodShaped	5534	3.40179	0.5	-7.53797	41.5233	0	-0.995691	-0.0927288	0	None	None
ChainingRodShaped	5536	4.7527	0.5	19.3388	20.8408	0	-0.62271	-0.782453	0	None	None
ChainingRodShaped	5538	4.2701	0.5	-12.6903	19.6824	0	0.71745	-0.69661	0	None	None
ChainingRodShaped	5540	4.5504	0.5	4.19611	36.6015	0	0.990578	0.136952	0	None	None
ChainingRodShaped	5542	4.2622	0.5	-42.7215	47.0913	0	-0.718529	0.695497	0	None	None
ChainingRodShaped	5544	3.69808	0.5	-12.1644	36.3398	0	-0.47136	-0.881941	0	None	None
ChainingRodShaped	5546	3.46554	0.5	-28.9723	39.1696	0	-0.938124	0.346299	0	None	None
ChainingRodShaped	5548	3.80805	0.5	-8.08473	57.8317	0	-0.614013	-0.789296	0	None	None
ChainingRodShaped	5550	2.89445	0.5	9.8247	54.9452	0	0.316633	-0.948548	0	None	5549
ChainingRodShaped	5552	2.62805	0.5	34.4443	36.3656	0	0.582759	-0.812645	0	5086	5551
ChainingRodShaped	5554	4.21787	0.5	39.3874	47.7945	0	0.961062	-0.276334	0	None	None
ChainingRodShaped	5556	3.42268	0.5	-24.9102	52.7695	0	0.877063	-0.480375	0	None	None
ChainingRodShaped	5558	4.25858	0.5	-2.84028	50.0663	0	0.331042	-0.943616	0	None	None
ChainingRodShaped	5560	3.05385	0.5	29.6992	26.1275	0	-0.906894	-0.421359	0	None	None
ChainingRodShaped	5562	2.47604	0.5	32.0654	55.5566	0	-0.28843	-0.957501	0	None	5561
ChainingRodShaped	5564	4.18712	0.5	-4.58147	34.0854	0	-0.0704866	-0.997513	0	None	None
ChainingRodShaped	5566	4.33011	0.5	-6.65206	20.7668	0	0.984717	0.174162	0	None	None
ChainingRodShaped	5568	2.37789	0.5	0.551738	21.4123	0	0.628472	0.777833	0	5291	5567
ChainingRodShaped	5570	3.11709	0.5	-15.6141	19.1457	0	-0.886706	0.462333	0	None	None
ChainingRodShaped	5572	2.47374	0.5	40.9256	35.2757	0	0.797406	-0.603443	0	5249	5571
ChainingRodShaped	5574	3.81759	0.5	-24.0719	29.3301	0	-0.483447	0.875373	0	None	None
ChainingRodShaped	5576	3.30788	0.5	6.36218	47.9994	0	-0.999328	-0.0366471	0	None	None
ChainingRodShaped	5578	2.89755	0.5	-14.0184	19.5974	0	0.718333	-0.6957	0	None	None
ChainingRodShaped	5580	3.38878	0.5	-8.71786	32.5897	0	-0.132362	-0.991201	0	None	None
ChainingRodShaped	5582	4.08265	0.5	34.9796	47.4129	0	0.999834	0.018198	0	None	None
ChainingRodShaped	5584	3.89193	0.5	-26.3868	35.6313	0	-0.384001	-0.923333	0	None	None
ChainingRodShaped	5586	4.34068	0.5	-23.598	26.7498	0	-0.695832	0.718205	0	None	None
ChainingRodShaped	5588	3.29612	0.5	6.71366	45.3781	0	-0.90657	-0.422056	0	None	None
ChainingRodShaped	5590	3.22424	0.5	13.1777	34.2404	0	0.504312	0.863522	0	None	None
ChainingRodShaped	5592	3.06355	0.5	22.1469	48.5725	0	-0.712233	-0.701943	0	None	None
ChainingRodShaped	5594	3.36328	0.5	-33.4003	30.5803	0	0.241355	-0.970437	0	None	None
ChainingRodShaped	5596	3.97962	0.5	29.3235	27.6039	0	-0.995469	-0.0950868	0	None	None
ChainingRodShaped	5598	3.98115	0.5	-21.5472	33.0869	0	-0.524092	0.851662	0	None	None
ChainingRodShaped	5600	4.1792	0.5	12.5293	21.0748	0	-0.914612	-0.404333	0	None	None
ChainingRodShaped	5602	2.31277	0.5	7.74415	23.6321	0	-0.607399	0.794397	0	None	5601
ChainingRodShaped	5604	3.81535	0.5	-10.8144	42.7991	0	-0.91302	-0.407915	0	None	None
ChainingRodShaped	5606	2.81878	0.5	-13.9383	25.6221	0	0.829358	-0.558718	0	None	None
ChainingRodShaped	5608	2.84183	0.5	14.3601	39.364	0	0.768172	0.640244	0	None	None
ChainingRodShaped	5610	3.46987	0.5	8.60402	47.1032	0	-0.998851	-0.0479299	0	None	None
ChainingRodShaped	5612	2.93502	0.5	-16.8452	38.1056	0	-0.621686	0.783267	0	None	None
ChainingRodShaped	5614	3.89105	0.5	-17.4592	46.301	0	0.364997	-0.931009	0	None	None
ChainingRodShaped	5616	3.17071	0.5	-26.2764	26.3713	0	0.771855	-0.635798	0	None	None
ChainingRodShaped	5618	3.80885	0.5	-35.7931	40.0899	0	-0.47205	-0.881572	0	None	None
ChainingRodShaped	5620	3.50782	0.5	-6.4483	56.2259	0	0.155111	-0.987897	0	None	None
ChainingRodShaped	5622	2.67973	0.5	-29.5711	27.1432	0	0.378153	-0.925743	0	None	None
ChainingRodShaped	5624	3.42138	0.5	20.1663	48.0148	0	-0.706769	-0.707444	0	None	None
ChainingRodShaped	5626	2.74645	0.5	-36.7542	40.362	0	-0.474909	-0.880035	0	None	None
ChainingRodShaped	5628	2.86564	0.5	-15.3073	33.1462	0	-0.215514	-0.976501	0	None	None
ChainingRodShaped	5630	3.13874	0.5	-26.6688	47.5223	0	-0.981966	-0.189056	0	None	None
ChainingRodShaped	5632	3.27492	0.5	16.879	42.6335	0	0.244987	-0.969526	0	None	None
ChainingRodShaped	5634	3.06304	0.5	-5.586	38.2462	0	0.247094	-0.968992	0	None	None
ChainingRodShaped	5636	3.30496	0.5	-10.4461	34.3348	0	-0.137039	-0.990566	0	None	None
ChainingRodShaped	5638	3.2285	0.5	-31.7427	47.9798	0	0.327958	0.944692	0	None	None
ChainingRodShaped	5640	2.76158	0.5	-20.3587	23.6549	0	0.621538	-0.783384	0	None	None
ChainingRodShaped	5642	3.50364	0.5	26.2778	39.5854	0	-0.676888	-0.736086	0	None	None
ChainingRodShaped	5644	2.60928	0.5	24.5465	33.0013	0	-0.476692	-0.87907	0	5395	5643
ChainingRodShaped	5646	3.15025	0.5	-7.52389	34.9709	0	0.00434766	-0.999991	0	None	None
ChainingRodShaped	5648	2.75949	0.5	-1.91665	37.8876	0	0.981442	-0.191759	0	None	None
ChainingRodShaped	5650	2.69237	0.5	-11.6347	29.1693	0	0.809681	-0.58687	0	None	None
ChainingRodShaped	5652	3.50914	0.5	18.5408	41.4145	0	0.42443	-0.905461	0	None	None
ChainingRodShaped	5654	3.09273	0.5	-8.40609	37.026	0	-0.54294	-0.839771	0	None	None
ChainingRodShaped	5656	3.17965	0.5	-6.66704	29.6953	0	0.899857	-0.436184	0	None	None
ChainingRodShaped	5658	3.305	0.5	-22.0603	29.9969	0	0.44485	-0.895605	0	None	None
ChainingRodShaped	5660	3.04829	0.5	11.6036	36.6445	0	0.55574	0.831356	0	None	None
ChainingRodShaped	5662	3.10747	0.5	-29.1697	47.5537	0	-0.552507	-0.833508	0	None	None
ChainingRodShaped	5664	3.0185	0.5	-7.39018	40.5605	0	0.995293	0.0969119	0	None	None
ChainingRodShaped	5666	3.2318	0.5	28.908	51.1022	0	-0.172537	-0.985003	0	None	None
ChainingRodShaped	5668	2.98867	0.5	10.5275	45.1102	0	-0.911534	-0.411225	0	None	None
ChainingRodShaped	5670	2.62794	0.5	-41.1727	39.3588	0	0.686578	-0.727056	0	None	None
ChainingRodShaped	5672	2.44947	0.5	-1.74574	43.3381	0	-0.93529	0.353882	0	5387	5671
ChainingRodShaped	5674	2.35973	0.5	-1.76619	53.9779	0	0.896711	-0.442617	0	None	5673
ChainingRodShaped	5676	3.15307	0.5	-33.2197	37.1669	0	-0.726744	-0.686908	0	None	None
ChainingRodShaped	5678	3.11555	0.5	18.6968	37.3884	0	-0.379358	-0.92525	0	None	None
ChainingRodShaped	5680	2.9156	0.5	-26.8485	52.4185	0	0.945789	-0.324781	0	None	None
ChainingRodShaped	5682	3.03289	0.5	23.7713	42.025	0	-0.438073	-0.898939	0	None	None
ChainingRodShaped	5684	2.5186	0.5	-9.07425	50.2547	0	-0.376997	0.926215	0	None	None
ChainingRodShaped	5686	3.29252	0.5	-23.1665	50.8567	0	0.968611	-0.248582	0	None	None
ChainingRodShaped	5688	3.1198	0.5	-14.3878	37.5306	0	0.874573	-0.484893	0	None	None
ChainingRodShaped	5690	3.23232	0.5	-8.81356	38.1621	0	-0.544997	-0.838438	0	None	None
ChainingRodShaped	5692	2.86697	0.5	40.0945	42.1205	0	0.430368	-0.902653	0	None	None
ChainingRodShaped	5694	2.39572	0.5	8.22651	20.8268	0	-0.548678	-0.836033	0	5002	5693
ChainingRodShaped	5696	2.88068	0.5	-24.2353	36.5887	0	0.381447	-0.924391	0	None	None
ChainingRodShaped	5698	2.71664	0.5	-5.34123	42.5339	0	-0.952558	0.304356	0	None	None
ChainingRodShaped	5700	2.44987	0.5	-19.561	31.2199	0	0.0765685	0.997064	0	None	None
ChainingRodShaped	5702	3.20292	0.5	-15.6824	35.3048	0	-0.481427	-0.876486	0	None	None
ChainingRodShaped	5704	2.72904	0.5	-31.0426	28.7961	0	-0.0167178	-0.99986	0	None	None
ChainingRodShaped	5706	2.75457	0.5	-0.541826	35.5996	0	0.961964	0.273177	0	None	None
ChainingRodShaped	5708	2.79178	0.5	-28.1874	35.5507	0	-0.777543	-0.628829	0	None	None
ChainingRodShaped	5710	2.63157	0.5	-21.7107	49.251	0	0.913242	-0.407418	0	None	None
ChainingRodShaped	5712	2.85512	0.5	-10.3159	30.6033	0	0.816297	-0.577633	0	None	None
ChainingRodShaped	5714	2.38208	0.5	16.0971	20.5929	0	-0.844674	-0.535281	0	None	None
ChainingRodShaped	5716	2.8258	0.5	38.7054	45.6064	0	0.122503	-0.992468	0	None	None
ChainingRodShaped	5718	2.40329	0.5	-6.32962	18.5299	0	0.957835	0.287318	0	5451	5717
ChainingRodShaped	5720	2.90528	0.5	2.91596	42.8355	0	-0.834914	0.550381	0	None	None
ChainingRodShaped	5722	2.51278	0.5	6.07383	31.6948	0	0.866125	0.499827	0	None	None
ChainingRodShaped	5724	2.87809	0.5	-24.5562	22.3073	0	0.330945	-0.94365	0	None	None
ChainingRodShaped	5726	2.58203	0.5	-16.5135	50.5167	0	0.283299	-0.959032	0	None	None
ChainingRodShaped	5728	2.6635	0.5	-1.7411	41.9916	0	-0.998994	0.0448404	0	None	None
ChainingRodShaped	5730	2.63846	0.5	-13.9305	48.4129	0	-0.299287	0.954163	0	None	None
ChainingRodShaped	5732	2.72863	0.5	3.94306	34.3943	0	1	0.000175863	0	None	None
ChainingRodShaped	5734	2.91271	0.5	-34.6353	43.0623	0	-0.601989	0.798504	0	None	None
ChainingRodShaped	5736	2.91476	0.5	40.7881	43.0399	0	0.454251	-0.890874	0	None	None
ChainingRodShaped	5738	2.3482	0.5	-30.6428	38.7536	0	-0.934608	0.35568	0	None	None
ChainingRodShaped	5740	2.85087	0.5	-8.13167	45.282	0	-0.887842	0.460149	0	None	None
ChainingRodShaped	5742	2.82323	0.5	-21.1997	23.1205	0	0.627874	-0.778315	0	None	None
ChainingRodShaped	5744	2.38538	0.5	-33.2451	26.7895	0	-0.180869	-0.983507	0	None	None
ChainingRodShaped	5746	2.64205	0.5	-5.88368	59.1606	0	0.144326	-0.98953	0	None	None
ChainingRodShaped	5748	2.29959	0.5	-28.5614	43.9898	0	-0.886347	-0.463022	0	None	None
ChainingRodShaped	5750	2.61282	0.5	-8.69209	47.9548	0	-0.826413	0.563065	0	None	None
ChainingRodShaped	5752	2.50878	0.5	9.60749	51.096	0	-0.00992563	-0.999951	0	None	None
ChainingRodShaped	5754	2.2745	0.5	-13.5397	38.2557	0	0.901994	-0.431748	0	None	None
ChainingRodShaped	5756	2.3284	0.5	28.7841	34.0979	0	-0.878968	-0.47688	0	None	None
ChainingRodShaped	5758	2.53794	0.5	-38.6882	33.2698	0	0.348298	-0.937384	0	None	None
ChainingRodShaped	5760	2.41081	0.5	-2.75674	44.7804	0	-0.932744	0.360538	0	None	None
ChainingRodShaped	5762	2.51856	0.5	19.9365	43.1853	0	-0.50492	-0.863166	0	None	None
ChainingRodShaped	5764	2.41412	0.5	-11.6681	26.508	0	0.739243	-0.673439	0	None	None
ChainingRodShaped	5766	2.30785	0.5	-25.0301	26.6269	0	0.770613	-0.637303	0	None	None
ChainingRodShaped	5768	2.24808	0.5	-22.5551	47.5026	0	-0.829348	-0.558732	0	None	None
ChainingRodShaped	5770	2.38508	0.5	-3.44111	40.1047	0	0.99952	-0.0309897	0	None	None
ChainingRodShaped	5772	2.36737	0.5	12.6144	41.276	0	0.313193	0.949689	0	None	None
ChainingRodShaped	5774	2.37266	0.5	-6.63165	38.4554	0	0.244412	-0.969671	0	None	None
ChainingRodShaped	5776	2.2206	0.5	24.2282	22.232	0	-0.891756	-0.452516	0	None	None
ChainingRodShaped	5778	2.18571	0.5	29.5579	31.1353	0	-0.98537	0.170431	0	None	None
ChainingRodShaped	5780	2.15773	0.5	-18.7047	20.7821	0	0.67304	-0.739606	0	None	None
ChainingRodShaped	5782	2.29106	0.5	28.2288	46.8431	0	-0.424699	-0.905335	0	None	None
ChainingRodShaped	5784	2.04749	0.5	-2.79874	52.767	0	0.511215	-0.859453	0	None	5783
ChainingRodShaped	5786	2.20396	0.5	-21.4025	53.8128	0	0.950421	-0.310966	0	None	None
ChainingRodShaped	5788	2.11943	0.5	27.8645	44.315	0	-0.597126	-0.802148	0	None	None
ChainingRodShaped	5790	2.23883	0.5	-21.3742	39.2364	0	0.33371	0.942676	0	None	None
ChainingRodShaped	5792	2.11665	0.5	36.4567	43.3392	0	0.394713	-0.918804	0	None	None
ChainingRodShaped	5794	2.11098	0.5	25.785	48.448	0	-0.71905	-0.694959	0	None	None
ChainingRodShaped	5796	2.14319	0.5	-10.6915	48.3662	0	-0.302938	0.95301	0	None	None
ChainingRodShaped	5798	2.1889	0.5	-20.7359	44.0239	0	-0.839996	-0.542593	0	None	None
ChainingRodShaped	5800	2.07477	0.5	-13.4009	22.7123	0	0.846808	0.531899	0	None	None
ChainingRodShaped	5802	2.07073	0.5	-13.6398	44.2803	0	0.444297	0.89588	0	None	None
ChainingRodShaped	5804	2.08516	0.5	-15.4909	42.4679	0	0.195739	0.980656	0	None	None
ChainingRodShaped	5806	2.12872	0.5	-14.8783	47.8708	0	-0.342045	0.939684	0	None	None
ChainingRodShaped	5808	2.07242	0.5	-30.2318	48.7401	0	0.0216062	0.999767	0	None	None
ChainingRodShaped	5810	2.05609	0.5	9.94946	45.9286	0	-0.912341	-0.409431	0	None	None
ChainingRodShaped	5812	2.01997	0.5	11.6793	30.4594	0	-0.197099	0.980384	0	None	None
ChainingRodShaped	5814	2.02902	0.5	-13.7421	30.5028	0	0.0696843	-0.997569	0	None	None
ChainingRodShaped	5816	2.00557	0.5	-17.9003	25.3534	0	-0.331404	0.943489	0	None	None
