cell_type	cell_id	length	radius	pos_x	pos_y	pos_z	ori_x	ori_y	ori_z	lower_link	upper_link
ChainingRodShaped	4887	4.6412	0.5	-23.2834	39.7686	0	-0.0253052	-0.99968	0	None	None
ChainingRodShaped	4221	3.16425	0.5	26.6262	33.2387	0	0.227002	-0.973894	0	4222	None
ChainingRodShaped	4837	4.57061	0.5	7.1076	31.2198	0	-0.663524	-0.748155	0	None	None
ChainingRodShaped	4217	3.24383	0.5	-38.391	34.8692	0	0.829841	-0.558	0	4218	None
ChainingRodShaped	4829	3.95299	0.5	17.5421	17.7734	0	0.990982	-0.133995	0	None	None
ChainingRodShaped	4213	4.89597	0.5	-12.7213	34.8121	0	-0.164245	0.98642	0	4214	None
ChainingRodShaped	4211	4.41316	0.5	-7.52784	26.899	0	0.338051	0.941128	0	4212	None
ChainingRodShaped	4209	3.78803	0.5	13.483	32.6078	0	0.967504	-0.252858	0	4210	None
ChainingRodShaped	4207	4.35636	0.5	26.9664	36.1213	0	0.227527	-0.973772	0	4208	None
ChainingRodShaped	4883	4.22856	0.5	-10.3684	31.0936	0	-0.200524	-0.979689	0	None	None
ChainingRodShaped	5103	2.25132	0.5	26.1149	43.7667	0	-0.83436	0.55122	0	5104	None
ChainingRodShaped	5279	2.30422	0.5	-6.08884	47.0381	0	-0.206382	-0.978471	0	None	None
ChainingRodShaped	5091	3.46263	0.5	3.34851	37.9763	0	-0.420815	-0.907146	0	None	None
ChainingRodShaped	4197	3.95338	0.5	-38.2624	52.6096	0	0.811572	0.584252	0	4198	None
ChainingRodShaped	4717	4.52821	0.5	-29.8267	41.8143	0	0.353354	0.93549	0	None	None
ChainingRodShaped	5007	3.87314	0.5	30.2838	44.1931	0	-0.980643	0.195803	0	None	None
ChainingRodShaped	4735	3.58211	0.5	-16.2167	17.8984	0	-0.751412	-0.659833	0	None	None
ChainingRodShaped	5129	2.86151	0.5	-23.2319	14.9637	0	-0.0816818	-0.996658	0	None	None
ChainingRodShaped	5095	3.11084	0.5	-4.58892	19.932	0	-0.964255	0.264976	0	None	None
ChainingRodShaped	5011	2.25728	0.5	22.5064	46.4042	0	0.999397	-0.0347364	0	5012	None
ChainingRodShaped	5089	2.5678	0.5	5.69726	24.7251	0	-0.992883	0.119091	0	None	None
ChainingRodShaped	4181	4.82891	0.5	-19.2092	32.0901	0	0.313206	0.949685	0	4182	None
ChainingRodShaped	4971	2.82025	0.5	6.09326	26.8144	0	-0.667997	-0.744164	0	None	None
ChainingRodShaped	4177	4.52668	0.5	-37.8899	28.5837	0	-0.729215	-0.684284	0	4178	None
ChainingRodShaped	5027	2.16865	0.5	30.9021	27.1706	0	0.0319432	-0.99949	0	5028	None
ChainingRodShaped	4173	3.37517	0.5	7.38474	50.0143	0	-0.974584	-0.22402	0	4174	None
ChainingRodShaped	4913	2.97533	0.5	-29.4327	47.6812	0	0.749059	0.662504	0	None	None
ChainingRodShaped	5019	2.30041	0.5	34.7386	32.5165	0	-0.19235	-0.981326	0	5020	None
ChainingRodShaped	4759	3.95622	0.5	26.4363	27.4073	0	-0.0701216	-0.997538	0	None	None
ChainingRodShaped	4741	4.32412	0.5	-17.4207	22.4739	0	0.322656	0.946516	0	None	None
ChainingRodShaped	4969	3.15967	0.5	-26.4449	45.8129	0	-0.905486	0.424376	0	None	None
ChainingRodShaped	4161	4.66665	0.5	-5.13917	44.751	0	-0.988965	0.148153	0	4162	None
ChainingRodShaped	5281	2.05784	0.5	15.3113	51.813	0	-0.867269	0.49784	0	5282	None
ChainingRodShaped	4157	4.29504	0.5	28.1303	47.1671	0	0.565028	-0.825072	0	4158	None
ChainingRodShaped	5087	3.44911	0.5	11.7157	54.1366	0	0.679119	0.734029	0	None	None
ChainingRodShaped	4153	4.43345	0.5	-24.0732	26.5288	0	0.256343	0.966586	0	4979	None
ChainingRodShaped	4663	3.89615	0.5	31.7903	47.7605	0	-0.985686	0.168591	0	None	None
ChainingRodShaped	4839	4.78057	0.5	-35.6876	41.5281	0	-0.121317	-0.992614	0	None	None
ChainingRodShaped	4609	4.27553	0.5	-5.43764	27.06	0	-0.352581	-0.935781	0	None	None
ChainingRodShaped	4931	3.69437	0.5	-8.55069	21.2738	0	0.329513	0.944151	0	None	None
ChainingRodShaped	4143	4.50308	0.5	-26.2246	40.0669	0	0.389845	-0.92088	0	4144	None
ChainingRodShaped	5003	2.26956	0.5	-20.9872	37.0569	0	-0.855454	0.517878	0	5004	None
ChainingRodShaped	5057	2.1338	0.5	25.535	47.8952	0	0.374149	0.927368	0	5058	None
ChainingRodShaped	5081	3.2209	0.5	28.6972	35.9452	0	-0.603578	0.797304	0	None	None
ChainingRodShaped	4135	3.70445	0.5	-7.73724	49.0531	0	-0.13769	-0.990475	0	4136	None
ChainingRodShaped	4133	3.77194	0.5	12.0174	22.936	0	0.99108	-0.133266	0	4134	None
ChainingRodShaped	4131	4.07241	0.5	-10.7699	16.1573	0	-0.979831	0.199828	0	4132	None
ChainingRodShaped	4851	3.08322	0.5	-1.77343	47.7079	0	-0.9766	-0.215063	0	None	None
ChainingRodShaped	4127	4.97023	0.5	9.51641	40.1109	0	0.85657	0.51603	0	4128	None
ChainingRodShaped	5267	2.31879	0.5	-34.0503	33.5322	0	-0.722504	-0.691367	0	None	None
ChainingRodShaped	5147	2.71448	0.5	-37.733	43.4135	0	0.0761825	-0.997094	0	None	None
ChainingRodShaped	4557	4.73042	0.5	-39.2119	49.2909	0	-0.966137	-0.258028	0	None	None
ChainingRodShaped	4119	3.21168	0.5	11.6227	52.2462	0	-0.926422	-0.376487	0	4120	None
ChainingRodShaped	4117	4.2064	0.5	-34.9047	34.0817	0	-0.709456	-0.70475	0	4118	None
ChainingRodShaped	5189	2.77367	0.5	5.68313	38.9226	0	-0.852586	-0.522586	0	None	None
ChainingRodShaped	4885	3.80452	0.5	42.2654	47.0338	0	0.784915	-0.619604	0	None	None
ChainingRodShaped	4477	4.96248	0.5	-11.0849	57.4284	0	0.953992	0.299832	0	None	None
ChainingRodShaped	5037	2.72014	0.5	-9.8587	28.8203	0	-0.365397	-0.930852	0	None	None
ChainingRodShaped	4107	3.30781	0.5	-44.7983	49.1414	0	-0.812622	-0.582791	0	4108	None
ChainingRodShaped	4941	3.12196	0.5	19.0899	15.8435	0	0.750984	0.66032	0	None	None
ChainingRodShaped	5021	2.26426	0.5	7.7873	30.482	0	0.635503	0.772098	0	5022	None
ChainingRodShaped	4104	3.68125	0.5	3.1967	24.8692	0	0.631438	0.775427	0	None	5022
ChainingRodShaped	4825	4.72859	0.5	16.0157	16.1967	0	0.979934	0.199323	0	None	None
ChainingRodShaped	4108	3.32966	0.5	-41.2889	51.6585	0	-0.812551	-0.58289	0	None	4107
ChainingRodShaped	5069	3.48606	0.5	-10.5434	37.5363	0	-0.882921	-0.469521	0	None	None
ChainingRodShaped	5033	3.27656	0.5	-10.7634	55.4518	0	0.950491	0.310754	0	None	None
ChainingRodShaped	4779	4.76028	0.5	40.4253	53.1818	0	0.999893	0.0146083	0	None	None
ChainingRodShaped	5097	2.6037	0.5	21.9651	42.8984	0	0.746791	0.665059	0	None	None
ChainingRodShaped	4118	4.85187	0.5	-30.9815	37.9759	0	-0.710009	-0.704192	0	None	4117
ChainingRodShaped	4120	4.43942	0.5	16.0913	54.061	0	-0.926592	-0.376068	0	None	4119
ChainingRodShaped	5203	2.34894	0.5	-33.2659	50.4306	0	-0.486637	-0.873604	0	None	None
ChainingRodShaped	4797	4.61624	0.5	-38.9407	41.4785	0	0.942582	-0.333973	0	None	None
ChainingRodShaped	5127	3.03237	0.5	-32.1937	29.3971	0	-0.959475	-0.281793	0	None	None
ChainingRodShaped	4128	3.20595	0.5	5.16252	37.4874	0	0.856523	0.516109	0	None	4127
ChainingRodShaped	4907	3.53398	0.5	-1.65254	50.0437	0	-0.52712	-0.849791	0	None	None
ChainingRodShaped	4132	3.91046	0.5	-5.88081	15.159	0	-0.97973	0.200323	0	None	4131
ChainingRodShaped	4134	4.50756	0.5	6.92579	23.6088	0	0.991642	-0.129017	0	None	4133
ChainingRodShaped	4136	4.84084	0.5	-7.01641	54.2747	0	-0.136094	-0.990696	0	None	4135
ChainingRodShaped	5125	3.10778	0.5	29.6834	28.9364	0	0.0854939	0.996339	0	None	None
ChainingRodShaped	5261	2.08879	0.5	23.15	42.0033	0	0.376611	0.926371	0	5262	5058
ChainingRodShaped	4142	3.73378	0.5	-14.8522	33.2908	0	-0.848436	0.529298	0	None	5004
ChainingRodShaped	4144	3.80635	0.5	-28.2345	44.8134	0	0.390065	-0.920787	0	None	4143
ChainingRodShaped	4795	3.34376	0.5	-2.17384	22.2976	0	-0.935583	-0.353106	0	None	None
ChainingRodShaped	4827	3.74313	0.5	-9.7733	23.4833	0	-0.339893	-0.940464	0	None	None
ChainingRodShaped	5181	2.47137	0.5	-27.7296	53.061	0	-0.70702	-0.707193	0	None	None
ChainingRodShaped	4745	4.5816	0.5	37.9004	51.964	0	-0.995174	-0.0981287	0	None	None
ChainingRodShaped	4979	2.24844	0.5	-25.1881	22.3346	0	0.257665	0.966234	0	4980	4153
ChainingRodShaped	4929	3.21502	0.5	9.68473	48.5616	0	0.97095	0.239281	0	None	None
ChainingRodShaped	4158	4.39517	0.5	25.1072	51.5767	0	0.565863	-0.8245	0	None	4157
ChainingRodShaped	4160	3.86993	0.5	21.4132	48.3198	0	-0.868376	0.495907	0	None	5282
ChainingRodShaped	4162	3.66363	0.5	-0.031023	43.9928	0	-0.989389	0.145291	0	None	4161
ChainingRodShaped	4957	4.21363	0.5	-20.1219	45.5841	0	-0.293313	0.956016	0	None	None
ChainingRodShaped	4761	3.40462	0.5	-11.8313	19.5199	0	0.641147	0.767418	0	None	None
ChainingRodShaped	5065	2.62896	0.5	23.4663	29.5342	0	0.737957	-0.674848	0	None	None
ChainingRodShaped	4170	3.2195	0.5	36.1031	39.4823	0	-0.192043	-0.981387	0	None	5020
ChainingRodShaped	5241	2.71079	0.5	-30.2043	43.9883	0	0.605799	0.795618	0	None	None
ChainingRodShaped	4174	3.99629	0.5	11.9497	51.059	0	-0.974996	-0.222222	0	None	4173
ChainingRodShaped	5183	2.09143	0.5	30.6941	33.5964	0	0.032867	-0.99946	0	5184	5028
ChainingRodShaped	4178	4.69827	0.5	-33.7979	32.4226	0	-0.729382	-0.684107	0	None	4177
ChainingRodShaped	4469	4.82799	0.5	10.541	27.0336	0	-0.948106	-0.317956	0	None	None
ChainingRodShaped	4182	3.95875	0.5	-20.9224	26.9765	0	0.322918	0.946427	0	None	4181
ChainingRodShaped	5335	2.01004	0.5	12.3594	21.7274	0	-0.954027	0.29972	0	None	None
ChainingRodShaped	4186	3.79662	0.5	15.093	46.6532	0	0.99947	-0.0325622	0	None	5012
ChainingRodShaped	4843	3.73	0.5	-0.169882	15.247	0	-0.791086	0.611705	0	None	None
ChainingRodShaped	4919	3.18016	0.5	-24.8969	18.0292	0	-0.168463	-0.985708	0	None	None
ChainingRodShaped	4531	4.69977	0.5	-16.6595	20.1985	0	-0.724174	-0.689617	0	None	None
ChainingRodShaped	5221	2.80054	0.5	29.7781	46.5424	0	-0.582131	0.813095	0	None	None
ChainingRodShaped	5117	2.61826	0.5	-27.8102	41.3194	0	-0.3817	0.924286	0	None	None
ChainingRodShaped	4198	4.87491	0.5	-42.656	49.4473	0	0.811653	0.58414	0	None	4197
ChainingRodShaped	4819	3.81263	0.5	6.6508	40.6299	0	-0.8548	-0.518957	0	None	None
ChainingRodShaped	5243	2.67931	0.5	-4.37677	47.6812	0	-0.621899	-0.783098	0	None	None
ChainingRodShaped	5231	2.10203	0.5	31.3884	40.2833	0	-0.834412	0.551142	0	5232	5104
ChainingRodShaped	4533	4.4129	0.5	-8.79831	41.3635	0	0.946045	0.324035	0	None	None
ChainingRodShaped	4208	3.80266	0.5	25.8082	41.0662	0	0.228645	-0.97351	0	None	4207
ChainingRodShaped	4210	4.93559	0.5	8.29484	33.9583	0	0.967909	-0.2513	0	None	4209
ChainingRodShaped	4212	4.52125	0.5	-9.37839	21.7556	0	0.338938	0.940809	0	None	4211
ChainingRodShaped	4214	4.40806	0.5	-11.7987	29.2432	0	-0.162759	0.986666	0	None	4213
ChainingRodShaped	5253	2.26991	0.5	9.94242	17.7435	0	0.770415	-0.637543	0	None	None
ChainingRodShaped	4218	3.29807	0.5	-41.9354	37.2514	0	0.83008	-0.557644	0	None	4217
ChainingRodShaped	5119	2.59507	0.5	2.04745	30.7957	0	-0.194588	-0.980885	0	None	None
ChainingRodShaped	4222	3.46636	0.5	25.6456	37.4411	0	0.22753	-0.973771	0	None	4221
ChainingRodShaped	4699	4.1238	0.5	-22.4623	48.6611	0	-0.735769	-0.677233	0	None	None
ChainingRodShaped	4685	4.31799	0.5	-38.352	51.2971	0	-0.819915	-0.572485	0	None	None
ChainingRodShaped	4943	3.9919	0.5	-27.0901	27.8595	0	0.0738087	0.997272	0	None	None
ChainingRodShaped	4763	4.40224	0.5	-34.0869	47.0385	0	-0.846902	-0.531749	0	None	None
ChainingRodShaped	4807	3.2372	0.5	-23.6845	17.8413	0	-0.30893	-0.951085	0	None	None
ChainingRodShaped	4893	4.50579	0.5	23.0833	32.3084	0	0.485573	-0.874196	0	None	None
ChainingRodShaped	4495	4.88141	0.5	-29.4691	50.2031	0	-0.76094	-0.648822	0	None	None
ChainingRodShaped	4891	3.84855	0.5	-22.0923	47.6958	0	-0.72896	-0.684556	0	None	None
ChainingRodShaped	5191	2.66033	0.5	11.8571	26.4573	0	-0.951239	-0.308455	0	None	None
ChainingRodShaped	4831	4.88157	0.5	7.99347	27.3934	0	-0.688918	-0.724839	0	None	None
ChainingRodShaped	5271	2.41692	0.5	-12.8947	49.3339	0	0.409614	0.912259	0	None	None
ChainingRodShaped	4899	3.43064	0.5	-32.8504	30.2328	0	-0.961023	-0.276467	0	None	None
ChainingRodShaped	4841	3.40437	0.5	-13.5438	26.9668	0	0.0669749	-0.997755	0	None	None
ChainingRodShaped	5073	3.55815	0.5	-9.18937	47.4797	0	-0.277604	-0.960696	0	None	None
ChainingRodShaped	4903	3.19435	0.5	-9.14224	40.2412	0	0.949238	0.314559	0	None	None
ChainingRodShaped	5063	3.5158	0.5	-14.9482	56.0795	0	0.499895	0.866086	0	None	None
ChainingRodShaped	4671	4.35244	0.5	38.8101	44.132	0	-0.737976	0.674827	0	None	None
ChainingRodShaped	4889	4.61197	0.5	37.9022	49.7968	0	-0.907145	0.420817	0	None	None
ChainingRodShaped	4953	3.49873	0.5	-12.0361	21.1319	0	0.530554	0.847651	0	None	None
ChainingRodShaped	4793	4.47398	0.5	-7.0649	20.8947	0	-0.0211678	-0.999776	0	None	None
ChainingRodShaped	4985	3.65356	0.5	44.2565	51.4596	0	-0.983194	-0.182565	0	None	None
ChainingRodShaped	4593	4.61924	0.5	11.0989	16.0941	0	0.971022	0.238991	0	None	None
ChainingRodShaped	4973	4.31017	0.5	-2.6118	28.244	0	0.316685	-0.948531	0	None	None
ChainingRodShaped	5121	2.7359	0.5	21.5839	32.4114	0	0.669645	-0.742682	0	None	None
ChainingRodShaped	5043	3.15692	0.5	14.4554	25.5616	0	-0.991044	0.133539	0	None	None
ChainingRodShaped	5139	2.71687	0.5	-19.3185	49.5917	0	-0.466443	-0.884551	0	None	None
ChainingRodShaped	5175	2.87468	0.5	-22.9499	35.9119	0	-0.76541	0.643543	0	None	None
ChainingRodShaped	5197	2.5366	0.5	13.6285	37.9631	0	0.953633	0.300973	0	None	None
ChainingRodShaped	4601	4.85877	0.5	-30.5343	52.7743	0	-0.584094	-0.811686	0	None	None
ChainingRodShaped	4769	4.5794	0.5	21.8666	21.9571	0	-0.726424	0.687246	0	None	None
ChainingRodShaped	4481	4.97244	0.5	6.23347	37.0099	0	-0.861605	-0.50758	0	None	None
ChainingRodShaped	4709	4.51993	0.5	-9.20979	36.8077	0	-0.678462	-0.734635	0	None	None
ChainingRodShaped	4585	4.90299	0.5	-19.4753	28.2132	0	-0.323723	-0.946152	0	None	None
ChainingRodShaped	5123	2.70366	0.5	8.57947	17.6082	0	0.761574	-0.648078	0	None	None
ChainingRodShaped	4965	4.22449	0.5	-37.0905	36.1515	0	0.468105	-0.883673	0	None	None
ChainingRodShaped	5217	2.44776	0.5	6.57039	42.3118	0	-0.540906	-0.841083	0	None	None
ChainingRodShaped	5229	2.46179	0.5	-0.22737	55.2245	0	-0.999978	0.00666833	0	None	None
ChainingRodShaped	4655	3.91147	0.5	11.5085	49.9681	0	0.976681	0.214697	0	None	None
ChainingRodShaped	4775	3.81048	0.5	0.765854	36.2707	0	0.240847	-0.970563	0	None	None
ChainingRodShaped	5165	2.66724	0.5	-12.5038	15.534	0	-0.977211	0.212271	0	None	None
ChainingRodShaped	4999	3.18049	0.5	-32.4096	45.84	0	0.607515	0.794308	0	None	None
ChainingRodShaped	4849	3.72348	0.5	6.12666	13.4384	0	0.822669	-0.568521	0	None	None
ChainingRodShaped	5001	3.24798	0.5	-9.8859	41.9875	0	-0.942759	-0.333476	0	None	None
ChainingRodShaped	4791	3.93695	0.5	1.21911	31.592	0	-0.188426	-0.982087	0	None	None
ChainingRodShaped	5053	3.69424	0.5	-21.8593	44.654	0	-0.0546136	0.998508	0	None	None
ChainingRodShaped	5321	2.04681	0.5	36.21	55.5334	0	0.863637	0.504113	0	None	None
ChainingRodShaped	5155	3.16323	0.5	13.1501	43.2495	0	-0.998927	0.0463116	0	None	None
ChainingRodShaped	4945	3.16592	0.5	-2.09428	13.0303	0	-0.787488	0.616329	0	None	None
ChainingRodShaped	5291	2.34897	0.5	5.98579	46.0936	0	0.764081	0.64512	0	None	None
ChainingRodShaped	5009	2.91993	0.5	-29.8264	36.8698	0	0.344332	0.938848	0	None	None
ChainingRodShaped	4959	4.48358	0.5	-42.2764	40.1345	0	0.402556	-0.915395	0	None	None
ChainingRodShaped	4505	4.67652	0.5	34.1354	50.5808	0	0.870514	-0.492144	0	None	None
ChainingRodShaped	4987	3.10127	0.5	-8.96232	28.4931	0	-0.35607	-0.934459	0	None	None
ChainingRodShaped	5225	2.45799	0.5	-39.443	43.322	0	0.66082	-0.750544	0	None	None
ChainingRodShaped	5209	2.90184	0.5	1.40646	51.3525	0	-0.950943	-0.309367	0	None	None
ChainingRodShaped	5275	2.33864	0.5	-3.43616	52.6795	0	-0.515475	-0.856905	0	None	None
ChainingRodShaped	5233	2.45855	0.5	-25.6765	52.3035	0	-0.744125	-0.66804	0	None	None
ChainingRodShaped	4679	4.9099	0.5	-28.519	23.1627	0	0.981516	-0.191381	0	None	None
ChainingRodShaped	4823	4.23637	0.5	16.6081	26.3391	0	-0.995235	0.09751	0	None	None
ChainingRodShaped	4939	4.45132	0.5	43.3774	49.9016	0	-0.976046	0.217566	0	None	None
ChainingRodShaped	4789	3.92679	0.5	-5.60512	16.0888	0	-0.980154	0.198237	0	None	None
ChainingRodShaped	4911	4.30724	0.5	-31.885	31.5279	0	-0.962165	-0.272468	0	None	None
ChainingRodShaped	5077	3.27465	0.5	24.5617	37.7962	0	0.228584	-0.973524	0	None	None
ChainingRodShaped	4947	3.04355	0.5	15.0092	29.2936	0	-0.868897	-0.494992	0	None	None
ChainingRodShaped	5245	2.59713	0.5	-16.6306	18.8751	0	-0.730194	-0.683239	0	None	None
ChainingRodShaped	5143	3.23603	0.5	-1.88083	31.151	0	-0.0918483	-0.995773	0	None	None
ChainingRodShaped	5079	2.66172	0.5	-27.6758	22.0018	0	0.982189	-0.187895	0	None	None
ChainingRodShaped	5071	2.89458	0.5	40.5107	45.3726	0	-0.919404	0.393314	0	None	None
ChainingRodShaped	5211	2.77955	0.5	-4.1303	22.5901	0	-0.939067	-0.343734	0	None	None
ChainingRodShaped	4967	2.96469	0.5	-18.8623	48.4251	0	-0.475266	-0.879842	0	None	None
ChainingRodShaped	4607	4.96208	0.5	19.4462	36.2483	0	0.628707	-0.777642	0	None	None
ChainingRodShaped	4989	4.0298	0.5	-21.9937	15.047	0	-0.217314	-0.976102	0	None	None
ChainingRodShaped	4895	3.45872	0.5	-13.1162	42.9081	0	-0.508326	-0.861165	0	None	None
ChainingRodShaped	4743	4.42436	0.5	10.6775	19.3383	0	0.474057	-0.880494	0	None	None
ChainingRodShaped	4661	3.79303	0.5	-14.527	27.317	0	0.0786763	-0.9969	0	None	None
ChainingRodShaped	4691	4.02305	0.5	-24.2716	35.8061	0	-0.758934	0.651168	0	None	None
ChainingRodShaped	4991	2.8648	0.5	-20.6481	23.3409	0	-0.746982	-0.664844	0	None	None
ChainingRodShaped	4863	4.29683	0.5	-21.3271	30.5988	0	0.570859	0.821048	0	None	None
ChainingRodShaped	5013	3.15299	0.5	-12.0088	39.0037	0	0.97637	-0.216105	0	None	None
ChainingRodShaped	4925	3.79584	0.5	12.6865	34.3826	0	0.847478	-0.530831	0	None	None
ChainingRodShaped	4753	4.89088	0.5	-9.23317	52.2241	0	-0.104356	-0.99454	0	None	None
ChainingRodShaped	4997	3.08317	0.5	16.6968	32.6746	0	0.935125	-0.354317	0	None	None
ChainingRodShaped	5265	2.44686	0.5	-14.4213	42.6146	0	-0.516825	-0.856091	0	None	None
ChainingRodShaped	5049	2.97669	0.5	13.5339	23.7124	0	-0.989698	0.14317	0	None	None
ChainingRodShaped	4765	3.43625	0.5	7.97068	45.2554	0	-0.754459	-0.656347	0	None	None
ChainingRodShaped	5207	2.33428	0.5	11.0849	12.9648	0	0.889812	0.456328	0	None	None
ChainingRodShaped	4961	3.10094	0.5	-18.6294	16.0562	0	0.0928768	0.995678	0	None	None
ChainingRodShaped	5083	2.77925	0.5	0.491718	56.372	0	-0.993513	-0.113715	0	None	None
ChainingRodShaped	5061	3.51584	0.5	-6.9904	25.5857	0	-0.343203	-0.939261	0	None	None
ChainingRodShaped	4857	3.45472	0.5	-26.8554	56.5603	0	-0.730532	-0.682878	0	None	None
ChainingRodShaped	4707	4.06701	0.5	19.7661	22.6135	0	-0.720612	0.693339	0	None	None
ChainingRodShaped	5029	2.93407	0.5	-35.123	47.5401	0	-0.845908	-0.533329	0	None	None
ChainingRodShaped	5161	3.01547	0.5	1.44548	25.8849	0	-0.652763	-0.757562	0	None	None
ChainingRodShaped	5075	2.76727	0.5	15.2216	19.6463	0	-0.855535	0.517744	0	None	None
ChainingRodShaped	4755	4.3941	0.5	17.6386	39.1496	0	0.859187	0.511661	0	None	None
ChainingRodShaped	4833	3.51946	0.5	5.63011	17.361	0	0.998427	-0.0560754	0	None	None
ChainingRodShaped	4695	3.87526	0.5	27.5144	28.7354	0	0.0731028	0.997324	0	None	None
ChainingRodShaped	5273	2.33354	0.5	-4.74562	49.704	0	-0.145607	-0.989342	0	None	None
ChainingRodShaped	5167	3.03702	0.5	-29.485	28.1251	0	0.965892	0.258947	0	None	None
ChainingRodShaped	4963	3.87756	0.5	-18.6298	39.7076	0	-0.623632	0.781718	0	None	None
ChainingRodShaped	4783	3.31907	0.5	-25.8467	48.2913	0	-0.750317	-0.661078	0	None	None
ChainingRodShaped	5263	2.3997	0.5	47.7555	52.7315	0	-0.99787	-0.0652286	0	None	None
ChainingRodShaped	5205	2.84828	0.5	-15.6489	12.9206	0	-0.656682	0.754167	0	None	None
ChainingRodShaped	5173	3.05433	0.5	-13.3116	14.5988	0	-0.934958	0.354758	0	None	None
ChainingRodShaped	5179	2.68632	0.5	-16.034	45.5721	0	0.49685	0.867836	0	None	None
ChainingRodShaped	5249	2.45644	0.5	41.854	54.1996	0	-0.99989	-0.0148206	0	None	None
ChainingRodShaped	4853	3.54143	0.5	-27.034	48.5075	0	-0.748814	-0.66278	0	None	None
ChainingRodShaped	4739	4.04223	0.5	-34.2182	55.526	0	-0.825269	-0.56474	0	None	None
ChainingRodShaped	4975	3.77697	0.5	-21.7839	23.6138	0	-0.7403	-0.672277	0	None	None
ChainingRodShaped	4935	4.3242	0.5	1.40093	47.4026	0	0.978525	0.20613	0	None	None
ChainingRodShaped	5085	2.81458	0.5	14.8692	49.0487	0	0.130373	0.991465	0	None	None
ChainingRodShaped	5157	2.76803	0.5	13.8782	44.4827	0	-0.984637	-0.174614	0	None	None
ChainingRodShaped	5327	2.04748	0.5	11.7146	42.3498	0	-0.994244	0.107137	0	None	None
ChainingRodShaped	5287	2.31345	0.5	26.2529	22.2922	0	0.444627	0.895716	0	None	None
ChainingRodShaped	4703	4.6065	0.5	2.31516	45.5378	0	0.96493	0.262507	0	None	None
ChainingRodShaped	5031	3.63117	0.5	35.2788	45.5188	0	-0.859426	0.511261	0	None	None
ChainingRodShaped	5215	2.40222	0.5	34.3511	42.0119	0	-0.999129	-0.0417279	0	None	None
ChainingRodShaped	4657	4.51227	0.5	-31.3382	44.0791	0	0.603857	0.797093	0	None	None
ChainingRodShaped	4869	3.95536	0.5	-19.881	37.7267	0	-0.79267	0.609651	0	None	None
ChainingRodShaped	4917	4.32411	0.5	23.5076	17.7667	0	0.519564	0.854432	0	None	None
ChainingRodShaped	4927	4.27533	0.5	0.0421292	35.1488	0	0.235457	-0.971885	0	None	None
ChainingRodShaped	5017	3.24436	0.5	-44.1204	46.5636	0	0.591447	0.806344	0	None	None
ChainingRodShaped	4749	4.25331	0.5	2.86837	18.9247	0	0.961042	-0.276404	0	None	None
ChainingRodShaped	5159	3.02292	0.5	16.9184	28.2897	0	-0.996881	0.0789161	0	None	None
ChainingRodShaped	4472	4.70126	0.5	-5.25234	42.8353	0	-0.990878	0.134764	0	None	None
ChainingRodShaped	4474	4.82052	0.5	-19.727	55.542	0	-0.483322	-0.875443	0	None	None
ChainingRodShaped	4733	3.99284	0.5	4.11354	11.8037	0	-0.940399	0.340074	0	None	None
ChainingRodShaped	4689	4.32133	0.5	-10.9009	56.437	0	0.951573	0.307424	0	None	None
ChainingRodShaped	4737	4.13078	0.5	-15.6543	48.2873	0	0.474161	0.880438	0	None	None
ChainingRodShaped	5259	2.5302	0.5	10.2695	39.496	0	-0.8617	-0.507418	0	None	None
ChainingRodShaped	5195	2.91738	0.5	-1.14171	28.769	0	-0.0999688	-0.994991	0	None	None
ChainingRodShaped	5149	3.15552	0.5	-26.7064	43.6968	0	-0.392022	0.919956	0	None	None
ChainingRodShaped	4905	4.18011	0.5	0.135127	40.0259	0	0.41986	0.907589	0	None	None
ChainingRodShaped	5145	2.8514	0.5	30.574	54.3001	0	0.888358	0.459151	0	None	None
ChainingRodShaped	5171	3.10925	0.5	2.30956	52.6723	0	-0.950499	-0.310726	0	None	None
ChainingRodShaped	4983	3.3318	0.5	9.00305	14.4188	0	0.925625	-0.378441	0	None	None
ChainingRodShaped	4805	3.8942	0.5	-26.1207	50.5987	0	-0.749059	-0.662503	0	None	None
ChainingRodShaped	5309	2.19022	0.5	-38.6924	37.0297	0	0.429847	-0.902902	0	None	None
ChainingRodShaped	4801	4.72886	0.5	-25.1753	54.0891	0	-0.737407	-0.675448	0	None	None
ChainingRodShaped	5331	2.03034	0.5	-12.5813	27.3741	0	0.0699583	-0.99755	0	None	None
ChainingRodShaped	4855	4.121	0.5	-17.7873	57.0139	0	-0.485868	-0.874032	0	None	None
ChainingRodShaped	4751	4.29208	0.5	32.9224	50.1326	0	0.871296	-0.490759	0	None	None
ChainingRodShaped	5141	2.98646	0.5	5.75331	47.5202	0	0.962241	0.272197	0	None	None
ChainingRodShaped	4951	3.53656	0.5	-30.5117	32.9445	0	-0.972755	-0.231834	0	None	None
ChainingRodShaped	4859	3.62329	0.5	4.11295	21.6703	0	0.676689	-0.736269	0	None	None
ChainingRodShaped	5319	2.08808	0.5	-7.20072	31.6252	0	-0.304606	-0.952478	0	None	None
ChainingRodShaped	4993	3.17559	0.5	25.3696	29.2126	0	0.0758587	-0.997119	0	None	None
ChainingRodShaped	5023	3.75611	0.5	-44.575	39.8583	0	0.904875	-0.425677	0	None	None
ChainingRodShaped	5163	2.3968	0.5	2.21692	37.8111	0	-0.422928	-0.906163	0	None	None
ChainingRodShaped	4867	3.957	0.5	47.5203	48.9982	0	-0.954084	-0.29954	0	None	None
ChainingRodShaped	4923	4.67104	0.5	34.8995	53.6101	0	0.862857	0.505448	0	None	None
ChainingRodShaped	5333	2.02582	0.5	22.6565	27.6208	0	-0.725575	0.688143	0	None	None
ChainingRodShaped	5255	2.29751	0.5	-42.9038	43.1998	0	0.982031	-0.18872	0	None	None
ChainingRodShaped	4879	3.81123	0.5	-2.36147	11.837	0	-0.746136	0.665794	0	None	None
ChainingRodShaped	4799	4.53129	0.5	-16.0661	23.5081	0	-0.324105	-0.946021	0	None	None
ChainingRodShaped	4835	4.73281	0.5	-11.7691	43.3064	0	-0.505935	-0.862572	0	None	None
ChainingRodShaped	4915	4.16273	0.5	13.1884	29.3628	0	-0.866852	-0.498566	0	None	None
ChainingRodShaped	4811	4.82946	0.5	12.8057	19.9715	0	0.844972	-0.534811	0	None	None
ChainingRodShaped	5113	3.40429	0.5	-2.817	51.8214	0	-0.513397	-0.858151	0	None	None
ChainingRodShaped	4773	4.44243	0.5	19.6385	29.256	0	-0.999897	-0.014355	0	None	None
ChainingRodShaped	4861	4.68312	0.5	13.6783	45.7258	0	-0.999618	0.0276546	0	None	None
ChainingRodShaped	4809	4.50159	0.5	-30.1702	26.57	0	0.916736	0.399493	0	None	None
ChainingRodShaped	4933	3.90967	0.5	-8.5444	17.318	0	-0.992669	-0.120864	0	None	None
ChainingRodShaped	4871	4.11411	0.5	0.554243	26.429	0	-0.606828	-0.794833	0	None	None
ChainingRodShaped	4821	4.04853	0.5	-3.12975	24.3884	0	-0.857272	-0.514863	0	None	None
ChainingRodShaped	4921	4.6938	0.5	-4.39335	43.6609	0	-0.98948	0.14467	0	None	None
ChainingRodShaped	5295	2.16481	0.5	-26.0371	36.059	0	-0.752375	0.658735	0	None	None
ChainingRodShaped	5025	2.85078	0.5	-36.172	51.6059	0	-0.825378	-0.56458	0	None	None
ChainingRodShaped	5193	2.76329	0.5	-21.4165	56.8371	0	-0.94415	-0.329516	0	None	None
ChainingRodShaped	4875	4.67337	0.5	-6.53153	36.9249	0	-0.665171	-0.746691	0	None	None
ChainingRodShaped	4845	4.91611	0.5	4.07229	30.7141	0	-0.651185	-0.758919	0	None	None
ChainingRodShaped	5201	2.55431	0.5	44.0633	48.264	0	-0.831399	0.555676	0	None	None
ChainingRodShaped	4881	4.8301	0.5	-36.3141	48.9522	0	-0.467462	-0.884013	0	None	None
ChainingRodShaped	4877	4.17619	0.5	-4.38327	17.2818	0	-0.845982	0.533211	0	None	None
ChainingRodShaped	4873	3.63339	0.5	-11.0403	48.9085	0	-0.391265	-0.920278	0	None	None
ChainingRodShaped	5305	2.12682	0.5	13.9735	13.7057	0	0.736619	0.676308	0	None	None
ChainingRodShaped	5005	4.06416	0.5	36.3696	47.7802	0	0.982716	-0.18512	0	None	None
ChainingRodShaped	4909	4.1747	0.5	-24.8734	31.5543	0	0.080182	0.99678	0	None	None
ChainingRodShaped	4580	4.90846	0.5	-14.2499	38.3951	0	0.984586	-0.174901	0	None	None
ChainingRodShaped	4582	4.40389	0.5	3.752	51.0827	0	-0.955801	-0.294015	0	None	None
ChainingRodShaped	4865	4.63133	0.5	-20.2606	19.0783	0	-0.140804	-0.990038	0	None	None
ChainingRodShaped	4586	4.13705	0.5	-17.6827	31.842	0	-0.0243908	-0.999703	0	None	None
ChainingRodShaped	4588	4.24551	0.5	-13.925	49.481	0	0.458532	0.888678	0	None	None
ChainingRodShaped	4901	3.29288	0.5	-29.1317	53.0663	0	-0.588905	-0.808202	0	None	None
ChainingRodShaped	4592	4.25587	0.5	-26.1144	27.949	0	0.0702099	0.997532	0	None	None
ChainingRodShaped	5219	2.7269	0.5	6.7581	16.3184	0	0.998082	-0.0619137	0	None	None
ChainingRodShaped	4995	3.0363	0.5	-25.0124	47.7624	0	-0.755791	-0.654813	0	None	None
ChainingRodShaped	4598	4.55679	0.5	6.25221	35.9197	0	0.864065	0.50338	0	None	None
ChainingRodShaped	4600	4.34663	0.5	-20.671	33.1674	0	-0.579037	-0.815301	0	None	None
ChainingRodShaped	4602	4.34911	0.5	-29.2945	57.8889	0	0.11424	-0.993453	0	None	None
ChainingRodShaped	4955	3.83745	0.5	-6.05516	31.9858	0	-0.307753	-0.951466	0	None	None
ChainingRodShaped	4977	3.89466	0.5	-13.8847	13.7648	0	-0.932112	0.36217	0	None	None
ChainingRodShaped	4608	4.34935	0.5	20.4878	39.928	0	-0.662251	-0.749282	0	None	None
ChainingRodShaped	5107	3.19722	0.5	-3.27834	27.2452	0	0.307191	-0.951648	0	None	None
ChainingRodShaped	4612	4.49221	0.5	-16.408	55.4723	0	-0.491209	-0.871042	0	None	None
ChainingRodShaped	4937	4.60197	0.5	-19.5511	38.6676	0	-0.789672	0.613529	0	None	None
ChainingRodShaped	4897	4.34245	0.5	-34.5994	42.4174	0	0.116133	0.993234	0	None	None
ChainingRodShaped	4949	2.9906	0.5	-15.7745	42.2581	0	-0.525357	-0.850882	0	None	None
ChainingRodShaped	4620	4.71586	0.5	-17.5299	13.3888	0	-0.0629589	0.998016	0	None	None
ChainingRodShaped	5105	2.57836	0.5	-7.25522	14.4526	0	-0.977747	0.209786	0	None	None
ChainingRodShaped	5047	2.88872	0.5	2.82694	57.7148	0	-0.986082	-0.166261	0	None	None
ChainingRodShaped	5239	2.44777	0.5	10.3374	32.113	0	-0.999694	-0.0247211	0	None	None
ChainingRodShaped	4628	4.84479	0.5	19.3505	24.7533	0	-0.969289	0.245926	0	None	None
ChainingRodShaped	5045	2.84252	0.5	21.7188	18.7975	0	0.58077	0.814068	0	None	None
ChainingRodShaped	4632	4.73442	0.5	10.6984	36.2819	0	0.983507	0.180871	0	None	None
ChainingRodShaped	4634	4.42833	0.5	28.763	30.0409	0	0.148995	0.988838	0	None	None
ChainingRodShaped	4636	4.16586	0.5	16.906	34.0108	0	0.854231	-0.519894	0	None	None
ChainingRodShaped	5133	2.90896	0.5	45.3354	46.411	0	-0.931143	0.364654	0	None	None
ChainingRodShaped	5093	3.15111	0.5	16.1408	21.6327	0	-0.821158	0.5707	0	None	None
ChainingRodShaped	4981	3.49169	0.5	23.3105	36.0614	0	-0.134281	-0.990943	0	None	None
ChainingRodShaped	5015	2.80591	0.5	-16.4899	26.843	0	0.0607372	-0.998154	0	None	None
ChainingRodShaped	5035	3.4643	0.5	8.45899	52.7888	0	0.299868	0.953981	0	None	None
ChainingRodShaped	4648	4.1625	0.5	-18.1993	43.8243	0	0.518456	0.855105	0	None	None
ChainingRodShaped	5213	2.51722	0.5	18.8661	27.0854	0	-0.99063	0.136575	0	None	None
ChainingRodShaped	5041	2.94231	0.5	-9.66071	34.9001	0	-0.671078	-0.741386	0	None	None
ChainingRodShaped	5039	3.8177	0.5	4.50186	43.6196	0	-0.776758	-0.629799	0	None	None
ChainingRodShaped	4656	4.26664	0.5	2.7624	48.7555	0	0.970322	0.241815	0	None	None
ChainingRodShaped	5135	2.91572	0.5	-33.8435	40.3399	0	0.101234	0.994863	0	None	None
ChainingRodShaped	5101	2.9306	0.5	33.1107	45.6639	0	-0.730706	0.682693	0	None	None
ChainingRodShaped	5251	2.23346	0.5	-14.6801	23.6065	0	-0.585022	-0.811017	0	None	None
ChainingRodShaped	5055	3.74415	0.5	36.4726	46.7372	0	-0.984609	0.174773	0	None	None
ChainingRodShaped	4666	4.92974	0.5	41.9627	41.2694	0	-0.811858	-0.583856	0	None	None
ChainingRodShaped	4668	3.77211	0.5	10.3856	43.5262	0	-0.727166	-0.686461	0	None	None
ChainingRodShaped	4670	4.83464	0.5	17.9822	40.4649	0	0.863832	0.50378	0	None	None
ChainingRodShaped	5051	3.4871	0.5	41.2641	43.8864	0	-0.898411	0.439155	0	None	None
ChainingRodShaped	4674	4.04201	0.5	5.56057	56.3002	0	-0.950766	-0.30991	0	None	None
ChainingRodShaped	5099	3.11939	0.5	-27.4439	19.4986	0	0.558892	0.82924	0	None	None
ChainingRodShaped	5067	2.76448	0.5	-31.7895	39.3332	0	0.343981	0.938977	0	None	None
ChainingRodShaped	4680	3.79472	0.5	-28.3208	24.1156	0	0.980502	-0.19651	0	None	None
ChainingRodShaped	5301	2.15761	0.5	-8.53676	11.547	0	-0.999322	0.0368141	0	None	None
ChainingRodShaped	5169	2.6046	0.5	-6.7869	48.9199	0	-0.134174	-0.990958	0	None	None
ChainingRodShaped	5269	2.47026	0.5	-34.8366	53.8983	0	-0.821808	-0.569764	0	None	None
ChainingRodShaped	5237	2.40405	0.5	19.1224	44.1908	0	-0.998291	0.0584413	0	None	None
ChainingRodShaped	5059	2.90393	0.5	-14.0622	54.3872	0	0.0858821	0.996305	0	None	None
ChainingRodShaped	5247	2.49488	0.5	-21.4601	33.6634	0	0.570853	0.821053	0	None	None
ChainingRodShaped	5187	2.51386	0.5	-5.49053	41.4015	0	-0.966014	-0.25849	0	None	None
ChainingRodShaped	5111	3.28436	0.5	27.6817	25.6012	0	0.617634	0.786466	0	None	None
ChainingRodShaped	5177	2.67284	0.5	9.92228	25.1765	0	-0.99096	0.134155	0	None	None
ChainingRodShaped	4700	3.82209	0.5	-19.7063	52.2334	0	-0.163495	-0.986544	0	None	None
ChainingRodShaped	5277	2.21507	0.5	1.89882	20.2722	0	0.977775	-0.209655	0	None	None
ChainingRodShaped	4704	4.13302	0.5	-2.93555	45.3901	0	0.989491	-0.144593	0	None	None
ChainingRodShaped	5131	3.26116	0.5	27.9534	23.6225	0	0.377372	0.926062	0	None	None
ChainingRodShaped	5283	2.25642	0.5	22.7046	18.4794	0	0.575121	0.818068	0	None	None
ChainingRodShaped	5297	2.11516	0.5	-4.48627	40.5218	0	-0.99508	-0.0990786	0	None	None
ChainingRodShaped	4712	4.72445	0.5	-2.24669	36.3749	0	0.260912	-0.965363	0	None	None
ChainingRodShaped	4714	4.39404	0.5	-30.2318	57.4	0	0.114641	-0.993407	0	None	None
ChainingRodShaped	4716	3.8169	0.5	-16.5023	42.8935	0	0.524933	0.851144	0	None	None
ChainingRodShaped	5115	2.65975	0.5	-28.4529	40.3213	0	-0.356313	0.934367	0	None	None
ChainingRodShaped	4720	3.89733	0.5	-24.2408	39.8025	0	0.0319854	0.999488	0	None	None
ChainingRodShaped	4722	4.60877	0.5	16.0171	36.075	0	0.999888	0.014985	0	None	None
ChainingRodShaped	4724	3.90152	0.5	12.0055	47.1986	0	-0.893582	-0.448899	0	None	None
ChainingRodShaped	5185	2.60379	0.5	-11.9062	49.2745	0	-0.400419	-0.916332	0	None	None
ChainingRodShaped	5285	2.3492	0.5	-39.5383	44.9188	0	0.655278	-0.755387	0	None	None
ChainingRodShaped	5109	2.7726	0.5	10.4782	38.56	0	-0.866735	-0.498768	0	None	None
ChainingRodShaped	4732	4.3063	0.5	-16.6912	56.9644	0	-0.488812	-0.872389	0	None	None
ChainingRodShaped	4734	4.4592	0.5	3.83666	10.8559	0	-0.939923	0.341387	0	None	None
ChainingRodShaped	5227	2.46258	0.5	-13.4264	20.7041	0	-0.539003	-0.842304	0	None	None
ChainingRodShaped	4738	4.71194	0.5	-17.6547	46.6785	0	0.487261	0.873256	0	None	None
ChainingRodShaped	5151	2.46394	0.5	-34.3023	56.6719	0	-0.82536	-0.564606	0	None	None
ChainingRodShaped	5315	2.05229	0.5	-19.2051	19.6092	0	0.135058	0.990838	0	None	None
ChainingRodShaped	5153	2.49158	0.5	9.03444	20.3602	0	0.482838	-0.87571	0	None	None
ChainingRodShaped	5137	3.17875	0.5	39.7344	51.087	0	-0.97898	-0.203955	0	None	None
ChainingRodShaped	5329	2.04974	0.5	5.92604	55.1057	0	-0.912738	-0.408545	0	None	None
ChainingRodShaped	5199	2.37022	0.5	-1.25507	19.9755	0	0.97417	-0.225818	0	None	None
ChainingRodShaped	4752	3.82084	0.5	29.404	50.1196	0	0.993995	-0.109429	0	None	None
ChainingRodShaped	4754	4.63838	0.5	-7.87534	56.1035	0	-0.0847055	-0.996406	0	None	None
ChainingRodShaped	4756	3.58027	0.5	15.7398	37.049	0	0.99993	0.0118313	0	None	None
ChainingRodShaped	5223	2.28503	0.5	7.37141	53.0753	0	-0.412093	-0.911142	0	None	None
ChainingRodShaped	5311	2.12745	0.5	26.0964	31.2743	0	0.514766	-0.857331	0	None	None
ChainingRodShaped	4762	4.04435	0.5	-15.0085	16.1727	0	0.812347	0.583174	0	None	None
ChainingRodShaped	4764	4.57746	0.5	-29.0396	49.3128	0	-0.755647	-0.654979	0	None	None
ChainingRodShaped	4766	4.44477	0.5	11.9153	48.2277	0	-0.89205	-0.451936	0	None	None
ChainingRodShaped	4768	4.94102	0.5	-11.7885	24.537	0	-0.82312	-0.567868	0	None	None
ChainingRodShaped	4770	4.80346	0.5	23.7581	21.6551	0	-0.758863	0.65125	0	None	None
ChainingRodShaped	4772	3.71087	0.5	-46.4806	43.0506	0	0.977032	-0.213091	0	None	None
ChainingRodShaped	4774	3.55206	0.5	24.0542	27.6566	0	-0.731172	0.682193	0	None	None
ChainingRodShaped	4776	3.75811	0.5	2.07516	39.7622	0	-0.41383	-0.910354	0	None	None
ChainingRodShaped	5303	2.10422	0.5	-4.04393	54.2757	0	-0.168611	-0.985683	0	None	None
ChainingRodShaped	4780	4.68095	0.5	35.9024	53.0474	0	0.863248	0.504781	0	None	None
ChainingRodShaped	5307	2.07036	0.5	-6.47665	35.5645	0	-0.657687	-0.753291	0	None	None
ChainingRodShaped	4784	3.67233	0.5	-22.4849	51.2451	0	-0.742654	-0.669675	0	None	None
ChainingRodShaped	4786	4.99994	0.5	14.9251	40.4275	0	-0.952257	-0.305297	0	None	None
ChainingRodShaped	4788	4.04628	0.5	4.89424	22.2425	0	0.675342	-0.737505	0	None	None
ChainingRodShaped	4790	4.84564	0.5	-1.08613	13.4921	0	-0.78876	0.614701	0	None	None
ChainingRodShaped	4792	3.69177	0.5	-0.0222898	30.3477	0	-0.109913	-0.993941	0	None	None
ChainingRodShaped	4794	4.91307	0.5	-5.1911	25.0918	0	-0.361918	-0.93221	0	None	None
ChainingRodShaped	5235	2.7055	0.5	1.12698	23.7076	0	-0.518581	-0.855029	0	None	None
ChainingRodShaped	4798	4.05421	0.5	-41.8821	44.5815	0	0.668293	-0.743898	0	None	None
ChainingRodShaped	4800	3.9784	0.5	-15.6178	28.6109	0	0.0768118	-0.997046	0	None	None
ChainingRodShaped	4802	3.60438	0.5	-22.3883	58.2112	0	-0.678061	-0.735006	0	None	None
ChainingRodShaped	4804	3.72333	0.5	18.7028	19.591	0	-0.991993	0.12629	0	None	None
ChainingRodShaped	5325	2.04294	0.5	-23.1914	53.2383	0	-0.741231	-0.67125	0	None	None
ChainingRodShaped	5289	2.36578	0.5	-22.8146	20.7893	0	-0.839521	-0.543327	0	None	None
ChainingRodShaped	5257	2.22037	0.5	-31.6154	24.3543	0	0.662114	0.749404	0	None	None
ChainingRodShaped	4812	3.33152	0.5	8.78228	22.3927	0	0.990594	-0.136833	0	None	None
ChainingRodShaped	5317	2.04638	0.5	-30.4848	34.4736	0	-0.953798	0.300449	0	None	None
ChainingRodShaped	4816	3.53251	0.5	30.1577	52.9644	0	0.888388	0.459093	0	None	None
ChainingRodShaped	5299	2.1577	0.5	-40.1205	37.7413	0	0.420796	-0.907155	0	None	None
ChainingRodShaped	4820	3.85606	0.5	9.23599	43.7757	0	-0.733995	-0.679155	0	None	None
ChainingRodShaped	4822	3.24352	0.5	0.17099	27.4838	0	-0.614744	-0.788727	0	None	None
ChainingRodShaped	4824	3.43994	0.5	21.2925	25.3416	0	-0.930002	0.367554	0	None	None
ChainingRodShaped	4826	3.28529	0.5	12.0169	14.83	0	0.998702	-0.0509263	0	None	None
ChainingRodShaped	4828	3.71927	0.5	-8.15991	27.9185	0	-0.347439	-0.937703	0	None	None
ChainingRodShaped	4830	4.4958	0.5	13.4611	18.3203	0	0.822489	-0.568781	0	None	None
ChainingRodShaped	4832	3.84967	0.5	10.9869	29.3698	0	-0.595702	-0.803206	0	None	None
ChainingRodShaped	5293	2.28459	0.5	1.8542	17.6951	0	0.987701	0.156352	0	None	None
ChainingRodShaped	4836	4.11056	0.5	-8.70516	45.3239	0	-0.758555	-0.651609	0	None	None
ChainingRodShaped	4838	3.18875	0.5	6.01682	33.4969	0	0.97739	-0.211446	0	None	None
ChainingRodShaped	4840	4.20948	0.5	-36.7921	43.857	0	0.0745417	-0.997218	0	None	None
ChainingRodShaped	4842	4.76378	0.5	-15.2309	31.4896	0	0.616664	-0.787226	0	None	None
ChainingRodShaped	4844	4.6365	0.5	4.30427	12.7788	0	-0.940808	0.33894	0	None	None
ChainingRodShaped	5313	2.13709	0.5	3.70682	31.9663	0	-0.567387	-0.823451	0	None	None
ChainingRodShaped	4848	3.30556	0.5	-23.938	31.1821	0	0.0820928	0.996625	0	None	None
ChainingRodShaped	5323	2.06107	0.5	2.81671	14.4507	0	0.905943	-0.4234	0	None	None
ChainingRodShaped	4852	4.23416	0.5	0.715873	49.2484	0	-0.973355	-0.229303	0	None	None
ChainingRodShaped	4854	4.21787	0.5	-23.3944	51.7296	0	-0.741225	-0.671256	0	None	None
ChainingRodShaped	4856	4.97317	0.5	-17.5336	59.5117	0	-0.83456	-0.550918	0	None	None
ChainingRodShaped	4858	4.41519	0.5	-28.411	58.8707	0	0.112	-0.993708	0	None	None
ChainingRodShaped	4860	4.32691	0.5	1.34447	21.3846	0	0.979823	-0.199865	0	None	None
ChainingRodShaped	4862	4.5159	0.5	19.1202	45.3271	0	-0.997926	-0.0643766	0	None	None
ChainingRodShaped	5337	2.01236	0.5	-21.4694	28.7571	0	0.562621	0.826715	0	None	None
ChainingRodShaped	4866	4.21271	0.5	-18.0657	23.5414	0	-0.332105	-0.943242	0	None	None
ChainingRodShaped	4868	3.62491	0.5	50.1411	48.8406	0	-0.89837	-0.439239	0	None	None
ChainingRodShaped	4870	4.76332	0.5	-15.4648	34.8048	0	-0.843101	0.537755	0	None	None
ChainingRodShaped	4872	3.46356	0.5	5.50904	30.8864	0	-0.654943	-0.755679	0	None	None
ChainingRodShaped	4874	3.5274	0.5	-10.4513	53.0173	0	-0.284597	-0.958647	0	None	None
ChainingRodShaped	4876	3.69405	0.5	-2.77944	39.7169	0	-0.995145	-0.0984159	0	None	None
ChainingRodShaped	4878	4.18298	0.5	-0.329949	14.1408	0	-0.79058	0.612359	0	None	None
ChainingRodShaped	5339	2.00546	0.5	0.895068	9.81063	0	-0.940673	0.339314	0	None	None
ChainingRodShaped	4882	4.8876	0.5	-34.2899	50.592	0	-0.488871	-0.872356	0	None	None
ChainingRodShaped	4884	4.2416	0.5	-11.5633	33.6827	0	0.162571	-0.986697	0	None	None
ChainingRodShaped	4886	3.06712	0.5	38.4874	48.4336	0	0.907965	-0.419045	0	None	None
ChainingRodShaped	4888	4.42087	0.5	-23.738	44.801	0	0.476616	-0.879111	0	None	None
ChainingRodShaped	4890	4.03501	0.5	41.6159	48.8071	0	-0.785885	0.618373	0	None	None
ChainingRodShaped	4892	4.89638	0.5	-18.0303	47.9578	0	-0.478505	-0.878085	0	None	None
ChainingRodShaped	4894	3.01789	0.5	20.6047	36.3458	0	0.625097	-0.780547	0	None	None
ChainingRodShaped	4896	4.09617	0.5	-10.7671	47.0491	0	-0.47267	-0.88124	0	None	None
ChainingRodShaped	4898	3.31456	0.5	-35.4445	37.7082	0	0.31982	0.947478	0	None	None
ChainingRodShaped	4900	3.80092	0.5	-27.9433	30.5736	0	-0.967225	-0.25392	0	None	None
ChainingRodShaped	4902	3.02362	0.5	-26.1622	55.8584	0	-0.732568	-0.680694	0	None	None
ChainingRodShaped	4904	4.0636	0.5	-13.5994	40.342	0	0.984029	-0.17801	0	None	None
ChainingRodShaped	4906	3.47381	0.5	-1.32831	36.6179	0	-0.257007	0.96641	0	None	None
ChainingRodShaped	4908	4.35921	0.5	0.80867	53.2046	0	-0.951217	-0.308523	0	None	None
ChainingRodShaped	4910	4.50555	0.5	-25.0874	26.4766	0	0.253393	0.967363	0	None	None
ChainingRodShaped	4912	4.59844	0.5	-28.0296	31.5459	0	-0.968217	-0.250113	0	None	None
ChainingRodShaped	4914	4.00803	0.5	-32.3508	44.3366	0	0.608569	0.793501	0	None	None
ChainingRodShaped	4916	4.58466	0.5	17.8757	31.1648	0	-0.999993	0.00372724	0	None	None
ChainingRodShaped	4918	3.49059	0.5	23.7951	16.3333	0	0.520445	0.853895	0	None	None
ChainingRodShaped	4920	3.90383	0.5	-24.1489	22.4645	0	-0.267319	-0.963608	0	None	None
ChainingRodShaped	4922	3.2436	0.5	0.496077	42.9498	0	-0.989179	0.146716	0	None	None
ChainingRodShaped	4924	3.47734	0.5	30.405	51.9734	0	0.888598	0.458686	0	None	None
ChainingRodShaped	4926	4.50673	0.5	9.18894	34.6795	0	0.967075	-0.25449	0	None	None
ChainingRodShaped	4928	2.95265	0.5	1.32413	40.3703	0	-0.41569	-0.909506	0	None	None
ChainingRodShaped	4930	4.3694	0.5	6.53825	48.7434	0	0.964501	0.264078	0	None	None
ChainingRodShaped	4932	4.54753	0.5	-10.2077	18.1782	0	0.948358	0.317203	0	None	None
ChainingRodShaped	4934	4.15317	0.5	-4.13772	18.8066	0	-0.961556	0.274611	0	None	None
ChainingRodShaped	4936	4.17056	0.5	-2.03772	46.2104	0	0.989235	-0.146333	0	None	None
ChainingRodShaped	4938	3.74235	0.5	-15.2784	35.831	0	-0.840158	0.542342	0	None	None
ChainingRodShaped	4940	4.65105	0.5	47.2272	50.5798	0	-0.999996	-0.00291171	0	None	None
ChainingRodShaped	4942	4.53958	0.5	15.5481	13.82	0	0.705987	0.708225	0	None	None
ChainingRodShaped	4944	3.42573	0.5	-28.2395	25.0965	0	0.979478	-0.201552	0	None	None
ChainingRodShaped	4946	3.59471	0.5	1.4529	10.6669	0	-0.940323	0.340284	0	None	None
ChainingRodShaped	4948	3.18635	0.5	18.8984	30.206	0	-0.99998	-0.00627508	0	None	None
ChainingRodShaped	4950	3.31381	0.5	-13.6771	45.7878	0	-0.495377	-0.868678	0	None	None
ChainingRodShaped	4952	3.24928	0.5	-27.2905	32.732	0	-0.968942	-0.247288	0	None	None
ChainingRodShaped	4954	4.03092	0.5	-15.2007	17.4761	0	0.75399	0.656886	0	None	None
ChainingRodShaped	4956	2.92648	0.5	-4.23354	35.9191	0	-0.422726	-0.906258	0	None	None
ChainingRodShaped	4958	4.27951	0.5	-20.843	42.9454	0	-0.044631	0.999004	0	None	None
ChainingRodShaped	4960	4.15085	0.5	-45.3607	41.3218	0	0.905115	-0.425166	0	None	None
ChainingRodShaped	4962	4.17108	0.5	-19.6569	13.8831	0	-0.58032	0.814389	0	None	None
ChainingRodShaped	4964	3.17321	0.5	-15.2142	36.9444	0	-0.836037	0.548673	0	None	None
ChainingRodShaped	4966	3.98574	0.5	-37.8521	39.1705	0	0.70845	-0.705761	0	None	None
ChainingRodShaped	4968	3.38471	0.5	-17.0042	52.1468	0	-0.422149	-0.906526	0	None	None
ChainingRodShaped	4970	2.80173	0.5	-24.9134	43.7178	0	-0.798132	0.602482	0	None	None
ChainingRodShaped	4972	4.28512	0.5	9.20367	29.9574	0	-0.820447	-0.571723	0	None	None
ChainingRodShaped	4974	3.80729	0.5	-3.29228	32.9426	0	0.242455	-0.970163	0	None	None
ChainingRodShaped	4976	3.92259	0.5	-18.8203	27.0878	0	-0.33923	-0.940703	0	None	None
ChainingRodShaped	4978	3.7938	0.5	-10.5706	11.3432	0	-0.278753	0.960363	0	None	None
ChainingRodShaped	4980	2.35045	0.5	-26.0372	19.1465	0	0.257202	0.966358	0	None	4979
ChainingRodShaped	4982	3.2066	0.5	21.3053	37.014	0	0.621437	-0.783464	0	None	None
ChainingRodShaped	4984	3.90388	0.5	4.58053	15.4798	0	0.99777	-0.0667485	0	None	None
ChainingRodShaped	4986	4.05064	0.5	49.0371	51.7639	0	-0.995624	-0.093446	0	None	None
ChainingRodShaped	4988	3.23245	0.5	-8.13902	32.5016	0	-0.189538	-0.981873	0	None	None
ChainingRodShaped	4990	2.97564	0.5	-21.1915	19.4508	0	-0.143704	-0.989621	0	None	None
ChainingRodShaped	4992	3.0028	0.5	-18.1345	26.1495	0	-0.346258	-0.938139	0	None	None
ChainingRodShaped	4994	4.06604	0.5	24.4108	33.5541	0	0.102924	-0.994689	0	None	None
ChainingRodShaped	4996	3.03123	0.5	-21.9792	50.4033	0	-0.742505	-0.66984	0	None	None
ChainingRodShaped	4998	2.74961	0.5	13.7082	34.8766	0	0.842138	-0.539262	0	None	None
ChainingRodShaped	5000	3.38861	0.5	-34.4572	45.6677	0	0.841541	0.540192	0	None	None
ChainingRodShaped	5002	3.86332	0.5	-9.40442	43.3443	0	-0.903927	-0.427687	0	None	None
ChainingRodShaped	5004	2.21973	0.5	-18.2253	35.3772	0	-0.853337	0.52136	0	4142	5003
ChainingRodShaped	5006	3.97353	0.5	31.5443	48.8829	0	0.993407	-0.114645	0	None	None
ChainingRodShaped	5008	2.69445	0.5	34.0019	42.9951	0	-0.999123	-0.0418662	0	None	None
ChainingRodShaped	5010	2.80192	0.5	-26.6917	34.8771	0	-0.929221	0.369524	0	None	None
ChainingRodShaped	5012	2.39317	0.5	19.184	46.5179	0	0.999432	-0.0337052	0	4186	5011
ChainingRodShaped	5014	3.68679	0.5	-16.2568	39.907	0	0.960144	-0.279504	0	None	None
ChainingRodShaped	5016	2.70275	0.5	-16.7523	30.5306	0	-0.0143928	-0.999896	0	None	None
ChainingRodShaped	5018	3.65056	0.5	-46.4417	45.607	0	0.721401	0.692518	0	None	None
ChainingRodShaped	5020	2.33941	0.5	35.377	35.774	0	-0.192294	-0.981337	0	4170	5019
ChainingRodShaped	5022	2.28813	0.5	5.71315	27.9535	0	0.633127	0.774048	0	4104	5021
ChainingRodShaped	5024	3.59935	0.5	-47.7959	41.1169	0	0.567941	-0.823069	0	None	None
ChainingRodShaped	5026	3.79511	0.5	-32.7053	54.1604	0	-0.827266	-0.561811	0	None	None
ChainingRodShaped	5028	2.2995	0.5	30.7983	30.4029	0	0.0323112	-0.999478	0	5183	5027
ChainingRodShaped	5030	3.3702	0.5	-31.6665	49.8076	0	-0.817393	-0.576081	0	None	None
ChainingRodShaped	5032	3.81482	0.5	38.9748	42.6393	0	-0.73699	0.675904	0	None	None
ChainingRodShaped	5034	3.49435	0.5	-13.3384	52.4869	0	0.548954	0.835852	0	None	None
ChainingRodShaped	5036	3.45469	0.5	5.33404	50.5367	0	0.954678	0.297641	0	None	None
ChainingRodShaped	5038	3.55876	0.5	-9.06907	32.758	0	-0.190715	-0.981645	0	None	None
ChainingRodShaped	5040	2.99614	0.5	7.84598	46.4231	0	-0.757138	-0.653255	0	None	None
ChainingRodShaped	5042	3.7248	0.5	-6.79619	38.0655	0	-0.66191	-0.749584	0	None	None
ChainingRodShaped	5044	3.84822	0.5	17.8905	23.0565	0	-0.675973	0.736926	0	None	None
ChainingRodShaped	5046	3.11985	0.5	19.2489	14.6684	0	0.748794	0.662803	0	None	None
ChainingRodShaped	5048	2.7882	0.5	6.54507	58.3723	0	-0.984518	0.175283	0	None	None
ChainingRodShaped	5050	2.96208	0.5	16.8956	22.7133	0	-0.669611	0.742712	0	None	None
ChainingRodShaped	5052	3.65585	0.5	45.4605	43.6824	0	-0.999911	0.0133503	0	None	None
ChainingRodShaped	5054	3.53787	0.5	-22.3388	40.2313	0	0.0353115	0.999376	0	None	None
ChainingRodShaped	5056	3.48882	0.5	40.8623	46.2981	0	-0.919841	0.392291	0	None	None
ChainingRodShaped	5058	2.2546	0.5	24.3402	44.9381	0	0.375103	0.926983	0	5261	5057
ChainingRodShaped	5060	2.85068	0.5	-15.4293	50.8911	0	0.425576	0.904923	0	None	None
ChainingRodShaped	5062	3.39998	0.5	-5.62494	29.798	0	-0.237189	-0.971464	0	None	None
ChainingRodShaped	5064	3.33247	0.5	-15.7589	52.4938	0	0.425049	0.90517	0	None	None
ChainingRodShaped	5066	2.98064	0.5	20.6437	32.0227	0	0.669219	-0.743065	0	None	None
ChainingRodShaped	5068	3.39979	0.5	-33.162	38.3374	0	0.3195	0.947586	0	None	None
ChainingRodShaped	5070	3.36232	0.5	-8.03803	39.621	0	-0.953021	-0.302903	0	None	None
ChainingRodShaped	5072	2.70183	0.5	44.0346	44.9004	0	-0.941989	-0.335643	0	None	None
ChainingRodShaped	5074	2.68137	0.5	-8.36745	51.4878	0	-0.114296	-0.993447	0	None	None
ChainingRodShaped	5076	2.85876	0.5	18.8058	18.5932	0	-0.991532	0.129861	0	None	None
ChainingRodShaped	5078	3.40462	0.5	22.9467	38.9159	0	-0.375679	-0.92675	0	None	None
ChainingRodShaped	5080	2.73031	0.5	-28.9688	21.2416	0	0.982687	-0.185271	0	None	None
ChainingRodShaped	5082	2.95304	0.5	28.263	33.0492	0	0.201151	0.97956	0	None	None
ChainingRodShaped	5084	3.2768	0.5	4.41501	56.9642	0	-0.951036	-0.30908	0	None	None
ChainingRodShaped	5086	3.52616	0.5	17.4382	47.5703	0	-0.999463	0.0327821	0	None	None
ChainingRodShaped	5088	3.00408	0.5	9.48931	52.8076	0	0.304937	0.952373	0	None	None
ChainingRodShaped	5090	3.21149	0.5	9.50788	24.2592	0	-0.991034	0.133611	0	None	None
ChainingRodShaped	5092	3.36777	0.5	5.19168	41.9785	0	-0.422765	-0.906239	0	None	None
ChainingRodShaped	5094	3.14837	0.5	19.9537	20.472	0	-0.980543	0.196303	0	None	None
ChainingRodShaped	5096	2.95301	0.5	-0.70997	18.8689	0	-0.97186	0.235558	0	None	None
ChainingRodShaped	5098	3.42134	0.5	19.6172	42.5489	0	0.860379	0.509654	0	None	None
ChainingRodShaped	5100	2.78621	0.5	-29.5894	19.7551	0	0.969572	0.244806	0	None	None
ChainingRodShaped	5102	2.6994	0.5	36.231	43.6331	0	-0.801497	0.597999	0	None	None
ChainingRodShaped	5104	2.14732	0.5	28.7826	42.0045	0	-0.834411	0.551143	0	5231	5103
ChainingRodShaped	5106	3.18489	0.5	-5.86015	13.1714	0	-0.904468	-0.426542	0	None	None
ChainingRodShaped	5108	3.0578	0.5	-4.27666	31.4746	0	0.0191055	-0.999817	0	None	None
ChainingRodShaped	5110	2.67479	0.5	13.6526	38.9906	0	-0.951847	-0.306572	0	None	None
ChainingRodShaped	5112	3.02781	0.5	24.3497	23.7331	0	1	0.000999644	0	None	None
ChainingRodShaped	5114	2.59291	0.5	-0.509833	54.2411	0	-0.999962	0.0087679	0	None	None
ChainingRodShaped	5116	3.22546	0.5	-28.88	36.6699	0	0.346291	0.938127	0	None	None
ChainingRodShaped	5118	3.05495	0.5	-27.4522	37.7863	0	0.356188	0.934414	0	None	None
ChainingRodShaped	5120	2.97507	0.5	2.33094	34.3381	0	0.290774	-0.956792	0	None	None
ChainingRodShaped	5122	3.2163	0.5	18.4144	34.6059	0	0.944558	-0.328343	0	None	None
ChainingRodShaped	5124	3.21329	0.5	5.28113	19.2063	0	0.82319	-0.567766	0	None	None
ChainingRodShaped	5126	3.00611	0.5	29.5458	24.9712	0	0.206925	0.978357	0	None	None
ChainingRodShaped	5128	2.8368	0.5	-29.3257	29.1851	0	-0.965583	-0.260095	0	None	None
ChainingRodShaped	5130	2.97384	0.5	-22.3027	18.6461	0	-0.153122	-0.988207	0	None	None
ChainingRodShaped	5132	3.0791	0.5	27.5821	19.9076	0	0.282369	0.959306	0	None	None
ChainingRodShaped	5134	2.93593	0.5	48.2222	45.4479	0	-0.920704	-0.390261	0	None	None
ChainingRodShaped	5136	3.16313	0.5	-34.8354	36.4824	0	0.329279	0.944233	0	None	None
ChainingRodShaped	5138	2.98831	0.5	43.5087	52.3324	0	-0.983607	-0.180325	0	None	None
ChainingRodShaped	5140	2.55993	0.5	-18.5726	53.0468	0	-0.157172	-0.987571	0	None	None
ChainingRodShaped	5142	2.55802	0.5	2.14954	46.5597	0	0.976984	0.213312	0	None	None
ChainingRodShaped	5144	2.67651	0.5	-2.78214	34.7166	0	0.252163	-0.967685	0	None	None
ChainingRodShaped	5146	2.93841	0.5	27.446	52.3704	0	0.592112	0.805856	0	None	None
ChainingRodShaped	5148	3.25178	0.5	-38.4035	46.9555	0	-0.139364	-0.990241	0	None	None
ChainingRodShaped	5150	2.61098	0.5	-25.1531	41.3542	0	0.0257127	0.999669	0	None	None
ChainingRodShaped	5152	3.13859	0.5	-31.6029	58.7863	0	-0.0815168	-0.996672	0	None	None
ChainingRodShaped	5154	3.18075	0.5	6.77772	21.6107	0	0.676418	-0.736518	0	None	None
ChainingRodShaped	5156	2.44388	0.5	16.3928	42.9804	0	-0.749845	0.661614	0	None	None
ChainingRodShaped	5158	2.57348	0.5	17.147	43.6347	0	-0.752583	0.658497	0	None	None
ChainingRodShaped	5160	2.38988	0.5	20.4928	27.8001	0	-0.914854	0.403785	0	None	None
ChainingRodShaped	5162	2.53126	0.5	3.9195	28.325	0	-0.948787	-0.315918	0	None	None
ChainingRodShaped	5164	2.51068	0.5	3.64968	40.9392	0	-0.413686	-0.91042	0	None	None
ChainingRodShaped	5166	2.73756	0.5	-9.24727	14.0879	0	-0.71906	0.694948	0	None	None
ChainingRodShaped	5168	3.07309	0.5	-33.1209	26.698	0	0.978578	0.205876	0	None	None
ChainingRodShaped	5170	3.12848	0.5	-6.25606	52.7356	0	-0.144497	-0.989505	0	None	None
ChainingRodShaped	5172	2.39817	0.5	5.81927	53.9664	0	-0.91181	-0.410613	0	None	None
ChainingRodShaped	5174	2.54252	0.5	-9.98187	13.4361	0	-0.719233	0.694769	0	None	None
ChainingRodShaped	5176	2.43504	0.5	-21.2913	36.0985	0	-0.868901	0.494986	0	None	None
ChainingRodShaped	5178	2.95751	0.5	13.6959	24.679	0	-0.990126	0.140181	0	None	None
ChainingRodShaped	5180	2.70808	0.5	-17.9212	42.4222	0	0.519012	0.854767	0	None	None
ChainingRodShaped	5182	2.41726	0.5	-25.2158	55.389	0	-0.734923	-0.678151	0	None	None
ChainingRodShaped	5184	2.13128	0.5	30.5915	36.706	0	0.0331153	-0.999452	0	None	5183
ChainingRodShaped	5186	2.43119	0.5	-11.6904	52.501	0	-0.225586	-0.974223	0	None	None
ChainingRodShaped	5188	2.65929	0.5	-1.80156	41.8295	0	-0.973277	-0.229634	0	None	None
ChainingRodShaped	5190	2.87682	0.5	8.94157	40.8904	0	-0.853695	-0.520773	0	None	None
ChainingRodShaped	5192	2.89688	0.5	15.2207	27.4508	0	-0.996042	0.0888803	0	None	None
ChainingRodShaped	5194	2.97014	0.5	-20.223	58.9175	0	-0.738008	-0.674792	0	None	None
ChainingRodShaped	5196	2.79072	0.5	-0.779869	32.5822	0	-0.0846687	-0.996409	0	None	None
ChainingRodShaped	5198	2.33507	0.5	10.3253	37.1494	0	0.981648	0.190702	0	None	None
ChainingRodShaped	5200	2.92173	0.5	-4.70235	20.9552	0	0.966855	-0.255326	0	None	None
ChainingRodShaped	5202	2.65621	0.5	47.3841	47.1124	0	-0.953553	0.301226	0	None	None
ChainingRodShaped	5204	2.65031	0.5	-31.3457	53.341	0	-0.586111	-0.810231	0	None	None
ChainingRodShaped	5206	2.73281	0.5	-13.02	12.3626	0	-0.929583	0.368614	0	None	None
ChainingRodShaped	5208	2.93282	0.5	7.83908	13.8224	0	0.925595	-0.378516	0	None	None
ChainingRodShaped	5210	2.61854	0.5	4.97316	52.5093	0	-0.949438	-0.313954	0	None	None
ChainingRodShaped	5212	2.40963	0.5	-1.07136	23.8344	0	-0.99987	-0.0161353	0	None	None
ChainingRodShaped	5214	2.81064	0.5	22.2934	25.9816	0	-0.92628	0.376835	0	None	None
ChainingRodShaped	5216	2.45409	0.5	37.6774	41.601	0	-0.921225	0.38903	0	None	None
ChainingRodShaped	5218	2.3313	0.5	8.85414	44.7307	0	-0.740755	-0.671776	0	None	None
ChainingRodShaped	5220	2.77069	0.5	3.02846	16.5651	0	0.997208	-0.0746711	0	None	None
ChainingRodShaped	5222	2.68024	0.5	32.4892	44.8859	0	-0.73109	0.682281	0	None	None
ChainingRodShaped	5224	2.65582	0.5	10.1185	55.363	0	-0.999056	0.0434319	0	None	None
ChainingRodShaped	5226	2.64287	0.5	-41.7376	45.9942	0	0.632726	-0.774376	0	None	None
ChainingRodShaped	5228	2.77229	0.5	-11.6302	23.4856	0	-0.821482	-0.570235	0	None	None
ChainingRodShaped	5230	2.51473	0.5	3.02454	54.9047	0	-0.861574	0.507631	0	None	None
ChainingRodShaped	5232	2.05327	0.5	33.9552	38.5877	0	-0.834366	0.55121	0	None	5231
ChainingRodShaped	5234	2.48718	0.5	-23.1147	54.6367	0	-0.740486	-0.672072	0	None	None
ChainingRodShaped	5236	2.3914	0.5	3.26237	26.4771	0	-0.660307	-0.750996	0	None	None
ChainingRodShaped	5238	2.40857	0.5	22.376	44.8733	0	-0.906733	-0.421705	0	None	None
ChainingRodShaped	5240	2.27113	0.5	13.5459	31.5738	0	-0.969982	0.243176	0	None	None
ChainingRodShaped	5242	2.30105	0.5	-31.8036	41.4546	0	0.885036	0.465523	0	None	None
ChainingRodShaped	5244	2.50345	0.5	-2.414	50.6348	0	-0.521955	-0.852973	0	None	None
ChainingRodShaped	5246	2.27835	0.5	-14.2278	21.223	0	-0.54125	-0.840862	0	None	None
ChainingRodShaped	5248	2.30412	0.5	-22.9982	30.865	0	0.0872124	0.99619	0	None	None
ChainingRodShaped	5250	2.42156	0.5	45.0618	53.5963	0	-0.999926	-0.0121251	0	None	None
ChainingRodShaped	5252	2.56841	0.5	-11.4487	25.9003	0	-0.825371	-0.56459	0	None	None
ChainingRodShaped	5254	2.4964	0.5	7.33124	19.5335	0	0.978256	-0.207402	0	None	None
ChainingRodShaped	5256	2.54686	0.5	-45.0962	44.2478	0	0.986844	0.161674	0	None	None
ChainingRodShaped	5258	2.54701	0.5	-31.3406	21.407	0	0.203151	0.979147	0	None	None
ChainingRodShaped	5260	2.23385	0.5	13.2955	40.9269	0	-0.955263	-0.295758	0	None	None
ChainingRodShaped	5262	2.07144	0.5	21.9905	39.155	0	0.377301	0.926091	0	None	5261
ChainingRodShaped	5264	2.32688	0.5	50.9026	53.6058	0	-0.984005	-0.17814	0	None	None
ChainingRodShaped	5266	2.21047	0.5	-12.7598	45.4422	0	-0.496042	-0.868298	0	None	None
ChainingRodShaped	5268	2.37668	0.5	-31.7139	35.8977	0	-0.703623	-0.710574	0	None	None
ChainingRodShaped	5270	2.31336	0.5	-32.053	55.805	0	-0.82425	-0.566226	0	None	None
ChainingRodShaped	5272	2.34049	0.5	-14.4553	46.3782	0	0.491555	0.870847	0	None	None
ChainingRodShaped	5274	2.33688	0.5	-5.16734	53.4325	0	-0.141549	-0.989931	0	None	None
ChainingRodShaped	5276	2.27805	0.5	-2.37694	55.6399	0	-0.515611	-0.856823	0	None	None
ChainingRodShaped	5278	2.24594	0.5	-1.23671	20.9544	0	0.975151	-0.221541	0	None	None
ChainingRodShaped	5280	2.18081	0.5	-5.63499	50.2185	0	-0.144074	-0.989567	0	None	None
ChainingRodShaped	5282	2.07146	0.5	17.9679	50.2896	0	-0.867729	0.497038	0	4160	5281
ChainingRodShaped	5284	2.16152	0.5	21.3995	15.7144	0	0.0104138	0.999946	0	None	None
ChainingRodShaped	5286	2.14344	0.5	-41.1606	47.3392	0	0.863958	-0.503563	0	None	None
ChainingRodShaped	5288	2.30998	0.5	26.4249	19.4899	0	0.284557	0.958659	0	None	None
ChainingRodShaped	5290	2.30145	0.5	-19.9739	22.6531	0	-0.743404	-0.668843	0	None	None
ChainingRodShaped	5292	2.1414	0.5	3.44826	44.238	0	0.675085	0.73774	0	None	None
ChainingRodShaped	5294	2.28994	0.5	-1.329	17.4699	0	0.969644	0.244522	0	None	None
ChainingRodShaped	5296	2.19353	0.5	-23.6666	34.011	0	-0.752384	0.658725	0	None	None
ChainingRodShaped	5298	2.20462	0.5	-1.4203	40.9438	0	-0.973364	-0.229264	0	None	None
ChainingRodShaped	5300	2.18366	0.5	-41.4206	40.621	0	0.405641	-0.914033	0	None	None
ChainingRodShaped	5302	2.08652	0.5	-5.52928	12.1303	0	-0.938123	-0.346303	0	None	None
ChainingRodShaped	5304	2.15208	0.5	-2.70644	57.0158	0	-0.517896	-0.855443	0	None	None
ChainingRodShaped	5306	2.09158	0.5	11.3942	12.0085	0	0.889913	0.45613	0	None	None
ChainingRodShaped	5308	2.07035	0.5	-4.4237	37.767	0	-0.561686	-0.82735	0	None	None
ChainingRodShaped	5310	2.14249	0.5	-40.018	39.8998	0	0.413047	-0.91071	0	None	None
ChainingRodShaped	5312	2.10274	0.5	25.3293	34.2044	0	0.112864	-0.99361	0	None	None
ChainingRodShaped	5314	2.10154	0.5	3.32615	34.5229	0	0.231201	-0.972906	0	None	None
ChainingRodShaped	5316	2.05592	0.5	-19.5661	16.5977	0	0.09122	0.995831	0	None	None
ChainingRodShaped	5318	2.05755	0.5	-27.6759	34.2285	0	-0.932871	0.360211	0	None	None
ChainingRodShaped	5320	2.10099	0.5	-6.26568	34.3868	0	-0.645973	-0.763361	0	None	None
ChainingRodShaped	5322	2.08921	0.5	33.568	53.9845	0	0.862248	0.506487	0	None	None
ChainingRodShaped	5324	2.04485	0.5	0.45737	16.2005	0	0.876956	-0.480571	0	None	None
ChainingRodShaped	5326	2.02132	0.5	-21.0469	55.2395	0	-0.506684	-0.862132	0	None	None
ChainingRodShaped	5328	2.03393	0.5	14.735	42.2053	0	-0.99934	0.0363217	0	None	None
ChainingRodShaped	5330	2.05261	0.5	8.6412	56.456	0	-0.868864	-0.495051	0	None	None
ChainingRodShaped	5332	2.01934	0.5	-12.9453	30.3497	0	0.172617	-0.984989	0	None	None
ChainingRodShaped	5334	2.02624	0.5	24.8312	25.5405	0	-0.690533	0.723301	0	None	None
ChainingRodShaped	5336	2.01338	0.5	15.1961	20.9027	0	-0.893582	0.4489	0	None	None
ChainingRodShaped	5338	2.00919	0.5	-22.8602	26.1458	0	0.520602	0.8538	0	None	None
ChainingRodShaped	5340	2.00568	0.5	3.71617	8.80388	0	-0.945226	0.326418	0	None	None
