cell_type	cell_id	length	radius	pos_x	pos_y	pos_z	ori_x	ori_y	ori_z	lower_link	upper_link
ChainingRodShaped	1412	3.19206	0.5	30.8472	48.3991	0	-0.95609	0.293074	0	None	None
ChainingRodShaped	476	4.22037	0.5	183.131	128.732	0	0.919661	0.392714	0	1568	None
ChainingRodShaped	1234	3.17753	0.5	42.4791	60.119	0	0.761942	0.647645	0	1235	1197
ChainingRodShaped	1556	2.50562	0.5	27.9422	44.9304	0	-0.0421401	-0.999112	0	None	None
ChainingRodShaped	904	4.84749	0.5	-5.07807	72.9021	0	-0.99374	-0.111714	0	None	None
ChainingRodShaped	1766	2.22174	0.5	-47.476	-8.64198	0	0.522503	0.852637	0	1767	587
ChainingRodShaped	834	4.72223	0.5	5.08369	71.8468	0	0.890177	0.455615	0	None	None
ChainingRodShaped	1286	3.13165	0.5	101.942	66.3915	0	0.830521	0.556987	0	1287	737
ChainingRodShaped	1528	2.79577	0.5	14.4054	67.1227	0	0.711782	0.7024	0	None	None
ChainingRodShaped	1094	4.78309	0.5	-8.62832	64.7264	0	-0.556336	0.830958	0	None	None
ChainingRodShaped	1320	3.14158	0.5	13.6042	53.0429	0	-0.149324	0.988788	0	None	None
ChainingRodShaped	966	3.41408	0.5	-93.4347	-53.1972	0	0.91666	0.399668	0	967	751
ChainingRodShaped	1662	2.46743	0.5	-9.81781	5.72639	0	0.966337	-0.25728	0	1663	1171
ChainingRodShaped	1028	4.64544	0.5	19.3438	69.0624	0	0.690018	-0.723792	0	None	None
ChainingRodShaped	1088	4.31249	0.5	21.0093	51.0374	0	0.067479	0.997721	0	None	None
ChainingRodShaped	286	4.8652	0.5	79.6404	61.7716	0	0.99354	-0.113479	0	844	799
ChainingRodShaped	640	4.61377	0.5	131.831	101.898	0	0.737482	0.675366	0	1546	1163
ChainingRodShaped	1290	4.187	0.5	-0.0640651	65.1126	0	-0.483944	0.875099	0	None	None
ChainingRodShaped	1594	3.17122	0.5	-1.9471	71.1466	0	0.999581	0.0289346	0	None	None
ChainingRodShaped	1448	2.63832	0.5	-9.01503	60.1713	0	0.996846	-0.0793612	0	None	None
ChainingRodShaped	918	4.14156	0.5	7.56642	65.5451	0	0.903709	0.428147	0	None	None
ChainingRodShaped	926	4.63563	0.5	6.62779	69.3839	0	0.893753	0.44856	0	None	None
ChainingRodShaped	1160	4.26067	0.5	2.02779	59.0699	0	-0.455742	0.890112	0	None	None
ChainingRodShaped	1802	2.1697	0.5	-60.6073	-32.3062	0	0.626001	0.779822	0	1803	1471
ChainingRodShaped	1666	2.84319	0.5	22.0119	51.648	0	0.0715933	0.997434	0	None	None
ChainingRodShaped	1022	3.55675	0.5	33.4726	21.3163	0	0.176055	0.98438	0	1023	1765
ChainingRodShaped	996	4.00529	0.5	-106.983	-59.0573	0	0.917143	0.398558	0	997	321
ChainingRodShaped	984	3.71163	0.5	11.6679	40.7091	0	0.355422	0.934706	0	None	None
ChainingRodShaped	922	4.1561	0.5	9.97547	28.7891	0	-0.108404	0.994107	0	None	None
ChainingRodShaped	1446	3.70932	0.5	1.20487	51.8285	0	0.969238	-0.246126	0	None	None
ChainingRodShaped	1398	3.16633	0.5	-15.0755	45.2458	0	-0.8864	0.46292	0	None	None
ChainingRodShaped	1348	2.92283	0.5	29.992	51.2182	0	-0.180618	-0.983553	0	None	None
ChainingRodShaped	1582	2.41361	0.5	15.6488	45.8504	0	0.521549	0.853221	0	None	None
ChainingRodShaped	1328	3.86537	0.5	-30.7223	56.8912	0	-0.502671	0.864478	0	None	None
ChainingRodShaped	1652	2.92781	0.5	-8.15089	33.8313	0	0.954062	0.29961	0	None	None
ChainingRodShaped	1284	2.90998	0.5	-9.23458	47.3129	0	-0.81697	0.57668	0	None	None
ChainingRodShaped	1812	2.21635	0.5	-19.6218	55.9827	0	0.503952	0.863732	0	None	None
ChainingRodShaped	914	4.84613	0.5	5.57906	71.0068	0	0.890646	0.454697	0	None	None
ChainingRodShaped	1036	4.07721	0.5	25.2744	31.6168	0	0.111792	-0.993732	0	None	None
ChainingRodShaped	872	4.38479	0.5	14.965	50.144	0	-0.0846022	0.996415	0	None	None
ChainingRodShaped	1076	3.33751	0.5	64.5897	64.2115	0	0.990184	-0.139767	0	1077	845
ChainingRodShaped	1438	2.97936	0.5	8.78695	62.4283	0	-0.418046	0.908426	0	None	None
ChainingRodShaped	1064	3.60721	0.5	-8.87143	31.6458	0	0.959864	0.280467	0	None	None
ChainingRodShaped	1152	4.43637	0.5	-17.6089	59.4206	0	0.727429	0.686182	0	None	None
ChainingRodShaped	428	4.69952	0.5	155.301	116.782	0	0.912278	0.409572	0	1714	1193
ChainingRodShaped	1516	2.58282	0.5	29.9155	46.5059	0	-0.249961	0.968256	0	None	None
ChainingRodShaped	1742	2.16113	0.5	21.0542	2.68915	0	0.89825	0.439485	0	1743	549
ChainingRodShaped	864	3.56655	0.5	114.981	80.213	0	0.5699	0.821714	0	865	431
ChainingRodShaped	1572	2.48444	0.5	-72.5075	-42.7475	0	0.834443	0.551095	0	1573	757
ChainingRodShaped	604	4.98236	0.5	-24.3936	43.2108	0	-0.798266	0.602305	0	None	None
ChainingRodShaped	1240	3.40065	0.5	-5.3152	66.6042	0	0.54119	-0.8409	0	None	None
ChainingRodShaped	1506	3.19116	0.5	3.61615	64.4072	0	-0.467315	0.884091	0	None	None
ChainingRodShaped	1864	2.01154	0.5	-7.6973	29.8406	0	0.898854	0.438249	0	None	None
ChainingRodShaped	1618	2.72338	0.5	-11.454	47.6017	0	-0.86269	0.505732	0	None	None
ChainingRodShaped	1602	2.85473	0.5	-6.63776	26.9616	0	0.855833	0.517252	0	None	None
ChainingRodShaped	1332	3.65718	0.5	23.0458	49.5422	0	-0.0572733	0.998359	0	None	None
ChainingRodShaped	664	4.6965	0.5	-18.6083	59.783	0	0.732053	0.681248	0	None	None
ChainingRodShaped	1230	3.52992	0.5	-13.8295	47.7666	0	-0.889762	0.456424	0	None	None
ChainingRodShaped	670	4.40947	0.5	34.5843	42.2049	0	0.104417	0.994534	0	671	911
ChainingRodShaped	1610	2.85989	0.5	-5.82691	46.7846	0	-0.615107	0.788444	0	None	None
ChainingRodShaped	1326	4.38672	0.5	19.9036	17.0449	0	0.974729	0.22339	0	None	None
ChainingRodShaped	1116	3.61877	0.5	-26.1156	7.04424	0	0.987604	0.156964	0	1117	1003
ChainingRodShaped	1150	3.29744	0.5	0.161068	37.6155	0	-0.454958	0.890513	0	None	None
ChainingRodShaped	1484	2.55884	0.5	0.434781	66.1712	0	-0.491005	0.871157	0	None	None
ChainingRodShaped	1428	2.77435	0.5	1.437	53.708	0	0.966421	-0.256965	0	None	None
ChainingRodShaped	1352	3.31925	0.5	-52.9968	-19.5034	0	0.433838	0.900991	0	1353	881
ChainingRodShaped	1816	2.13403	0.5	-21.8674	42.5579	0	-0.847213	0.531253	0	None	None
ChainingRodShaped	772	4.24682	0.5	12.3559	43.6743	0	0.812626	0.582785	0	None	None
ChainingRodShaped	1114	3.27032	0.5	-2.53186	55.7842	0	0.95737	-0.288865	0	None	None
ChainingRodShaped	1242	4.21753	0.5	14.7867	66.1323	0	0.709541	0.704664	0	None	None
ChainingRodShaped	1522	2.97948	0.5	10.9369	28.9125	0	-0.103813	0.994597	0	None	None
ChainingRodShaped	994	4.5308	0.5	1.88488	40.3544	0	-0.45762	0.889148	0	None	None
ChainingRodShaped	1676	2.57638	0.5	-27.5961	45.4904	0	-0.225325	0.974284	0	None	None
ChainingRodShaped	1644	2.66051	0.5	-8.57418	32.7218	0	0.957019	0.290026	0	None	None
ChainingRodShaped	1806	2.14102	0.5	-11.9591	71.5551	0	0.73632	0.676633	0	None	None
ChainingRodShaped	1834	2.16444	0.5	-30.6901	34.1215	0	0.751222	0.66005	0	None	None
ChainingRodShaped	798	3.35574	0.5	89.1738	61.6908	0	0.991597	0.129366	0	799	379
ChainingRodShaped	1180	4.16993	0.5	-10.3598	61.5021	0	0.976411	-0.215921	0	None	None
ChainingRodShaped	1576	2.82305	0.5	13.4992	27.6017	0	0.537554	0.843229	0	None	None
ChainingRodShaped	1574	3.1233	0.5	-5.32129	19.6241	0	0.965078	-0.261961	0	None	None
ChainingRodShaped	986	4.62941	0.5	12.2776	67.9911	0	0.806651	0.591028	0	None	None
ChainingRodShaped	808	4.82672	0.5	-6.63589	52.6539	0	0.985526	0.169523	0	None	None
ChainingRodShaped	1390	3.89398	0.5	8.54462	36.5835	0	-0.690172	0.723645	0	None	None
ChainingRodShaped	1700	2.71996	0.5	15.0929	33.2609	0	-0.658383	0.752683	0	None	None
ChainingRodShaped	1680	2.42963	0.5	145.454	111.911	0	0.869844	0.493327	0	1681	1715
ChainingRodShaped	1786	2.24211	0.5	-22.3089	17.3992	0	0.718697	0.695324	0	None	None
ChainingRodShaped	1196	3.82609	0.5	49.5371	63.7214	0	0.965475	0.260497	0	1197	365
ChainingRodShaped	1630	3.01733	0.5	23.6166	37.9395	0	-0.0189819	-0.99982	0	None	None
ChainingRodShaped	1154	3.61431	0.5	12.5394	66.9906	0	0.805585	0.59248	0	None	None
ChainingRodShaped	890	3.93608	0.5	-17.8868	16.4237	0	-0.911403	0.411516	0	None	None
ChainingRodShaped	832	4.73993	0.5	-19.5035	60.2404	0	0.734295	0.67883	0	None	None
ChainingRodShaped	1392	3.38214	0.5	11.6775	55.3509	0	0.299678	0.95404	0	None	None
ChainingRodShaped	750	4.89538	0.5	-84.0597	-48.9609	0	0.904493	0.426489	0	751	531
ChainingRodShaped	468	4.86607	0.5	3.05066	2.2314	0	0.97588	-0.218305	0	1170	397
ChainingRodShaped	1562	2.92585	0.5	-29.8527	26.3374	0	-0.0976553	0.99522	0	None	None
ChainingRodShaped	1814	2.17518	0.5	23.6986	32.2857	0	-0.559275	0.828982	0	None	None
ChainingRodShaped	1184	3.4684	0.5	24.8923	54.0292	0	0.372093	-0.928196	0	None	None
ChainingRodShaped	1212	4.49842	0.5	-19.428	46.7776	0	-0.99915	0.0412129	0	None	None
ChainingRodShaped	1108	4.31167	0.5	-8.29554	59.1621	0	0.997589	-0.0693993	0	None	None
ChainingRodShaped	1298	3.22466	0.5	-120.266	-64.8941	0	0.914416	0.404776	0	1299	487
ChainingRodShaped	1228	4.52486	0.5	7.87995	68.9306	0	0.894284	0.4475	0	None	None
ChainingRodShaped	1182	3.93661	0.5	24.597	38.5201	0	-0.0219278	-0.99976	0	None	None
ChainingRodShaped	1844	2.11897	0.5	-26.6484	47.1929	0	-0.903438	0.428718	0	None	None
ChainingRodShaped	1266	2.78369	0.5	172.519	124.208	0	0.92031	0.391189	0	1267	1569
ChainingRodShaped	1120	4.09831	0.5	12.9249	28.5053	0	0.541827	0.84049	0	None	None
ChainingRodShaped	1040	4.83049	0.5	20.1766	29.9173	0	-0.333088	0.942896	0	None	None
ChainingRodShaped	960	3.7322	0.5	123.883	93.1346	0	0.599227	0.800579	0	961	1547
ChainingRodShaped	1862	2.00974	0.5	-25.7541	53.7009	0	0.92278	0.385327	0	None	None
ChainingRodShaped	1308	3.65867	0.5	-24.8096	33.7342	0	0.379701	0.925109	0	None	None
ChainingRodShaped	886	4.87168	0.5	-14.9537	27.7011	0	0.878297	0.478115	0	None	None
ChainingRodShaped	1138	3.27869	0.5	30.4139	11.9827	0	0.4665	0.884521	0	1139	1023
ChainingRodShaped	1736	2.31936	0.5	-23.3585	13.9958	0	-0.993506	-0.113782	0	None	None
ChainingRodShaped	1142	3.62905	0.5	-5.93363	16.8318	0	0.964864	-0.262749	0	None	None
ChainingRodShaped	1334	3.38825	0.5	-5.18244	13.3523	0	-0.492863	0.870107	0	None	None
ChainingRodShaped	1560	3.13747	0.5	-27.9847	40.4167	0	0.463566	0.886062	0	None	None
ChainingRodShaped	1218	3.28674	0.5	0.575516	40.9111	0	-0.448705	0.89368	0	None	None
ChainingRodShaped	1440	3.57954	0.5	-5.63577	22.0813	0	0.505325	-0.862929	0	None	None
ChainingRodShaped	1504	3.40192	0.5	-28.5791	54.6477	0	-0.924861	-0.380304	0	None	None
ChainingRodShaped	1416	2.91295	0.5	-25.5539	45.2786	0	-0.80425	0.594291	0	None	None
ChainingRodShaped	1200	3.45177	0.5	5.211	29.5531	0	-0.149144	0.988815	0	None	None
ChainingRodShaped	1422	3.01754	0.5	-38.8359	1.55479	0	0.789638	0.613573	0	1423	559
ChainingRodShaped	1454	3.31175	0.5	-15.4066	59.7769	0	0.345574	0.938392	0	None	None
ChainingRodShaped	1346	2.94549	0.5	10.9426	56.1125	0	0.309193	0.950999	0	None	None
ChainingRodShaped	1020	4.35944	0.5	-14.0392	46.8222	0	-0.887098	0.461582	0	None	None
ChainingRodShaped	1842	2.12603	0.5	16.7903	51.1314	0	-0.0775308	0.99699	0	None	None
ChainingRodShaped	1254	4.17936	0.5	-21.0161	45.3321	0	-0.850897	0.525332	0	None	None
ChainingRodShaped	1226	4.1608	0.5	-24.5544	40.0013	0	0.930525	0.366228	0	None	None
ChainingRodShaped	1754	2.20881	0.5	18.9597	48.7209	0	-0.142771	0.989756	0	None	None
ChainingRodShaped	1588	2.87668	0.5	6.63841	49.3123	0	0.965405	0.260756	0	None	None
ChainingRodShaped	1364	2.99302	0.5	8.94676	29.632	0	-0.113669	0.993519	0	None	None
ChainingRodShaped	1366	3.66406	0.5	21.7061	40.8273	0	-0.0090454	0.999959	0	None	None
ChainingRodShaped	1280	3.5993	0.5	11.389	69.2857	0	0.955914	0.293645	0	None	None
ChainingRodShaped	656	3.57781	0.5	34.1944	32.0305	0	-0.00188783	0.999998	0	1764	671
ChainingRodShaped	1096	3.28479	0.5	11.6699	32.9781	0	-0.947656	0.319294	0	None	None
ChainingRodShaped	1638	2.56824	0.5	-0.592838	50.7938	0	0.987442	0.157979	0	None	None
ChainingRodShaped	1670	2.78513	0.5	3.53317	9.45179	0	0.97958	-0.201055	0	None	None
ChainingRodShaped	1452	3.43762	0.5	-28.0467	33.4857	0	0.35728	0.933997	0	None	None
ChainingRodShaped	844	4.58107	0.5	74.0479	62.5802	0	0.984851	-0.173401	0	845	286
ChainingRodShaped	1548	3.29108	0.5	26.9394	59.2802	0	0.440606	-0.8977	0	None	None
ChainingRodShaped	1092	3.69595	0.5	28.2791	33.918	0	0.965758	0.259446	0	None	None
ChainingRodShaped	1376	3.35783	0.5	-8.88877	30.6564	0	0.961884	0.273458	0	None	None
ChainingRodShaped	576	4.83244	0.5	12.1957	31.851	0	-0.944419	0.328744	0	None	None
ChainingRodShaped	700	4.71278	0.5	-17.1506	28.5885	0	0.992137	0.125158	0	None	None
ChainingRodShaped	910	4.39678	0.5	37.3528	53.0303	0	0.410342	0.911932	0	911	1235
ChainingRodShaped	1474	2.91365	0.5	-1.11503	30.9931	0	-0.102807	0.994701	0	None	None
ChainingRodShaped	902	4.91312	0.5	15.9035	50.236	0	-0.0875078	0.996164	0	None	None
ChainingRodShaped	932	4.83823	0.5	24.433	24.9255	0	0.111264	0.993791	0	None	None
ChainingRodShaped	1008	4.99934	0.5	-19.0588	20.6273	0	0.704649	0.709556	0	None	None
ChainingRodShaped	1244	4.64695	0.5	-4.83437	34.519	0	-0.329192	0.944263	0	None	None
ChainingRodShaped	1636	2.61081	0.5	13.4535	59.6164	0	-0.743995	0.668185	0	None	None
ChainingRodShaped	1194	4.95729	0.5	10.5207	15.8799	0	0.882172	0.470926	0	None	None
ChainingRodShaped	1854	2.0481	0.5	7.85742	58.9458	0	-0.164012	0.986458	0	None	None
ChainingRodShaped	908	4.78584	0.5	2.10235	50.2804	0	0.985813	0.167846	0	None	None
ChainingRodShaped	1616	2.59204	0.5	16.2762	27.7488	0	-0.0747505	0.997202	0	None	None
ChainingRodShaped	321	4.82902	0.5	-102.039	-56.9174	0	0.918215	0.396083	0	996	967
ChainingRodShaped	1404	3.50801	0.5	-1.92712	39.6733	0	-0.44602	0.895023	0	None	None
ChainingRodShaped	968	4.19212	0.5	5.87887	70.0789	0	0.891959	0.452117	0	None	None
ChainingRodShaped	708	4.41344	0.5	-14.603	17.0345	0	-0.919252	0.39367	0	None	None
ChainingRodShaped	736	4.06961	0.5	109.299	72.9503	0	0.669138	0.743138	0	737	865
ChainingRodShaped	1066	4.48391	0.5	-34.4701	36.9694	0	-0.810171	-0.586194	0	None	None
ChainingRodShaped	954	4.68246	0.5	-20.0873	25.5511	0	0.591617	0.806219	0	None	None
ChainingRodShaped	1126	4.46978	0.5	-27.3754	51.9864	0	0.926587	0.37608	0	None	None
ChainingRodShaped	1586	2.5342	0.5	7.27151	27.944	0	0.62112	0.783715	0	None	None
ChainingRodShaped	992	3.76072	0.5	-32.0217	35.8448	0	0.666999	0.745058	0	None	None
ChainingRodShaped	1830	2.13676	0.5	-5.61889	15.7467	0	0.967269	-0.253752	0	None	None
ChainingRodShaped	1356	3.34285	0.5	10.6839	12.5495	0	0.862242	0.506496	0	None	None
ChainingRodShaped	1260	3.24514	0.5	-6.31801	64.6762	0	-0.554513	0.832175	0	None	None
ChainingRodShaped	1224	3.5036	0.5	-26.3727	51.3531	0	0.927913	0.372797	0	None	None
ChainingRodShaped	1826	2.17942	0.5	-19.5835	16.1231	0	-0.909743	0.415171	0	None	None
ChainingRodShaped	1518	2.50801	0.5	-2.5374	16.897	0	0.967773	-0.251826	0	None	None
ChainingRodShaped	1498	3.38808	0.5	2.34079	45.1422	0	0.999292	-0.0376345	0	None	None
ChainingRodShaped	1354	3.51271	0.5	-12.4853	67.8904	0	0.56304	0.82643	0	None	None
ChainingRodShaped	1274	2.94435	0.5	-9.71202	68.1035	0	-0.548076	0.836428	0	None	None
ChainingRodShaped	756	3.4491	0.5	-65.3378	-37.2152	0	0.745881	0.666079	0	757	1803
ChainingRodShaped	1584	3.12533	0.5	-10.7532	66.2168	0	-0.546035	0.837762	0	None	None
ChainingRodShaped	1620	2.86888	0.5	-25.4028	49.1305	0	0.708873	0.705336	0	None	None
ChainingRodShaped	365	4.67403	0.5	54.628	64.5648	0	0.996764	0.0803805	0	1196	1077
ChainingRodShaped	1204	3.9273	0.5	2.91023	31.2963	0	-0.152727	0.988268	0	None	None
ChainingRodShaped	1824	2.18809	0.5	-25.5308	50.6702	0	0.924131	0.382075	0	None	None
ChainingRodShaped	1730	2.51909	0.5	20.2684	15.6937	0	0.849158	0.528138	0	None	None
ChainingRodShaped	1674	2.71018	0.5	-15.5146	11.0355	0	-0.909824	0.414995	0	None	None
ChainingRodShaped	1206	4.73226	0.5	-2.15588	31.8351	0	-0.112748	0.993624	0	None	None
ChainingRodShaped	1494	3.53151	0.5	10.0977	47.8701	0	0.796585	0.604527	0	None	None
ChainingRodShaped	379	4.32829	0.5	93.8184	62.6955	0	0.960752	0.277407	0	798	1287
ChainingRodShaped	1072	4.96644	0.5	-4.2654	72.007	0	0.993767	0.111481	0	None	None
ChainingRodShaped	1456	3.11633	0.5	21.4949	60.9433	0	0.878285	-0.478137	0	None	None
ChainingRodShaped	1232	4.79739	0.5	-10.6231	64.2608	0	0.554384	-0.832261	0	None	None
ChainingRodShaped	964	4.07573	0.5	-25.864	63.6393	0	0.174016	0.984743	0	None	None
ChainingRodShaped	1794	2.30595	0.5	3.88089	31.227	0	-0.162606	0.986691	0	None	None
ChainingRodShaped	1400	3.47106	0.5	16.0948	56.6445	0	-0.530802	0.847496	0	None	None
ChainingRodShaped	1496	2.76265	0.5	26.6966	39.8795	0	-0.0895856	-0.995979	0	None	None
ChainingRodShaped	1724	2.50323	0.5	-20.7511	61.6649	0	0.74773	0.664003	0	None	None
ChainingRodShaped	397	4.56575	0.5	8.61345	1.29393	0	0.993933	-0.109984	0	468	871
ChainingRodShaped	1470	2.82341	0.5	-56.6704	-26.5162	0	0.505834	0.862631	0	1471	1353
ChainingRodShaped	1800	2.1265	0.5	13.2697	39.7933	0	0.336672	0.941622	0	None	None
ChainingRodShaped	1136	3.49069	0.5	-7.35111	58.1721	0	0.998234	-0.0594081	0	None	None
ChainingRodShaped	724	4.65535	0.5	6.04856	19.7323	0	0.557534	0.830154	0	None	None
ChainingRodShaped	1628	2.81589	0.5	-18.6212	39.4066	0	-0.93248	0.361221	0	None	None
ChainingRodShaped	1246	4.29986	0.5	-22.0733	39.1206	0	0.255182	0.966893	0	None	None
ChainingRodShaped	662	4.71432	0.5	-12.0303	28.2278	0	0.873535	0.486762	0	None	None
ChainingRodShaped	1384	3.35152	0.5	5.5694	15.3588	0	0.494277	0.869304	0	None	None
ChainingRodShaped	1316	4.2508	0.5	15.2607	38.7504	0	-0.237998	0.971266	0	None	None
ChainingRodShaped	1002	3.77258	0.5	-17.1267	7.14265	0	0.992859	-0.119291	0	1003	1663
ChainingRodShaped	1486	3.05	0.5	28.704	47.2813	0	0.250804	-0.968038	0	None	None
ChainingRodShaped	1282	2.8897	0.5	6.01799	44.3745	0	0.996779	0.0801993	0	None	None
ChainingRodShaped	998	4.92973	0.5	18.8477	36.5156	0	-0.313024	0.949745	0	None	None
ChainingRodShaped	988	4.65615	0.5	0.615574	52.9586	0	0.966728	-0.255805	0	None	None
ChainingRodShaped	1410	3.16606	0.5	-15.0175	40.3015	0	-0.6515	0.758649	0	None	None
ChainingRodShaped	1714	2.31659	0.5	151.251	114.922	0	0.902355	0.430993	0	1715	428
ChainingRodShaped	431	4.70658	0.5	117.822	84.4051	0	0.554268	0.832338	0	864	961
ChainingRodShaped	1444	3.3723	0.5	-3.12923	52.2947	0	0.98717	0.159674	0	None	None
ChainingRodShaped	1600	3.11174	0.5	28.4555	54.8535	0	0.661552	-0.7499	0	None	None
ChainingRodShaped	796	4.49003	0.5	-16.041	16.6466	0	-0.915269	0.402844	0	None	None
ChainingRodShaped	1424	2.95145	0.5	6.31373	56.463	0	-0.154755	0.987953	0	None	None
ChainingRodShaped	1158	4.18637	0.5	16.5685	37.3029	0	-0.247711	0.968834	0	None	None
ChainingRodShaped	1690	2.26904	0.5	-6.56829	36.3935	0	-0.388481	0.921457	0	None	None
ChainingRodShaped	1580	2.62476	0.5	-31.8211	28.6174	0	0.255819	0.966725	0	None	None
ChainingRodShaped	806	4.65311	0.5	-20.3159	30.0534	0	0.990194	0.139698	0	None	None
ChainingRodShaped	1198	4.66615	0.5	-11.3129	34.876	0	0.968401	0.249398	0	None	None
ChainingRodShaped	1624	2.58742	0.5	11.8258	18.8851	0	-0.994974	-0.100137	0	None	None
ChainingRodShaped	1104	4.99893	0.5	25.5124	47.4208	0	0.21405	-0.976823	0	None	None
ChainingRodShaped	1542	2.85947	0.5	-22.6911	24.0772	0	0.753186	0.657807	0	None	None
ChainingRodShaped	1450	2.89439	0.5	18.6299	57.7141	0	0.0411197	0.999154	0	None	None
ChainingRodShaped	1728	2.42881	0.5	-8.24538	34.7723	0	0.951021	0.309127	0	None	None
ChainingRodShaped	1374	2.84713	0.5	-25.0487	35.7785	0	0.366873	0.930271	0	None	None
ChainingRodShaped	896	4.31777	0.5	-18.3026	29.3918	0	0.991542	0.129785	0	None	None
ChainingRodShaped	734	4.88614	0.5	3.03302	73.1955	0	-0.420221	-0.907422	0	None	None
ChainingRodShaped	1310	3.89049	0.5	-11.1165	10.7144	0	-0.804094	0.594502	0	None	None
ChainingRodShaped	1170	3.77078	0.5	-2.04121	3.50586	0	0.962308	-0.271961	0	1171	468
ChainingRodShaped	1322	4.3173	0.5	22.3365	29.7645	0	-0.305851	0.952079	0	None	None
ChainingRodShaped	1112	3.75122	0.5	7.17252	57.1389	0	-0.162043	0.986784	0	None	None
ChainingRodShaped	1502	2.94344	0.5	-19.7502	64.4835	0	0.974676	0.223623	0	None	None
ChainingRodShaped	1568	2.58188	0.5	179.093	127.008	0	0.919788	0.392416	0	1569	476
ChainingRodShaped	866	4.25075	0.5	-20.9772	36.0484	0	0.664108	0.747637	0	None	None
ChainingRodShaped	1162	3.51252	0.5	139.511	108.118	0	0.816368	0.577532	0	1163	1681
ChainingRodShaped	1304	3.83504	0.5	-22.4354	13.1167	0	-0.992722	-0.120431	0	None	None
ChainingRodShaped	1682	2.51435	0.5	-7.63558	28.6433	0	0.843557	0.537039	0	None	None
ChainingRodShaped	487	4.67518	0.5	-115.75	-62.8988	0	0.91491	0.403657	0	1298	997
ChainingRodShaped	1478	2.55656	0.5	-19.0984	45.2506	0	-0.86355	0.504263	0	None	None
ChainingRodShaped	1238	3.81945	0.5	-3.98685	35.0563	0	-0.359156	0.933278	0	None	None
ChainingRodShaped	1388	2.79314	0.5	23.6078	64.1262	0	0.824778	-0.565457	0	None	None
ChainingRodShaped	1570	2.96639	0.5	4.49598	19.1078	0	0.565811	0.824535	0	None	None
ChainingRodShaped	1606	3.05212	0.5	28.4827	36.0991	0	0.983739	-0.179603	0	None	None
ChainingRodShaped	1172	3.47448	0.5	0.242352	7.27189	0	-0.979018	-0.203776	0	None	None
ChainingRodShaped	1514	3.32762	0.5	7.29103	42.783	0	0.978825	0.204699	0	None	None
ChainingRodShaped	974	4.3244	0.5	-30.6242	23.4686	0	-0.0626627	0.998035	0	None	None
ChainingRodShaped	814	4.50781	0.5	-5.18638	18.6136	0	0.965225	-0.26142	0	None	None
ChainingRodShaped	1360	3.4384	0.5	21.6194	37.5383	0	0.583322	-0.812241	0	None	None
ChainingRodShaped	1750	2.20293	0.5	4.12827	38.6466	0	-0.634116	0.773238	0	None	None
ChainingRodShaped	1488	2.87422	0.5	-0.738927	34.9886	0	-0.410967	0.91165	0	None	None
ChainingRodShaped	1350	3.76888	0.5	-23.9142	29.8398	0	0.600494	0.799629	0	None	None
ChainingRodShaped	1710	2.25979	0.5	10.7811	61.7412	0	-0.810373	0.585914	0	None	None
ChainingRodShaped	1050	3.42176	0.5	24.0113	49.4833	0	0.0630803	-0.998008	0	None	None
ChainingRodShaped	1436	3.81158	0.5	-14.5849	46.0593	0	-0.885943	0.463795	0	None	None
ChainingRodShaped	1222	3.02802	0.5	18.3566	27.4605	0	0.0672575	0.997736	0	None	None
ChainingRodShaped	1678	2.32946	0.5	6.28991	37.6895	0	-0.588479	0.808513	0	None	None
ChainingRodShaped	1330	2.82556	0.5	21.7948	33.9462	0	-0.336705	0.94161	0	None	None
ChainingRodShaped	1340	4.02787	0.5	-7.15708	24.3849	0	0.846541	0.532324	0	None	None
ChainingRodShaped	1822	2.17209	0.5	5.68834	17.475	0	0.565805	0.824539	0	None	None
ChainingRodShaped	531	4.3202	0.5	-79.0802	-46.5144	0	0.889411	0.457109	0	750	1573
ChainingRodShaped	1664	2.53836	0.5	1.84117	29.8961	0	0.0971964	0.995265	0	None	None
ChainingRodShaped	874	4.96762	0.5	18.9241	41.9807	0	0.470442	0.882431	0	None	None
ChainingRodShaped	1406	3.24896	0.5	-11.5832	53.8047	0	0.913277	0.40734	0	None	None
ChainingRodShaped	1564	3.05541	0.5	15.8811	23.5007	0	0.609454	0.792822	0	None	None
ChainingRodShaped	1144	3.43831	0.5	-19.6569	15.0874	0	-0.909202	0.416355	0	None	None
ChainingRodShaped	912	4.55019	0.5	10.9273	73.3387	0	-0.697375	0.716706	0	None	None
ChainingRodShaped	1554	2.98164	0.5	7.89569	41.9478	0	0.980823	0.194903	0	None	None
ChainingRodShaped	1132	4.51815	0.5	8.25629	48.7582	0	0.967963	0.251093	0	None	None
ChainingRodShaped	549	4.47479	0.5	24.5561	5.05196	0	0.782179	0.623054	0	1742	1139
ChainingRodShaped	1798	2.15241	0.5	-7.00031	14.6107	0	-0.472039	0.881578	0	None	None
ChainingRodShaped	1512	3.21602	0.5	-23.8017	20.0584	0	0.653043	0.75732	0	None	None
ChainingRodShaped	1788	2.17514	0.5	12.4878	48.749	0	0.604403	0.796678	0	None	None
ChainingRodShaped	1472	3.11212	0.5	8.40336	12.3357	0	0.852097	0.523385	0	None	None
ChainingRodShaped	559	4.15287	0.5	-35.0535	3.97175	0	0.878992	0.476837	0	1422	1117
ChainingRodShaped	1192	3.82724	0.5	164.368	120.74	0	0.919658	0.392721	0	1193	1267
ChainingRodShaped	1640	2.92443	0.5	9.66721	55.3307	0	0.311285	0.950316	0	None	None
ChainingRodShaped	1744	2.37455	0.5	-5.84527	57.1401	0	0.997589	-0.0693944	0	None	None
ChainingRodShaped	1032	4.80577	0.5	-3.28569	60.2316	0	-0.732863	0.680377	0	None	None
ChainingRodShaped	1124	3.76189	0.5	-11.3747	16.718	0	-0.917186	0.39846	0	None	None
ChainingRodShaped	1738	2.36513	0.5	-8.25093	47.7625	0	-0.822702	0.568473	0	None	None
ChainingRodShaped	1464	2.7755	0.5	-2.03198	66.7408	0	-0.47506	0.879954	0	None	None
ChainingRodShaped	1026	3.86829	0.5	-21.0545	60.1092	0	0.741047	0.671454	0	None	None
ChainingRodShaped	1530	3.27346	0.5	13.4866	25.0523	0	0.586653	0.809838	0	None	None
ChainingRodShaped	1358	3.86533	0.5	11.0925	17.8422	0	-0.994566	-0.104111	0	None	None
ChainingRodShaped	1760	2.27935	0.5	17.7856	50.6872	0	-0.0675628	0.997715	0	None	None
ChainingRodShaped	970	3.70524	0.5	-15.116	11.9352	0	0.90782	-0.41936	0	None	None
ChainingRodShaped	1082	4.16983	0.5	4.34452	58.7457	0	-0.456118	0.889919	0	None	None
ChainingRodShaped	587	4.97557	0.5	-44.9056	-4.92886	0	0.593728	0.804666	0	1766	1423
ChainingRodShaped	1134	4.46392	0.5	-13.0555	71.8915	0	0.73845	0.674309	0	None	None
ChainingRodShaped	1004	3.82893	0.5	-4.95593	67.8117	0	-0.543095	0.839671	0	None	None
ChainingRodShaped	1442	2.96872	0.5	-4.38391	68.7033	0	-0.549852	0.835262	0	None	None
ChainingRodShaped	1010	4.96783	0.5	4.52488	35.3141	0	-0.469262	0.883059	0	None	None
ChainingRodShaped	1596	2.86884	0.5	-29.9081	43.4103	0	0.353538	0.93542	0	None	None
ChainingRodShaped	599	4.80438	0.5	-22.825	49.0562	0	0.376295	0.9265	0	None	None
ChainingRodShaped	1716	2.53571	0.5	-27.2882	59.8425	0	0.769977	0.638071	0	None	None
ChainingRodShaped	1622	2.41839	0.5	-2.65155	58.2119	0	-0.814669	0.579926	0	None	None
ChainingRodShaped	1318	3.37776	0.5	-25.1418	40.7751	0	0.934142	0.356902	0	None	None
ChainingRodShaped	607	4.76112	0.5	12.6545	14.8058	0	0.878986	0.476848	0	None	None
ChainingRodShaped	1372	2.80016	0.5	-20.0965	53.0163	0	0.416684	0.909051	0	None	None
ChainingRodShaped	1302	3.20264	0.5	-12.6109	24.6685	0	0.898145	0.439699	0	None	None
ChainingRodShaped	1420	3.79051	0.5	4.18555	33.1544	0	-0.776431	0.630202	0	None	None
ChainingRodShaped	1520	3.43813	0.5	-7.41544	53.4084	0	0.987171	0.159668	0	None	None
ChainingRodShaped	617	4.92009	0.5	19.8233	24.8838	0	0.64304	0.765833	0	None	None
ChainingRodShaped	1034	4.55504	0.5	-6.18638	41.8194	0	-0.461184	0.887305	0	None	None
ChainingRodShaped	1544	2.84218	0.5	6.81402	62.1816	0	-0.434103	0.900863	0	None	None
ChainingRodShaped	1732	2.39841	0.5	3.8256	49.6422	0	0.984085	0.177699	0	None	None
ChainingRodShaped	1688	2.40477	0.5	-28.2636	29.7639	0	-0.111313	0.993785	0	None	None
ChainingRodShaped	1758	2.40752	0.5	-13.3241	39.7974	0	-0.531316	0.847174	0	None	None
ChainingRodShaped	1748	2.19475	0.5	-13.9692	61.8902	0	0.820511	-0.571631	0	None	None
ChainingRodShaped	1012	4.53191	0.5	3.30892	19.051	0	0.574028	0.818836	0	None	None
ChainingRodShaped	633	4.99386	0.5	0.58896	19.0228	0	0.378082	0.925772	0	None	None
ChainingRodShaped	1778	2.30216	0.5	6.13097	36.1597	0	-0.486832	0.873495	0	None	None
ChainingRodShaped	1140	4.24158	0.5	-17.9642	65.7756	0	0.999777	-0.0211259	0	None	None
ChainingRodShaped	1276	3.241	0.5	-17.6553	66.7465	0	0.999602	-0.0282173	0	None	None
ChainingRodShaped	1546	2.48908	0.5	128.606	98.7902	0	0.69083	0.723018	0	1547	640
ChainingRodShaped	1500	2.77933	0.5	-8.63542	42.545	0	-0.479565	0.877507	0	None	None
ChainingRodShaped	645	4.51789	0.5	1.53925	18.8858	0	0.36881	0.929505	0	None	None
ChainingRodShaped	1706	2.36046	0.5	28.5985	52.6283	0	0.380945	-0.924598	0	None	None
ChainingRodShaped	649	4.70589	0.5	-8.47728	49.5012	0	0.982835	0.184488	0	None	None
ChainingRodShaped	1220	4.42458	0.5	-12.2491	41.5923	0	-0.514292	0.857615	0	None	None
ChainingRodShaped	1288	3.02468	0.5	-15.6555	55.8907	0	0.811252	0.584697	0	None	None
ChainingRodShaped	1396	2.84877	0.5	3.84453	57.6494	0	-0.459919	0.887961	0	None	None
ChainingRodShaped	1764	2.24372	0.5	34.1628	28.1811	0	0.02412	0.999709	0	1765	656
ChainingRodShaped	1768	2.30209	0.5	-4.9849	8.29026	0	-0.88852	0.458837	0	None	None
ChainingRodShaped	1344	3.72054	0.5	-17.7197	41.119	0	-0.84061	0.541641	0	None	None
ChainingRodShaped	1102	3.59774	0.5	-16.5354	25.7768	0	0.882034	0.471185	0	None	None
ChainingRodShaped	1772	2.30146	0.5	-20.563	56.2857	0	0.499441	0.866348	0	None	None
ChainingRodShaped	1796	2.1371	0.5	11.8478	46.7788	0	0.815555	0.57868	0	None	None
ChainingRodShaped	1810	2.20383	0.5	13.8788	38.5506	0	0.243059	0.970011	0	None	None
ChainingRodShaped	671	4.32028	0.5	34.2476	36.9177	0	0.0227591	0.999741	0	656	670
ChainingRodShaped	673	4.84172	0.5	-29.1684	40.242	0	0.461165	0.887314	0	None	None
ChainingRodShaped	1100	3.73332	0.5	-35.5561	29.1446	0	0.661619	0.74984	0	None	None
ChainingRodShaped	1084	4.19151	0.5	-14.6319	35.0105	0	0.972245	0.233965	0	None	None
ChainingRodShaped	1062	4.2928	0.5	-11.3338	8.68111	0	-0.523842	0.851816	0	None	None
ChainingRodShaped	1872	2.00001	0.5	-15.1876	35.9238	0	0.988627	0.150386	0	None	None
ChainingRodShaped	1118	3.66789	0.5	-4.64873	29.0716	0	-0.172255	0.985052	0	None	None
ChainingRodShaped	1708	2.44717	0.5	21.3383	62.1428	0	0.878587	-0.477583	0	None	None
ChainingRodShaped	1056	3.94812	0.5	-32.3497	37.0938	0	-0.630174	-0.776454	0	None	None
ChainingRodShaped	1272	4.27582	0.5	-18.4758	22.7701	0	0.664988	0.746854	0	None	None
ChainingRodShaped	691	4.90699	0.5	-9.15852	38.73	0	-0.597055	0.802201	0	None	None
ChainingRodShaped	1248	4.82683	0.5	-20.2519	67.8081	0	0.962692	0.270598	0	None	None
ChainingRodShaped	1146	4.44091	0.5	-8.94831	68.6959	0	-0.540142	0.841574	0	None	None
ChainingRodShaped	1856	2.03264	0.5	9.15683	20.6699	0	0.316336	0.948647	0	None	None
ChainingRodShaped	699	4.44177	0.5	-12.4227	50.3753	0	0.920905	0.389788	0	None	None
ChainingRodShaped	1078	4.26392	0.5	-21.6352	26.139	0	0.804049	0.594563	0	None	None
ChainingRodShaped	1168	4.23295	0.5	21.4387	57.5648	0	0.849573	-0.527471	0	None	None
ChainingRodShaped	1336	4.22531	0.5	25.7167	39.837	0	-0.0868721	-0.996219	0	None	None
ChainingRodShaped	1210	3.83522	0.5	-13.1581	13.167	0	-0.898907	0.438139	0	None	None
ChainingRodShaped	1414	2.66593	0.5	-10.4543	15.2517	0	-0.917993	0.396596	0	None	None
ChainingRodShaped	1692	2.63892	0.5	29.9737	43.2898	0	0.555399	0.831584	0	None	None
ChainingRodShaped	1188	3.79523	0.5	-17.6998	36.5042	0	0.989565	0.144087	0	None	None
ChainingRodShaped	1648	2.4	0.5	18.9938	44.1696	0	0.466058	0.884754	0	None	None
ChainingRodShaped	1166	3.26225	0.5	2.72922	64.0249	0	-0.464617	0.885512	0	None	None
ChainingRodShaped	1524	2.95536	0.5	15.1488	65.1147	0	-0.709139	-0.705069	0	None	None
ChainingRodShaped	1394	3.3544	0.5	-16.0784	68.8033	0	0.932741	-0.360548	0	None	None
ChainingRodShaped	1462	3.02681	0.5	-7.60741	42.5509	0	-0.470019	0.882656	0	None	None
ChainingRodShaped	1148	3.23394	0.5	3.44144	15.5871	0	0.448111	0.893978	0	None	None
ChainingRodShaped	727	4.86511	0.5	-5.94843	31.0161	0	-0.183441	0.983031	0	None	None
ChainingRodShaped	1818	2.16328	0.5	25.6318	26.7685	0	0.0914966	0.995805	0	None	None
ChainingRodShaped	1128	3.33489	0.5	-12.6306	55.8278	0	0.798874	0.601499	0	None	None
ChainingRodShaped	1208	4.81729	0.5	-34.3229	50.6378	0	0.473484	0.880802	0	None	None
ChainingRodShaped	1236	3.34879	0.5	5.14917	72.9864	0	-0.888594	-0.458695	0	None	None
ChainingRodShaped	737	4.44052	0.5	105.627	69.3074	0	0.746218	0.665701	0	1286	736
ChainingRodShaped	1312	2.90583	0.5	-3.86023	63.3632	0	0.731727	-0.681598	0	None	None
ChainingRodShaped	1250	4.56831	0.5	-21.2597	38.6182	0	0.262009	0.965066	0	None	None
ChainingRodShaped	1264	4.75558	0.5	16.2453	33.3913	0	-0.664147	0.747602	0	None	None
ChainingRodShaped	1216	4.13306	0.5	10.7296	62.9469	0	-0.811203	0.584764	0	None	None
ChainingRodShaped	1720	2.51689	0.5	13.8928	24.0114	0	0.594714	0.803938	0	None	None
ChainingRodShaped	1550	2.46412	0.5	4.39097	65.0079	0	-0.470651	0.88232	0	None	None
ChainingRodShaped	751	4.2297	0.5	-89.0637	-51.2639	0	0.912667	0.408703	0	966	750
ChainingRodShaped	1426	3.36263	0.5	20.0132	60.6398	0	0.880228	-0.47455	0	None	None
ChainingRodShaped	1740	2.34132	0.5	5.08614	12.5027	0	0.482809	0.875726	0	None	None
ChainingRodShaped	757	4.23996	0.5	-69.0254	-40.2391	0	0.79531	0.606203	0	1572	756
ChainingRodShaped	1482	2.59221	0.5	0.788121	23.4823	0	-0.443522	0.896263	0	None	None
ChainingRodShaped	1368	3.40663	0.5	21.1904	44.5995	0	0.24716	0.968975	0	None	None
ChainingRodShaped	1294	3.97771	0.5	3.57813	7.7872	0	0.857498	-0.514488	0	None	None
ChainingRodShaped	1214	4.45242	0.5	-29.1677	29.1184	0	-0.120913	0.992663	0	None	None
ChainingRodShaped	767	4.34705	0.5	-30.8488	28.4677	0	0.25105	0.967974	0	None	None
ChainingRodShaped	1532	2.98788	0.5	-12.7896	22.4983	0	0.906759	0.42165	0	None	None
ChainingRodShaped	1278	3.80167	0.5	-33.4985	46.5723	0	-0.540467	0.841365	0	None	None
ChainingRodShaped	1300	4.48013	0.5	8.8552	41.1742	0	0.982688	0.18527	0	None	None
ChainingRodShaped	775	4.61634	0.5	-16.7298	20.2376	0	0.701125	0.713039	0	None	None
ChainingRodShaped	1190	4.91017	0.5	-23.2777	60.7338	0	0.747006	0.664818	0	None	None
ChainingRodShaped	1342	2.92559	0.5	-28.6031	45.5829	0	-0.220534	0.975379	0	None	None
ChainingRodShaped	1296	2.89168	0.5	-7.37417	50.6432	0	0.984632	0.17464	0	None	None
ChainingRodShaped	1252	4.58388	0.5	-3.97416	39.5711	0	-0.451652	0.892194	0	None	None
ChainingRodShaped	1362	4.03114	0.5	-30.1284	33.3226	0	0.744584	0.667528	0	None	None
ChainingRodShaped	1270	3.60782	0.5	21.5029	25.3848	0	0.644767	0.764379	0	None	None
ChainingRodShaped	1458	2.95898	0.5	-31.8649	46.7838	0	-0.802762	0.596299	0	None	None
ChainingRodShaped	1804	2.23264	0.5	-4.51654	25.1718	0	0.0505939	0.998719	0	None	None
ChainingRodShaped	1590	3.0212	0.5	4.54038	43.3417	0	0.99753	0.0702399	0	None	None
ChainingRodShaped	1178	3.40247	0.5	16.9289	59.2534	0	-0.450041	0.893008	0	None	None
ChainingRodShaped	1558	3.20844	0.5	-11.6107	14.7064	0	-0.923005	0.384787	0	None	None
ChainingRodShaped	799	3.60694	0.5	84.7853	61.4282	0	0.999983	-0.00582427	0	286	798
ChainingRodShaped	1460	3.16273	0.5	0.801746	31.7332	0	-0.0543951	0.998519	0	None	None
ChainingRodShaped	1306	3.97405	0.5	-2.45302	22.0453	0	-0.131987	0.991251	0	None	None
ChainingRodShaped	1820	2.13597	0.5	-13.2684	25.4052	0	0.885074	0.465451	0	None	None
ChainingRodShaped	1402	3.49078	0.5	-22.7571	27.7184	0	0.800525	0.599299	0	None	None
ChainingRodShaped	1256	4.51402	0.5	-12.0609	51.5438	0	0.92124	0.388995	0	None	None
ChainingRodShaped	811	4.22207	0.5	-8.85977	39.8889	0	-0.612697	0.790318	0	None	None
ChainingRodShaped	813	4.57979	0.5	6.81989	9.51726	0	0.762119	0.647437	0	None	None
ChainingRodShaped	1434	3.81951	0.5	-9.661	20.3628	0	0.996846	-0.0793662	0	None	None
ChainingRodShaped	1782	2.2238	0.5	15.7252	69.2867	0	0.757867	-0.652409	0	None	None
ChainingRodShaped	819	4.67994	0.5	-1.13214	42.2918	0	-0.439756	0.898117	0	None	None
ChainingRodShaped	1258	4.46335	0.5	-25.4023	37.5214	0	0.639459	0.768825	0	None	None
ChainingRodShaped	823	4.09877	0.5	23.1811	44.8947	0	-0.244839	-0.969564	0	None	None
ChainingRodShaped	825	4.71699	0.5	20.4252	34.903	0	-0.34079	0.94014	0	None	None
ChainingRodShaped	1836	2.1329	0.5	11.9625	63.2373	0	-0.806455	0.591295	0	None	None
ChainingRodShaped	829	4.74311	0.5	-3.62451	24.1349	0	0.0412608	0.999148	0	None	None
ChainingRodShaped	1370	2.82688	0.5	-4.2654	42.263	0	-0.442709	0.896665	0	None	None
ChainingRodShaped	1614	2.86795	0.5	-21.7193	56.2665	0	0.458692	0.888595	0	None	None
ChainingRodShaped	835	4.08285	0.5	-0.473089	72.5662	0	0.753069	-0.657942	0	None	None
ChainingRodShaped	837	4.94058	0.5	0.0685901	12.9402	0	0.994965	0.100219	0	None	None
ChainingRodShaped	1604	2.40374	0.5	17.8744	20.5881	0	-0.995371	0.0961051	0	None	None
ChainingRodShaped	1828	2.09032	0.5	-27.3847	19.7727	0	0.129468	0.991584	0	None	None
ChainingRodShaped	843	4.7991	0.5	1.08544	46.1327	0	0.999391	-0.0348968	0	None	None
ChainingRodShaped	845	3.76393	0.5	69.0139	63.4864	0	0.983544	-0.180669	0	1076	844
ChainingRodShaped	1262	4.17784	0.5	15.2625	31.5976	0	-0.652087	0.758144	0	None	None
ChainingRodShaped	1408	2.89212	0.5	-28.6565	17.6966	0	0.139379	0.990239	0	None	None
ChainingRodShaped	1324	2.86255	0.5	-29.2987	53.2972	0	-0.925071	-0.379793	0	None	None
ChainingRodShaped	853	4.38442	0.5	6.20241	47.2752	0	0.977776	0.209654	0	None	None
ChainingRodShaped	1268	4.4648	0.5	11.8656	38.6516	0	0.346056	0.938214	0	None	None
ChainingRodShaped	857	3.99835	0.5	-19.2708	11.8695	0	-0.748761	-0.66284	0	None	None
ChainingRodShaped	1432	3.03877	0.5	-1.63636	22.7031	0	-0.122054	0.992523	0	None	None
ChainingRodShaped	1490	2.90147	0.5	12.1664	15.6525	0	0.880766	0.473552	0	None	None
ChainingRodShaped	1696	2.67966	0.5	-0.644264	59.0973	0	-0.739219	0.673465	0	None	None
ChainingRodShaped	865	3.55913	0.5	112.336	76.5865	0	0.609029	0.793148	0	736	864
ChainingRodShaped	867	4.93828	0.5	-25.542	29.2477	0	0.563667	0.826002	0	None	None
ChainingRodShaped	1292	3.16841	0.5	-8.55342	8.64117	0	-0.999073	-0.0430506	0	None	None
ChainingRodShaped	871	4.27273	0.5	13.9468	1.11357	0	0.998868	0.0475672	0	397	1743
ChainingRodShaped	873	4.95626	0.5	11.474	45.3588	0	0.810973	0.585083	0	None	None
ChainingRodShaped	1632	2.52144	0.5	17.3897	37.8724	0	-0.257384	0.966309	0	None	None
ChainingRodShaped	1654	2.90792	0.5	-24.3793	57.4282	0	0.924581	0.380986	0	None	None
ChainingRodShaped	1790	2.19914	0.5	-0.328382	14.798	0	0.996676	0.0814708	0	None	None
ChainingRodShaped	881	4.47235	0.5	-50.9064	-15.1488	0	0.432435	0.901665	0	1352	1767
ChainingRodShaped	883	4.89989	0.5	-25.2394	12.4949	0	-0.481389	0.876507	0	None	None
ChainingRodShaped	1382	3.8751	0.5	-1.11193	47.8528	0	0.988764	0.149483	0	None	None
ChainingRodShaped	1314	3.48973	0.5	-18.4629	26.1817	0	0.583519	0.812099	0	None	None
ChainingRodShaped	1850	2.07499	0.5	26.5019	47.4958	0	0.211498	-0.977378	0	None	None
ChainingRodShaped	1466	3.54449	0.5	-13.5845	14.4731	0	-0.908534	0.417811	0	None	None
ChainingRodShaped	1380	3.4714	0.5	-11.7546	57.7047	0	0.938228	0.346016	0	None	None
ChainingRodShaped	1848	2.11642	0.5	-2.8563	43.6445	0	-0.44871	0.893678	0	None	None
ChainingRodShaped	1608	2.87966	0.5	-21.6353	27.328	0	0.808167	0.588954	0	None	None
ChainingRodShaped	1540	2.93514	0.5	-0.30827	10.9916	0	0.683095	0.73033	0	None	None
ChainingRodShaped	1338	2.98602	0.5	-6.02013	55.3972	0	0.999993	0.00372293	0	None	None
ChainingRodShaped	1578	3.2252	0.5	13.9822	46.0343	0	0.803905	0.594758	0	None	None
ChainingRodShaped	1418	3.3885	0.5	-4.11469	74.2971	0	-0.959753	-0.280846	0	None	None
ChainingRodShaped	1534	2.6999	0.5	8.28187	26.1289	0	0.64559	0.763684	0	None	None
ChainingRodShaped	1536	2.87147	0.5	-2.64081	49.524	0	0.99028	0.139089	0	None	None
ChainingRodShaped	911	4.9713	0.5	35.5612	47.7319	0	0.237	0.97151	0	670	910
ChainingRodShaped	1386	2.81294	0.5	12.0831	70.6713	0	0.993527	0.113598	0	None	None
ChainingRodShaped	1642	2.90592	0.5	1.0066	70.0869	0	0.995909	-0.0903619	0	None	None
ChainingRodShaped	1734	2.377	0.5	-17.4584	50.5185	0	0.824667	0.565619	0	None	None
ChainingRodShaped	1612	2.75204	0.5	7.90935	62.0668	0	-0.425073	0.905159	0	None	None
ChainingRodShaped	921	4.04445	0.5	10.1362	20.5863	0	0.322726	0.946493	0	None	None
ChainingRodShaped	1694	2.68312	0.5	8.66287	25.0648	0	0.677446	0.735573	0	None	None
ChainingRodShaped	1378	3.82889	0.5	30.1266	41.6561	0	0.532709	0.846299	0	None	None
ChainingRodShaped	1684	2.31679	0.5	2.45972	67.75	0	0.961436	0.275029	0	None	None
ChainingRodShaped	1552	2.87483	0.5	19.5056	56.153	0	0.0511208	0.998692	0	None	None
ChainingRodShaped	1808	2.28136	0.5	-23.1036	19.3976	0	0.660591	0.750746	0	None	None
ChainingRodShaped	1634	2.42937	0.5	21.7089	24.1281	0	0.643515	0.765434	0	None	None
ChainingRodShaped	1526	2.87042	0.5	-11.2836	21.4788	0	0.999739	-0.0228561	0	None	None
ChainingRodShaped	1726	2.2147	0.5	-0.488655	62.0058	0	-0.500381	0.865806	0	None	None
ChainingRodShaped	1776	2.36816	0.5	-19.0441	53.0097	0	0.42574	0.904846	0	None	None
ChainingRodShaped	941	4.98908	0.5	26.4166	52.8372	0	0.366724	-0.93033	0	None	None
ChainingRodShaped	943	3.7762	0.5	-10.2202	19.434	0	0.997483	-0.0709116	0	None	None
ChainingRodShaped	945	3.91968	0.5	20.1655	52.865	0	0.114085	0.993471	0	None	None
ChainingRodShaped	1792	2.13256	0.5	-0.546849	27.4052	0	0.113324	0.993558	0	None	None
ChainingRodShaped	949	4.8256	0.5	-15.1755	63.7467	0	0.894747	-0.446573	0	None	None
ChainingRodShaped	951	4.54164	0.5	16.4637	43.5762	0	0.505741	0.862686	0	None	None
ChainingRodShaped	953	3.88946	0.5	19.6482	64.1785	0	0.881189	-0.472764	0	None	None
ChainingRodShaped	1672	2.67413	0.5	-23.2233	22.1846	0	0.704245	0.709957	0	None	None
ChainingRodShaped	1510	3.20026	0.5	-15.0407	51.1862	0	0.789092	0.614274	0	None	None
ChainingRodShaped	1430	3.72288	0.5	-31.6201	23.5886	0	-0.0615198	0.998106	0	None	None
ChainingRodShaped	961	4.5539	0.5	120.935	89.0096	0	0.566281	0.824212	0	431	960
ChainingRodShaped	1480	3.02533	0.5	-32.4807	33.8551	0	0.715152	0.698969	0	None	None
ChainingRodShaped	965	4.42481	0.5	-25.1607	60.359	0	0.747939	0.663768	0	None	None
ChainingRodShaped	967	3.32665	0.5	-97.4086	-54.9203	0	0.918224	0.396062	0	321	966
ChainingRodShaped	1650	2.86065	0.5	1.62589	69.062	0	0.995732	-0.0922908	0	None	None
ChainingRodShaped	1852	2.03433	0.5	-18.3285	11.4058	0	0.742096	0.670294	0	None	None
ChainingRodShaped	1492	3.4454	0.5	-5.98072	60.0347	0	-0.80207	0.59723	0	None	None
ChainingRodShaped	975	4.10603	0.5	-30.2316	18.3183	0	-0.186967	0.982366	0	None	None
ChainingRodShaped	1598	2.78124	0.5	14.345	20.2424	0	-0.981805	-0.18989	0	None	None
ChainingRodShaped	979	3.63732	0.5	19.7492	18.4844	0	-0.999633	0.0271027	0	None	None
ChainingRodShaped	1646	2.66211	0.5	-15.1997	31.9257	0	0.971841	0.235638	0	None	None
ChainingRodShaped	1468	3.11753	0.5	3.24391	26.9357	0	0.193981	0.981005	0	None	None
ChainingRodShaped	985	3.84937	0.5	6.65636	39.8146	0	0.980786	0.195089	0	None	None
ChainingRodShaped	1702	2.71953	0.5	9.65038	67.583	0	0.910371	0.413794	0	None	None
ChainingRodShaped	1508	2.52653	0.5	-3.72823	53.898	0	0.908762	-0.417314	0	None	None
ChainingRodShaped	1476	2.84602	0.5	8.32515	22.0511	0	0.114232	0.993454	0	None	None
ChainingRodShaped	993	4.81858	0.5	-35.4099	33.417	0	0.345547	0.938401	0	None	None
ChainingRodShaped	995	4.45956	0.5	2.78429	36.6114	0	-0.468405	0.883514	0	None	None
ChainingRodShaped	997	3.27664	0.5	-111.214	-60.9032	0	0.915916	0.401369	0	487	996
ChainingRodShaped	1668	2.37026	0.5	20.3966	32.1686	0	-0.347136	0.937815	0	None	None
ChainingRodShaped	1001	4.15986	0.5	4.13493	21.9304	0	0.53988	0.841742	0	None	None
ChainingRodShaped	1003	3.49719	0.5	-21.6663	7.41178	0	0.999984	0.00560679	0	1116	1002
ChainingRodShaped	1658	2.3299	0.5	-2.90864	64.3058	0	-0.467755	0.883858	0	None	None
ChainingRodShaped	1007	3.86665	0.5	16.7415	42.0026	0	0.466812	0.884357	0	None	None
ChainingRodShaped	1592	2.95944	0.5	-19.7167	18.5908	0	0.702408	0.711775	0	None	None
ChainingRodShaped	1011	4.83167	0.5	6.80899	31.7849	0	-0.129356	0.991598	0	None	None
ChainingRodShaped	1870	2.00278	0.5	0.394676	15.8088	0	0.997439	0.0715188	0	None	None
ChainingRodShaped	1660	2.62813	0.5	17.0181	15.7	0	0.982618	-0.185641	0	None	None
ChainingRodShaped	1017	4.1351	0.5	-3.62807	48.4374	0	0.989804	0.142435	0	None	None
ChainingRodShaped	1538	3.15272	0.5	14.2651	54.821	0	-0.162642	0.986685	0	None	None
ChainingRodShaped	1021	3.63622	0.5	-10.1224	43.4218	0	-0.48834	0.872654	0	None	None
ChainingRodShaped	1023	4.58795	0.5	32.2369	16.4754	0	0.304954	0.952367	0	1138	1022
ChainingRodShaped	1025	4.0484	0.5	-8.59018	26.9287	0	0.855153	0.518375	0	None	None
ChainingRodShaped	1718	2.48416	0.5	-22.4985	56.8908	0	0.453984	0.89101	0	None	None
ChainingRodShaped	1029	3.61339	0.5	15.561	71.2978	0	0.584231	-0.811588	0	None	None
ChainingRodShaped	1566	3.11998	0.5	12.8731	56.0526	0	0.301968	0.953318	0	None	None
ChainingRodShaped	1858	2.02001	0.5	-0.125823	57.2005	0	-0.679087	0.734058	0	None	None
ChainingRodShaped	1035	4.33158	0.5	-3.74354	37.0097	0	-0.427113	0.904198	0	None	None
ChainingRodShaped	1770	2.26415	0.5	23.226	34.3816	0	0.730714	-0.682684	0	None	None
ChainingRodShaped	1039	4.86515	0.5	-28.0232	21.3827	0	0.587916	0.808922	0	None	None
ChainingRodShaped	1041	4.45483	0.5	18.8572	25.2253	0	0.643377	0.76555	0	None	None
ChainingRodShaped	1698	2.66322	0.5	-29.9183	47.0023	0	-0.21077	0.977536	0	None	None
ChainingRodShaped	1045	3.50617	0.5	6.74101	45.3838	0	0.993501	0.113827	0	None	None
ChainingRodShaped	1626	3.00451	0.5	-12.6629	40.48	0	-0.522822	0.852442	0	None	None
ChainingRodShaped	1780	2.2529	0.5	24.4163	59.6196	0	0.56646	-0.824089	0	None	None
ChainingRodShaped	1051	4.36001	0.5	22.7344	54.127	0	0.379993	-0.924989	0	None	None
ChainingRodShaped	1053	4.68198	0.5	10.8888	31.3798	0	-0.941083	0.338175	0	None	None
ChainingRodShaped	1656	2.4229	0.5	-21.1955	44.3319	0	-0.851494	0.524364	0	None	None
ChainingRodShaped	1057	4.24792	0.5	-29.6707	41.3808	0	-0.458726	-0.888578	0	None	None
ChainingRodShaped	1059	4.23141	0.5	24.0984	58.1747	0	0.82869	-0.559708	0	None	None
ChainingRodShaped	1784	2.30352	0.5	16.3829	64.9616	0	-0.714951	-0.699174	0	None	None
ChainingRodShaped	1838	2.07866	0.5	-8.6233	7.16083	0	-0.891862	0.452307	0	None	None
ChainingRodShaped	1704	2.37918	0.5	-12.6348	30.7079	0	0.999551	-0.02995	0	None	None
ChainingRodShaped	1860	2.00788	0.5	-34.1841	38.67	0	-0.666134	-0.745832	0	None	None
ChainingRodShaped	1069	4.66067	0.5	9.80083	36.6082	0	-0.697379	0.716703	0	None	None
ChainingRodShaped	1071	3.73481	0.5	-15.4478	9.11644	0	-0.675209	0.737626	0	None	None
ChainingRodShaped	1073	3.94471	0.5	-8.70886	73.1864	0	0.308876	-0.951102	0	None	None
ChainingRodShaped	1075	4.98173	0.5	15.477	43.7446	0	0.514344	0.857584	0	None	None
ChainingRodShaped	1077	4.12776	0.5	59.9487	64.6501	0	0.998512	-0.0545361	0	365	1076
ChainingRodShaped	1079	3.49579	0.5	-25.3171	22.974	0	0.705695	0.708516	0	None	None
ChainingRodShaped	1081	4.08501	0.5	27.3504	37.8592	0	0.809544	0.587059	0	None	None
ChainingRodShaped	1686	2.55774	0.5	5.4945	54.6855	0	-0.0827846	0.996567	0	None	None
ChainingRodShaped	1712	2.54222	0.5	-18.6582	33.8831	0	0.813634	0.581378	0	None	None
ChainingRodShaped	1087	4.74337	0.5	-23.791	49.1757	0	0.382024	0.924153	0	None	None
ChainingRodShaped	1089	4.68175	0.5	20.0936	47.6717	0	-0.152665	0.988278	0	None	None
ChainingRodShaped	1774	2.34861	0.5	9.04663	16.2124	0	0.885619	0.464413	0	None	None
ChainingRodShaped	1093	4.26041	0.5	26.5753	34.807	0	0.99344	0.114353	0	None	None
ChainingRodShaped	1095	3.45173	0.5	-5.49077	60.8158	0	-0.796059	0.605219	0	None	None
ChainingRodShaped	1097	4.88356	0.5	15.3027	27.8707	0	-0.0847212	0.996405	0	None	None
ChainingRodShaped	1099	3.91313	0.5	-31.9623	50.6588	0	0.839078	0.544011	0	None	None
ChainingRodShaped	1752	2.19313	0.5	-32.8737	28.4769	0	0.265516	0.964106	0	None	None
ChainingRodShaped	1103	4.41044	0.5	-20.0627	22.4419	0	0.673333	0.739339	0	None	None
ChainingRodShaped	1868	2.01577	0.5	24.7074	51.78	0	0.329545	-0.94414	0	None	None
ChainingRodShaped	1107	4.17274	0.5	-15.7188	32.7901	0	0.971772	0.235923	0	None	None
ChainingRodShaped	1109	3.75295	0.5	-13.0139	59.259	0	0.943998	0.32995	0	None	None
ChainingRodShaped	1111	4.06987	0.5	8.61416	51.9643	0	-0.164744	0.986336	0	None	None
ChainingRodShaped	1113	3.6934	0.5	7.57711	52.4849	0	-0.133752	0.991015	0	None	None
ChainingRodShaped	1115	3.80771	0.5	-7.74334	56.282	0	0.99998	-0.00627187	0	None	None
ChainingRodShaped	1117	3.79856	0.5	-30.5906	5.93468	0	0.947522	0.319689	0	559	1116
ChainingRodShaped	1119	3.64393	0.5	-6.84406	25.698	0	0.841293	0.540579	0	None	None
ChainingRodShaped	1121	4.0633	0.5	10.5741	24.2142	0	0.602736	0.797941	0	None	None
ChainingRodShaped	1123	3.60176	0.5	7.75924	31.6856	0	-0.123602	0.992332	0	None	None
ChainingRodShaped	1756	2.20965	0.5	-8.11456	14.6351	0	-0.469486	0.88294	0	None	None
ChainingRodShaped	1127	3.40066	0.5	-31.6869	49.6711	0	0.83914	0.543916	0	None	None
ChainingRodShaped	1846	2.09513	0.5	-12.621	54.3923	0	0.914662	0.404219	0	None	None
ChainingRodShaped	1746	2.39623	0.5	-16.8651	62.4526	0	0.89521	-0.445644	0	None	None
ChainingRodShaped	1722	2.28377	0.5	4.0094	47.7649	0	0.978615	0.205701	0	None	None
ChainingRodShaped	1135	4.27952	0.5	-16.4802	70.0173	0	0.931119	-0.364716	0	None	None
ChainingRodShaped	1137	4.59281	0.5	-13.4477	58.1009	0	0.941641	0.336618	0	None	None
ChainingRodShaped	1139	3.43796	0.5	28.051	8.42791	0	0.632441	0.774609	0	549	1138
ChainingRodShaped	1141	4.24151	0.5	-22.8365	64.382	0	0.887789	0.460251	0	None	None
ChainingRodShaped	1762	2.22471	0.5	-9.63027	18.084	0	0.924293	-0.381683	0	None	None
ChainingRodShaped	1145	4.05286	0.5	-15.3695	13.1325	0	-0.906053	0.423164	0	None	None
ChainingRodShaped	1147	4.10946	0.5	-11.0211	71.0855	0	0.734763	0.678324	0	None	None
ChainingRodShaped	1832	2.18039	0.5	-0.0928131	13.8638	0	0.995918	0.0902603	0	None	None
ChainingRodShaped	1151	3.23985	0.5	1.60627	33.701	0	-0.142836	0.989746	0	None	None
ChainingRodShaped	1153	4.45816	0.5	-17.8853	57.0334	0	0.512566	0.858648	0	None	None
ChainingRodShaped	1155	3.60677	0.5	8.48192	64.9398	0	0.907941	0.419098	0	None	None
ChainingRodShaped	1157	4.47414	0.5	26.7119	27.7938	0	-0.0435827	0.99905	0	None	None
ChainingRodShaped	1159	4.64268	0.5	16.8559	34.1087	0	-0.664382	0.747393	0	None	None
ChainingRodShaped	1161	4.78653	0.5	3.69333	53.9424	0	-0.094029	0.995569	0	None	None
ChainingRodShaped	1163	3.9615	0.5	135.785	105.302	0	0.780098	0.625657	0	640	1162
ChainingRodShaped	1165	3.22278	0.5	-2.44314	4.77485	0	0.984025	-0.178032	0	None	None
ChainingRodShaped	1167	3.40361	0.5	4.67802	60.1706	0	-0.4512	0.892423	0	None	None
ChainingRodShaped	1169	3.72042	0.5	18.7108	60.2461	0	0.883893	-0.46769	0	None	None
ChainingRodShaped	1171	3.10808	0.5	-6.24042	4.7175	0	0.9593	-0.28239	0	1662	1170
ChainingRodShaped	1173	3.23982	0.5	1.00865	6.42496	0	0.978905	0.204315	0	None	None
ChainingRodShaped	1175	3.49988	0.5	-20.881	33.2796	0	0.698705	0.71541	0	None	None
ChainingRodShaped	1177	4.05262	0.5	23.2313	21.4902	0	-0.476906	0.878954	0	None	None
ChainingRodShaped	1179	3.38257	0.5	17.6012	56.0279	0	-0.522431	0.852682	0	None	None
ChainingRodShaped	1840	2.14262	0.5	-11.6002	63.0324	0	0.89081	-0.454376	0	None	None
ChainingRodShaped	1183	3.48266	0.5	24.5151	43.1401	0	0.210802	-0.977529	0	None	None
ChainingRodShaped	1866	2.0093	0.5	24.5432	56.7042	0	0.821933	-0.569584	0	None	None
ChainingRodShaped	1187	3.84329	0.5	-18.3579	38.2569	0	-0.946797	0.321832	0	None	None
ChainingRodShaped	1189	4.80581	0.5	-21.7985	33.7164	0	0.697665	0.716424	0	None	None
ChainingRodShaped	1191	4.42948	0.5	-27.2939	57.2979	0	0.926218	0.376988	0	None	None
ChainingRodShaped	1193	3.71012	0.5	160.02	118.868	0	0.91729	0.398221	0	428	1192
ChainingRodShaped	1195	3.52376	0.5	6.5291	13.1056	0	0.480854	0.876801	0	None	None
ChainingRodShaped	1197	2.67125	0.5	45.6418	62.2754	0	0.888104	0.459643	0	1234	1196
ChainingRodShaped	1199	3.66813	0.5	-16.2946	33.6116	0	0.969858	0.243671	0	None	None
ChainingRodShaped	1201	3.95044	0.5	3.70673	24.308	0	0.200505	0.979693	0	None	None
ChainingRodShaped	1203	4.96551	0.5	-14.0452	26.0427	0	0.880372	0.474284	0	None	None
ChainingRodShaped	1205	4.51919	0.5	2.18522	26.3439	0	0.203789	0.979015	0	None	None
ChainingRodShaped	1207	3.67966	0.5	-2.49478	26.7822	0	0.0934342	0.995625	0	None	None
ChainingRodShaped	1209	4.80424	0.5	-34.6567	44.569	0	-0.106711	0.99429	0	None	None
ChainingRodShaped	1211	3.56295	0.5	-12.4333	8.63793	0	-0.527046	0.849837	0	None	None
ChainingRodShaped	1213	4.41279	0.5	-16.2508	44.7877	0	-0.887767	0.460293	0	None	None
ChainingRodShaped	1215	3.70849	0.5	-28.6887	24.0986	0	-0.0579098	0.998322	0	None	None
ChainingRodShaped	1217	4.25237	0.5	14.7472	59.7577	0	-0.74811	0.663575	0	None	None
ChainingRodShaped	1219	4.60109	0.5	1.37509	37.2957	0	-0.463841	0.885919	0	None	None
ChainingRodShaped	1221	3.93802	0.5	-9.30485	37.3951	0	-0.598802	0.800897	0	None	None
ChainingRodShaped	1223	3.83541	0.5	18.2406	21.9261	0	-0.908274	0.418375	0	None	None
ChainingRodShaped	1225	3.91153	0.5	-30.5208	49.2642	0	0.839949	0.542666	0	None	None
ChainingRodShaped	1227	3.73082	0.5	-27.087	37.0187	0	0.643658	0.765313	0	None	None
ChainingRodShaped	1229	3.7763	0.5	3.19672	66.9449	0	0.95935	0.28222	0	None	None
ChainingRodShaped	1231	3.19464	0.5	-10.1876	45.5595	0	-0.794185	0.607676	0	None	None
ChainingRodShaped	1233	4.09808	0.5	-13.3859	65.2313	0	0.840113	-0.542412	0	None	None
ChainingRodShaped	1235	3.21656	0.5	39.6802	57.1248	0	0.595833	0.803108	0	910	1234
ChainingRodShaped	1237	3.8098	0.5	9.48549	73.0483	0	-0.574841	0.818265	0	None	None
ChainingRodShaped	1239	2.97575	0.5	-2.98106	30.8792	0	-0.109909	0.993942	0	None	None
ChainingRodShaped	1241	3.33795	0.5	-8.04042	69.9448	0	0.752362	-0.65875	0	None	None
ChainingRodShaped	1243	4.41285	0.5	13.967	62.9516	0	-0.8046	0.593818	0	None	None
ChainingRodShaped	1245	3.98672	0.5	-3.74338	29.4078	0	-0.167553	0.985863	0	None	None
ChainingRodShaped	1247	3.37852	0.5	-23.336	37.9669	0	0.246503	0.969142	0	None	None
ChainingRodShaped	1249	4.52891	0.5	-23.458	67.7081	0	0.470049	0.882641	0	None	None
ChainingRodShaped	1251	4.17612	0.5	-23.5922	34.1546	0	0.388934	0.921265	0	None	None
ChainingRodShaped	1253	3.67304	0.5	-1.7713	35.0071	0	-0.418043	0.908427	0	None	None
ChainingRodShaped	1255	4.48281	0.5	-16.3975	42.7254	0	-0.888722	0.458446	0	None	None
ChainingRodShaped	1257	3.43748	0.5	-16.7137	48.7054	0	0.790984	0.611837	0	None	None
ChainingRodShaped	1259	3.09231	0.5	-27.0232	33.4442	0	0.362252	0.93208	0	None	None
ChainingRodShaped	1261	3.12583	0.5	-3.48708	61.7223	0	-0.738503	0.674251	0	None	None
ChainingRodShaped	1263	3.86666	0.5	17.325	27.4401	0	0.00315499	0.999995	0	None	None
ChainingRodShaped	1265	3.30714	0.5	19.2583	29.6367	0	-0.328389	0.944543	0	None	None
ChainingRodShaped	1267	3.6065	0.5	168.68	122.577	0	0.920371	0.391046	0	1192	1266
ChainingRodShaped	1269	3.65918	0.5	8.42196	39.2395	0	0.978787	0.20488	0	None	None
ChainingRodShaped	1271	3.04558	0.5	20.5721	21.9707	0	-0.558581	0.82945	0	None	None
ChainingRodShaped	1273	3.6338	0.5	-21.8561	19.1861	0	0.71171	0.702473	0	None	None
ChainingRodShaped	1275	4.45913	0.5	-7.13117	64.1924	0	-0.554226	0.832366	0	None	None
ChainingRodShaped	1277	4.13577	0.5	-22.108	65.8607	0	0.889088	0.457736	0	None	None
ChainingRodShaped	1279	3.39797	0.5	-33.3902	42.7606	0	0.0425033	0.999096	0	None	None
ChainingRodShaped	1281	4.4682	0.5	6.79949	67.3073	0	0.897225	0.441574	0	None	None
ChainingRodShaped	1283	4.2831	0.5	1.11511	44.2437	0	0.999607	-0.0280266	0	None	None
ChainingRodShaped	1285	3.86923	0.5	-6.36759	44.1554	0	-0.497363	0.867542	0	None	None
ChainingRodShaped	1287	3.40443	0.5	98.2995	64.3428	0	0.905314	0.424744	0	379	1286
ChainingRodShaped	1289	4.49429	0.5	-18.3922	52.1636	0	0.43477	0.900541	0	None	None
ChainingRodShaped	1291	2.95333	0.5	2.07844	61.0989	0	-0.446817	0.894626	0	None	None
ChainingRodShaped	1293	4.06846	0.5	-5.60545	6.99744	0	-0.936608	0.350378	0	None	None
ChainingRodShaped	1295	3.41657	0.5	-0.698205	8.0735	0	0.978325	0.207075	0	None	None
ChainingRodShaped	1297	4.22657	0.5	-11.8518	49.6154	0	0.924756	0.38056	0	None	None
ChainingRodShaped	1299	3.34549	0.5	-124.178	-66.6265	0	0.914266	0.405114	0	None	1298
ChainingRodShaped	1301	2.94449	0.5	4.30433	40.5155	0	0.99886	0.0477305	0	None	None
ChainingRodShaped	1303	4.37585	0.5	-16.4287	21.8747	0	0.710016	0.704186	0	None	None
ChainingRodShaped	1305	3.53207	0.5	-20.0957	12.4412	0	-0.752577	-0.658504	0	None	None
ChainingRodShaped	1307	3.9682	0.5	-2.66857	19.2145	0	-0.588708	0.808346	0	None	None
ChainingRodShaped	1309	2.99865	0.5	-26.3159	29.8248	0	0.560465	0.828178	0	None	None
ChainingRodShaped	1311	4.45075	0.5	-6.38515	9.76677	0	-0.997206	-0.0746983	0	None	None
ChainingRodShaped	1313	3.57968	0.5	-6.47096	66.644	0	0.546164	-0.837678	0	None	None
ChainingRodShaped	1315	2.91283	0.5	-20.9541	22.8663	0	0.675857	0.737033	0	None	None
ChainingRodShaped	1317	3.18381	0.5	13.9251	35.8805	0	0.427977	0.90379	0	None	None
ChainingRodShaped	1319	4.30956	0.5	-28.374	37.5608	0	0.452083	0.891976	0	None	None
ChainingRodShaped	1321	3.15739	0.5	14.1269	48.9829	0	-0.0746271	0.997212	0	None	None
ChainingRodShaped	1323	3.57646	0.5	23.4846	25.2268	0	0.111215	0.993796	0	None	None
ChainingRodShaped	1325	3.07786	0.5	-25.6366	54.803	0	-0.92243	-0.386164	0	None	None
ChainingRodShaped	1327	3.19856	0.5	15.2276	17.0219	0	0.984824	-0.173558	0	None	None
ChainingRodShaped	1329	4.33546	0.5	-31.8182	53.0909	0	0.498315	0.866996	0	None	None
ChainingRodShaped	1331	4.00137	0.5	23.3407	29.8609	0	-0.301335	0.953518	0	None	None
ChainingRodShaped	1333	3.36595	0.5	22.3037	45.2282	0	0.240157	0.970734	0	None	None
ChainingRodShaped	1335	4.35055	0.5	-3.25829	10.4917	0	-0.0505487	0.998722	0	None	None
ChainingRodShaped	1337	4.22008	0.5	25.1012	44.9038	0	0.220567	-0.975372	0	None	None
ChainingRodShaped	1339	2.90601	0.5	-9.8438	55.3872	0	0.980739	-0.195324	0	None	None
ChainingRodShaped	1341	3.27404	0.5	-12.5248	23.6664	0	0.902498	0.430695	0	None	None
ChainingRodShaped	1343	2.7875	0.5	-26.6094	42.5086	0	-0.795925	0.605395	0	None	None
ChainingRodShaped	1345	3.84928	0.5	-14.3386	37.8819	0	-0.592747	0.805389	0	None	None
ChainingRodShaped	1347	4.19224	0.5	10.7118	51.8325	0	-0.267124	0.963662	0	None	None
ChainingRodShaped	1349	2.92899	0.5	28.9664	55.7701	0	0.662095	-0.74942	0	None	None
ChainingRodShaped	1351	3.04262	0.5	-25.4755	26.8747	0	0.806478	0.591264	0	None	None
ChainingRodShaped	1353	3.00447	0.5	-54.8199	-23.1575	0	0.460532	0.887643	0	1470	1352
ChainingRodShaped	1355	2.94646	0.5	-15.6215	67.5808	0	0.936107	-0.351715	0	None	None
ChainingRodShaped	1357	3.52435	0.5	9.01126	10.0755	0	0.764336	0.644818	0	None	None
ChainingRodShaped	1359	3.8828	0.5	15.8812	17.8982	0	-0.984913	0.173049	0	None	None
ChainingRodShaped	1361	4.2203	0.5	22.6701	39.8291	0	-7.56045e-05	-1	0	None	None
ChainingRodShaped	1363	3.58597	0.5	-33.5172	29.9451	0	0.666547	0.745463	0	None	None
ChainingRodShaped	1365	4.07012	0.5	7.01044	26.1007	0	0.628923	0.777468	0	None	None
ChainingRodShaped	1367	2.9876	0.5	19.9699	39.7974	0	0.496554	0.868006	0	None	None
ChainingRodShaped	1369	3.02274	0.5	19.4424	40.8838	0	0.474667	0.880166	0	None	None
ChainingRodShaped	1371	3.3649	0.5	-2.45372	38.6458	0	-0.450999	0.892524	0	None	None
ChainingRodShaped	1373	3.78365	0.5	-21.7956	49.1099	0	0.374974	0.927035	0	None	None
ChainingRodShaped	1375	3.75761	0.5	-26.6282	31.7986	0	0.370426	0.928862	0	None	None
ChainingRodShaped	1377	3.86137	0.5	-13.2866	29.7987	0	0.999202	-0.0399414	0	None	None
ChainingRodShaped	1379	3.1693	0.5	29.3629	38.1032	0	0.809085	0.587691	0	None	None
ChainingRodShaped	1381	3.1776	0.5	-14.9736	55.2329	0	0.805368	0.592775	0	None	None
ChainingRodShaped	1383	3.07535	0.5	-3.66261	46.7937	0	0.942112	-0.335297	0	None	None
ChainingRodShaped	1385	3.15774	0.5	2.88456	12.2972	0	0.881254	0.472643	0	None	None
ChainingRodShaped	1387	3.81087	0.5	8.68206	72.4786	0	0.572188	-0.820123	0	None	None
ChainingRodShaped	1389	3.64371	0.5	20.3037	64.9446	0	0.881762	-0.471694	0	None	None
ChainingRodShaped	1391	2.76378	0.5	11.696	33.9177	0	-0.949833	0.312756	0	None	None
ChainingRodShaped	1393	2.77708	0.5	11.8219	51.4397	0	-0.266708	0.963777	0	None	None
ChainingRodShaped	1395	3.75174	0.5	-20.2843	69.046	0	0.923519	0.383552	0	None	None
ChainingRodShaped	1397	3.84827	0.5	4.66465	53.4931	0	-0.0927479	0.99569	0	None	None
ChainingRodShaped	1399	3.14513	0.5	-11.929	42.8734	0	-0.505716	0.8627	0	None	None
ChainingRodShaped	1401	3.3326	0.5	16.7732	54.2476	0	-0.927291	0.374342	0	None	None
ChainingRodShaped	1403	3.50805	0.5	-26.2619	24.9235	0	0.760232	0.649652	0	None	None
ChainingRodShaped	1405	3.23863	0.5	-0.061107	35.7702	0	-0.404309	0.914623	0	None	None
ChainingRodShaped	1407	3.91355	0.5	-15.8218	52.4015	0	0.928055	0.372444	0	None	None
ChainingRodShaped	1409	3.01901	0.5	-28.1802	14.5142	0	-0.797976	0.602689	0	None	None
ChainingRodShaped	1411	3.17349	0.5	-12.5452	37.0353	0	-0.600093	0.799931	0	None	None
ChainingRodShaped	1413	3.80837	0.5	31.3338	45.6145	0	-0.334002	0.942572	0	None	None
ChainingRodShaped	1415	2.93076	0.5	-8.08445	12.5496	0	-0.50579	0.862657	0	None	None
ChainingRodShaped	1417	3.85457	0.5	-21.7787	43.5811	0	-0.852501	0.522726	0	None	None
ChainingRodShaped	1419	3.8839	0.5	0.0160822	73.4478	0	-0.75212	0.659026	0	None	None
ChainingRodShaped	1421	2.78226	0.5	6.14337	29.6739	0	-0.139264	0.990255	0	None	None
ChainingRodShaped	1423	3.08928	0.5	-41.7726	-1.10444	0	0.690031	0.723779	0	587	1422
ChainingRodShaped	1425	3.67761	0.5	6.6896	52.2133	0	-0.123817	0.992305	0	None	None
ChainingRodShaped	1427	3.07844	0.5	16.3138	62.6456	0	0.87563	-0.482982	0	None	None
ChainingRodShaped	1429	2.89252	0.5	-2.23771	54.6706	0	0.969238	-0.246126	0	None	None
ChainingRodShaped	1431	3.30103	0.5	-31.3917	19.14	0	-0.185887	0.982571	0	None	None
ChainingRodShaped	1433	3.86021	0.5	-0.631111	20.8782	0	0.39339	0.919372	0	None	None
ChainingRodShaped	1435	3.30915	0.5	-13.6394	19.3385	0	0.683639	0.72982	0	None	None
ChainingRodShaped	1437	2.79796	0.5	-11.297	43.6248	0	-0.497027	0.867735	0	None	None
ChainingRodShaped	1439	2.65289	0.5	10.7589	59.6665	0	-0.324251	0.945971	0	None	None
ChainingRodShaped	1441	3.5453	0.5	-8.62199	22.3478	0	0.998004	-0.0631495	0	None	None
ChainingRodShaped	1443	3.23654	0.5	-2.30388	65.2117	0	-0.46805	0.883702	0	None	None
ChainingRodShaped	1445	3.7889	0.5	-7.58513	51.5532	0	0.986327	0.164803	0	None	None
ChainingRodShaped	1447	3.66967	0.5	-3.15917	51.3635	0	0.988503	0.1512	0	None	None
ChainingRodShaped	1449	3.04688	0.5	-12.9369	60.2896	0	0.946063	0.323984	0	None	None
ChainingRodShaped	1451	3.27777	0.5	21.1364	55.4818	0	-0.377773	0.925898	0	None	None
ChainingRodShaped	1453	2.69299	0.5	-30.41	31.7715	0	0.746606	0.665267	0	None	None
ChainingRodShaped	1455	2.95964	0.5	-17.3018	56.1728	0	0.511449	0.859313	0	None	None
ChainingRodShaped	1457	3.17483	0.5	17.862	62.9156	0	0.880416	-0.474202	0	None	None
ChainingRodShaped	1459	3.04482	0.5	-31.8864	43.7526	0	0.358553	0.933509	0	None	None
ChainingRodShaped	1461	3.56136	0.5	0.499065	27.4428	0	0.195071	0.980789	0	None	None
ChainingRodShaped	1463	3.06385	0.5	-5.82243	39.0143	0	-0.492669	0.870217	0	None	None
ChainingRodShaped	1465	3.20581	0.5	-0.1312	63.2532	0	-0.491694	0.870768	0	None	None
ChainingRodShaped	1467	3.61002	0.5	-10.0597	11.9425	0	-0.543899	0.839151	0	None	None
ChainingRodShaped	1469	2.58814	0.5	2.51983	23.1998	0	0.194476	0.980907	0	None	None
ChainingRodShaped	1471	2.66912	0.5	-58.6283	-29.616	0	0.56315	0.826355	0	1802	1470
ChainingRodShaped	1473	3.13328	0.5	5.07476	10.5396	0	0.997958	0.063867	0	None	None
ChainingRodShaped	1475	3.59294	0.5	-1.5432	26.9105	0	0.103379	0.994642	0	None	None
ChainingRodShaped	1477	2.70124	0.5	7.30608	18.7053	0	0.0766546	0.997058	0	None	None
ChainingRodShaped	1479	3.58336	0.5	-15.5563	43.3638	0	-0.890723	0.454546	0	None	None
ChainingRodShaped	1481	2.76376	0.5	-34.6264	32.7003	0	0.340189	0.940357	0	None	None
ChainingRodShaped	1483	2.90305	0.5	0.100493	20.2564	0	0.385781	0.922591	0	None	None
ChainingRodShaped	1485	3.14662	0.5	2.25268	62.8577	0	-0.455738	0.890114	0	None	None
ChainingRodShaped	1487	3.29841	0.5	28.1223	51.1861	0	0.37246	-0.928048	0	None	None
ChainingRodShaped	1489	3.38946	0.5	-0.141826	31.0422	0	-0.0559789	0.998432	0	None	None
ChainingRodShaped	1491	2.94209	0.5	8.77924	13.7215	0	0.84682	0.531879	0	None	None
ChainingRodShaped	1493	3.07244	0.5	-3.28427	57.3349	0	-0.871816	0.489833	0	None	None
ChainingRodShaped	1495	3.46576	0.5	6.09296	46.3142	0	0.979826	0.199853	0	None	None
ChainingRodShaped	1497	3.31691	0.5	26.9287	43.8932	0	-0.0521278	-0.99864	0	None	None
ChainingRodShaped	1499	2.53775	0.5	-1.57651	45.307	0	0.998059	-0.0622831	0	None	None
ChainingRodShaped	1501	3.33773	0.5	-6.86581	38.9867	0	-0.501345	0.865248	0	None	None
ChainingRodShaped	1503	3.48172	0.5	-23.589	62.8768	0	0.889421	0.457089	0	None	None
ChainingRodShaped	1505	2.58774	0.5	-24.8972	56.1656	0	-0.924253	-0.381781	0	None	None
ChainingRodShaped	1507	2.87553	0.5	5.40015	60.8097	0	-0.448589	0.893738	0	None	None
ChainingRodShaped	1509	3.47892	0.5	-7.55198	54.2747	0	0.988723	0.149758	0	None	None
ChainingRodShaped	1511	3.07107	0.5	-18.3021	48.6768	0	0.792184	0.610282	0	None	None
ChainingRodShaped	1513	3.15957	0.5	-26.2585	16.711	0	0.522308	0.852757	0	None	None
ChainingRodShaped	1515	2.74592	0.5	3.34005	42.3477	0	0.998277	0.0586732	0	None	None
ChainingRodShaped	1517	3.31176	0.5	28.6304	43.057	0	0.556937	0.830555	0	None	None
ChainingRodShaped	1519	3.43164	0.5	-6.33961	17.9401	0	0.964327	-0.264714	0	None	None
ChainingRodShaped	1521	3.01269	0.5	-11.4319	52.8352	0	0.917306	0.398182	0	None	None
ChainingRodShaped	1523	2.84798	0.5	10.1289	25.1577	0	0.610689	0.79187	0	None	None
ChainingRodShaped	1525	2.5356	0.5	17.4033	67.9351	0	-0.308396	-0.951258	0	None	None
ChainingRodShaped	1527	3.28132	0.5	-14.589	19.7324	0	0.690172	0.723645	0	None	None
ChainingRodShaped	1529	2.72	0.5	11.4161	65.0193	0	0.947103	0.32093	0	None	None
ChainingRodShaped	1531	3.33822	0.5	11.4175	21.3441	0	0.332173	0.943219	0	None	None
ChainingRodShaped	1533	3.05788	0.5	-15.696	19.9435	0	0.697374	0.716708	0	None	None
ChainingRodShaped	1535	3.0691	0.5	5.9674	23.0282	0	0.548273	0.8363	0	None	None
ChainingRodShaped	1537	2.87402	0.5	-6.43955	48.927	0	0.982709	0.185159	0	None	None
ChainingRodShaped	1539	3.00328	0.5	16.7999	53.2269	0	-0.925443	0.378888	0	None	None
ChainingRodShaped	1541	2.97226	0.5	-2.27926	10.2414	0	-0.043363	0.999059	0	None	None
ChainingRodShaped	1543	3.1675	0.5	-25.427	21.2093	0	0.615526	0.788117	0	None	None
ChainingRodShaped	1545	2.96994	0.5	8.92928	58.3888	0	-0.169869	0.985467	0	None	None
ChainingRodShaped	1547	2.40765	0.5	126.352	96.2774	0	0.643477	0.765465	0	960	1546
ChainingRodShaped	1549	2.76573	0.5	24.7186	61.3164	0	0.425521	-0.904948	0	None	None
ChainingRodShaped	1551	3.14788	0.5	6.04984	61.605	0	-0.443091	0.896477	0	None	None
ChainingRodShaped	1553	3.00755	0.5	19.1178	52.2645	0	0.123974	0.992285	0	None	None
ChainingRodShaped	1555	3.03342	0.5	3.96112	41.434	0	0.998778	0.0494152	0	None	None
ChainingRodShaped	1557	2.48638	0.5	27.3977	48.3116	0	0.161166	-0.986927	0	None	None
ChainingRodShaped	1559	3.00394	0.5	-8.8626	11.9474	0	-0.513741	0.857945	0	None	None
ChainingRodShaped	1561	3.07305	0.5	-29.8772	36.8245	0	0.478521	0.878076	0	None	None
ChainingRodShaped	1563	2.44019	0.5	-29.5874	22.6693	0	-0.0631703	0.998003	0	None	None
ChainingRodShaped	1565	3.20226	0.5	14.9365	21.3404	0	0.981372	0.192119	0	None	None
ChainingRodShaped	1567	3.16022	0.5	12.6397	52.1027	0	-0.263857	0.964562	0	None	None
ChainingRodShaped	1569	2.49761	0.5	175.851	125.626	0	0.920039	0.391827	0	1266	1568
ChainingRodShaped	1571	3.01269	0.5	2.46025	15.7719	0	0.441317	0.897351	0	None	None
ChainingRodShaped	1573	2.30837	0.5	-75.3376	-44.5009	0	0.865585	0.500763	0	531	1572
ChainingRodShaped	1575	3.04133	0.5	-7.43177	21.1145	0	0.979142	-0.203176	0	None	None
ChainingRodShaped	1577	2.52582	0.5	11.8859	24.4288	0	0.594742	0.803917	0	None	None
ChainingRodShaped	1579	2.51781	0.5	10.8984	43.7838	0	0.810538	0.585686	0	None	None
ChainingRodShaped	1581	2.74655	0.5	-32.7129	25.157	0	-0.0145442	0.999894	0	None	None
ChainingRodShaped	1583	2.88533	0.5	13.7645	42.7963	0	0.5173	0.855804	0	None	None
ChainingRodShaped	1585	2.73494	0.5	-8.61852	63.0016	0	-0.562679	0.826675	0	None	None
ChainingRodShaped	1587	2.46226	0.5	5.12736	25.6206	0	0.34904	0.937108	0	None	None
ChainingRodShaped	1589	2.58064	0.5	3.0251	48.5284	0	0.980624	0.1959	0	None	None
ChainingRodShaped	1591	2.63075	0.5	0.745168	43.3096	0	0.999435	-0.0335986	0	None	None
ChainingRodShaped	1593	2.63992	0.5	-22.4434	15.9291	0	0.711967	0.702213	0	None	None
ChainingRodShaped	1595	2.8995	0.5	-5.93622	70.8311	0	0.992602	0.121413	0	None	None
ChainingRodShaped	1597	2.46974	0.5	-31.4456	40.1213	0	0.482097	0.876118	0	None	None
ChainingRodShaped	1599	2.98599	0.5	17.8226	19.6177	0	-0.994853	0.101331	0	None	None
ChainingRodShaped	1601	2.59039	0.5	26.4283	58.0775	0	0.433106	-0.901343	0	None	None
ChainingRodShaped	1603	2.98802	0.5	-9.62404	24.6007	0	0.611583	0.79118	0	None	None
ChainingRodShaped	1605	2.85516	0.5	21.3309	19.6034	0	-0.924588	0.38097	0	None	None
ChainingRodShaped	1607	2.73872	0.5	24.8692	35.594	0	0.99406	0.10883	0	None	None
ChainingRodShaped	1609	3.00829	0.5	-24.7205	24.9497	0	0.762641	0.646822	0	None	None
ChainingRodShaped	1611	3.02617	0.5	-3.81349	43.4691	0	-0.445552	0.895256	0	None	None
ChainingRodShaped	1613	2.67426	0.5	9.99942	58.8824	0	-0.314777	0.949166	0	None	None
ChainingRodShaped	1615	2.57988	0.5	-23.2595	52.9069	0	0.410585	0.911822	0	None	None
ChainingRodShaped	1617	2.73134	0.5	14.5939	23.3644	0	0.60149	0.79888	0	None	None
ChainingRodShaped	1619	2.47593	0.5	-8.61282	45.5172	0	-0.731319	0.682035	0	None	None
ChainingRodShaped	1621	2.60232	0.5	-27.8429	48.5976	0	0.881864	0.471504	0	None	None
ChainingRodShaped	1623	2.64942	0.5	-0.108995	55.8072	0	-0.686395	0.727228	0	None	None
ChainingRodShaped	1625	2.9388	0.5	15.5185	18.9445	0	-0.984724	0.174121	0	None	None
ChainingRodShaped	1627	2.76697	0.5	-10.4522	37.3778	0	-0.597862	0.801599	0	None	None
ChainingRodShaped	1629	2.73283	0.5	-15.6108	38.0538	0	-0.58925	0.807951	0	None	None
ChainingRodShaped	1631	2.37404	0.5	23.6401	41.6031	0	0.0099278	-0.999951	0	None	None
ChainingRodShaped	1633	2.86509	0.5	18.4978	34.4185	0	-0.370589	0.928797	0	None	None
ChainingRodShaped	1635	2.77364	0.5	22.2415	21.2467	0	-0.477057	0.878872	0	None	None
ChainingRodShaped	1637	2.38849	0.5	14.8892	56.7821	0	-0.530373	0.847765	0	None	None
ChainingRodShaped	1639	2.42397	0.5	-4.01663	50.2924	0	0.989964	0.141319	0	None	None
ChainingRodShaped	1641	2.83925	0.5	9.65301	51.5882	0	-0.174602	0.984639	0	None	None
ChainingRodShaped	1643	2.74514	0.5	-2.77401	70.1399	0	0.999476	0.0323636	0	None	None
ChainingRodShaped	1645	2.44726	0.5	-11.9649	31.8607	0	0.982395	0.186815	0	None	None
ChainingRodShaped	1647	2.93862	0.5	-18.8986	31.2076	0	0.991543	0.129781	0	None	None
ChainingRodShaped	1649	2.59901	0.5	17.3625	41.1235	0	0.472211	0.881486	0	None	None
ChainingRodShaped	1651	2.73687	0.5	-2.13785	69.1838	0	0.999377	0.0353016	0	None	None
ChainingRodShaped	1653	2.54966	0.5	-11.7328	32.8505	0	0.980478	0.196631	0	None	None
ChainingRodShaped	1655	2.37615	0.5	-27.7398	56.0537	0	0.926138	0.377185	0	None	None
ChainingRodShaped	1657	2.80646	0.5	-18.1431	42.5	0	-0.845985	0.533207	0	None	None
ChainingRodShaped	1659	2.53029	0.5	-1.19923	61.3589	0	-0.509025	0.860752	0	None	None
ChainingRodShaped	1661	2.6819	0.5	14.1931	14.4421	0	0.901158	0.43349	0	None	None
ChainingRodShaped	1663	2.48354	0.5	-13.1275	6.51287	0	0.978957	-0.204066	0	1002	1662
ChainingRodShaped	1665	2.57586	0.5	1.2556	26.4406	0	0.198159	0.98017	0	None	None
ChainingRodShaped	1667	2.39966	0.5	21.6244	48.1865	0	0.393529	0.919312	0	None	None
ChainingRodShaped	1669	2.77806	0.5	21.6041	28.8388	0	-0.313279	0.949661	0	None	None
ChainingRodShaped	1671	2.43847	0.5	-0.0527289	9.20956	0	0.976772	0.214281	0	None	None
ChainingRodShaped	1673	2.81504	0.5	-25.6474	19.3721	0	0.623377	0.781922	0	None	None
ChainingRodShaped	1675	2.43912	0.5	-13.4918	8.47688	0	-0.536013	0.84421	0	None	None
ChainingRodShaped	1677	2.68371	0.5	-25.485	42.8563	0	-0.799608	0.600522	0	None	None
ChainingRodShaped	1679	2.5742	0.5	8.56027	35.1591	0	-0.682677	0.73072	0	None	None
ChainingRodShaped	1681	2.20519	0.5	142.657	110.241	0	0.845848	0.533424	0	1162	1680
ChainingRodShaped	1683	2.3071	0.5	-10.4912	26.9025	0	0.859097	0.511812	0	None	None
ChainingRodShaped	1685	2.3536	0.5	-0.526163	68.2166	0	0.999911	-0.013364	0	None	None
ChainingRodShaped	1687	2.40609	0.5	5.82858	51.2885	0	-0.102969	0.994685	0	None	None
ChainingRodShaped	1689	2.70981	0.5	-27.8442	26.2733	0	-0.0678894	0.997693	0	None	None
ChainingRodShaped	1691	2.753	0.5	-5.34975	33.1543	0	-0.319729	0.947509	0	None	None
ChainingRodShaped	1693	2.35429	0.5	28.1544	40.3272	0	0.451224	0.892411	0	None	None
ChainingRodShaped	1695	2.61332	0.5	6.55482	22.1993	0	0.556611	0.830773	0	None	None
ChainingRodShaped	1697	2.40662	0.5	1.758	56.5775	0	-0.704326	0.709876	0	None	None
ChainingRodShaped	1699	2.46496	0.5	-30.8038	43.8153	0	0.356464	0.934309	0	None	None
ChainingRodShaped	1701	2.28683	0.5	17.3833	30.6993	0	-0.690599	0.723238	0	None	None
ChainingRodShaped	1703	2.5656	0.5	6.38704	66.0402	0	0.900369	0.435128	0	None	None
ChainingRodShaped	1705	2.32365	0.5	-15.9002	30.7525	0	0.979331	0.202262	0	None	None
ChainingRodShaped	1707	2.64534	0.5	26.7561	54.8881	0	0.306101	-0.951999	0	None	None
ChainingRodShaped	1709	2.50522	0.5	18.2927	63.7914	0	0.880953	-0.473204	0	None	None
ChainingRodShaped	1711	2.33768	0.5	12.0225	59.004	0	-0.350145	0.936696	0	None	None
ChainingRodShaped	1713	2.40184	0.5	-21.1613	31.5822	0	0.728477	0.68507	0	None	None
ChainingRodShaped	1715	2.27304	0.5	148.349	113.481	0	0.888421	0.459029	0	1680	1714
ChainingRodShaped	1717	2.32627	0.5	-28.6461	57.8127	0	0.927264	0.374409	0	None	None
ChainingRodShaped	1719	2.26544	0.5	-23.8611	53.8784	0	0.419672	0.907676	0	None	None
ChainingRodShaped	1721	2.40897	0.5	12.3167	20.9977	0	0.33785	0.9412	0	None	None
ChainingRodShaped	1723	2.34987	0.5	0.915931	47.0472	0	0.999691	-0.0248737	0	None	None
ChainingRodShaped	1725	2.55912	0.5	-23.3786	59.3373	0	0.748181	0.663494	0	None	None
ChainingRodShaped	1727	2.23246	0.5	0.934251	59.1651	0	-0.464627	0.885506	0	None	None
ChainingRodShaped	1729	2.48231	0.5	-11.5445	33.8685	0	0.97085	0.239687	0	None	None
ChainingRodShaped	1731	2.3931	0.5	16.9936	14.2994	0	0.989114	0.147154	0	None	None
ChainingRodShaped	1733	2.35717	0.5	0.532042	49.0688	0	0.987441	0.157987	0	None	None
ChainingRodShaped	1735	2.36853	0.5	-20.0945	48.4899	0	0.798253	0.602323	0	None	None
ChainingRodShaped	1737	2.40066	0.5	-20.8284	14.5593	0	-0.90759	0.419858	0	None	None
ChainingRodShaped	1739	2.45668	0.5	-5.99127	45.37	0	-0.534928	0.844898	0	None	None
ChainingRodShaped	1741	2.45736	0.5	2.4614	10.9861	0	0.885937	0.463806	0	None	None
ChainingRodShaped	1743	2.2816	0.5	18.1066	1.62338	0	0.97052	0.241019	0	871	1742
ChainingRodShaped	1745	2.42258	0.5	-9.1911	57.2247	0	0.999899	0.0141983	0	None	None
ChainingRodShaped	1747	2.26354	0.5	-19.85	63.4645	0	0.975997	0.217785	0	None	None
ChainingRodShaped	1749	2.30399	0.5	-16.7664	63.4702	0	0.895972	-0.44411	0	None	None
ChainingRodShaped	1751	2.19312	0.5	5.27148	35.8431	0	-0.478108	0.878301	0	None	None
ChainingRodShaped	1753	2.32378	0.5	-33.7129	25.4447	0	-0.0161807	0.999869	0	None	None
ChainingRodShaped	1755	2.428	0.5	18.7138	45.6094	0	0.474882	0.88005	0	None	None
ChainingRodShaped	1757	2.35525	0.5	-6.52665	11.7968	0	-0.497137	0.867672	0	None	None
ChainingRodShaped	1759	2.36508	0.5	-11.3736	37.0401	0	-0.596364	0.802714	0	None	None
ChainingRodShaped	1761	2.16509	0.5	18.0616	47.5249	0	-0.0512565	0.998686	0	None	None
ChainingRodShaped	1763	2.18455	0.5	-11.9504	18.1348	0	0.872704	-0.48825	0	None	None
ChainingRodShaped	1765	2.13642	0.5	33.9963	25.0588	0	0.0848201	0.996396	0	1022	1764
ChainingRodShaped	1767	2.16889	0.5	-49.0185	-11.3492	0	0.467566	0.883958	0	881	1766
ChainingRodShaped	1769	2.36353	0.5	-2.31733	6.36992	0	-0.750785	0.660547	0	None	None
ChainingRodShaped	1771	2.23814	0.5	20.7345	37.1516	0	0.575189	-0.81802	0	None	None
ChainingRodShaped	1773	2.36303	0.5	-22.0319	53.338	0	0.401455	0.915879	0	None	None
ChainingRodShaped	1775	2.34657	0.5	6.70219	15.3864	0	0.501256	0.865299	0	None	None
ChainingRodShaped	1777	2.16138	0.5	-20.3979	50.0923	0	0.384217	0.923243	0	None	None
ChainingRodShaped	1779	2.26022	0.5	8.34375	33.9861	0	-0.675336	0.73751	0	None	None
ChainingRodShaped	1781	2.19685	0.5	23.103	62.5084	0	0.351193	-0.936303	0	None	None
ChainingRodShaped	1783	2.31957	0.5	13.9103	71.8917	0	0.592317	-0.805705	0	None	None
ChainingRodShaped	1785	2.13353	0.5	18.2677	67.4207	0	-0.309551	-0.950883	0	None	None
ChainingRodShaped	1787	2.31078	0.5	-24.6555	15.5276	0	0.502868	0.864363	0	None	None
ChainingRodShaped	1789	2.14605	0.5	10.1532	46.7402	0	0.802585	0.596538	0	None	None
ChainingRodShaped	1791	2.22997	0.5	-3.53222	14.5893	0	0.997854	0.0654773	0	None	None
ChainingRodShaped	1793	2.29292	0.5	-0.739753	24.2271	0	-0.012296	0.999924	0	None	None
ChainingRodShaped	1795	2.17999	0.5	4.49609	28.1093	0	-0.139255	0.990257	0	None	None
ChainingRodShaped	1797	2.1182	0.5	9.3028	44.9678	0	0.816196	0.577775	0	None	None
ChainingRodShaped	1799	2.24622	0.5	-5.43445	11.8414	0	-0.497912	0.867227	0	None	None
ChainingRodShaped	1801	2.10513	0.5	12.2657	36.8731	0	0.397192	0.917736	0	None	None
ChainingRodShaped	1803	2.17181	0.5	-62.6406	-34.6352	0	0.688259	0.725465	0	756	1802
ChainingRodShaped	1805	2.1634	0.5	-5.18731	23.2096	0	-0.496724	0.867909	0	None	None
ChainingRodShaped	1807	2.14021	0.5	-13.5184	69.0981	0	0.0313601	0.999508	0	None	None
ChainingRodShaped	1809	2.2495	0.5	-25.0449	16.8017	0	0.518277	0.855213	0	None	None
ChainingRodShaped	1811	2.16744	0.5	12.7835	35.6616	0	0.418922	0.908022	0	None	None
ChainingRodShaped	1813	2.16715	0.5	-21.0702	53.166	0	0.408569	0.912727	0	None	None
ChainingRodShaped	1815	2.19757	0.5	24.5325	29.3601	0	-0.300768	0.953697	0	None	None
ChainingRodShaped	1817	2.22526	0.5	-19.158	40.9282	0	-0.828785	0.559567	0	None	None
ChainingRodShaped	1819	2.1267	0.5	25.2871	23.6515	0	0.111231	0.993795	0	None	None
ChainingRodShaped	1821	2.16403	0.5	-15.9197	23.8256	0	0.820544	0.571583	0	None	None
ChainingRodShaped	1823	2.13432	0.5	4.11184	14.7659	0	0.456507	0.88972	0	None	None
ChainingRodShaped	1825	2.10649	0.5	-28.3847	49.3931	0	0.882906	0.46955	0	None	None
ChainingRodShaped	1827	2.12888	0.5	-16.7307	14.8356	0	-0.91035	0.413839	0	None	None
ChainingRodShaped	1829	2.09403	0.5	-27.6746	16.7609	0	0.294718	0.955584	0	None	None
ChainingRodShaped	1831	2.15218	0.5	-9.0216	16.7975	0	0.928167	-0.372164	0	None	None
ChainingRodShaped	1833	2.14887	0.5	-3.17857	13.6493	0	0.998459	0.0554957	0	None	None
ChainingRodShaped	1835	2.08085	0.5	-32.9609	32.0269	0	0.71562	0.69849	0	None	None
ChainingRodShaped	1837	2.08278	0.5	14.4063	61.3389	0	-0.754705	0.656065	0	None	None
ChainingRodShaped	1839	2.09239	0.5	-5.7941	6.01327	0	-0.937184	0.348835	0	None	None
ChainingRodShaped	1841	2.09796	0.5	-14.3568	64.4458	0	0.896291	-0.443467	0	None	None
ChainingRodShaped	1843	2.09723	0.5	17.0857	48.046	0	-0.088692	0.996059	0	None	None
ChainingRodShaped	1845	2.07326	0.5	-24.0262	45.7675	0	-0.957121	0.289689	0	None	None
ChainingRodShaped	1847	2.07159	0.5	-15.7935	53.453	0	0.927289	0.374346	0	None	None
ChainingRodShaped	1849	2.10454	0.5	-1.48454	40.8838	0	-0.444336	0.89586	0	None	None
ChainingRodShaped	1851	2.0417	0.5	26.0587	50.4939	0	0.15101	-0.988532	0	None	None
ChainingRodShaped	1853	2.03659	0.5	-20.6242	9.46749	0	0.852206	0.523207	0	None	None
ChainingRodShaped	1855	2.06539	0.5	8.3524	55.949	0	-0.158381	0.987378	0	None	None
ChainingRodShaped	1857	2.02903	0.5	8.22277	17.882	0	0.0713674	0.99745	0	None	None
ChainingRodShaped	1859	2.02149	0.5	1.95064	55.0655	0	-0.71139	0.702797	0	None	None
ChainingRodShaped	1861	2.00797	0.5	-32.2573	40.966	0	-0.610655	-0.791896	0	None	None
ChainingRodShaped	1863	2.00797	0.5	-28.5245	52.5654	0	0.92591	0.377745	0	None	None
ChainingRodShaped	1865	2.01755	0.5	-10.1571	28.2092	0	0.868622	0.495476	0	None	None
ChainingRodShaped	1867	2.01526	0.5	22.0465	58.3447	0	0.844853	-0.534999	0	None	None
ChainingRodShaped	1869	2.01489	0.5	23.6159	54.5519	0	0.380132	-0.924932	0	None	None
ChainingRodShaped	1871	2.00569	0.5	-2.59951	15.6194	0	0.998939	0.0460603	0	None	None
ChainingRodShaped	1873	2.00003	0.5	-18.1545	35.4853	0	0.989702	0.143141	0	None	None
