cell_type	cell_id	length	radius	pos_x	pos_y	pos_z	ori_x	ori_y	ori_z	lower_link	upper_link
ChainingRodShaped	1412	2.291	0.5	28.0884	48.0393	0	-0.639854	0.768496	0	None	None
ChainingRodShaped	476	3.89671	0.5	172.209	124.008	0	0.853638	0.520867	0	477	None
ChainingRodShaped	1234	2.57515	0.5	47.0033	54.7258	0	0.855975	0.517017	0	1235	1197
ChainingRodShaped	940	4.84581	0.5	25.0195	46.9959	0	0.0657624	-0.997835	0	None	None
ChainingRodShaped	904	4.04718	0.5	-4.87925	69.9786	0	-0.999524	-0.0308553	0	None	None
ChainingRodShaped	880	4.36959	0.5	-43.1349	-13.4352	0	0.636531	0.771251	0	881	587
ChainingRodShaped	834	4.05101	0.5	3.8153	68.9728	0	0.880681	0.473711	0	None	None
ChainingRodShaped	1286	2.47892	0.5	98.2653	70.4859	0	0.741934	0.670473	0	1287	737
ChainingRodShaped	826	4.94937	0.5	11.7925	63.8658	0	0.699617	0.714518	0	None	None
ChainingRodShaped	1094	3.69176	0.5	-8.2519	62.6476	0	-0.509175	0.860663	0	None	None
ChainingRodShaped	1320	2.43981	0.5	12.1439	51.2698	0	0.225168	0.97432	0	None	None
ChainingRodShaped	966	2.9817	0.5	-88.058	-47.4177	0	0.867215	0.497934	0	967	751
ChainingRodShaped	416	4.81737	0.5	-12.3322	5.89034	0	0.993485	0.11396	0	1002	1171
ChainingRodShaped	1028	3.72351	0.5	16.4723	66.4476	0	0.839175	-0.543861	0	None	None
ChainingRodShaped	1088	3.4233	0.5	18.8819	50.3532	0	0.20468	0.978829	0	None	None
ChainingRodShaped	286	4.55603	0.5	80.0497	60.7338	0	0.971414	0.23739	0	844	799
ChainingRodShaped	640	4.10045	0.5	129.099	98.2207	0	0.833477	0.552554	0	641	1163
ChainingRodShaped	1290	2.91815	0.5	0.42815	62.5251	0	-0.362204	0.932099	0	None	None
ChainingRodShaped	738	4.82925	0.5	-3.6013	68.0481	0	0.999614	0.0277736	0	None	None
ChainingRodShaped	1448	2.10606	0.5	-8.68214	58.4656	0	0.999834	-0.0182102	0	None	None
ChainingRodShaped	918	3.52297	0.5	7.40435	62.5656	0	0.76515	0.643851	0	None	None
ChainingRodShaped	926	3.86933	0.5	6.29586	66.7796	0	0.745629	0.666362	0	None	None
ChainingRodShaped	1160	3.27885	0.5	1.38868	57.4119	0	-0.363135	0.931737	0	None	None
ChainingRodShaped	358	4.69099	0.5	-59.0725	-29.5275	0	0.797165	0.603762	0	756	1471
ChainingRodShaped	534	4.77447	0.5	19.3861	48.209	0	0.214459	0.976733	0	None	None
ChainingRodShaped	1022	3.02275	0.5	30.3638	23.7186	0	0.395508	0.918462	0	1023	657
ChainingRodShaped	996	3.35672	0.5	-99.7039	-54.1963	0	0.861459	0.507827	0	997	321
ChainingRodShaped	984	3.16974	0.5	10.2917	41.4928	0	0.40732	0.913286	0	None	None
ChainingRodShaped	922	3.53196	0.5	8.44113	29.6779	0	0.269822	0.96291	0	None	None
ChainingRodShaped	1446	2.28686	0.5	0.0735397	51.5061	0	0.999928	-0.0119974	0	None	None
ChainingRodShaped	1398	2.30506	0.5	-13.5764	45.2713	0	-0.652779	0.757548	0	None	None
ChainingRodShaped	1348	2.32152	0.5	27.3261	50.794	0	-0.438488	-0.898737	0	None	None
ChainingRodShaped	854	4.81344	0.5	12.2719	43.5517	0	0.416437	0.909165	0	None	None
ChainingRodShaped	1328	2.69648	0.5	-27.6805	55.0657	0	-0.558732	0.829348	0	None	None
ChainingRodShaped	726	4.7264	0.5	-9.49678	34.4385	0	0.935727	0.352724	0	None	None
ChainingRodShaped	1284	2.38701	0.5	-7.73099	45.7923	0	-0.64406	0.764975	0	None	None
ChainingRodShaped	598	4.53139	0.5	-18.0229	53.9184	0	0.272819	0.962065	0	None	None
ChainingRodShaped	914	4.02945	0.5	4.36105	68.1183	0	0.873454	0.486906	0	None	None
ChainingRodShaped	1036	3.34435	0.5	22.6917	33.0855	0	0.107661	-0.994188	0	None	None
ChainingRodShaped	872	3.75227	0.5	12.7747	48.8871	0	0.14103	0.990005	0	None	None
ChainingRodShaped	1076	2.833	0.5	66.5507	58.8613	0	0.997845	0.0656196	0	1077	845
ChainingRodShaped	1438	2.20534	0.5	8.73184	59.7843	0	-0.391545	0.920159	0	None	None
ChainingRodShaped	1064	3.01266	0.5	-9.24087	32.5668	0	0.937842	0.347062	0	None	None
ChainingRodShaped	1152	3.38461	0.5	-15.599	58.0162	0	0.709793	0.704411	0	None	None
ChainingRodShaped	428	4.33066	0.5	150.027	110.722	0	0.865102	0.501596	0	429	1193
ChainingRodShaped	710	4.97601	0.5	26.4326	44.8831	0	0.468532	0.883447	0	None	None
ChainingRodShaped	870	4.43775	0.5	15.3044	9.30814	0	0.937165	0.348885	0	871	549
ChainingRodShaped	864	3.15722	0.5	110.24	82.7361	0	0.701503	0.712667	0	865	431
ChainingRodShaped	530	4.91001	0.5	-71.0511	-37.5455	0	0.85569	0.517489	0	531	757
ChainingRodShaped	604	4.43389	0.5	-22.5506	42.9536	0	-0.515313	0.857002	0	None	None
ChainingRodShaped	1240	2.66912	0.5	-4.43627	63.7926	0	0.508636	-0.860982	0	None	None
ChainingRodShaped	1506	2.00235	0.5	3.83873	61.7384	0	-0.364553	0.931183	0	None	None
ChainingRodShaped	1202	3.56319	0.5	-8.78652	30.7273	0	0.617676	0.786433	0	None	None
ChainingRodShaped	618	4.80726	0.5	-8.58929	45.3347	0	-0.645035	0.764153	0	None	None
ChainingRodShaped	1024	4.66466	0.5	-7.89128	27.3415	0	0.629868	0.776702	0	None	None
ChainingRodShaped	1332	2.61641	0.5	20.4149	48.4109	0	0.209937	0.977715	0	None	None
ChainingRodShaped	664	4.14797	0.5	-17.677	57.266	0	0.663656	0.748038	0	None	None
ChainingRodShaped	1230	2.75033	0.5	-11.0221	46.719	0	-0.652645	0.757664	0	None	None
ChainingRodShaped	670	3.91482	0.5	36.5389	41.383	0	0.391351	0.920242	0	671	911
ChainingRodShaped	830	4.75712	0.5	-4.33632	44.6239	0	-0.633413	0.773814	0	None	None
ChainingRodShaped	1326	2.89801	0.5	16.4186	19.2127	0	0.996525	0.0832895	0	None	None
ChainingRodShaped	1116	2.95701	0.5	-24.6342	2.741	0	0.909483	0.415741	0	1117	1003
ChainingRodShaped	1150	2.73757	0.5	-0.150301	38.165	0	-0.3402	0.940353	0	None	None
ChainingRodShaped	1484	2.0416	0.5	1.16992	63.296	0	-0.360329	0.932825	0	None	None
ChainingRodShaped	1428	2.16869	0.5	0.285188	53.4221	0	0.999997	-0.0023418	0	None	None
ChainingRodShaped	1352	2.44651	0.5	-48.9685	-20.3144	0	0.668587	0.743634	0	1353	881
ChainingRodShaped	1186	3.74563	0.5	-20.3787	42.0836	0	-0.723736	0.690077	0	None	None
ChainingRodShaped	772	3.7385	0.5	10.1075	43.539	0	0.841012	0.541017	0	None	None
ChainingRodShaped	1114	2.75145	0.5	-3.3483	54.47	0	0.999122	-0.0418852	0	None	None
ChainingRodShaped	1242	3.05618	0.5	13.5538	63.4122	0	0.360046	0.932934	0	None	None
ChainingRodShaped	990	4.95171	0.5	9.1221	28.5661	0	0.279436	0.960164	0	None	None
ChainingRodShaped	994	3.72062	0.5	2.18433	40.1113	0	-0.347537	0.937666	0	None	None
ChainingRodShaped	672	4.68382	0.5	-24.0195	43.6049	0	-0.506719	0.862111	0	None	None
ChainingRodShaped	980	4.5938	0.5	-10.0569	33.2622	0	0.939205	0.343356	0	None	None
ChainingRodShaped	720	4.45731	0.5	-11.1454	66.8886	0	0.442809	0.896616	0	None	None
ChainingRodShaped	674	4.44059	0.5	-28.9118	34.0861	0	0.66832	0.743874	0	None	None
ChainingRodShaped	798	3.03617	0.5	88.3402	63.6688	0	0.895125	0.445815	0	799	379
ChainingRodShaped	1180	3.1834	0.5	-10.1555	59.4682	0	0.999582	-0.0289272	0	None	None
ChainingRodShaped	920	4.79455	0.5	11.2254	27.8282	0	0.406953	0.913449	0	None	None
ChainingRodShaped	934	4.79849	0.5	-6.35782	22.6904	0	0.954249	-0.299013	0	None	None
ChainingRodShaped	986	3.79524	0.5	10.8446	65.6853	0	0.696806	0.717259	0	None	None
ChainingRodShaped	808	4.15027	0.5	-6.7046	51.104	0	0.963365	0.268193	0	None	None
ChainingRodShaped	1390	2.52185	0.5	7.64045	37.2262	0	-0.662576	0.748995	0	None	None
ChainingRodShaped	538	4.73262	0.5	14.5046	32.3573	0	-0.602972	0.797762	0	None	None
ChainingRodShaped	480	4.77801	0.5	140.332	105.116	0	0.864786	0.502141	0	1162	429
ChainingRodShaped	930	4.27352	0.5	-21.0042	19.1466	0	0.568341	0.822793	0	None	None
ChainingRodShaped	1196	2.96584	0.5	53.3936	57.2854	0	0.971834	0.235668	0	1197	365
ChainingRodShaped	822	4.72928	0.5	21.1945	40.0244	0	-0.0167835	-0.999859	0	None	None
ChainingRodShaped	1154	2.91695	0.5	11.7721	65.2392	0	0.698183	0.71592	0	None	None
ChainingRodShaped	890	3.40808	0.5	-15.6053	18.4517	0	-0.823748	0.566957	0	None	None
ChainingRodShaped	832	4.06855	0.5	-18.6598	57.6113	0	0.661247	0.750169	0	None	None
ChainingRodShaped	1392	2.3757	0.5	10.7626	53.9648	0	0.235851	0.971789	0	None	None
ChainingRodShaped	750	4.25326	0.5	-80.0282	-42.8177	0	0.867282	0.497818	0	751	531
ChainingRodShaped	468	4.455	0.5	0.565913	6.70844	0	0.998801	0.0489574	0	1170	397
ChainingRodShaped	848	4.8644	0.5	-27.2046	25.4849	0	-0.268874	0.963175	0	None	None
ChainingRodShaped	1156	3.828	0.5	21.7806	31.5965	0	-0.30495	0.952368	0	None	None
ChainingRodShaped	1184	2.7939	0.5	22.3492	52.6051	0	0.48974	-0.871869	0	None	None
ChainingRodShaped	1212	3.25224	0.5	-16.894	45.8383	0	-0.995539	-0.0943482	0	None	None
ChainingRodShaped	1108	3.37091	0.5	-8.35692	57.494	0	0.999919	-0.0127335	0	None	None
ChainingRodShaped	1298	2.50649	0.5	-110.892	-60.8471	0	0.858516	0.512787	0	1299	487
ChainingRodShaped	1228	3.24058	0.5	7.01602	66.1141	0	0.747371	0.664407	0	None	None
ChainingRodShaped	1182	3.0499	0.5	22.1568	39.1837	0	-0.0210072	-0.999779	0	None	None
ChainingRodShaped	1054	3.98202	0.5	-21.9552	45.7317	0	-0.832993	0.553283	0	None	None
ChainingRodShaped	1266	2.35699	0.5	163.653	118.797	0	0.855291	0.518148	0	1267	477
ChainingRodShaped	1120	3.23182	0.5	10.8518	29.5837	0	0.510765	0.85972	0	None	None
ChainingRodShaped	1040	3.82796	0.5	17.5518	31.9935	0	-0.289704	0.957116	0	None	None
ChainingRodShaped	960	3.20893	0.5	120.636	92.1507	0	0.785514	0.618844	0	961	641
ChainingRodShaped	1098	3.824	0.5	-24.2818	51.6722	0	0.956225	0.292631	0	None	None
ChainingRodShaped	1308	2.66188	0.5	-22.8996	33.5652	0	0.386006	0.922496	0	None	None
ChainingRodShaped	886	4.09238	0.5	-14.3937	28.2868	0	0.793917	0.608026	0	None	None
ChainingRodShaped	1138	2.74133	0.5	26.1034	16.5434	0	0.636645	0.771157	0	1139	1023
ChainingRodShaped	582	4.63389	0.5	-20.417	16.5147	0	-0.998598	-0.052936	0	None	None
ChainingRodShaped	1142	2.93849	0.5	-4.01852	19.0163	0	0.979854	-0.199713	0	None	None
ChainingRodShaped	1334	2.51392	0.5	-4.31391	15.8951	0	-0.223412	0.974724	0	None	None
ChainingRodShaped	962	4.83352	0.5	-26.1751	39.1601	0	0.563198	0.826322	0	None	None
ChainingRodShaped	1218	2.64232	0.5	1.03897	40.471	0	-0.346453	0.938067	0	None	None
ChainingRodShaped	1440	2.31645	0.5	-5.5326	23.4673	0	0.952481	-0.304597	0	None	None
ChainingRodShaped	1504	2.00445	0.5	-25.6837	53.2963	0	-0.955966	-0.293478	0	None	None
ChainingRodShaped	1416	2.21847	0.5	-21.8723	44.5661	0	-0.834576	0.550893	0	None	None
ChainingRodShaped	1200	2.7566	0.5	4.37908	30.6951	0	-0.259334	0.965788	0	None	None
ChainingRodShaped	1422	2.23778	0.5	-34.6564	-4.00665	0	0.739269	0.67341	0	1423	559
ChainingRodShaped	1454	2.19833	0.5	-14.6322	57.6339	0	0.70986	0.704343	0	None	None
ChainingRodShaped	1346	2.33176	0.5	9.77367	53.9657	0	0.245571	0.969379	0	None	None
ChainingRodShaped	1020	3.55093	0.5	-11.9799	46.375	0	-0.652148	0.758091	0	None	None
ChainingRodShaped	1074	3.94387	0.5	14.5284	47.833	0	0.152269	0.988339	0	None	None
ChainingRodShaped	1254	3.01749	0.5	-19.1816	44.9523	0	-0.813444	0.581643	0	None	None
ChainingRodShaped	1226	3.06411	0.5	-22.8574	39.4221	0	0.905319	0.424733	0	None	None
ChainingRodShaped	1006	4.24788	0.5	16.2581	46.4298	0	0.21354	0.976934	0	None	None
ChainingRodShaped	884	4.78221	0.5	3.7971	49.0618	0	0.912477	0.409127	0	None	None
ChainingRodShaped	1364	2.31932	0.5	7.72851	30.7256	0	0.260181	0.96556	0	None	None
ChainingRodShaped	1366	2.53266	0.5	19.2892	41.5347	0	0.0182673	0.999833	0	None	None
ChainingRodShaped	1280	2.68906	0.5	9.5495	66.4943	0	0.920015	0.391882	0	None	None
ChainingRodShaped	656	3.25941	0.5	33.4716	32.6768	0	0.294795	0.95556	0	657	671
ChainingRodShaped	1096	2.77775	0.5	10.1979	33.891	0	-0.887543	0.460724	0	None	None
ChainingRodShaped	648	4.76657	0.5	-1.95216	49.7093	0	0.933541	0.358469	0	None	None
ChainingRodShaped	762	4.65952	0.5	1.76648	13.0693	0	0.994608	0.10371	0	None	None
ChainingRodShaped	1452	2.21912	0.5	-25.9266	34.4952	0	0.636593	0.7712	0	None	None
ChainingRodShaped	844	3.93279	0.5	75.0103	59.7251	0	0.988716	0.149803	0	845	286
ChainingRodShaped	952	4.87306	0.5	22.9512	58.5147	0	0.612075	-0.7908	0	None	None
ChainingRodShaped	1092	3.0394	0.5	26.0325	36.1666	0	0.514228	0.857654	0	None	None
ChainingRodShaped	1376	2.38669	0.5	-10.4057	31.0876	0	0.919174	0.393851	0	None	None
ChainingRodShaped	576	4.32799	0.5	10.6147	32.6308	0	-0.887711	0.4604	0	None	None
ChainingRodShaped	700	4.13873	0.5	-16.768	28.7981	0	0.978481	0.206336	0	None	None
ChainingRodShaped	910	3.70992	0.5	41.4381	49.7391	0	0.628557	0.777763	0	911	1235
ChainingRodShaped	1474	2.0827	0.5	-2.00345	32.5726	0	-0.0188827	0.999822	0	None	None
ChainingRodShaped	902	4.09535	0.5	13.6959	48.7066	0	0.144106	0.989562	0	None	None
ChainingRodShaped	932	4.00675	0.5	21.9627	26.8043	0	0.136872	0.990589	0	None	None
ChainingRodShaped	1008	4.00732	0.5	-17.7163	21.7607	0	0.664046	0.747692	0	None	None
ChainingRodShaped	1244	3.25545	0.5	-5.21789	35.0192	0	-0.296198	0.955127	0	None	None
ChainingRodShaped	1018	4.55275	0.5	12.7079	55.9007	0	-0.459419	0.88822	0	None	None
ChainingRodShaped	1194	3.58356	0.5	8.97325	18.52	0	0.899942	0.436009	0	None	None
ChainingRodShaped	1110	3.8093	0.5	7.18029	56.2716	0	-0.408362	0.91282	0	None	None
ChainingRodShaped	908	3.9928	0.5	0.966135	49.8576	0	0.918246	0.39601	0	None	None
ChainingRodShaped	976	4.66207	0.5	13.6859	26.7642	0	0.184387	0.982854	0	None	None
ChainingRodShaped	321	4.49853	0.5	-95.4811	-51.7191	0	0.86341	0.504502	0	996	967
ChainingRodShaped	1404	2.38293	0.5	-2.10214	40.7799	0	-0.356069	0.93446	0	None	None
ChainingRodShaped	968	3.5213	0.5	4.76186	67.1803	0	0.862718	0.505685	0	None	None
ChainingRodShaped	708	3.90065	0.5	-12.7945	18.8556	0	-0.831009	0.556259	0	None	None
ChainingRodShaped	736	3.61775	0.5	104.462	76.682	0	0.686681	0.726958	0	737	865
ChainingRodShaped	1066	3.55876	0.5	-30.9684	37.798	0	-0.643328	-0.765591	0	None	None
ChainingRodShaped	954	3.87411	0.5	-19.1429	26.0667	0	0.639697	0.768628	0	None	None
ChainingRodShaped	1126	3.44296	0.5	-24.347	50.6343	0	0.958446	0.285274	0	None	None
ChainingRodShaped	1000	4.72162	0.5	5.14628	28.3104	0	0.610553	0.791975	0	None	None
ChainingRodShaped	992	3.19735	0.5	-29.3724	36.5391	0	0.650605	0.759416	0	None	None
ChainingRodShaped	550	4.55557	0.5	-6.12109	18.3092	0	0.99155	-0.129727	0	None	None
ChainingRodShaped	1356	2.44608	0.5	9.48536	15.3082	0	0.837135	0.546996	0	None	None
ChainingRodShaped	1260	2.57618	0.5	-6.16892	62.9019	0	-0.508984	0.860776	0	None	None
ChainingRodShaped	1224	2.74104	0.5	-23.2764	49.913	0	0.96253	0.271175	0	None	None
ChainingRodShaped	706	4.42845	0.5	-15.9498	17.521	0	-0.823823	0.566847	0	None	None
ChainingRodShaped	942	4.96223	0.5	-3.80971	19.9513	0	0.978003	-0.208592	0	None	None
ChainingRodShaped	1498	2.0409	0.5	2.50782	44.9615	0	0.983018	0.18351	0	None	None
ChainingRodShaped	1354	2.51078	0.5	-11.2472	64.1863	0	0.933631	0.358235	0	None	None
ChainingRodShaped	1274	2.41939	0.5	-8.61394	65.6602	0	-0.316283	0.948665	0	None	None
ChainingRodShaped	756	3.12687	0.5	-62.9681	-32.3697	0	0.822133	0.569295	0	757	358
ChainingRodShaped	972	4.74965	0.5	-8.71945	61.5652	0	-0.511691	0.85917	0	None	None
ChainingRodShaped	778	4.76046	0.5	-23.9532	47.7127	0	0.962628	0.270826	0	None	None
ChainingRodShaped	365	4.33541	0.5	57.8717	58.0798	0	0.991524	0.129926	0	1196	1077
ChainingRodShaped	1204	2.99632	0.5	2.02839	32.2619	0	-0.239983	0.970777	0	None	None
ChainingRodShaped	1042	4.02829	0.5	-23.2555	48.9093	0	0.962001	0.273047	0	None	None
ChainingRodShaped	1014	4.27641	0.5	17.0916	17.8473	0	0.894201	0.447665	0	None	None
ChainingRodShaped	1070	4.35767	0.5	-13.8851	12.1113	0	-0.738641	0.674099	0	None	None
ChainingRodShaped	1206	3.39723	0.5	-2.9578	32.6937	0	-0.0240215	0.999711	0	None	None
ChainingRodShaped	1494	2.05657	0.5	7.54556	47.7054	0	0.775527	0.631314	0	None	None
ChainingRodShaped	379	4.02721	0.5	92.1762	65.8758	0	0.842028	0.539433	0	798	1287
ChainingRodShaped	1072	3.85203	0.5	-3.82488	69.0221	0	0.999596	0.0284137	0	None	None
ChainingRodShaped	1456	2.16841	0.5	19.3144	58.6583	0	0.819596	-0.572942	0	None	None
ChainingRodShaped	1232	3.37004	0.5	-10.0009	61.8456	0	0.514939	-0.857227	0	None	None
ChainingRodShaped	964	3.44242	0.5	-23.0088	61.6515	0	0.120056	0.992767	0	None	None
ChainingRodShaped	982	4.19722	0.5	3.4676	30.447	0	-0.249661	0.968333	0	None	None
ChainingRodShaped	1400	2.38399	0.5	14.3246	54.9716	0	-0.510556	0.859845	0	None	None
ChainingRodShaped	1496	2.02376	0.5	24.3549	41.3196	0	-0.0001145	-1	0	None	None
ChainingRodShaped	876	4.45023	0.5	-20.8747	58.0525	0	0.655598	0.75511	0	None	None
ChainingRodShaped	397	4.22811	0.5	5.78941	7.11861	0	0.99398	0.109558	0	468	871
ChainingRodShaped	1470	2.09148	0.5	-53.4555	-24.9006	0	0.732889	0.680349	0	1471	1353
ChainingRodShaped	1068	4.03407	0.5	11.4129	38.6665	0	0.240622	0.970619	0	None	None
ChainingRodShaped	1136	2.86426	0.5	-7.02277	56.5217	0	0.999772	-0.0213696	0	None	None
ChainingRodShaped	724	4.08424	0.5	4.81619	21.7961	0	0.651632	0.758536	0	None	None
ChainingRodShaped	712	4.77001	0.5	-16.4143	39.0265	0	-0.701675	0.712498	0	None	None
ChainingRodShaped	1246	3.08511	0.5	-20.6424	39.2587	0	0.160448	0.987044	0	None	None
ChainingRodShaped	662	4.16294	0.5	-12.2391	28.7347	0	0.795428	0.606048	0	None	None
ChainingRodShaped	1384	2.37931	0.5	5.09934	18.9751	0	0.747776	0.663951	0	None	None
ChainingRodShaped	1316	2.87807	0.5	13.8078	38.4249	0	-0.166914	0.985971	0	None	None
ChainingRodShaped	1002	3.18865	0.5	-17.1712	5.15211	0	0.979272	0.20255	0	1003	416
ChainingRodShaped	1486	2.07264	0.5	25.9891	47.312	0	0.0627082	-0.998032	0	None	None
ChainingRodShaped	1282	2.38185	0.5	4.94575	44.4051	0	0.985167	0.171599	0	None	None
ChainingRodShaped	998	3.9723	0.5	16.9867	36.7387	0	-0.180866	0.983508	0	None	None
ChainingRodShaped	988	3.81119	0.5	-0.622301	52.4721	0	0.99993	-0.0118535	0	None	None
ChainingRodShaped	1410	2.28979	0.5	-14.4242	40.0247	0	-0.607655	0.794201	0	None	None
ChainingRodShaped	429	4.74182	0.5	145.273	107.975	0	0.866401	0.499349	0	480	428
ChainingRodShaped	431	4.33654	0.5	113.568	85.9912	0	0.725258	0.688477	0	864	961
ChainingRodShaped	1444	2.23075	0.5	-3.54827	51.1137	0	0.926195	0.377046	0	None	None
ChainingRodShaped	1048	4.65147	0.5	24.423	55.1932	0	0.695914	-0.718126	0	None	None
ChainingRodShaped	796	3.90397	0.5	-14.2493	18.6869	0	-0.825879	0.563847	0	None	None
ChainingRodShaped	1424	2.21504	0.5	5.17276	55.0999	0	-0.0275385	0.999621	0	None	None
ChainingRodShaped	1158	3.23938	0.5	14.8603	37.8593	0	-0.166621	0.986021	0	None	None
ChainingRodShaped	682	4.65926	0.5	-6.47091	35.8741	0	-0.305732	0.952118	0	None	None
ChainingRodShaped	958	4.77118	0.5	-29.8083	28.1836	0	0.323548	0.946212	0	None	None
ChainingRodShaped	806	4.02024	0.5	-18.6897	30.3669	0	0.976602	0.215055	0	None	None
ChainingRodShaped	1198	3.39729	0.5	-11.1396	35.7872	0	0.928866	0.370416	0	None	None
ChainingRodShaped	978	4.64049	0.5	11.8034	21.1214	0	-0.992298	0.123871	0	None	None
ChainingRodShaped	1104	3.80154	0.5	22.9401	47.5217	0	0.146705	-0.98918	0	None	None
ChainingRodShaped	840	4.91705	0.5	-22.5033	23.6526	0	0.665757	0.746168	0	None	None
ChainingRodShaped	1450	2.13811	0.5	16.5276	56.2469	0	-0.277297	0.960784	0	None	None
ChainingRodShaped	1106	4.10701	0.5	-9.51663	35.4219	0	0.932524	0.361107	0	None	None
ChainingRodShaped	1374	2.25112	0.5	-23.3326	35.0809	0	0.376762	0.92631	0	None	None
ChainingRodShaped	896	3.67949	0.5	-17.6765	29.5984	0	0.977307	0.211827	0	None	None
ChainingRodShaped	734	4.25729	0.5	2.83269	70.4781	0	-0.633705	-0.773575	0	None	None
ChainingRodShaped	1310	2.74803	0.5	-10.1751	12.8086	0	-0.994363	0.106026	0	None	None
ChainingRodShaped	1170	2.98186	0.5	-4.04781	6.50506	0	0.99927	0.0382021	0	1171	468
ChainingRodShaped	1322	2.88718	0.5	20.0606	30.5104	0	-0.307194	0.951647	0	None	None
ChainingRodShaped	1112	3.03632	0.5	6.38235	55.7548	0	-0.414655	0.909979	0	None	None
ChainingRodShaped	1502	2.00354	0.5	-17.8857	61.7993	0	0.993389	0.114794	0	None	None
ChainingRodShaped	477	4.92222	0.5	167.599	121.197	0	0.853969	0.520325	0	1266	476
ChainingRodShaped	866	3.66118	0.5	-19.1303	36.4999	0	0.505654	0.862737	0	None	None
ChainingRodShaped	1162	2.8515	0.5	136.237	102.712	0	0.858536	0.512754	0	1163	480
ChainingRodShaped	1304	2.73796	0.5	-21.5448	15.4717	0	-0.998325	-0.0578614	0	None	None
ChainingRodShaped	804	4.61712	0.5	-9.4161	28.5248	0	0.790856	0.612002	0	None	None
ChainingRodShaped	487	4.27952	0.5	-107.13	-58.6025	0	0.858911	0.512125	0	1298	997
ChainingRodShaped	1478	2.04716	0.5	-16.5114	44.2445	0	-0.819211	0.573492	0	None	None
ChainingRodShaped	1238	2.87913	0.5	-4.31745	35.2786	0	-0.286643	0.958037	0	None	None
ChainingRodShaped	1388	2.21937	0.5	20.4679	61.8163	0	0.939282	-0.343145	0	None	None
ChainingRodShaped	878	4.82636	0.5	2.6604	20.7802	0	0.657727	0.753256	0	None	None
ChainingRodShaped	497	4.87301	0.5	23.3841	36.988	0	0.966838	0.25539	0	None	None
ChainingRodShaped	1172	2.81745	0.5	-1.31304	10.4849	0	-0.999929	-0.0118949	0	None	None
ChainingRodShaped	792	4.98183	0.5	4.94354	42.5554	0	0.981532	0.191296	0	None	None
ChainingRodShaped	974	3.6096	0.5	-27.9982	24.6955	0	-0.264044	0.964511	0	None	None
ChainingRodShaped	814	3.90484	0.5	-5.05007	21.1876	0	0.97589	-0.218265	0	None	None
ChainingRodShaped	1360	2.47052	0.5	19.8114	38.1804	0	0.442168	-0.896932	0	None	None
ChainingRodShaped	1122	4.02912	0.5	4.12192	37.5404	0	-0.326253	0.945283	0	None	None
ChainingRodShaped	1488	2.05913	0.5	-1.16232	34.8505	0	-0.0695473	0.997579	0	None	None
ChainingRodShaped	1350	2.60354	0.5	-21.3606	30.582	0	0.758712	0.651426	0	None	None
ChainingRodShaped	1030	4.31291	0.5	10.6427	57.8847	0	-0.430819	0.902438	0	None	None
ChainingRodShaped	1050	2.90968	0.5	21.8129	48.4434	0	0.127012	-0.991901	0	None	None
ChainingRodShaped	1436	2.38351	0.5	-13.0409	46.129	0	-0.65347	0.756952	0	None	None
ChainingRodShaped	1222	2.50843	0.5	16.2075	27.8165	0	0.39415	0.919046	0	None	None
ChainingRodShaped	523	4.76495	0.5	6.63814	36.9437	0	-0.655047	0.755588	0	None	None
ChainingRodShaped	1330	2.30785	0.5	19.9361	34.0224	0	-0.334259	0.942481	0	None	None
ChainingRodShaped	1340	2.72768	0.5	-7.00463	24.9691	0	0.971754	-0.235996	0	None	None
ChainingRodShaped	836	4.33626	0.5	3.79404	19.1514	0	0.660538	0.750793	0	None	None
ChainingRodShaped	531	3.95786	0.5	-75.6586	-40.2883	0	0.86344	0.504452	0	750	530
ChainingRodShaped	533	4.77777	0.5	0.540221	29.7282	0	0.222729	0.97488	0	None	None
ChainingRodShaped	874	4.18008	0.5	16.9746	41.7156	0	0.287513	0.957777	0	None	None
ChainingRodShaped	1406	2.31706	0.5	-10.4491	52.038	0	0.966108	0.258138	0	None	None
ChainingRodShaped	539	4.91809	0.5	14.3916	25.3163	0	0.186326	0.982488	0	None	None
ChainingRodShaped	1144	2.82827	0.5	-17.3392	17.2966	0	-0.824638	0.565661	0	None	None
ChainingRodShaped	912	3.81915	0.5	10.2609	69.8309	0	-0.76723	0.641372	0	None	None
ChainingRodShaped	545	4.9275	0.5	5.22176	41.6892	0	0.980938	0.194321	0	None	None
ChainingRodShaped	1132	3.46304	0.5	6.38366	49.1937	0	0.909326	0.416084	0	None	None
ChainingRodShaped	549	4.06701	0.5	19.9537	11.4811	0	0.865627	0.500689	0	870	1139
ChainingRodShaped	551	4.5926	0.5	-5.13607	15.0497	0	-0.222851	0.974853	0	None	None
ChainingRodShaped	882	4.98522	0.5	-22.502	20.6723	0	0.651638	0.75853	0	None	None
ChainingRodShaped	1044	4.09897	0.5	9.5282	48.1452	0	0.748178	0.663498	0	None	None
ChainingRodShaped	1472	2.10222	0.5	7.02098	15.1311	0	0.92953	0.368746	0	None	None
ChainingRodShaped	559	3.78683	0.5	-31.6349	-1.53086	0	0.795458	0.606008	0	1422	1117
ChainingRodShaped	1192	2.9791	0.5	157.356	115.019	0	0.859744	0.510725	0	1193	1267
ChainingRodShaped	563	4.80044	0.5	8.59321	53.2399	0	0.255245	0.966876	0	None	None
ChainingRodShaped	892	4.40757	0.5	-6.82948	55.5682	0	0.999508	-0.0313691	0	None	None
ChainingRodShaped	1032	3.82024	0.5	-4.10655	58.9806	0	-0.721674	0.692233	0	None	None
ChainingRodShaped	1124	3.03125	0.5	-10.511	18.5187	0	-0.834754	0.550623	0	None	None
ChainingRodShaped	571	4.64668	0.5	-5.57142	44.6987	0	-0.63638	0.771375	0	None	None
ChainingRodShaped	1464	2.10374	0.5	-1.10284	63.7652	0	-0.374446	0.927249	0	None	None
ChainingRodShaped	1026	3.2179	0.5	-19.935	57.6383	0	0.65778	0.75321	0	None	None
ChainingRodShaped	577	4.96251	0.5	10.8895	24.6823	0	0.397798	0.917473	0	None	None
ChainingRodShaped	1358	2.61133	0.5	9.49999	20.4425	0	-0.99101	0.133787	0	None	None
ChainingRodShaped	950	4.30326	0.5	15.4003	46.9577	0	0.203762	0.97902	0	None	None
ChainingRodShaped	970	3.18218	0.5	-14.0915	13.7559	0	0.79701	-0.603966	0	None	None
ChainingRodShaped	1082	3.34285	0.5	3.61409	57.0508	0	-0.361501	0.932372	0	None	None
ChainingRodShaped	587	4.43457	0.5	-39.7228	-9.3756	0	0.650504	0.759503	0	880	1423
ChainingRodShaped	1134	3.43055	0.5	-11.4281	68.5579	0	0.442543	0.896747	0	None	None
ChainingRodShaped	1004	3.22492	0.5	-4.26698	65.4216	0	-0.541276	0.840845	0	None	None
ChainingRodShaped	1442	2.18059	0.5	-3.59007	66.1603	0	-0.548267	0.836303	0	None	None
ChainingRodShaped	1010	3.97286	0.5	3.80355	35.5708	0	-0.335678	0.941977	0	None	None
ChainingRodShaped	597	4.85729	0.5	-27.8266	41.9247	0	0.566948	0.823753	0	None	None
ChainingRodShaped	599	4.29096	0.5	-19.5066	48.7777	0	0.294518	0.955646	0	None	None
ChainingRodShaped	601	4.6449	0.5	-25.3786	57.4333	0	0.65404	0.75646	0	None	None
ChainingRodShaped	603	4.8119	0.5	-2.24698	55.9591	0	-0.751757	0.65944	0	None	None
ChainingRodShaped	1318	2.53286	0.5	-23.4868	40.2007	0	0.908395	0.418113	0	None	None
ChainingRodShaped	607	4.25311	0.5	10.6172	17.1314	0	0.899386	0.437155	0	None	None
ChainingRodShaped	1372	2.23935	0.5	-17.9518	50.6439	0	0.282424	0.95929	0	None	None
ChainingRodShaped	1302	2.49152	0.5	-12.8247	24.6696	0	0.786652	0.617397	0	None	None
ChainingRodShaped	1420	2.41982	0.5	2.93149	33.7909	0	-0.739268	0.673412	0	None	None
ChainingRodShaped	956	4.95694	0.5	-9.93915	51.1843	0	0.966852	0.255337	0	None	None
ChainingRodShaped	617	4.37005	0.5	17.9142	26.873	0	0.385679	0.922633	0	None	None
ChainingRodShaped	1034	3.65622	0.5	-5.51124	41.1748	0	-0.453419	0.891297	0	None	None
ChainingRodShaped	621	4.93057	0.5	7.34941	58.2406	0	-0.399214	0.916858	0	None	None
ChainingRodShaped	1016	4.27389	0.5	1.23645	48.9589	0	0.915847	0.401526	0	None	None
ChainingRodShaped	1038	4.37087	0.5	-25.8507	29.4828	0	-0.066333	0.997798	0	None	None
ChainingRodShaped	1046	4.14769	0.5	-12.6933	39.3053	0	-0.580234	0.81445	0	None	None
ChainingRodShaped	1130	4.02815	0.5	-14.6009	60.291	0	0.932194	-0.361959	0	None	None
ChainingRodShaped	1012	3.67496	0.5	2.19638	21.6715	0	0.650169	0.75979	0	None	None
ChainingRodShaped	633	4.41662	0.5	-0.110333	22.3281	0	0.397034	0.917804	0	None	None
ChainingRodShaped	1052	4.10322	0.5	6.51922	35.666	0	-0.64746	0.7621	0	None	None
ChainingRodShaped	1140	3.29223	0.5	-16.0774	62.8102	0	0.993094	-0.117323	0	None	None
ChainingRodShaped	1276	2.54457	0.5	-16.0952	63.7974	0	0.993304	-0.115528	0	None	None
ChainingRodShaped	641	4.92643	0.5	124.63	95.1296	0	0.81262	0.582794	0	960	640
ChainingRodShaped	1500	2.01276	0.5	-7.515	41.1306	0	-0.431457	0.902133	0	None	None
ChainingRodShaped	645	4.01611	0.5	0.785743	22.0628	0	0.401622	0.915805	0	None	None
ChainingRodShaped	1058	4.30765	0.5	25.0889	53.0885	0	0.697134	-0.716941	0	None	None
ChainingRodShaped	649	4.16341	0.5	-7.12525	48.0471	0	0.964153	0.265348	0	None	None
ChainingRodShaped	1220	3.20709	0.5	-11.8116	41.3015	0	-0.560888	0.827892	0	None	None
ChainingRodShaped	1288	2.43039	0.5	-13.9591	54.6185	0	0.835656	0.549253	0	None	None
ChainingRodShaped	1396	2.22515	0.5	2.96775	56.0566	0	-0.365394	0.930853	0	None	None
ChainingRodShaped	657	4.54001	0.5	31.9991	28.1044	0	0.316306	0.948657	0	1022	656
ChainingRodShaped	1164	3.90522	0.5	-3.97806	10.0959	0	-0.854165	0.520003	0	None	None
ChainingRodShaped	1344	2.60473	0.5	-16.5167	40.6503	0	-0.773966	0.633227	0	None	None
ChainingRodShaped	1102	2.96444	0.5	-15.8409	25.9687	0	0.798653	0.601791	0	None	None
ChainingRodShaped	1086	4.0572	0.5	-19.3227	52.8275	0	0.270822	0.962629	0	None	None
ChainingRodShaped	667	4.49104	0.5	8.84868	46.2294	0	0.817719	0.575618	0	None	None
ChainingRodShaped	669	4.47346	0.5	12.0879	37.4678	0	0.240442	0.970663	0	None	None
ChainingRodShaped	671	3.84394	0.5	34.8407	36.9165	0	0.319156	0.947702	0	656	670
ChainingRodShaped	673	4.25709	0.5	-26.5614	40.311	0	0.562928	0.826506	0	None	None
ChainingRodShaped	1100	3.04707	0.5	-32.048	30.5569	0	0.629836	0.776728	0	None	None
ChainingRodShaped	1084	3.35444	0.5	-14.2922	35.4904	0	0.915506	0.402304	0	None	None
ChainingRodShaped	1062	3.45089	0.5	-9.78486	10.4396	0	-0.551449	0.834208	0	None	None
ChainingRodShaped	1174	3.64599	0.5	-15.8368	35.8582	0	0.922845	0.385173	0	None	None
ChainingRodShaped	1118	2.98269	0.5	-5.75403	31.2073	0	-0.0679209	0.997691	0	None	None
ChainingRodShaped	1060	4.2791	0.5	17.9436	60.8366	0	0.813825	-0.581109	0	None	None
ChainingRodShaped	1056	3.24142	0.5	-29.3373	38.1851	0	-0.624142	-0.781311	0	None	None
ChainingRodShaped	1272	3.01193	0.5	-15.3808	25.1145	0	0.796457	0.604695	0	None	None
ChainingRodShaped	691	4.29874	0.5	-9.17683	39.148	0	-0.578146	0.815933	0	None	None
ChainingRodShaped	1248	3.33267	0.5	-18.1211	64.8262	0	0.990712	0.135978	0	None	None
ChainingRodShaped	1146	3.40388	0.5	-7.85279	66.4773	0	-0.310269	0.950649	0	None	None
ChainingRodShaped	1090	3.86832	0.5	7.51269	21.6058	0	0.292765	0.956184	0	None	None
ChainingRodShaped	699	3.9268	0.5	-10.5778	49.0743	0	0.966648	0.256107	0	None	None
ChainingRodShaped	1078	3.4083	0.5	-20.7146	26.6483	0	0.873379	0.48704	0	None	None
ChainingRodShaped	1168	3.2402	0.5	18.9266	55.435	0	0.858179	-0.51335	0	None	None
ChainingRodShaped	1336	2.82172	0.5	23.3728	41.1322	0	-0.00407254	-0.999992	0	None	None
ChainingRodShaped	1210	2.9305	0.5	-12.1804	14.7758	0	-0.793785	0.608199	0	None	None
ChainingRodShaped	1414	2.16188	0.5	-9.43183	16.672	0	-0.89229	0.451463	0	None	None
ChainingRodShaped	1080	4.31226	0.5	26.5195	42.9649	0	0.472536	0.881312	0	None	None
ChainingRodShaped	1188	2.9685	0.5	-17.0859	36.3709	0	0.918946	0.394383	0	None	None
ChainingRodShaped	715	4.73951	0.5	16.0958	42.3802	0	0.332138	0.943231	0	None	None
ChainingRodShaped	1166	2.70619	0.5	2.78366	61.8287	0	-0.358328	0.933596	0	None	None
ChainingRodShaped	719	4.97074	0.5	14.6584	63.5587	0	-0.356429	-0.934323	0	None	None
ChainingRodShaped	1394	2.35935	0.5	-14.1928	65.5193	0	0.969455	-0.245271	0	None	None
ChainingRodShaped	1462	2.14112	0.5	-6.63388	41.4001	0	-0.444423	0.895817	0	None	None
ChainingRodShaped	1148	2.70745	0.5	1.93216	18.5215	0	0.668011	0.744151	0	None	None
ChainingRodShaped	727	4.24731	0.5	-6.78587	32.2255	0	-0.0778879	0.996962	0	None	None
ChainingRodShaped	1176	3.76574	0.5	22.9171	26.5121	0	0.134536	0.990909	0	None	None
ChainingRodShaped	1128	2.77718	0.5	-11.006	54.3361	0	0.825467	0.56445	0	None	None
ChainingRodShaped	1208	3.43333	0.5	-30.9767	49.4575	0	0.18724	0.982314	0	None	None
ChainingRodShaped	1236	2.65629	0.5	4.88873	70.7874	0	-0.840434	-0.541914	0	None	None
ChainingRodShaped	737	3.90768	0.5	101.214	73.3288	0	0.704401	0.709803	0	1286	736
ChainingRodShaped	1312	2.35543	0.5	-3.74532	61.2929	0	0.718256	-0.695779	0	None	None
ChainingRodShaped	1250	3.20852	0.5	-19.7918	38.3914	0	0.156724	0.987642	0	None	None
ChainingRodShaped	1264	3.25734	0.5	14.4983	33.928	0	-0.604824	0.79636	0	None	None
ChainingRodShaped	1216	3.0652	0.5	10.3402	60.5105	0	-0.726595	0.687066	0	None	None
ChainingRodShaped	747	4.55748	0.5	11.7493	24.2751	0	0.396706	0.917946	0	None	None
ChainingRodShaped	749	4.91296	0.5	5.09833	61.1552	0	-0.371781	0.92832	0	None	None
ChainingRodShaped	751	3.73521	0.5	-84.3169	-45.2746	0	0.868113	0.496367	0	966	750
ChainingRodShaped	1426	2.30739	0.5	18.179	58.244	0	0.802696	-0.596388	0	None	None
ChainingRodShaped	755	4.53644	0.5	3.0541	15.4952	0	0.755166	0.655534	0	None	None
ChainingRodShaped	757	3.74187	0.5	-66.5923	-34.7782	0	0.841842	0.539724	0	530	756
ChainingRodShaped	1482	2.04758	0.5	-0.0150594	25.3977	0	0.210221	0.977654	0	None	None
ChainingRodShaped	1368	2.44979	0.5	18.5745	43.7215	0	0.269101	0.963112	0	None	None
ChainingRodShaped	1294	2.82037	0.5	1.80184	11.5608	0	0.962038	-0.272917	0	None	None
ChainingRodShaped	1214	3.22788	0.5	-26.8731	30.2155	0	-0.0595002	0.998228	0	None	None
ChainingRodShaped	767	3.82121	0.5	-28.4945	28.9977	0	0.321756	0.946822	0	None	None
ChainingRodShaped	769	4.94917	0.5	-12.4706	22.4794	0	0.777472	0.628917	0	None	None
ChainingRodShaped	1278	2.78029	0.5	-29.8802	46.699	0	-0.258234	0.966082	0	None	None
ChainingRodShaped	1300	3.02024	0.5	7.84234	41.2802	0	0.978227	0.207539	0	None	None
ChainingRodShaped	775	4.0236	0.5	-14.5514	22.0133	0	0.76995	0.638104	0	None	None
ChainingRodShaped	1190	3.56993	0.5	-21.3428	59.0767	0	0.640473	0.767981	0	None	None
ChainingRodShaped	1342	2.33162	0.5	-25.9272	44.9765	0	-0.493564	0.869709	0	None	None
ChainingRodShaped	1296	2.36954	0.5	-5.93094	49.3555	0	0.963687	0.267035	0	None	None
ChainingRodShaped	1252	3.2149	0.5	-3.71435	39.6324	0	-0.351386	0.936231	0	None	None
ChainingRodShaped	1362	2.65948	0.5	-27.6847	33.981	0	0.665932	0.746012	0	None	None
ChainingRodShaped	1270	2.71728	0.5	19.1664	27.3554	0	0.382687	0.923878	0	None	None
ChainingRodShaped	1458	2.13528	0.5	-28.8494	46.7473	0	-0.281686	0.959507	0	None	None
ChainingRodShaped	791	4.40348	0.5	-4.78092	26.4298	0	-0.0309387	0.999521	0	None	None
ChainingRodShaped	793	4.81639	0.5	2.6499	43.0512	0	0.983397	0.181465	0	None	None
ChainingRodShaped	1178	2.76553	0.5	15.0872	57.7548	0	-0.271298	0.962495	0	None	None
ChainingRodShaped	797	4.88161	0.5	-9.93207	15.5082	0	-0.777131	0.629339	0	None	None
ChainingRodShaped	799	3.22816	0.5	84.6392	62.0862	0	0.93979	0.341752	0	286	798
ChainingRodShaped	1460	2.16294	0.5	-0.210573	34.6265	0	-0.0595605	0.998225	0	None	None
ChainingRodShaped	1306	2.79011	0.5	-2.81323	24.8179	0	-0.036724	0.999325	0	None	None
ChainingRodShaped	805	4.36674	0.5	-13.7466	25.1591	0	0.790368	0.612632	0	None	None
ChainingRodShaped	1402	2.38496	0.5	-21.4476	28.4303	0	0.872773	0.488126	0	None	None
ChainingRodShaped	1256	3.1705	0.5	-11.1687	49.8885	0	0.967546	0.252697	0	None	None
ChainingRodShaped	811	3.68979	0.5	-8.88701	40.326	0	-0.586277	0.810111	0	None	None
ChainingRodShaped	813	3.96137	0.5	5.44094	13.0263	0	0.837924	0.545786	0	None	None
ChainingRodShaped	1434	2.39081	0.5	-8.86974	21.8441	0	0.968237	0.250034	0	None	None
ChainingRodShaped	817	4.41447	0.5	13.3614	67.7912	0	0.517064	-0.855946	0	None	None
ChainingRodShaped	819	4.03351	0.5	-0.332567	41.4315	0	-0.350886	0.936418	0	None	None
ChainingRodShaped	1258	3.14584	0.5	-23.5794	36.9167	0	0.437105	0.899411	0	None	None
ChainingRodShaped	823	3.59071	0.5	20.8468	44.9838	0	-0.107925	-0.994159	0	None	None
ChainingRodShaped	825	4.05761	0.5	18.6695	34.7333	0	-0.324823	0.945775	0	None	None
ChainingRodShaped	827	4.33588	0.5	12.3405	59.9354	0	-0.719689	0.694297	0	None	None
ChainingRodShaped	829	4.07655	0.5	-3.85118	27.0109	0	-0.0294514	0.999566	0	None	None
ChainingRodShaped	1370	2.25421	0.5	-3.20267	41.0013	0	-0.347742	0.93759	0	None	None
ChainingRodShaped	833	4.75205	0.5	-20.3489	52.6902	0	0.268318	0.96333	0	None	None
ChainingRodShaped	835	3.56927	0.5	-0.551438	69.2423	0	0.770125	-0.637893	0	None	None
ChainingRodShaped	837	4.2133	0.5	-0.187789	15.6419	0	0.849428	0.527705	0	None	None
ChainingRodShaped	839	4.77573	0.5	17.1211	22.0097	0	-0.907843	0.41931	0	None	None
ChainingRodShaped	841	4.32763	0.5	-25.0891	19.1556	0	0.0508071	0.998708	0	None	None
ChainingRodShaped	843	4.09947	0.5	0.955311	45.6387	0	0.981225	0.192867	0	None	None
ChainingRodShaped	845	3.32089	0.5	70.5179	59.1733	0	0.99589	0.0905743	0	1076	844
ChainingRodShaped	1262	2.99506	0.5	12.7997	33.0434	0	-0.602782	0.797906	0	None	None
ChainingRodShaped	1408	2.22241	0.5	-26.0437	19.756	0	0.0561261	0.998424	0	None	None
ChainingRodShaped	1324	2.32883	0.5	-26.5222	52.0061	0	-0.954062	-0.299609	0	None	None
ChainingRodShaped	853	3.7815	0.5	5.21396	47.6231	0	0.910646	0.413187	0	None	None
ChainingRodShaped	1268	3.11967	0.5	10.5085	38.9898	0	0.241487	0.970404	0	None	None
ChainingRodShaped	857	3.49141	0.5	-17.7293	14.6151	0	-0.900161	-0.435558	0	None	None
ChainingRodShaped	1432	2.22355	0.5	-1.91335	26.3751	0	-0.020399	0.999792	0	None	None
ChainingRodShaped	1490	2.06097	0.5	10.0477	17.9488	0	0.900187	0.435503	0	None	None
ChainingRodShaped	863	4.55695	0.5	-0.644408	57.0994	0	-0.744418	0.667714	0	None	None
ChainingRodShaped	865	3.15174	0.5	107.419	79.8125	0	0.687267	0.726405	0	736	864
ChainingRodShaped	867	4.16861	0.5	-22.6882	31.4623	0	0.369337	0.929296	0	None	None
ChainingRodShaped	1292	2.48845	0.5	-8.20402	11.6629	0	-0.998875	0.0474305	0	None	None
ChainingRodShaped	871	3.67217	0.5	10.5712	7.88823	0	0.976725	0.214495	0	397	870
ChainingRodShaped	873	4.17217	0.5	8.90749	45.0848	0	0.836247	0.548354	0	None	None
ChainingRodShaped	875	4.6881	0.5	15.9861	36.8972	0	-0.175267	0.984521	0	None	None
ChainingRodShaped	877	4.64658	0.5	-23.7646	54.9142	0	0.955771	0.294111	0	None	None
ChainingRodShaped	879	4.33175	0.5	-1.47444	17.1384	0	0.85537	0.518017	0	None	None
ChainingRodShaped	881	3.80678	0.5	-46.3304	-17.2683	0	0.644884	0.76428	0	1352	880
ChainingRodShaped	883	4.11783	0.5	-23.9444	15.7537	0	-0.111171	0.993801	0	None	None
ChainingRodShaped	1382	2.52745	0.5	-0.417773	47.1454	0	0.901685	0.432393	0	None	None
ChainingRodShaped	1314	2.58337	0.5	-17.2622	26.7059	0	0.46699	0.884263	0	None	None
ChainingRodShaped	889	4.21535	0.5	23.7862	48.4224	0	0.145932	-0.989295	0	None	None
ChainingRodShaped	1466	2.17413	0.5	-12.5288	16.2835	0	-0.803154	0.595771	0	None	None
ChainingRodShaped	1380	2.41863	0.5	-10.5014	55.8416	0	0.831073	0.556163	0	None	None
ChainingRodShaped	895	4.22318	0.5	-1.82359	42.706	0	-0.36023	0.932863	0	None	None
ChainingRodShaped	897	4.7361	0.5	-21.8331	27.1164	0	0.873173	0.487411	0	None	None
ChainingRodShaped	899	4.90455	0.5	-0.794811	13.8713	0	0.801158	0.598453	0	None	None
ChainingRodShaped	1338	2.35776	0.5	-6.00047	53.6188	0	0.99885	-0.0479408	0	None	None
ChainingRodShaped	903	4.80122	0.5	10.2822	44.7822	0	0.846378	0.532582	0	None	None
ChainingRodShaped	1418	2.32887	0.5	-2.7821	72.2904	0	-0.597413	0.801934	0	None	None
ChainingRodShaped	907	4.92934	0.5	5.5419	25.7299	0	0.61653	0.787331	0	None	None
ChainingRodShaped	909	4.90626	0.5	-4.07755	47.9183	0	0.962605	0.27091	0	None	None
ChainingRodShaped	911	4.1198	0.5	38.7353	45.7732	0	0.500185	0.865919	0	670	910
ChainingRodShaped	1386	2.22564	0.5	9.83465	68.0166	0	0.999706	-0.0242464	0	None	None
ChainingRodShaped	915	4.63634	0.5	-0.706759	67.1064	0	0.99988	0.0154859	0	None	None
ChainingRodShaped	917	4.39653	0.5	-16.5539	48.357	0	0.706629	0.707585	0	None	None
ChainingRodShaped	919	4.69769	0.5	8.16798	58.7014	0	-0.400559	0.916271	0	None	None
ChainingRodShaped	921	3.45278	0.5	9.18044	23.1586	0	0.391888	0.920013	0	None	None
ChainingRodShaped	923	4.49952	0.5	6.26109	25.1189	0	0.613826	0.789441	0	None	None
ChainingRodShaped	1378	2.52053	0.5	27.1217	41.9879	0	0.472404	0.881382	0	None	None
ChainingRodShaped	927	4.51581	0.5	1.64164	65.2335	0	0.999054	0.0434817	0	None	None
ChainingRodShaped	929	4.85721	0.5	16.9481	51.8788	0	0.0731325	0.997322	0	None	None
ChainingRodShaped	931	4.24547	0.5	-21.9665	19.4715	0	0.570371	0.821387	0	None	None
ChainingRodShaped	933	4.63565	0.5	19.3452	24.6007	0	0.279051	0.960276	0	None	None
ChainingRodShaped	935	4.94239	0.5	-11.5296	22.0352	0	0.778345	0.627837	0	None	None
ChainingRodShaped	937	4.38308	0.5	-0.437633	59.458	0	-0.372442	0.928055	0	None	None
ChainingRodShaped	939	4.28336	0.5	-16.9132	50.8261	0	0.276677	0.960963	0	None	None
ChainingRodShaped	941	4.10569	0.5	23.7264	52.1978	0	0.447004	-0.894532	0	None	None
ChainingRodShaped	943	3.25014	0.5	-8.7984	20.5961	0	0.99933	0.0366105	0	None	None
ChainingRodShaped	945	3.34923	0.5	17.8276	50.9268	0	0.080529	0.996752	0	None	None
ChainingRodShaped	947	4.24914	0.5	-0.984087	27.7471	0	-0.0258221	0.999667	0	None	None
ChainingRodShaped	949	3.97971	0.5	-14.0511	61.0996	0	0.931071	-0.364838	0	None	None
ChainingRodShaped	951	3.78051	0.5	13.773	42.2613	0	0.434538	0.900654	0	None	None
ChainingRodShaped	953	3.3227	0.5	17.9048	62.0697	0	0.81181	-0.583922	0	None	None
ChainingRodShaped	955	4.51567	0.5	-22.5299	22.149	0	0.661068	0.750326	0	None	None
ChainingRodShaped	957	4.98669	0.5	-15.0312	48.5515	0	0.708114	0.706098	0	None	None
ChainingRodShaped	1430	2.37225	0.5	-29.1301	25.1018	0	-0.257842	0.966187	0	None	None
ChainingRodShaped	961	3.78241	0.5	117.243	89.3361	0	0.755259	0.655426	0	431	960
ChainingRodShaped	1480	2.08282	0.5	-28.8458	35.6324	0	0.660871	0.750499	0	None	None
ChainingRodShaped	965	3.685	0.5	-22.6911	59.0334	0	0.650587	0.759432	0	None	None
ChainingRodShaped	967	2.921	0.5	-91.4441	-49.3695	0	0.865487	0.500931	0	321	966
ChainingRodShaped	969	4.5963	0.5	-0.0380286	66.1294	0	0.999345	0.0361905	0	None	None
ChainingRodShaped	971	4.11158	0.5	-18.0757	13.3531	0	0.900649	0.434547	0	None	None
ChainingRodShaped	1492	2.08325	0.5	-6.02311	58.1633	0	-0.714764	0.699366	0	None	None
ChainingRodShaped	975	3.45838	0.5	-26.9884	20.481	0	0.0638109	0.997962	0	None	None
ChainingRodShaped	977	4.71658	0.5	14.2762	21.7997	0	-0.967576	0.252578	0	None	None
ChainingRodShaped	979	3.12695	0.5	16.821	20.2458	0	-0.997986	-0.0634395	0	None	None
ChainingRodShaped	981	4.58854	0.5	-15.4598	31.9937	0	0.987353	0.158539	0	None	None
ChainingRodShaped	1468	2.12506	0.5	2.33181	28.8695	0	0.256606	0.966516	0	None	None
ChainingRodShaped	985	3.26387	0.5	6.06576	39.9324	0	0.980186	0.19808	0	None	None
ChainingRodShaped	987	4.42092	0.5	7.34761	63.7892	0	0.763241	0.646114	0	None	None
ChainingRodShaped	1508	2.0001	0.5	-4.48593	52.5838	0	0.998923	-0.0463911	0	None	None
ChainingRodShaped	1476	2.07536	0.5	7.43438	24.5348	0	0.33569	0.941972	0	None	None
ChainingRodShaped	993	3.91672	0.5	-31.9688	34.1946	0	0.395529	0.918454	0	None	None
ChainingRodShaped	995	3.67219	0.5	2.4555	36.5996	0	-0.345096	0.938567	0	None	None
ChainingRodShaped	997	2.86374	0.5	-103.219	-56.2752	0	0.859939	0.510398	0	487	996
ChainingRodShaped	999	4.47355	0.5	18.5951	31.8662	0	-0.299261	0.954171	0	None	None
ChainingRodShaped	1001	3.44942	0.5	3.46784	24.6696	0	0.633399	0.773825	0	None	None
ChainingRodShaped	1003	3.00398	0.5	-21.0269	4.14032	0	0.95168	0.307093	0	1116	1002
ChainingRodShaped	1005	4.50676	0.5	-2.12127	61.0871	0	-0.366342	0.93048	0	None	None
ChainingRodShaped	1007	3.24998	0.5	14.895	41.9361	0	0.334419	0.942425	0	None	None
ChainingRodShaped	1009	4.71353	0.5	-19.0651	18.9877	0	0.771577	0.636135	0	None	None
ChainingRodShaped	1011	3.88235	0.5	5.70526	32.9169	0	-0.300191	0.953879	0	None	None
ChainingRodShaped	1013	3.98752	0.5	-1.5835	18.1991	0	0.856156	0.516718	0	None	None
ChainingRodShaped	1015	4.47171	0.5	13.4544	17.2866	0	0.920843	0.389932	0	None	None
ChainingRodShaped	1017	3.41145	0.5	-3.19657	47.1844	0	0.963	0.269502	0	None	None
ChainingRodShaped	1019	4.8745	0.5	14.2597	51.8581	0	-0.661089	0.750308	0	None	None
ChainingRodShaped	1021	3.07553	0.5	-9.46442	42.9321	0	-0.490821	0.871261	0	None	None
ChainingRodShaped	1023	3.70021	0.5	28.4251	19.9314	0	0.506068	0.862494	0	1138	1022
ChainingRodShaped	1025	3.34233	0.5	-9.7654	27.0811	0	0.788522	0.615006	0	None	None
ChainingRodShaped	1027	4.25943	0.5	-21.1706	53.2789	0	0.263837	0.964567	0	None	None
ChainingRodShaped	1029	3.05113	0.5	13.4755	69.5171	0	0.517532	-0.855664	0	None	None
ChainingRodShaped	1031	4.77758	0.5	11.4788	52.7703	0	0.226686	0.973968	0	None	None
ChainingRodShaped	1033	3.96039	0.5	-0.511208	55.7044	0	-0.748748	0.662854	0	None	None
ChainingRodShaped	1035	3.51136	0.5	-3.82553	36.9738	0	-0.300629	0.953741	0	None	None
ChainingRodShaped	1037	4.143	0.5	20.1577	35.8589	0	0.675606	-0.737262	0	None	None
ChainingRodShaped	1039	3.85151	0.5	-25.3423	23.6884	0	0.292498	0.956266	0	None	None
ChainingRodShaped	1041	3.58535	0.5	17.1576	27.5616	0	0.389806	0.920897	0	None	None
ChainingRodShaped	1043	4.34155	0.5	-27.6003	45.4363	0	0.20397	0.978977	0	None	None
ChainingRodShaped	1045	2.96948	0.5	5.84138	45.7376	0	0.942595	0.333938	0	None	None
ChainingRodShaped	1047	4.56572	0.5	-11.4325	39.1001	0	-0.572056	0.820214	0	None	None
ChainingRodShaped	1049	4.10175	0.5	21.0263	58.9808	0	0.401292	-0.91595	0	None	None
ChainingRodShaped	1051	3.50999	0.5	20.1658	52.366	0	0.409523	-0.9123	0	None	None
ChainingRodShaped	1053	3.71301	0.5	9.21863	32.3112	0	-0.884569	0.46641	0	None	None
ChainingRodShaped	1055	4.48531	0.5	-17.7323	42.7455	0	-0.822047	0.569419	0	None	None
ChainingRodShaped	1057	3.43246	0.5	-26.8058	41.6857	0	-0.564892	-0.825165	0	None	None
ChainingRodShaped	1059	3.42137	0.5	21.4354	56.2137	0	0.860928	-0.508727	0	None	None
ChainingRodShaped	1061	4.08004	0.5	15.6261	63.3528	0	-0.354262	-0.935146	0	None	None
ChainingRodShaped	1063	3.97951	0.5	-7.08579	9.67941	0	-0.854939	0.518729	0	None	None
ChainingRodShaped	1065	4.29341	0.5	-13.657	31.3083	0	0.988136	0.153583	0	None	None
ChainingRodShaped	1067	3.89229	0.5	-30.3944	40.1305	0	-0.615082	-0.788463	0	None	None
ChainingRodShaped	1069	3.6673	0.5	9.21294	37.0739	0	-0.715258	0.698861	0	None	None
ChainingRodShaped	1071	3.08445	0.5	-13.2659	10.2071	0	-0.741107	0.671387	0	None	None
ChainingRodShaped	1073	3.21414	0.5	-8.21367	69.2378	0	0.941719	-0.336402	0	None	None
ChainingRodShaped	1075	3.86131	0.5	13.1678	43.21	0	0.425504	0.904957	0	None	None
ChainingRodShaped	1077	3.32517	0.5	62.5779	58.5794	0	0.997086	0.0762802	0	365	1076
ChainingRodShaped	1079	2.93048	0.5	-23.8112	24.0563	0	0.523779	0.851854	0	None	None
ChainingRodShaped	1081	3.29479	0.5	24.3579	39.014	0	0.758067	0.652177	0	None	None
ChainingRodShaped	1083	4.32588	0.5	4.14607	52.3823	0	0.0401958	0.999192	0	None	None
ChainingRodShaped	1085	4.2226	0.5	-18.0685	32.8144	0	0.635972	0.771712	0	None	None
ChainingRodShaped	1087	3.69034	0.5	-20.6939	48.1794	0	0.299222	0.954184	0	None	None
ChainingRodShaped	1089	3.65057	0.5	17.7458	46.464	0	-0.0530186	0.998594	0	None	None
ChainingRodShaped	1091	4.04738	0.5	7.08269	18.6935	0	0.903006	0.429628	0	None	None
ChainingRodShaped	1093	3.38535	0.5	23.3923	35.9833	0	0.967878	0.25142	0	None	None
ChainingRodShaped	1095	2.88246	0.5	-5.75827	59.2403	0	-0.718667	0.695355	0	None	None
ChainingRodShaped	1097	3.74556	0.5	13.0445	29.1514	0	0.131452	0.991323	0	None	None
ChainingRodShaped	1099	3.15723	0.5	-28.4918	50.1969	0	0.923314	0.384045	0	None	None
ChainingRodShaped	1101	4.07827	0.5	-31.0203	27.6721	0	0.327057	0.945005	0	None	None
ChainingRodShaped	1103	3.455	0.5	-18.979	23.256	0	0.65178	0.758408	0	None	None
ChainingRodShaped	1105	3.80995	0.5	21.5602	52.0183	0	0.48772	-0.873	0	None	None
ChainingRodShaped	1107	3.29017	0.5	-13.8489	33.6146	0	0.91426	0.405129	0	None	None
ChainingRodShaped	1109	3.03956	0.5	-12.4866	57.2895	0	0.978279	0.207294	0	None	None
ChainingRodShaped	1111	3.22603	0.5	7.25699	52.0466	0	0.239784	0.970826	0	None	None
ChainingRodShaped	1113	3.0021	0.5	6.08222	52.5068	0	0.046818	0.998903	0	None	None
ChainingRodShaped	1115	3.06933	0.5	-7.24973	54.6332	0	0.99928	-0.0379413	0	None	None
ChainingRodShaped	1117	3.0633	0.5	-28.0791	0.914457	0	0.855345	0.518059	0	559	1116
ChainingRodShaped	1119	2.96858	0.5	-6.71023	27.27	0	0.623201	0.782062	0	None	None
ChainingRodShaped	1121	3.21127	0.5	9.24761	25.7524	0	0.401068	0.916048	0	None	None
ChainingRodShaped	1123	2.93768	0.5	6.57217	33.2733	0	-0.304724	0.952441	0	None	None
ChainingRodShaped	1125	4.02005	0.5	-7.10071	15.9715	0	-0.575666	0.817685	0	None	None
ChainingRodShaped	1127	2.81833	0.5	-28.2084	49.2458	0	0.924026	0.382331	0	None	None
ChainingRodShaped	1129	3.81238	0.5	-12.8013	52.4082	0	0.969822	0.243814	0	None	None
ChainingRodShaped	1131	4.03542	0.5	-17.3366	60.1594	0	0.956051	-0.2932	0	None	None
ChainingRodShaped	1133	4.07935	0.5	2.05501	47.2463	0	0.913177	0.407564	0	None	None
ChainingRodShaped	1135	3.32348	0.5	-14.2278	66.5503	0	0.968049	-0.250761	0	None	None
ChainingRodShaped	1137	3.50323	0.5	-12.7345	56.2752	0	0.978274	0.207314	0	None	None
ChainingRodShaped	1139	2.83367	0.5	23.5239	13.9317	0	0.762003	0.647573	0	549	1138
ChainingRodShaped	1141	3.29219	0.5	-20.2867	62.5438	0	0.994674	0.103072	0	None	None
ChainingRodShaped	1143	3.97093	0.5	-8.39253	19.5546	0	0.999858	-0.0168267	0	None	None
ChainingRodShaped	1145	3.18216	0.5	-14.0698	14.9699	0	-0.799497	0.600671	0	None	None
ChainingRodShaped	1147	3.21325	0.5	-10.0745	66.8406	0	0.445892	0.895087	0	None	None
ChainingRodShaped	1149	3.81363	0.5	-1.44494	16.0196	0	0.853624	0.52089	0	None	None
ChainingRodShaped	1151	2.70483	0.5	0.721312	34.5988	0	-0.0495818	0.99877	0	None	None
ChainingRodShaped	1153	3.39699	0.5	-16.9117	54.2959	0	0.282427	0.959289	0	None	None
ChainingRodShaped	1155	2.91267	0.5	8.93123	62.5715	0	0.771405	0.636344	0	None	None
ChainingRodShaped	1157	3.40445	0.5	23.9663	28.9826	0	-0.463416	0.886141	0	None	None
ChainingRodShaped	1159	3.49804	0.5	15.1137	34.6742	0	-0.606167	0.795337	0	None	None
ChainingRodShaped	1161	3.57633	0.5	2.27799	53.2071	0	0.0440837	0.999028	0	None	None
ChainingRodShaped	1163	3.10426	0.5	132.903	100.676	0	0.848341	0.52945	0	640	1162
ChainingRodShaped	1165	2.68477	0.5	-4.33673	7.95688	0	0.948367	0.317175	0	None	None
ChainingRodShaped	1167	2.78528	0.5	4.14497	58.3509	0	-0.370248	0.928933	0	None	None
ChainingRodShaped	1169	2.95553	0.5	16.9697	57.9203	0	0.80345	-0.595372	0	None	None
ChainingRodShaped	1171	2.6144	0.5	-7.74025	6.32357	0	0.99807	0.062091	0	416	1170
ChainingRodShaped	1173	2.68735	0.5	-0.83599	8.8218	0	0.851379	0.524551	0	None	None
ChainingRodShaped	1175	2.82292	0.5	-18.927	33.2814	0	0.639765	0.768571	0	None	None
ChainingRodShaped	1177	3.12231	0.5	20.0409	23.4482	0	0.278318	0.960489	0	None	None
ChainingRodShaped	1179	2.75467	0.5	15.8869	54.1117	0	-0.114796	0.993389	0	None	None
ChainingRodShaped	1181	3.7144	0.5	-11.9358	61.2982	0	0.888123	-0.459606	0	None	None
ChainingRodShaped	1183	2.8038	0.5	22.0745	43.0148	0	0.238003	-0.971264	0	None	None
ChainingRodShaped	1185	3.63048	0.5	20.5391	55.6151	0	0.861081	-0.508469	0	None	None
ChainingRodShaped	1187	2.99472	0.5	-17.5222	38.7659	0	-0.701042	0.71312	0	None	None
ChainingRodShaped	1189	3.51369	0.5	-20.2898	33.1581	0	0.646626	0.762807	0	None	None
ChainingRodShaped	1191	3.31061	0.5	-24.5392	56.1045	0	0.859343	0.5114	0	None	None
ChainingRodShaped	1193	2.91634	0.5	153.987	113.03	0	0.862526	0.506012	0	428	1192
ChainingRodShaped	1195	2.81594	0.5	5.46882	16.3236	0	0.713315	0.700844	0	None	None
ChainingRodShaped	1197	2.35503	0.5	50.0018	56.227	0	0.928599	0.371085	0	1234	1196
ChainingRodShaped	1199	2.87424	0.5	-14.9066	34.1755	0	0.911435	0.411443	0	None	None
ChainingRodShaped	1201	3.01648	0.5	2.8031	26.564	0	0.184491	0.982834	0	None	None
ChainingRodShaped	1203	3.53643	0.5	-12.0388	27.7062	0	0.793026	0.609188	0	None	None
ChainingRodShaped	1205	3.3023	0.5	1.27273	28.6525	0	0.213254	0.976997	0	None	None
ChainingRodShaped	1207	2.85895	0.5	-2.93689	28.593	0	-0.0258316	0.999666	0	None	None
ChainingRodShaped	1209	3.42669	0.5	-30.9798	45.1244	0	0.0244897	0.9997	0	None	None
ChainingRodShaped	1211	2.79245	0.5	-11.3154	10.9657	0	-0.55079	0.834644	0	None	None
ChainingRodShaped	1213	3.20931	0.5	-14.5592	44.2389	0	-0.878508	0.477728	0	None	None
ChainingRodShaped	1215	2.85541	0.5	-26.4152	26.2414	0	-0.270818	0.962631	0	None	None
ChainingRodShaped	1217	3.12478	0.5	13.2851	57.6973	0	-0.726595	0.687066	0	None	None
ChainingRodShaped	1219	3.29842	0.5	1.26264	37.0894	0	-0.339284	0.940684	0	None	None
ChainingRodShaped	1221	2.96485	0.5	-9.50017	37.9915	0	-0.57691	0.816808	0	None	None
ChainingRodShaped	1223	2.90774	0.5	16.1634	24.4552	0	-0.493658	0.869656	0	None	None
ChainingRodShaped	1225	2.94209	0.5	-26.8919	48.7186	0	0.926631	0.375973	0	None	None
ChainingRodShaped	1227	2.85236	0.5	-25.2124	36.7686	0	0.687538	0.726148	0	None	None
ChainingRodShaped	1229	2.87278	0.5	3.55152	64.3131	0	0.991075	0.133302	0	None	None
ChainingRodShaped	1231	2.58589	0.5	-8.68116	43.9545	0	-0.648603	0.761127	0	None	None
ChainingRodShaped	1233	3.02755	0.5	-12.5429	62.7032	0	0.883482	-0.468465	0	None	None
ChainingRodShaped	1235	2.59421	0.5	44.2013	52.6798	0	0.753273	0.657709	0	910	1234
ChainingRodShaped	1237	2.88061	0.5	8.54821	69.9598	0	-0.754577	0.656212	0	None	None
ChainingRodShaped	1239	2.47147	0.5	-3.88306	31.6907	0	-0.0340191	0.999421	0	None	None
ChainingRodShaped	1241	2.63917	0.5	-6.4511	66.8124	0	0.616492	-0.787361	0	None	None
ChainingRodShaped	1243	3.14921	0.5	12.8196	60.81	0	-0.718006	0.696037	0	None	None
ChainingRodShaped	1245	2.9423	0.5	-4.80186	31.0567	0	-0.0579362	0.99832	0	None	None
ChainingRodShaped	1247	2.6504	0.5	-21.9407	37.0173	0	0.0230578	0.999734	0	None	None
ChainingRodShaped	1249	3.19222	0.5	-20.8555	65.0682	0	0.761598	0.64805	0	None	None
ChainingRodShaped	1251	3.02397	0.5	-21.0144	35.2729	0	0.0130623	0.999915	0	None	None
ChainingRodShaped	1253	2.78664	0.5	-2.4721	35.8983	0	-0.289984	0.957031	0	None	None
ChainingRodShaped	1255	3.15917	0.5	-15.8617	42.6162	0	-0.821282	0.570523	0	None	None
ChainingRodShaped	1257	2.66927	0.5	-14.3541	47.8813	0	0.7087	0.705509	0	None	None
ChainingRodShaped	1259	2.50809	0.5	-25.3953	33.5976	0	0.634874	0.772616	0	None	None
ChainingRodShaped	1261	2.52097	0.5	-3.96407	60.172	0	-0.72371	0.690105	0	None	None
ChainingRodShaped	1263	2.85288	0.5	14.8603	29.7794	0	-0.418561	0.908189	0	None	None
ChainingRodShaped	1265	2.59643	0.5	16.7738	31.0998	0	-0.27247	0.962164	0	None	None
ChainingRodShaped	1267	2.7318	0.5	160.64	116.98	0	0.857238	0.51492	0	1192	1266
ChainingRodShaped	1269	2.7537	0.5	7.48889	39.2538	0	0.982118	0.188269	0	None	None
ChainingRodShaped	1271	2.46646	0.5	18.0396	23.9856	0	0.198346	0.980132	0	None	None
ChainingRodShaped	1273	2.72645	0.5	-18.2432	22.6286	0	0.656535	0.754296	0	None	None
ChainingRodShaped	1275	3.0921	0.5	-6.95034	62.3345	0	-0.507882	0.861427	0	None	None
ChainingRodShaped	1277	2.93721	0.5	-19.7915	63.6011	0	0.993471	0.114083	0	None	None
ChainingRodShaped	1279	2.60545	0.5	-30.0707	43.1304	0	0.188481	0.982077	0	None	None
ChainingRodShaped	1281	3.06343	0.5	6.44231	64.3017	0	0.761592	0.648057	0	None	None
ChainingRodShaped	1283	2.97988	0.5	1.37098	43.7712	0	0.982979	0.183718	0	None	None
ChainingRodShaped	1285	2.79498	0.5	-5.45087	43.1082	0	-0.63299	0.77416	0	None	None
ChainingRodShaped	1287	2.59437	0.5	95.6309	68.2784	0	0.789574	0.613656	0	379	1286
ChainingRodShaped	1289	3.04767	0.5	-15.7239	51.5761	0	0.275544	0.961288	0	None	None
ChainingRodShaped	1291	2.40023	0.5	1.76068	59.1272	0	-0.36026	0.932852	0	None	None
ChainingRodShaped	1293	2.86472	0.5	-5.53313	9.89112	0	-0.853851	0.520518	0	None	None
ChainingRodShaped	1295	2.5876	0.5	-1.71958	11.4605	0	0.99976	0.0218928	0	None	None
ChainingRodShaped	1297	2.92275	0.5	-9.43488	48.4004	0	0.96404	0.265758	0	None	None
ChainingRodShaped	1299	2.55647	0.5	-113.917	-62.6549	0	0.858406	0.512971	0	None	1298
ChainingRodShaped	1301	2.38853	0.5	4.27583	40.5499	0	0.982118	0.188267	0	None	None
ChainingRodShaped	1303	2.97101	0.5	-15.6797	22.3216	0	0.763023	0.646371	0	None	None
ChainingRodShaped	1305	2.61612	0.5	-18.3336	15.4148	0	-0.898754	-0.438454	0	None	None
ChainingRodShaped	1307	2.78777	0.5	-2.70736	21.7186	0	-0.582395	0.812906	0	None	None
ChainingRodShaped	1309	2.3985	0.5	-24.1902	30.2887	0	0.363288	0.931677	0	None	None
ChainingRodShaped	1311	2.96971	0.5	-6.48515	12.4775	0	-0.935944	0.352149	0	None	None
ChainingRodShaped	1313	2.61983	0.5	-5.74653	64.0881	0	0.513548	-0.858061	0	None	None
ChainingRodShaped	1315	2.35746	0.5	-19.4582	24.1861	0	0.647348	0.762195	0	None	None
ChainingRodShaped	1317	2.46182	0.5	12.7503	36.2138	0	0.23072	0.97302	0	None	None
ChainingRodShaped	1319	2.89323	0.5	-26.0078	37.6828	0	0.560196	0.82836	0	None	None
ChainingRodShaped	1321	2.4459	0.5	11.6977	47.8897	0	0.15094	0.988543	0	None	None
ChainingRodShaped	1323	2.60355	0.5	21.0186	27.1477	0	0.135554	0.99077	0	None	None
ChainingRodShaped	1325	2.41091	0.5	-23.3119	52.995	0	-0.954994	-0.296624	0	None	None
ChainingRodShaped	1327	2.45096	0.5	12.7863	19.0245	0	0.991891	-0.127089	0	None	None
ChainingRodShaped	1329	2.872	0.5	-28.4962	52.145	0	0.547245	0.836972	0	None	None
ChainingRodShaped	1331	2.74632	0.5	21.0332	30.6957	0	-0.30621	0.951964	0	None	None
ChainingRodShaped	1333	2.50808	0.5	19.8647	44.9208	0	0.103377	0.994642	0	None	None
ChainingRodShaped	1335	2.87016	0.5	-3.66722	12.6887	0	0.290214	0.956962	0	None	None
ChainingRodShaped	1337	2.81979	0.5	22.6081	44.7692	0	0.472338	-0.881418	0	None	None
ChainingRodShaped	1339	2.32874	0.5	-9.25479	53.6763	0	0.999032	0.0439833	0	None	None
ChainingRodShaped	1341	2.45718	0.5	-11.2809	24.6665	0	0.782714	0.622382	0	None	None
ChainingRodShaped	1343	2.28215	0.5	-24.2773	42.146	0	-0.506903	0.862003	0	None	None
ChainingRodShaped	1345	2.64998	0.5	-14.1034	38.026	0	-0.615567	0.788085	0	None	None
ChainingRodShaped	1347	2.76922	0.5	9.02397	50.5455	0	0.151905	0.988395	0	None	None
ChainingRodShaped	1349	2.32367	0.5	26.3267	54.6561	0	0.695279	-0.71874	0	None	None
ChainingRodShaped	1351	2.35574	0.5	-23.7217	28.2975	0	0.888471	0.458933	0	None	None
ChainingRodShaped	1353	2.33997	0.5	-51.2226	-22.7205	0	0.699195	0.714931	0	1470	1352
ChainingRodShaped	1355	2.31958	0.5	-14.3777	64.5497	0	0.97033	-0.241784	0	None	None
ChainingRodShaped	1357	2.50637	0.5	7.18821	12.9832	0	0.837124	0.547013	0	None	None
ChainingRodShaped	1359	2.61706	0.5	13.0406	19.9841	0	-0.992487	0.122353	0	None	None
ChainingRodShaped	1361	2.72629	0.5	20.2442	40.9314	0	-0.0173421	-0.99985	0	None	None
ChainingRodShaped	1363	2.51494	0.5	-30.0737	31.3236	0	0.672729	0.739889	0	None	None
ChainingRodShaped	1365	2.66567	0.5	5.97196	27.8246	0	0.615982	0.78776	0	None	None
ChainingRodShaped	1367	2.31613	0.5	18.1088	38.7207	0	0.262054	0.965053	0	None	None
ChainingRodShaped	1369	2.32703	0.5	17.625	40.5043	0	0.289439	0.957196	0	None	None
ChainingRodShaped	1371	2.41962	0.5	-2.06746	37.8907	0	-0.32445	0.945903	0	None	None
ChainingRodShaped	1373	2.53354	0.5	-18.9157	47.436	0	0.304063	0.952652	0	None	None
ChainingRodShaped	1375	2.52102	0.5	-24.6822	32.0678	0	0.244687	0.969602	0	None	None
ChainingRodShaped	1377	2.53009	0.5	-13.696	30.3454	0	0.988529	0.15103	0	None	None
ChainingRodShaped	1379	2.3328	0.5	26.1579	39.2602	0	0.760434	0.649416	0	None	None
ChainingRodShaped	1381	2.33504	0.5	-13.2871	53.9388	0	0.830107	0.557604	0	None	None
ChainingRodShaped	1383	2.30249	0.5	-3.03334	45.8031	0	0.994862	-0.101241	0	None	None
ChainingRodShaped	1385	2.32493	0.5	2.85166	16.589	0	0.750074	0.661354	0	None	None
ChainingRodShaped	1387	2.50263	0.5	7.30291	69.7333	0	0.754087	-0.656774	0	None	None
ChainingRodShaped	1389	2.45463	0.5	17.9191	63.7743	0	0.572468	-0.819927	0	None	None
ChainingRodShaped	1391	2.21045	0.5	10.0323	35.0222	0	-0.882889	0.469582	0	None	None
ChainingRodShaped	1393	2.21123	0.5	10.0262	50.7917	0	0.161775	0.986828	0	None	None
ChainingRodShaped	1395	2.46477	0.5	-17.5017	65.9098	0	0.990398	0.138247	0	None	None
ChainingRodShaped	1397	2.49029	0.5	3.21169	52.8011	0	0.0414351	0.999141	0	None	None
ChainingRodShaped	1399	2.29951	0.5	-11.5737	42.6791	0	-0.552577	0.833462	0	None	None
ChainingRodShaped	1401	2.34785	0.5	15.1734	52.2653	0	-0.661163	0.750242	0	None	None
ChainingRodShaped	1403	2.38942	0.5	-24.3822	26.8452	0	0.88495	0.465686	0	None	None
ChainingRodShaped	1405	2.31453	0.5	-0.98868	37.6878	0	-0.333892	0.942611	0	None	None
ChainingRodShaped	1407	2.48578	0.5	-13.7171	51.1911	0	0.967336	0.253497	0	None	None
ChainingRodShaped	1409	2.25405	0.5	-26.208	16.8184	0	-0.423172	0.90605	0	None	None
ChainingRodShaped	1411	2.29164	0.5	-12.4896	37.4473	0	-0.588343	0.808611	0	None	None
ChainingRodShaped	1413	2.44146	0.5	28.5122	45.0124	0	-0.136867	0.990589	0	None	None
ChainingRodShaped	1415	2.22625	0.5	-7.23288	14.4827	0	-0.578491	0.815688	0	None	None
ChainingRodShaped	1417	2.44381	0.5	-19.3582	42.464	0	-0.723827	0.689981	0	None	None
ChainingRodShaped	1419	2.44621	0.5	-0.208961	70.2505	0	-0.769215	0.63899	0	None	None
ChainingRodShaped	1421	2.18341	0.5	5.09608	31.6954	0	-0.290643	0.956831	0	None	None
ChainingRodShaped	1423	2.25454	0.5	-36.9016	-6.206	0	0.689202	0.724569	0	587	1422
ChainingRodShaped	1425	2.37916	0.5	5.08342	51.8488	0	0.0446868	0.999001	0	None	None
ChainingRodShaped	1427	2.24328	0.5	15.4745	60.0386	0	0.885007	-0.465578	0	None	None
ChainingRodShaped	1429	2.19444	0.5	-2.81167	53.4849	0	0.999326	-0.0367032	0	None	None
ChainingRodShaped	1431	2.2811	0.5	-28.2633	21.8984	0	-0.264494	0.964387	0	None	None
ChainingRodShaped	1433	2.40033	0.5	-1.62947	23.5972	0	0.406031	0.913859	0	None	None
ChainingRodShaped	1435	2.28119	0.5	-11.804	20.6198	0	0.772019	0.635599	0	None	None
ChainingRodShaped	1437	2.16893	0.5	-11.0228	43.5856	0	-0.554681	0.832063	0	None	None
ChainingRodShaped	1439	2.13689	0.5	10.0329	56.9199	0	-0.428741	0.903428	0	None	None
ChainingRodShaped	1441	2.30959	0.5	-8.6621	24.3734	0	0.973933	-0.226837	0	None	None
ChainingRodShaped	1443	2.23052	0.5	-2.01154	63.4376	0	-0.375626	0.926771	0	None	None
ChainingRodShaped	1445	2.3008	0.5	-6.63284	50.1413	0	0.962473	0.271377	0	None	None
ChainingRodShaped	1447	2.28021	0.5	-2.8011	50.394	0	0.929909	0.367789	0	None	None
ChainingRodShaped	1449	2.17395	0.5	-11.8038	58.5584	0	0.999821	-0.0189292	0	None	None
ChainingRodShaped	1451	2.1973	0.5	18.3833	53.925	0	-0.434189	0.900822	0	None	None
ChainingRodShaped	1453	2.10562	0.5	-28.0008	32.1444	0	0.668631	0.743594	0	None	None
ChainingRodShaped	1455	2.14509	0.5	-15.7259	54.8525	0	0.280768	0.959776	0	None	None
ChainingRodShaped	1457	2.17723	0.5	16.7362	60.4982	0	0.817037	-0.576586	0	None	None
ChainingRodShaped	1459	2.14739	0.5	-28.9549	43.7005	0	0.19417	0.980968	0	None	None
ChainingRodShaped	1461	2.2188	0.5	-0.0873813	31.5014	0	0.144991	0.989433	0	None	None
ChainingRodShaped	1463	2.14621	0.5	-5.37847	38.5728	0	-0.345468	0.93843	0	None	None
ChainingRodShaped	1465	2.1613	0.5	0.0349432	60.8592	0	-0.36783	0.929893	0	None	None
ChainingRodShaped	1467	2.18152	0.5	-10.0424	14.3516	0	-0.78169	0.623667	0	None	None
ChainingRodShaped	1469	2.06582	0.5	1.71445	25.9013	0	0.17463	0.984634	0	None	None
ChainingRodShaped	1471	2.07434	0.5	-55.6969	-26.8785	0	0.766332	0.642445	0	358	1470
ChainingRodShaped	1473	2.10417	0.5	4.07362	14.3012	0	0.994089	0.108572	0	None	None
ChainingRodShaped	1475	2.14419	0.5	-2.0046	29.5049	0	-0.0358304	0.999358	0	None	None
ChainingRodShaped	1477	2.06247	0.5	6.51019	21.6666	0	0.301452	0.953481	0	None	None
ChainingRodShaped	1479	2.13415	0.5	-14.0341	42.5206	0	-0.708641	0.705569	0	None	None
ChainingRodShaped	1481	2.06169	0.5	-30.8974	33.3629	0	0.665763	0.746163	0	None	None
ChainingRodShaped	1483	2.07256	0.5	-1.04049	22.5699	0	0.400961	0.916095	0	None	None
ChainingRodShaped	1485	2.08536	0.5	2.27445	60.4758	0	-0.363367	0.931646	0	None	None
ChainingRodShaped	1487	2.08982	0.5	25.6506	50.3494	0	0.242778	-0.970082	0	None	None
ChainingRodShaped	1489	2.09398	0.5	-0.986514	31.8586	0	0.135071	0.990836	0	None	None
ChainingRodShaped	1491	2.06372	0.5	7.36268	16.5198	0	0.844972	0.534811	0	None	None
ChainingRodShaped	1493	2.06177	0.5	-3.82574	56.0746	0	-0.758319	0.651884	0	None	None
ChainingRodShaped	1495	2.05415	0.5	4.87244	46.4405	0	0.914732	0.404061	0	None	None
ChainingRodShaped	1497	2.04104	0.5	24.2104	44.3312	0	0.0634192	-0.997987	0	None	None
ChainingRodShaped	1499	2.01585	0.5	-0.424814	44.4133	0	0.983101	0.183065	0	None	None
ChainingRodShaped	1501	2.02189	0.5	-6.32898	38.422	0	-0.342678	0.939453	0	None	None
ChainingRodShaped	1503	2.00555	0.5	-20.8643	61.4877	0	0.995038	0.0994994	0	None	None
ChainingRodShaped	1505	2.00187	0.5	-22.8196	54.1768	0	-0.955589	-0.294703	0	None	None
ChainingRodShaped	1507	2.00173	0.5	4.94224	58.9527	0	-0.374398	0.927268	0	None	None
ChainingRodShaped	1509	2.00028	0.5	-7.47626	52.7271	0	0.998942	-0.0459882	0	None	None
