cell_type	cell_id	length	radius	pos_x	pos_y	pos_z	ori_x	ori_y	ori_z	lower_link	upper_link
ChainingRodShaped	5582	2.98088	0.5	-21.2016	44.3019	0	0.649126	-0.760681	0	None	None
ChainingRodShaped	5320	3.82682	0.5	6.36177	42.4016	0	0.533888	0.845555	0	5321	None
ChainingRodShaped	5148	4.62621	0.5	26.4455	46.4369	0	0.100972	-0.994889	0	None	None
ChainingRodShaped	5234	3.57411	0.5	-8.34124	38.7721	0	0.0565967	0.998397	0	5235	None
ChainingRodShaped	5138	4.41988	0.5	18.4674	23.8738	0	0.784336	-0.620337	0	None	None
ChainingRodShaped	5196	3.81887	0.5	-7.07004	26.4259	0	-0.523462	-0.852049	0	5197	None
ChainingRodShaped	5500	3.62045	0.5	-21.3665	34.2288	0	-0.445396	-0.895334	0	None	None
ChainingRodShaped	5652	2.16632	0.5	53.3293	28.9205	0	0.940864	-0.338785	0	5653	None
ChainingRodShaped	5590	2.65752	0.5	8.63709	40.749	0	-0.584056	0.811713	0	None	None
ChainingRodShaped	5364	4.19999	0.5	0.952423	42.7362	0	-0.15964	-0.987175	0	None	None
ChainingRodShaped	5604	2.2795	0.5	23.3089	24.9305	0	0.371132	-0.92858	0	5605	None
ChainingRodShaped	5452	3.11232	0.5	34.9864	44.6024	0	0.793877	0.608079	0	None	None
ChainingRodShaped	5402	3.66967	0.5	-7.36911	54.1396	0	-0.0128721	0.999917	0	5403	None
ChainingRodShaped	5484	3.2889	0.5	3.34101	47.7514	0	-0.548228	0.836329	0	None	None
ChainingRodShaped	5622	2.21055	0.5	-17.2772	26.8063	0	-0.757557	0.652769	0	None	None
ChainingRodShaped	5550	2.88179	0.5	39.5315	38.1462	0	0.935534	-0.353238	0	5551	None
ChainingRodShaped	5426	3.83892	0.5	30.2091	4.29938	0	0.634651	-0.772799	0	5427	None
ChainingRodShaped	5180	4.76847	0.5	4.09002	12.251	0	0.0369265	-0.999318	0	5181	None
ChainingRodShaped	5434	2.84363	0.5	34.6048	33.439	0	0.232883	0.972505	0	5435	None
ChainingRodShaped	5616	2.48372	0.5	-32.4732	30.6451	0	-0.394067	-0.919082	0	5617	None
ChainingRodShaped	5370	3.70914	0.5	-1.21674	26.63	0	0.358003	0.933721	0	None	None
ChainingRodShaped	5316	3.72569	0.5	14.2536	50.9853	0	-0.770993	-0.636844	0	None	None
ChainingRodShaped	5290	4.80165	0.5	-1.19089	42.4779	0	-0.0990351	-0.995084	0	None	None
ChainingRodShaped	5532	2.82443	0.5	20.3342	25.4354	0	0.557456	-0.830206	0	5533	None
ChainingRodShaped	5304	4.46481	0.5	-12.2506	28.8705	0	-0.79781	0.602909	0	None	None
ChainingRodShaped	5506	2.56751	0.5	-18.6565	41.9295	0	-0.479039	-0.877794	0	5507	None
ChainingRodShaped	5584	2.70881	0.5	38.0489	59.5837	0	-0.409593	0.912268	0	5585	None
ChainingRodShaped	5078	4.92104	0.5	-31.7619	52.4484	0	0.306388	0.951907	0	5079	None
ChainingRodShaped	5232	4.98581	0.5	21.8719	48.4716	0	-0.634645	0.772804	0	None	None
ChainingRodShaped	5152	4.84149	0.5	31.4098	38.1168	0	-0.929552	0.368691	0	None	None
ChainingRodShaped	5164	4.08131	0.5	-32.7754	41.7952	0	0.357101	0.934066	0	5606	None
ChainingRodShaped	5476	3.7315	0.5	-33.2044	28.5347	0	-0.999281	0.0379082	0	None	None
ChainingRodShaped	5492	3.69062	0.5	-18.7074	33.4232	0	-0.7219	0.691997	0	None	None
ChainingRodShaped	5478	3.90977	0.5	-8.258	43.4919	0	-0.00107288	-0.999999	0	None	None
ChainingRodShaped	5200	4.26575	0.5	46.4216	34.1337	0	0.919164	-0.393876	0	5502	None
ChainingRodShaped	5394	4.07227	0.5	5.44824	35.3963	0	-0.78676	0.617258	0	5395	None
ChainingRodShaped	5554	2.52642	0.5	-16.6417	32.8519	0	-0.442631	0.896704	0	5555	None
ChainingRodShaped	5260	4.70865	0.5	-9.75858	52.0236	0	0.594181	0.804331	0	5261	None
ChainingRodShaped	5262	4.33644	0.5	-30.3104	42.665	0	0.504236	-0.863566	0	None	None
ChainingRodShaped	5308	3.64724	0.5	6.02471	27.639	0	-0.589775	0.807568	0	5626	None
ChainingRodShaped	5124	4.58673	0.5	16.9957	23.7665	0	0.784787	-0.619765	0	None	None
ChainingRodShaped	5442	3.1709	0.5	-43.8736	46.9543	0	-0.592454	-0.805604	0	None	None
ChainingRodShaped	5412	3.78593	0.5	31.7778	43.9696	0	-0.265165	-0.964203	0	5413	None
ChainingRodShaped	5544	3.34246	0.5	-20.9449	53.5666	0	-0.613041	0.790051	0	None	None
ChainingRodShaped	5454	3.59164	0.5	-26.2309	38.8629	0	0.137723	0.990471	0	None	None
ChainingRodShaped	5522	3.24142	0.5	-10.8642	15.5015	0	0.663082	-0.748547	0	None	None
ChainingRodShaped	5538	2.65411	0.5	10.5816	54.2382	0	0.545035	0.838413	0	None	None
ChainingRodShaped	5228	3.86434	0.5	-25.6791	21.9589	0	-0.910734	-0.412993	0	None	None
ChainingRodShaped	5194	4.80639	0.5	-0.32885	41.1525	0	-0.0989605	-0.995091	0	5195	None
ChainingRodShaped	5688	2.03385	0.5	3.43972	34.3862	0	-0.555939	0.831223	0	5689	None
ChainingRodShaped	5326	3.80983	0.5	-9.39793	37.5923	0	0.0622564	0.99806	0	None	None
ChainingRodShaped	5220	4.24155	0.5	-42.9576	35.4728	0	-0.202237	-0.979337	0	5574	None
ChainingRodShaped	5330	4.74548	0.5	19.3598	29.4808	0	0.37643	-0.926445	0	5331	None
ChainingRodShaped	5662	2.13362	0.5	12.4865	53.5372	0	0.552722	0.833366	0	5663	None
ChainingRodShaped	5350	4.43299	0.5	-27.216	38.9426	0	-0.137133	-0.990553	0	None	None
ChainingRodShaped	5568	2.95001	0.5	-7.84604	23.2279	0	-0.518618	-0.855006	0	5569	None
ChainingRodShaped	5292	3.4322	0.5	5.15719	13.2007	0	0.0235106	0.999724	0	None	None
ChainingRodShaped	5254	4.72012	0.5	-39.7739	42.1173	0	-0.514754	-0.857338	0	5255	None
ChainingRodShaped	5388	4.30898	0.5	22.6255	29.6643	0	0.384731	-0.923029	0	5389	None
ChainingRodShaped	5060	4.81712	0.5	9.94107	46.9017	0	-0.287794	-0.957692	0	None	None
ChainingRodShaped	5684	2.04352	0.5	-4.17787	43.3823	0	0.288674	-0.957428	0	None	None
ChainingRodShaped	5174	4.82865	0.5	-27.0463	48.6909	0	-0.430056	-0.902802	0	None	None
ChainingRodShaped	5302	3.72587	0.5	-34.8139	33.2528	0	-0.346113	-0.938193	0	None	None
ChainingRodShaped	5440	2.91322	0.5	29.6798	44.2725	0	0.126827	-0.991925	0	5441	None
ChainingRodShaped	5274	4.05562	0.5	45.8614	45.1001	0	0.436984	-0.899469	0	None	None
ChainingRodShaped	5548	2.91748	0.5	49.6499	33.076	0	0.544483	-0.838772	0	5549	None
ChainingRodShaped	5666	2.09462	0.5	42.7043	43.7628	0	0.543197	-0.839605	0	5667	5133
ChainingRodShaped	5496	3.63625	0.5	46.0284	50.4141	0	0.604829	-0.796355	0	None	None
ChainingRodShaped	5318	3.62815	0.5	27.5652	61.599	0	0.116644	-0.993174	0	5634	5445
ChainingRodShaped	5366	3.93856	0.5	-33.4919	32.0558	0	0.149264	0.988797	0	None	None
ChainingRodShaped	5602	2.55494	0.5	-28.7576	49.4631	0	-0.0248281	-0.999692	0	None	None
ChainingRodShaped	5456	3.28589	0.5	-10.2945	47.7661	0	0.123964	-0.992287	0	None	None
ChainingRodShaped	5600	2.35752	0.5	12.0047	47.0218	0	-0.304578	-0.952487	0	None	None
ChainingRodShaped	5246	4.33678	0.5	18.7703	38.8896	0	0.386965	-0.922094	0	5247	5389
ChainingRodShaped	5464	2.85869	0.5	-34.4179	51.0327	0	-0.515297	-0.857012	0	5465	5255
ChainingRodShaped	5608	2.31591	0.5	1.70715	16.3274	0	0.142145	-0.989846	0	None	None
ChainingRodShaped	5482	3.71388	0.5	0.055041	36.0661	0	-0.529474	-0.848326	0	5483	5579
ChainingRodShaped	5570	2.45418	0.5	-24.2994	39.3084	0	-0.802001	-0.597323	0	None	None
ChainingRodShaped	5432	3.70089	0.5	1.51714	36.5492	0	0.529808	0.848118	0	5433	5495
ChainingRodShaped	5280	4.91589	0.5	15.3055	39.5588	0	0.369261	-0.929326	0	5281	5331
ChainingRodShaped	5620	2.2702	0.5	-40.6277	46.7489	0	-0.202396	-0.979304	0	5621	5575
ChainingRodShaped	5396	3.82233	0.5	-12.0036	38.4687	0	0.904888	0.425649	0	None	None
ChainingRodShaped	5374	3.57519	0.5	10.2734	24.2219	0	-0.56113	0.827728	0	5375	5177
ChainingRodShaped	5368	3.791	0.5	0.67646	51.5432	0	-0.0942622	-0.995547	0	5369	5195
ChainingRodShaped	5518	2.95743	0.5	-25.7625	24.2698	0	-0.848204	-0.529669	0	None	None
ChainingRodShaped	5468	3.04206	0.5	4.95717	51.5755	0	0.994934	-0.100529	0	None	None
ChainingRodShaped	5528	2.98476	0.5	-12.3581	19.1477	0	0.259734	-0.96568	0	None	None
ChainingRodShaped	5390	3.19629	0.5	-21.917	37.7289	0	0.466577	0.884481	0	None	None
ChainingRodShaped	5356	4.52573	0.5	-21.0157	49.9306	0	-0.320423	0.947275	0	None	None
ChainingRodShaped	5410	4.13789	0.5	34.4339	53.5699	0	-0.268994	-0.963142	0	5411	5413
ChainingRodShaped	5526	2.82748	0.5	-43.0439	49.5754	0	-0.683916	-0.729561	0	None	None
ChainingRodShaped	5566	2.74197	0.5	11.5773	24.9531	0	-0.715955	0.698146	0	None	None
ChainingRodShaped	5250	3.84299	0.5	12.6432	18.5718	0	-0.589282	0.807927	0	5251	5627
ChainingRodShaped	5378	3.24545	0.5	-28.5215	43.9525	0	-0.0208469	-0.999783	0	None	None
ChainingRodShaped	5580	2.95517	0.5	-15.503	44.2523	0	0.595363	0.803457	0	5581	5261
ChainingRodShaped	5672	2.15586	0.5	-9.16289	17.9433	0	-0.466693	0.884419	0	5673	5439
ChainingRodShaped	5068	4.67993	0.5	21.1569	23.0153	0	-0.784376	0.620286	0	5430	5405
ChainingRodShaped	5338	4.73141	0.5	34.0365	39.1747	0	0.93407	-0.357089	0	5670	5503
ChainingRodShaped	5628	2.43621	0.5	-10.3804	41.4708	0	0.135608	-0.990763	0	None	None
ChainingRodShaped	5324	4.59061	0.5	-19.1268	30.4556	0	-0.118702	0.99293	0	None	None
ChainingRodShaped	5520	3.13329	0.5	-26.6862	31.0944	0	-0.635626	0.771997	0	None	None
ChainingRodShaped	5516	3.30506	0.5	-36.9911	30.8193	0	0.359971	0.932964	0	5517	5607
ChainingRodShaped	5680	2.03609	0.5	35.5412	36.507	0	-0.931119	0.364716	0	None	None
ChainingRodShaped	5084	4.76679	0.5	19.0445	49.6788	0	0.290184	0.956971	0	None	None
ChainingRodShaped	5488	3.4648	0.5	-35.1731	41.8001	0	0.30377	0.952745	0	5489	5079
ChainingRodShaped	5392	3.29034	0.5	44.6133	45.3962	0	-0.434307	0.900765	0	5393	5509
ChainingRodShaped	5658	2.13039	0.5	-15.2906	48.1364	0	-0.474237	-0.880397	0	5659	5507
ChainingRodShaped	5428	2.99225	0.5	-8.12677	18.6125	0	-0.668376	0.743824	0	None	None
ChainingRodShaped	5222	4.80747	0.5	12.4973	37.4356	0	0.533523	-0.845786	0	5654	5231
ChainingRodShaped	5288	3.99325	0.5	-5.08398	42.8838	0	0.308887	-0.951099	0	None	None
ChainingRodShaped	5294	3.7716	0.5	14.0923	52.251	0	-0.817421	-0.576041	0	None	None
ChainingRodShaped	5588	2.359	0.5	-0.967317	24.4908	0	0.358318	0.933599	0	None	None
ChainingRodShaped	5630	2.31	0.5	-28.0193	41.0616	0	-0.392136	-0.919907	0	5631	5285
ChainingRodShaped	5436	3.57011	0.5	30.1233	14.1319	0	0.218828	0.975764	0	5437	5315
ChainingRodShaped	5226	3.9385	0.5	3.67763	23.2643	0	0.0382742	-0.999267	0	5536	5181
ChainingRodShaped	5556	3.11588	0.5	18.7422	18.2126	0	0.641638	-0.767008	0	5557	5387
ChainingRodShaped	5510	2.73678	0.5	26.0291	43.3127	0	0.93053	-0.366216	0	5511	5615
ChainingRodShaped	5272	4.82779	0.5	-20.5741	23.1405	0	0.0986019	0.995127	0	None	None
ChainingRodShaped	5424	4.56828	0.5	11.3263	42.0894	0	-0.688683	0.725063	0	None	None
ChainingRodShaped	5240	4.7537	0.5	-7.30302	36.4911	0	0.0112703	0.999936	0	5660	5593
ChainingRodShaped	5416	3.50553	0.5	30.8075	47.9154	0	-0.266991	-0.963699	0	None	None
ChainingRodShaped	5558	2.41084	0.5	18.1282	37.8118	0	0.37758	-0.925977	0	5559	5577
ChainingRodShaped	5202	4.53687	0.5	2.27756	45.3184	0	-0.00313815	-0.999995	0	None	None
ChainingRodShaped	5400	3.94225	0.5	11.0423	32.2718	0	0.78739	-0.616455	0	None	None
ChainingRodShaped	5300	4.32928	0.5	32.7707	36.5292	0	0.931673	-0.363298	0	5301	5481
ChainingRodShaped	5458	3.17785	0.5	-17.1858	35.5199	0	-0.629003	-0.777403	0	None	None
ChainingRodShaped	5352	4.86106	0.5	-1.61362	35.255	0	-0.529291	-0.848441	0	5353	5197
ChainingRodShaped	5332	4.29253	0.5	12.804	26.763	0	0.65406	-0.756443	0	None	None
ChainingRodShaped	5382	3.50738	0.5	-8.93235	28.5393	0	0.0584455	0.998291	0	5383	5235
ChainingRodShaped	5420	3.26254	0.5	24.4549	46.4127	0	0.100084	-0.994979	0	None	None
ChainingRodShaped	5248	4.13557	0.5	-2.6791	27.8814	0	0.523773	0.851858	0	5249	5645
ChainingRodShaped	5384	3.44168	0.5	-26.9195	46.3129	0	-0.354688	-0.934985	0	None	None
ChainingRodShaped	5045	4.79281	0.5	0.688766	22.0736	0	0.259332	-0.965788	0	None	None
ChainingRodShaped	5530	2.94185	0.5	-41.1099	55.3643	0	-0.923895	-0.382646	0	None	None
ChainingRodShaped	5414	4.47882	0.5	8.16051	37.1332	0	-0.768521	0.639825	0	None	None
ChainingRodShaped	5552	2.88739	0.5	-28.5878	36.2102	0	0.129469	0.991583	0	None	None
ChainingRodShaped	5446	3.27077	0.5	-9.25809	42.1239	0	0.00913556	-0.999958	0	None	None
ChainingRodShaped	5322	4.71377	0.5	-23.2784	42.0468	0	-0.981792	-0.189959	0	None	None
ChainingRodShaped	5504	3.42427	0.5	51.4537	34.0102	0	0.13742	-0.990513	0	None	None
ChainingRodShaped	5336	3.97533	0.5	-9.21275	21.2539	0	-0.673912	0.738811	0	None	None
ChainingRodShaped	5474	3.27136	0.5	11.2971	44.268	0	0.413663	-0.91043	0	None	None
ChainingRodShaped	5644	2.18521	0.5	1.22376	34.2196	0	0.525997	0.850486	0	5645	5321
ChainingRodShaped	5560	3.20694	0.5	8.31715	52.5817	0	-0.547139	-0.837042	0	None	None
ChainingRodShaped	5270	4.41001	0.5	-13.619	21.9658	0	-0.0822061	-0.996615	0	None	None
ChainingRodShaped	5430	3.64348	0.5	25.2005	19.8219	0	-0.785239	0.619193	0	5431	5068
ChainingRodShaped	5348	4.95624	0.5	-21.329	45.9687	0	0.649706	-0.760186	0	None	None
ChainingRodShaped	5372	3.92671	0.5	-9.01284	59.8524	0	-0.47163	-0.881797	0	5373	5695
ChainingRodShaped	5075	4.71841	0.5	16.9857	52.8306	0	-0.353896	-0.935285	0	None	None
ChainingRodShaped	5542	2.55939	0.5	-30.1769	46.2628	0	0.542392	-0.840125	0	None	None
ChainingRodShaped	5079	4.995	0.5	-33.5822	46.778	0	0.304918	0.952379	0	5488	5078
ChainingRodShaped	5404	4.3859	0.5	12.6573	29.7373	0	-0.785827	0.618447	0	5405	5395
ChainingRodShaped	5612	2.48092	0.5	3.94452	44.0876	0	-0.535484	-0.844546	0	5613	5353
ChainingRodShaped	5342	4.69053	0.5	15.2984	42.1635	0	-0.376178	0.926548	0	None	None
ChainingRodShaped	5562	2.50251	0.5	14.8145	55.5625	0	-0.969843	-0.243731	0	None	None
ChainingRodShaped	5614	2.46888	0.5	32.6068	40.7647	0	0.934901	-0.354909	0	5615	5551
ChainingRodShaped	5494	2.72797	0.5	6.24252	44.0259	0	0.540586	0.841289	0	5495	5283
ChainingRodShaped	5312	3.72034	0.5	23.9249	40.0766	0	0.924739	-0.380603	0	5313	5301
ChainingRodShaped	5296	3.85535	0.5	-2.54803	5.99857	0	-0.4943	0.869292	0	5297	5625
ChainingRodShaped	5490	3.72305	0.5	-19.2402	47.723	0	-0.293924	0.955829	0	None	None
ChainingRodShaped	5646	2.12985	0.5	32.7993	25.846	0	0.228661	0.973506	0	5647	5435
ChainingRodShaped	5101	4.57053	0.5	-6.14678	55.9365	0	0.5923	-0.805718	0	None	None
ChainingRodShaped	5354	4.73301	0.5	-16.6641	21.7954	0	0.900768	0.4343	0	None	None
ChainingRodShaped	5380	3.48517	0.5	13.4297	24.5045	0	0.647928	-0.761701	0	5381	5557
ChainingRodShaped	5346	3.69056	0.5	45.1361	49.943	0	0.604878	-0.796319	0	None	None
ChainingRodShaped	5109	4.94191	0.5	2.41062	18.9242	0	0.115321	-0.993328	0	None	None
ChainingRodShaped	5664	2.16016	0.5	-2.90568	41.2083	0	-0.0595315	-0.998226	0	None	None
ChainingRodShaped	5113	4.33808	0.5	-29.7564	58.7746	0	-0.516281	-0.856419	0	None	5465
ChainingRodShaped	5596	2.57261	0.5	-31.7297	34.9098	0	-0.3921	-0.919923	0	None	None
ChainingRodShaped	5480	3.66046	0.5	41.0589	33.373	0	0.938092	-0.346386	0	5481	5311
ChainingRodShaped	5340	4.01818	0.5	-0.858119	20.6966	0	0.175334	0.984509	0	None	None
ChainingRodShaped	5462	2.91805	0.5	31.1089	45.2699	0	-0.263783	-0.964582	0	None	None
ChainingRodShaped	5360	4.25706	0.5	-38.0717	32.6895	0	0.302819	0.953048	0	5361	5489
ChainingRodShaped	5514	3.69983	0.5	14.994	21.1259	0	-0.644922	0.764248	0	None	None
ChainingRodShaped	5362	4.59396	0.5	-23.4444	37.0073	0	0.364665	0.931139	0	None	None
ChainingRodShaped	5598	2.64307	0.5	48.3778	37.7487	0	-0.448307	0.89388	0	5599	5393
ChainingRodShaped	5131	4.99906	0.5	-17.987	24.8043	0	-0.754091	0.65677	0	None	None
ChainingRodShaped	5133	4.83281	0.5	45.1322	40.0225	0	0.54514	-0.838345	0	5666	5549
ChainingRodShaped	5376	4.21458	0.5	23.1538	43.3833	0	0.929474	-0.368888	0	5377	5671
ChainingRodShaped	5564	2.92427	0.5	1.55217	60.8241	0	-0.0936039	-0.99561	0	5565	5369
ChainingRodShaped	5328	4.59067	0.5	14.1623	27.2941	0	0.779603	-0.626274	0	None	None
ChainingRodShaped	5141	4.99254	0.5	13.3859	38.511	0	-0.683105	0.730321	0	None	None
ChainingRodShaped	5466	3.39164	0.5	38.9634	49.5807	0	0.538938	-0.842346	0	5467	5667
ChainingRodShaped	5450	3.79276	0.5	-25.1391	47.8318	0	-0.391198	-0.920307	0	5451	5631
ChainingRodShaped	5422	3.53938	0.5	36.9079	62.2723	0	-0.278134	-0.960542	0	5423	5411
ChainingRodShaped	5334	4.49364	0.5	25.3833	47.0633	0	0.101184	-0.994868	0	None	None
ChainingRodShaped	5358	4.2046	0.5	16.2424	15.4768	0	-0.565415	0.824807	0	5359	5375
ChainingRodShaped	5344	3.47712	0.5	32.8908	38.5746	0	-0.93146	0.363843	0	None	None
ChainingRodShaped	5636	2.31593	0.5	-21.7897	31.303	0	0.486396	0.873738	0	None	None
ChainingRodShaped	5572	2.92712	0.5	18.8941	46.1285	0	0.930549	-0.366167	0	5573	5511
ChainingRodShaped	5534	2.76937	0.5	4.46363	43.0699	0	-0.53647	-0.84392	0	5535	5483
ChainingRodShaped	5444	3.48677	0.5	28.5942	52.9707	0	0.120713	-0.992687	0	5445	5441
ChainingRodShaped	5386	3.16845	0.5	24.0296	11.8322	0	0.634987	-0.772523	0	5387	5427
ChainingRodShaped	5606	2.62185	0.5	-34.3298	37.7347	0	0.358119	0.933676	0	5607	5164
ChainingRodShaped	5406	4.20978	0.5	-3.81771	27.922	0	0.523184	0.85222	0	5407	5433
ChainingRodShaped	5438	3.86802	0.5	-13.0356	25.5567	0	-0.444621	0.895719	0	5439	5555
ChainingRodShaped	5618	2.18344	0.5	31.5836	51.502	0	-0.512838	-0.858485	0	None	None
ChainingRodShaped	5592	2.64069	0.5	-7.2696	44.4529	0	-0.00495049	0.999988	0	5593	5403
ChainingRodShaped	5175	4.49208	0.5	-26.4547	51.9591	0	-0.57511	-0.818076	0	None	None
ChainingRodShaped	5177	4.43815	0.5	7.47842	28.3624	0	-0.558088	0.829782	0	5374	5689
ChainingRodShaped	5512	3.56468	0.5	-26.9116	26.5939	0	-0.0855598	0.996333	0	None	None
ChainingRodShaped	5181	4.67155	0.5	3.87782	17.9654	0	0.0373031	-0.999304	0	5226	5180
ChainingRodShaped	5183	4.1866	0.5	-3.27678	24.75	0	-0.468541	-0.883442	0	None	None
ChainingRodShaped	5398	3.74795	0.5	-23.1515	28.5567	0	-0.828341	-0.560224	0	None	None
ChainingRodShaped	5418	3.2746	0.5	-12.8309	35.3538	0	0.19403	0.980996	0	None	None
ChainingRodShaped	5576	2.50868	0.5	20.8459	31.0848	0	0.372321	-0.928104	0	5577	5605
ChainingRodShaped	5408	4.3998	0.5	-11.564	51.381	0	-0.62282	-0.782365	0	None	None
ChainingRodShaped	5686	2.04267	0.5	-30.6283	27.7235	0	-0.878288	-0.478132	0	None	None
ChainingRodShaped	5195	4.14798	0.5	0.204654	46.6002	0	-0.0957562	-0.995405	0	5368	5194
ChainingRodShaped	5197	4.04652	0.5	-4.48625	30.6247	0	-0.52476	-0.85125	0	5352	5196
ChainingRodShaped	5486	2.88282	0.5	-28.5746	52.8984	0	-0.44233	-0.896852	0	None	None
ChainingRodShaped	5502	3.29882	0.5	42.0276	35.9953	0	0.922806	-0.385265	0	5503	5200
ChainingRodShaped	5470	2.91742	0.5	4.0106	48.5213	0	-0.551898	0.833912	0	None	None
ChainingRodShaped	5632	2.3859	0.5	21.3005	51.0588	0	0.484822	-0.874613	0	None	None
ChainingRodShaped	5207	4.00668	0.5	17.9759	49.5576	0	-0.29437	-0.955692	0	None	None
ChainingRodShaped	5642	2.41742	0.5	-18.1274	35.8964	0	-0.623762	-0.781614	0	None	None
ChainingRodShaped	5448	3.17569	0.5	-19.0187	37.9063	0	-0.610158	-0.79228	0	None	None
ChainingRodShaped	5586	2.94129	0.5	6.07332	53.5962	0	0.735191	-0.67786	0	None	None
ChainingRodShaped	5472	3.48739	0.5	-14.3175	33.1107	0	0.939278	-0.343158	0	None	None
ChainingRodShaped	5546	2.58192	0.5	44.3679	54.3093	0	0.583856	-0.811857	0	None	None
ChainingRodShaped	5640	2.15109	0.5	-12.8174	45.8021	0	0.392942	0.919563	0	None	None
ChainingRodShaped	5574	2.81099	0.5	-42.0425	39.9036	0	-0.202331	-0.979317	0	5575	5220
ChainingRodShaped	5654	2.26691	0.5	10.1048	41.284	0	0.518397	-0.85514	0	5655	5222
ChainingRodShaped	5578	2.38169	0.5	-4.00511	29.5162	0	-0.524108	-0.851652	0	5579	5569
ChainingRodShaped	5536	2.66257	0.5	3.51105	27.5591	0	0.0394084	-0.999223	0	5537	5226
ChainingRodShaped	5460	4.06609	0.5	-24.5618	23.8474	0	-0.848913	-0.528533	0	None	None
ChainingRodShaped	5231	4.65729	0.5	15.5857	32.6155	0	0.545527	-0.838093	0	5222	5533
ChainingRodShaped	5233	4.7819	0.5	21.4693	47.4061	0	-0.637188	0.770708	0	None	None
ChainingRodShaped	5235	4.71524	0.5	-8.63565	33.639	0	0.057788	0.998329	0	5382	5234
ChainingRodShaped	5237	4.8209	0.5	-20.5984	37.4281	0	0.600819	0.799385	0	None	5581
ChainingRodShaped	5508	3.0074	0.5	41.0551	52.955	0	-0.417659	0.908604	0	5509	5585
ChainingRodShaped	5660	2.21444	0.5	-7.36138	32.0123	0	0.0160751	0.999871	0	5661	5240
ChainingRodShaped	5243	3.98543	0.5	-25.6536	32.6039	0	-0.286306	0.958138	0	None	None
ChainingRodShaped	5498	2.9865	0.5	9.25635	50.442	0	-0.552474	-0.83353	0	None	None
ChainingRodShaped	5247	4.81753	0.5	16.6051	44.0277	0	0.389568	-0.920998	0	None	5246
ChainingRodShaped	5249	4.57197	0.5	-5.48283	23.3266	0	0.524597	0.85135	0	None	5248
ChainingRodShaped	5251	4.89238	0.5	15.8046	14.2356	0	-0.588996	0.808136	0	None	5250
ChainingRodShaped	5253	4.46112	0.5	-15.108	19.3918	0	0.863299	-0.504693	0	None	None
ChainingRodShaped	5255	4.61522	0.5	-36.8567	46.9746	0	-0.514981	-0.857201	0	5464	5254
ChainingRodShaped	5257	3.56767	0.5	15.0951	45.165	0	0.38429	-0.923212	0	None	5559
ChainingRodShaped	5524	2.89832	0.5	-19.3809	50.4628	0	-0.751533	0.659696	0	None	None
ChainingRodShaped	5261	3.83696	0.5	-12.8904	47.7841	0	0.594196	0.80432	0	5580	5260
ChainingRodShaped	5656	2.10646	0.5	-30.0529	44.1774	0	0.505682	-0.86272	0	None	None
ChainingRodShaped	5540	3.37526	0.5	9.74688	37.1053	0	-0.767585	0.640948	0	None	None
ChainingRodShaped	5267	4.68887	0.5	-30.1446	52.6191	0	-0.0614945	-0.998107	0	None	None
ChainingRodShaped	5269	4.08797	0.5	15.7325	18.7033	0	-0.643863	0.765141	0	None	None
ChainingRodShaped	5271	4.14445	0.5	-14.8053	26.9024	0	0.442749	-0.896646	0	None	None
ChainingRodShaped	5610	2.66512	0.5	-21.5521	23.3773	0	0.0983185	0.995155	0	None	None
ChainingRodShaped	5682	2.03305	0.5	45.081	48.2911	0	0.668882	-0.743369	0	None	None
ChainingRodShaped	5668	2.07937	0.5	-3.46119	46.5218	0	-0.417148	-0.908839	0	None	None
ChainingRodShaped	5650	2.29152	0.5	-4.68325	48.3116	0	0.411902	-0.911228	0	None	None
ChainingRodShaped	5281	3.59229	0.5	13.3744	44.4393	0	0.366231	-0.930524	0	None	5280
ChainingRodShaped	5283	3.8775	0.5	8.58441	47.628	0	0.54838	0.836229	0	5494	5663
ChainingRodShaped	5285	3.56288	0.5	-29.5623	37.4463	0	-0.392837	-0.919608	0	5630	5617
ChainingRodShaped	5694	2.0247	0.5	-12.3051	53.6993	0	-0.472002	-0.881598	0	5695	5659
ChainingRodShaped	5289	3.98204	0.5	-6.30092	47.5777	0	0.0107173	-0.999943	0	None	None
ChainingRodShaped	5678	2.05152	0.5	-2.02935	44.0056	0	-0.101423	-0.994843	0	None	None
ChainingRodShaped	5293	4.51651	0.5	1.36666	13.6231	0	0.673904	-0.738819	0	None	None
ChainingRodShaped	5594	2.30725	0.5	14.389	53.6758	0	-0.817949	-0.575291	0	None	None
ChainingRodShaped	5297	4.72615	0.5	0.0672721	1.40606	0	-0.4953	0.868722	0	None	5296
ChainingRodShaped	5624	2.30397	0.5	-6.1305	12.3561	0	-0.485567	0.874199	0	5625	5673
ChainingRodShaped	5301	3.5255	0.5	28.1986	38.3374	0	0.927824	-0.373017	0	5312	5300
ChainingRodShaped	5303	4.92586	0.5	-32.039	37.1829	0	-0.459679	-0.888085	0	None	None
ChainingRodShaped	5305	4.86741	0.5	-11.5739	26.1529	0	-0.568919	0.822393	0	None	None
ChainingRodShaped	5307	4.84444	0.5	-39.0435	54.4213	0	-0.202057	-0.979374	0	None	5621
ChainingRodShaped	5626	2.15363	0.5	8.32422	24.4901	0	-0.589704	0.807619	0	5627	5308
ChainingRodShaped	5311	4.88488	0.5	46.0057	31.5654	0	0.940145	-0.340775	0	5480	5653
ChainingRodShaped	5313	3.19858	0.5	19.8111	41.7793	0	0.923168	-0.384396	0	None	5312
ChainingRodShaped	5315	4.07267	0.5	31.1817	18.824	0	0.221212	0.975226	0	5436	5647
ChainingRodShaped	5317	3.65364	0.5	17.0159	50.0918	0	-0.344525	-0.938777	0	None	None
ChainingRodShaped	5634	2.23375	0.5	27.1082	65.499	0	0.116025	-0.993246	0	5635	5318
ChainingRodShaped	5321	4.67906	0.5	3.56825	37.9698	0	0.532585	0.846377	0	5644	5320
ChainingRodShaped	5323	4.38514	0.5	-22.3543	41.2251	0	-0.982012	-0.188818	0	None	None
ChainingRodShaped	5690	2.04669	0.5	-19.0772	27.0615	0	-0.752784	0.658267	0	None	None
ChainingRodShaped	5692	2.02802	0.5	-10.4613	37.1421	0	0.108425	0.994105	0	None	None
ChainingRodShaped	5329	4.01254	0.5	9.89109	30.5346	0	0.813683	-0.581308	0	None	None
ChainingRodShaped	5331	4.04094	0.5	17.3378	34.4766	0	0.373695	-0.927552	0	5280	5330
ChainingRodShaped	5333	4.30437	0.5	7.6887	30.4567	0	0.409249	-0.912423	0	None	None
ChainingRodShaped	5335	4.7841	0.5	23.5928	51.3371	0	0.241543	-0.97039	0	None	None
ChainingRodShaped	5337	3.85696	0.5	-5.28169	21.097	0	-0.850592	-0.525826	0	None	None
ChainingRodShaped	5670	2.08936	0.5	29.9309	40.7422	0	0.934357	-0.356337	0	5671	5338
ChainingRodShaped	5341	3.47576	0.5	-1.91385	17.1473	0	0.861863	0.507141	0	None	None
ChainingRodShaped	5638	2.24882	0.5	16.976	38.0275	0	-0.369552	0.92921	0	None	None
ChainingRodShaped	5648	2.26345	0.5	36.4942	37.1778	0	-0.930715	0.365746	0	None	None
ChainingRodShaped	5347	4.42885	0.5	42.1347	54.0084	0	0.584309	-0.811531	0	None	None
ChainingRodShaped	5349	4.96055	0.5	-23.5243	48.9397	0	-0.414181	-0.910195	0	None	None
ChainingRodShaped	5674	2.05078	0.5	-25.6723	42.6765	0	-0.883055	-0.46927	0	None	None
ChainingRodShaped	5353	4.77632	0.5	1.47475	40.179	0	-0.53339	-0.84587	0	5612	5352
ChainingRodShaped	5355	4.19432	0.5	-19.5879	21.9072	0	0.182266	0.983249	0	None	None
ChainingRodShaped	5357	3.84213	0.5	-20.4722	46.4868	0	-0.650653	0.759375	0	None	None
ChainingRodShaped	5359	3.10227	0.5	18.8721	11.6417	0	-0.565623	0.824664	0	None	5358
ChainingRodShaped	5361	3.11709	0.5	-39.4903	28.2243	0	0.302765	0.953065	0	None	5360
ChainingRodShaped	5676	2.05201	0.5	-25.1313	34.3052	0	-0.292449	0.956281	0	None	None
ChainingRodShaped	5365	4.13029	0.5	1.3214	47.8411	0	-0.0959498	-0.995386	0	None	None
ChainingRodShaped	5367	4.82467	0.5	-29.866	32.1687	0	-0.676792	-0.736174	0	None	None
ChainingRodShaped	5369	3.97161	0.5	1.13536	56.3989	0	-0.0939167	-0.99558	0	5564	5368
ChainingRodShaped	5371	4.12259	0.5	-2.65689	21.9659	0	0.174559	0.984647	0	None	None
ChainingRodShaped	5373	3.84379	0.5	-6.71041	64.1574	0	-0.471595	-0.881815	0	None	5372
ChainingRodShaped	5375	4.71485	0.5	13.1632	19.9769	0	-0.564034	0.825751	0	5358	5374
ChainingRodShaped	5377	3.76952	0.5	18.5344	45.2332	0	0.927094	-0.374829	0	None	5376
ChainingRodShaped	5379	3.19866	0.5	-29.7226	47.8337	0	0.408217	-0.912885	0	None	None
ChainingRodShaped	5381	3.8149	0.5	10.4205	28.0447	0	0.647324	-0.762215	0	None	5380
ChainingRodShaped	5383	3.01414	0.5	-9.18178	24.2883	0	0.0587134	0.998275	0	None	5382
ChainingRodShaped	5385	3.77461	0.5	-25.0799	50.5173	0	-0.390797	-0.920477	0	None	None
ChainingRodShaped	5387	3.15668	0.5	21.3842	15.0384	0	0.637872	-0.770142	0	5556	5386
ChainingRodShaped	5389	3.67888	0.5	20.7035	34.2719	0	0.385288	-0.922796	0	5246	5388
ChainingRodShaped	5391	4.19284	0.5	-23.1117	33.2969	0	0.0403278	0.999187	0	None	None
ChainingRodShaped	5393	3.56825	0.5	46.5528	41.421	0	-0.442381	0.896827	0	5598	5392
ChainingRodShaped	5395	2.96312	0.5	8.99232	32.6167	0	-0.786973	0.616988	0	5404	5394
ChainingRodShaped	5397	3.63862	0.5	-11.7377	35.8216	0	0.18653	0.982449	0	None	None
ChainingRodShaped	5399	4.71725	0.5	-20.5907	29.7146	0	-0.126771	-0.991932	0	None	None
ChainingRodShaped	5401	4.17126	0.5	7.06602	35.3892	0	0.78667	-0.617374	0	None	None
ChainingRodShaped	5403	4.54116	0.5	-7.30887	49.0383	0	-0.0108593	0.999941	0	5592	5402
ChainingRodShaped	5405	4.3282	0.5	16.8508	26.4249	0	-0.783646	0.621207	0	5068	5404
ChainingRodShaped	5407	3.05373	0.5	-6.23807	23.9765	0	0.52258	0.85259	0	None	5406
ChainingRodShaped	5409	4.26763	0.5	-10.5788	54.8071	0	-0.475828	-0.879539	0	None	None
ChainingRodShaped	5411	3.22596	0.5	35.7006	58.0671	0	-0.273631	-0.961835	0	5422	5410
ChainingRodShaped	5413	4.02299	0.5	33.0776	48.6858	0	-0.266196	-0.963919	0	5410	5412
ChainingRodShaped	5415	3.66625	0.5	10.2033	34.1905	0	-0.787048	0.616892	0	None	None
ChainingRodShaped	5417	3.00281	0.5	30.0308	50.4731	0	0.0316982	-0.999497	0	None	None
ChainingRodShaped	5419	3.60669	0.5	-15.0597	35.7017	0	0.835278	0.549827	0	None	None
ChainingRodShaped	5421	4.15008	0.5	22.8274	50.2883	0	0.240578	-0.97063	0	None	None
ChainingRodShaped	5423	4.34239	0.5	38.2857	67.0121	0	-0.279931	-0.96002	0	None	5422
ChainingRodShaped	5425	4.48832	0.5	13.264	42.088	0	-0.367813	0.9299	0	None	None
ChainingRodShaped	5427	4.24761	0.5	27.0126	8.19633	0	0.633764	-0.773527	0	5386	5426
ChainingRodShaped	5429	3.35918	0.5	-5.32013	19.9095	0	-0.851682	-0.524059	0	None	None
ChainingRodShaped	5431	2.8487	0.5	28.5296	17.1968	0	-0.785244	0.619186	0	None	5430
ChainingRodShaped	5433	4.20242	0.5	-1.09099	32.3496	0	0.525603	0.85073	0	5406	5432
ChainingRodShaped	5435	3.35046	0.5	33.6573	29.4702	0	0.231556	0.972822	0	5646	5434
ChainingRodShaped	5437	3.84294	0.5	29.1009	9.54729	0	0.216551	0.976271	0	None	5436
ChainingRodShaped	5439	3.55686	0.5	-10.9264	21.3577	0	-0.453565	0.891223	0	5672	5438
ChainingRodShaped	5441	3.58385	0.5	29.1483	48.4783	0	0.124085	-0.992272	0	5444	5440
ChainingRodShaped	5443	3.32838	0.5	-41.3093	49.8482	0	-0.378018	-0.925798	0	None	None
ChainingRodShaped	5445	3.14634	0.5	28.0794	57.2484	0	0.118205	-0.992989	0	5318	5444
ChainingRodShaped	5447	3.78181	0.5	-10.8791	45.4139	0	0.32306	-0.946379	0	None	None
ChainingRodShaped	5449	3.76839	0.5	-15.9245	41.0464	0	-0.814872	-0.579641	0	None	None
ChainingRodShaped	5451	3.79499	0.5	-23.2656	52.2406	0	-0.390988	-0.920396	0	None	5450
ChainingRodShaped	5453	3.29835	0.5	32.6921	43.5557	0	0.26516	0.964204	0	None	None
ChainingRodShaped	5455	3.98513	0.5	-25.3278	36.8623	0	0.677418	0.735599	0	None	None
ChainingRodShaped	5457	4.27275	0.5	-8.84481	50.1754	0	-0.231829	-0.972757	0	None	None
ChainingRodShaped	5459	3.47805	0.5	-14.4788	38.3709	0	-0.417799	-0.90854	0	None	None
ChainingRodShaped	5461	3.01604	0.5	-22.3239	26.0606	0	-0.976035	-0.217613	0	None	None
ChainingRodShaped	5463	4.26531	0.5	32.3261	49.691	0	-0.265536	-0.964101	0	None	None
ChainingRodShaped	5465	3.44236	0.5	-32.2792	54.5872	0	-0.515779	-0.856721	0	5113	5464
ChainingRodShaped	5467	3.29555	0.5	36.6276	53.2379	0	0.537639	-0.843175	0	None	5466
ChainingRodShaped	5469	4.08452	0.5	3.82332	52.6821	0	0.994574	-0.104029	0	None	None
ChainingRodShaped	5471	2.7471	0.5	5.49831	50.5325	0	-0.994525	0.104497	0	None	None
ChainingRodShaped	5473	3.70508	0.5	-16.7755	29.405	0	-0.100875	0.994899	0	None	None
ChainingRodShaped	5475	3.82172	0.5	11.4342	48.5317	0	-0.282529	-0.959259	0	None	None
ChainingRodShaped	5477	3.92205	0.5	-29.2879	29.9232	0	-0.970286	-0.24196	0	None	None
ChainingRodShaped	5479	3.15993	0.5	-8.86068	46.5956	0	-0.361467	-0.932385	0	None	None
ChainingRodShaped	5481	2.88445	0.5	37.0647	34.8698	0	0.934312	-0.356457	0	5300	5480
ChainingRodShaped	5483	3.06323	0.5	2.37734	39.7718	0	-0.532867	-0.846199	0	5534	5482
ChainingRodShaped	5485	3.72803	0.5	6.16573	49.0287	0	-0.939317	0.34305	0	None	None
ChainingRodShaped	5487	3.42907	0.5	-28.2346	56.3626	0	-0.314911	-0.949121	0	None	None
ChainingRodShaped	5489	3.70788	0.5	-36.5634	37.4342	0	0.30311	0.952956	0	5360	5488
ChainingRodShaped	5491	3.33151	0.5	-18.7396	43.8386	0	0.478216	0.878243	0	None	None
ChainingRodShaped	5493	3.33863	0.5	-17.975	30.0342	0	-0.18782	0.982203	0	None	None
ChainingRodShaped	5495	3.64836	0.5	3.99872	40.5002	0	0.534006	0.845481	0	5432	5494
ChainingRodShaped	5497	3.35387	0.5	43.3518	54.0165	0	0.583984	-0.811765	0	None	None
ChainingRodShaped	5499	3.79004	0.5	11.6643	54.088	0	-0.547417	-0.83686	0	None	None
ChainingRodShaped	5501	2.99994	0.5	-18.6718	36.7741	0	-0.61805	-0.786138	0	None	None
ChainingRodShaped	5503	2.61483	0.5	38.378	37.4879	0	0.928864	-0.37042	0	5338	5502
ChainingRodShaped	5505	2.88094	0.5	49.4668	37.792	0	0.447324	-0.894372	0	None	None
ChainingRodShaped	5507	2.7238	0.5	-16.9171	45.1272	0	-0.476601	-0.87912	0	5658	5506
ChainingRodShaped	5509	3.21857	0.5	42.7868	49.2313	0	-0.425587	0.904918	0	5392	5508
ChainingRodShaped	5511	2.85231	0.5	22.5059	44.7032	0	0.929873	-0.36788	0	5572	5510
ChainingRodShaped	5513	3.17067	0.5	-27.9843	23.9678	0	0.0510464	0.998696	0	None	None
ChainingRodShaped	5515	3.25392	0.5	17.8733	17.7039	0	-0.641454	0.767161	0	None	None
ChainingRodShaped	5517	3.50579	0.5	-38.5767	26.7117	0	0.360246	0.932857	0	None	5516
ChainingRodShaped	5519	3.56126	0.5	-23.252	27.2904	0	-0.829589	-0.558375	0	None	None
ChainingRodShaped	5521	3.19771	0.5	-25.9616	27.4056	0	-0.106757	0.994285	0	None	None
ChainingRodShaped	5523	3.5089	0.5	-14.419	17.8372	0	0.863354	-0.504599	0	None	None
ChainingRodShaped	5525	2.69798	0.5	-17.5023	47.5263	0	-0.0172129	0.999852	0	None	None
ChainingRodShaped	5527	2.64794	0.5	-41.0049	52.6244	0	-0.597458	-0.8019	0	None	None
ChainingRodShaped	5529	2.88057	0.5	-11.9325	21.1601	0	0.452794	-0.891615	0	None	None
ChainingRodShaped	5531	3.13118	0.5	-37.2701	56.1822	0	-0.345105	0.938564	0	None	None
ChainingRodShaped	5533	2.87707	0.5	18.1981	28.6345	0	0.553059	-0.833142	0	5231	5532
ChainingRodShaped	5535	2.98737	0.5	6.54207	46.33	0	-0.538549	-0.842594	0	None	5534
ChainingRodShaped	5537	2.97347	0.5	3.35903	31.3718	0	0.0402157	-0.999191	0	None	5536
ChainingRodShaped	5539	3.28038	0.5	8.40935	50.9348	0	0.552948	0.833216	0	None	None
ChainingRodShaped	5541	3.15911	0.5	11.9095	34.1177	0	-0.786303	0.617841	0	None	None
ChainingRodShaped	5543	2.67722	0.5	-31.3547	49.473	0	-0.0774622	-0.996995	0	None	None
ChainingRodShaped	5545	3.35685	0.5	-17.8558	50.5791	0	-0.71864	0.695383	0	None	None
ChainingRodShaped	5547	3.17937	0.5	41.7319	57.0956	0	0.802951	-0.596045	0	None	None
ChainingRodShaped	5549	2.41599	0.5	47.6524	36.1487	0	0.545584	-0.838056	0	5133	5548
ChainingRodShaped	5551	2.73573	0.5	35.9711	39.4909	0	0.93546	-0.353433	0	5614	5550
ChainingRodShaped	5553	2.70746	0.5	-27.1727	33.9217	0	-0.353978	0.935254	0	None	None
ChainingRodShaped	5555	2.9632	0.5	-14.9893	29.5035	0	-0.442535	0.896751	0	5438	5554
ChainingRodShaped	5557	2.94605	0.5	16.1525	21.2934	0	0.645335	-0.763899	0	5380	5556
ChainingRodShaped	5559	2.9698	0.5	16.7286	41.2233	0	0.381185	-0.924499	0	5257	5558
ChainingRodShaped	5561	2.94403	0.5	8.24496	54.8058	0	-0.373489	-0.927634	0	None	None
ChainingRodShaped	5563	3.18214	0.5	16.5293	57.3737	0	-0.894067	-0.447933	0	None	None
ChainingRodShaped	5565	2.83089	0.5	1.91472	64.6827	0	-0.0934957	-0.99562	0	None	5564
ChainingRodShaped	5567	2.54825	0.5	12.9754	22.0034	0	-0.567962	0.823055	0	None	None
ChainingRodShaped	5569	2.73613	0.5	-5.8565	26.4965	0	-0.521372	-0.85333	0	5578	5568
ChainingRodShaped	5571	2.49982	0.5	-21.1071	40.1254	0	-0.996883	0.078892	0	None	None
ChainingRodShaped	5573	3.02648	0.5	15.1963	47.5762	0	0.931745	-0.363112	0	None	5572
ChainingRodShaped	5575	2.45516	0.5	-41.3077	43.4587	0	-0.202439	-0.979295	0	5620	5574
ChainingRodShaped	5577	2.80139	0.5	19.4824	34.4729	0	0.374337	-0.927293	0	5558	5576
ChainingRodShaped	5579	2.6916	0.5	-2.15593	32.5113	0	-0.526485	-0.850185	0	5482	5578
ChainingRodShaped	5581	2.63414	0.5	-17.7648	41.2091	0	0.597832	0.801622	0	5237	5580
ChainingRodShaped	5583	2.9772	0.5	-23.6834	44.9928	0	0.851659	-0.524096	0	None	None
ChainingRodShaped	5585	2.43104	0.5	39.5135	56.3334	0	-0.412264	0.911064	0	5508	5584
ChainingRodShaped	5587	2.80947	0.5	5.50662	55.4414	0	0.866705	-0.498821	0	None	None
ChainingRodShaped	5589	2.48824	0.5	-1.78335	21.1836	0	0.174935	0.98458	0	None	None
ChainingRodShaped	5591	2.5185	0.5	10.3889	37.8669	0	-0.767693	0.640818	0	None	None
ChainingRodShaped	5593	2.27634	0.5	-7.2655	41.0002	0	0.00305848	0.999995	0	5240	5592
ChainingRodShaped	5595	2.56852	0.5	16.9503	55.5176	0	-0.382568	-0.923927	0	None	None
ChainingRodShaped	5597	2.50275	0.5	-30.3409	38.1601	0	-0.393455	-0.919344	0	None	None
ChainingRodShaped	5599	2.47585	0.5	49.9778	34.573	0	-0.451468	0.892287	0	None	5598
ChainingRodShaped	5601	2.35748	0.5	14.1174	49.3997	0	-0.880439	-0.47416	0	None	None
ChainingRodShaped	5603	2.28264	0.5	-27.5967	52.5367	0	-0.412557	-0.910932	0	None	None
ChainingRodShaped	5605	2.23808	0.5	22.0995	27.9553	0	0.371386	-0.928478	0	5576	5604
ChainingRodShaped	5607	2.45376	0.5	-35.5972	34.4359	0	0.35919	0.933264	0	5516	5606
ChainingRodShaped	5609	2.59121	0.5	0.367774	19.1501	0	0.204548	-0.978857	0	None	None
ChainingRodShaped	5611	2.65515	0.5	-21.8447	19.737	0	0.0357012	0.999363	0	None	None
ChainingRodShaped	5613	2.29976	0.5	5.75908	46.9459	0	-0.536355	-0.843993	0	None	5612
ChainingRodShaped	5615	2.46079	0.5	29.3741	42.005	0	0.932302	-0.36168	0	5510	5614
ChainingRodShaped	5617	2.38403	0.5	-31.1225	33.7975	0	-0.393583	-0.919289	0	5285	5616
ChainingRodShaped	5619	2.46883	0.5	33.3991	53.9601	0	-0.25408	-0.967183	0	None	None
ChainingRodShaped	5621	2.2822	0.5	-39.9654	49.9545	0	-0.202254	-0.979333	0	5307	5620
ChainingRodShaped	5623	2.43547	0.5	-14.9627	24.9179	0	-0.412087	0.911144	0	None	None
ChainingRodShaped	5625	2.23851	0.5	-4.53859	9.51124	0	-0.491005	0.871157	0	5296	5624
ChainingRodShaped	5627	2.3321	0.5	10.2352	21.8724	0	-0.58954	0.807739	0	5250	5626
ChainingRodShaped	5629	2.4325	0.5	-11.7016	44.1921	0	0.176612	-0.984281	0	None	None
ChainingRodShaped	5631	2.31649	0.5	-26.7235	44.105	0	-0.39137	-0.920233	0	5450	5630
ChainingRodShaped	5633	2.34733	0.5	19.4472	53.8505	0	0.562062	-0.827095	0	None	None
ChainingRodShaped	5635	2.3358	0.5	26.7277	68.7592	0	0.115851	-0.993267	0	None	5634
ChainingRodShaped	5637	2.3032	0.5	-24.1279	29.096	0	0.827249	0.561836	0	None	None
ChainingRodShaped	5639	2.22709	0.5	18.1861	35.0298	0	-0.37311	0.927787	0	None	None
ChainingRodShaped	5641	2.25163	0.5	-14.8093	43.4631	0	0.612554	0.790429	0	None	None
ChainingRodShaped	5643	2.43998	0.5	-15.9274	38.5045	0	-0.679552	-0.733627	0	None	None
ChainingRodShaped	5645	2.29963	0.5	-0.473731	31.4674	0	0.524049	0.851688	0	5248	5644
ChainingRodShaped	5647	2.13348	0.5	32.0923	22.8105	0	0.225035	0.974351	0	5315	5646
ChainingRodShaped	5649	2.13052	0.5	39.4598	36.0007	0	-0.924131	0.382076	0	None	None
ChainingRodShaped	5651	2.23251	0.5	-5.97292	51.2966	0	0.338997	-0.940787	0	None	None
ChainingRodShaped	5653	2.26687	0.5	50.3052	30.01	0	0.94072	-0.339183	0	5311	5652
ChainingRodShaped	5655	2.14112	0.5	8.45899	44.0264	0	0.510968	-0.8596	0	None	5654
ChainingRodShaped	5657	2.22408	0.5	-31.8801	46.5601	0	0.363758	-0.931493	0	None	None
ChainingRodShaped	5659	2.24945	0.5	-13.7836	50.9402	0	-0.472683	-0.881232	0	5694	5658
ChainingRodShaped	5661	2.23398	0.5	-7.41725	28.7927	0	0.0184926	0.999829	0	None	5660
ChainingRodShaped	5663	2.0818	0.5	10.7713	50.9495	0	0.552149	0.833746	0	5283	5662
ChainingRodShaped	5665	2.19497	0.5	-2.98836	44.3394	0	-0.10426	-0.99455	0	None	None
ChainingRodShaped	5667	2.18344	0.5	41.0053	46.3965	0	0.541015	-0.841013	0	5466	5666
ChainingRodShaped	5669	2.2224	0.5	-2.89383	49.5185	0	-0.275336	-0.961348	0	None	None
ChainingRodShaped	5671	2.15446	0.5	27.0323	41.857	0	0.93228	-0.361736	0	5376	5670
ChainingRodShaped	5673	2.15484	0.5	-7.68002	15.175	0	-0.477534	0.878613	0	5624	5672
ChainingRodShaped	5675	2.13238	0.5	-22.7454	43.1544	0	-0.982554	-0.185976	0	None	None
ChainingRodShaped	5677	2.0671	0.5	-24.2444	31.3886	0	-0.232979	0.972482	0	None	None
ChainingRodShaped	5679	2.10587	0.5	-1.61892	47.0497	0	-0.0982451	-0.995162	0	None	None
ChainingRodShaped	5681	2.09503	0.5	38.3912	35.3893	0	-0.927903	0.372822	0	None	None
ChainingRodShaped	5683	2.03468	0.5	43.2917	50.7257	0	0.590064	-0.807356	0	None	None
ChainingRodShaped	5685	2.04971	0.5	-5.07527	46.283	0	0.225129	-0.974329	0	None	None
ChainingRodShaped	5687	2.02905	0.5	-27.9179	29.0743	0	-0.912669	-0.408699	0	None	None
ChainingRodShaped	5689	2.04107	0.5	5.12194	31.8721	0	-0.556339	0.830955	0	5177	5688
ChainingRodShaped	5691	2.04387	0.5	-16.7804	25.0705	0	-0.757444	0.6529	0	None	None
ChainingRodShaped	5693	2.03342	0.5	-11.037	34.1805	0	0.18835	0.982102	0	None	None
ChainingRodShaped	5695	2.01477	0.5	-10.8831	56.356	0	-0.47177	-0.881722	0	5372	5694
