cell_type	cell_id	length	radius	pos_x	pos_y	pos_z	ori_x	ori_y	ori_z	lower_link	upper_link
ChainingRodShaped	5582	2.30338	0.5	-21.119	43.7208	0	0.706822	-0.707391	0	None	None
ChainingRodShaped	5320	3.47143	0.5	6.68725	41.749	0	0.565614	0.82467	0	5321	None
ChainingRodShaped	5148	4.34222	0.5	26.118	46.2586	0	0.125529	-0.99209	0	None	None
ChainingRodShaped	5234	3.34613	0.5	-8.20631	38.3331	0	0.0735682	0.99729	0	5235	None
ChainingRodShaped	5138	4.16572	0.5	18.2917	24.2901	0	0.810793	-0.585333	0	None	None
ChainingRodShaped	5196	3.58987	0.5	-6.25395	28.0907	0	-0.562064	-0.827093	0	5197	None
ChainingRodShaped	5500	2.95829	0.5	-21.4939	33.9747	0	-0.269828	-0.962909	0	None	None
ChainingRodShaped	5310	4.64211	0.5	50.3921	30.8991	0	0.953748	-0.300607	0	5311	None
ChainingRodShaped	5590	2.13378	0.5	8.67874	40.6046	0	-0.500446	0.865768	0	None	None
ChainingRodShaped	5364	3.6901	0.5	1.58007	42.5791	0	-0.194588	-0.980885	0	None	None
ChainingRodShaped	5604	2.00884	0.5	22.1206	25.831	0	0.305631	-0.95215	0	5605	None
ChainingRodShaped	5452	2.75556	0.5	34.9121	44.6245	0	0.860092	0.510139	0	None	None
ChainingRodShaped	5402	3.24054	0.5	-7.70791	52.7658	0	-0.0505776	0.99872	0	5403	None
ChainingRodShaped	5484	2.78566	0.5	4.12158	47.3117	0	-0.583228	0.812308	0	None	None
ChainingRodShaped	5102	4.89063	0.5	-16.0609	26.2156	0	-0.682609	0.730783	0	None	None
ChainingRodShaped	5550	2.37363	0.5	37.3243	39.1432	0	0.944022	-0.329884	0	5551	None
ChainingRodShaped	5426	3.31461	0.5	30.2465	6.7445	0	0.681581	-0.731743	0	5427	None
ChainingRodShaped	5180	4.43604	0.5	3.84856	12.9388	0	-0.0190226	-0.999819	0	5181	None
ChainingRodShaped	5434	2.59242	0.5	34.7698	33.6901	0	0.301523	0.953459	0	5435	None
ChainingRodShaped	5284	4.85502	0.5	-30.9885	32.9171	0	-0.372024	-0.928223	0	5285	None
ChainingRodShaped	5370	3.30256	0.5	-1.49657	26.4688	0	0.314637	0.949212	0	None	None
ChainingRodShaped	5316	3.39409	0.5	13.9905	49.5051	0	-0.656219	-0.754571	0	None	None
ChainingRodShaped	5290	4.28882	0.5	-0.651714	42.4393	0	-0.0652754	-0.997867	0	None	None
ChainingRodShaped	5532	2.42281	0.5	19.5742	26.3212	0	0.547072	-0.837086	0	5533	None
ChainingRodShaped	5304	3.9964	0.5	-12.2752	28.838	0	-0.797433	0.603407	0	None	None
ChainingRodShaped	5506	2.33405	0.5	-18.3028	42.4583	0	-0.470702	-0.882292	0	5507	None
ChainingRodShaped	5584	2.1895	0.5	38.5522	58.4722	0	-0.376948	0.926234	0	5585	None
ChainingRodShaped	5078	4.63634	0.5	-32.0353	51.5402	0	0.302306	0.953211	0	5079	None
ChainingRodShaped	5232	4.55382	0.5	21.5191	48.5134	0	-0.606066	0.795415	0	None	None
ChainingRodShaped	5152	4.53289	0.5	31.6582	37.9484	0	-0.950275	0.311411	0	None	None
ChainingRodShaped	5164	3.84623	0.5	-32.2255	41.0083	0	0.427193	0.90416	0	5165	None
ChainingRodShaped	5476	3.10573	0.5	-32.5503	29.5897	0	-0.993291	-0.115637	0	None	None
ChainingRodShaped	5492	3.0206	0.5	-19.1159	33.6919	0	-0.776214	0.63047	0	None	None
ChainingRodShaped	5478	3.18433	0.5	-8.2128	42.5645	0	0.0401211	-0.999195	0	None	None
ChainingRodShaped	5200	3.97825	0.5	44.7389	35.4488	0	0.939803	-0.341717	0	5502	None
ChainingRodShaped	5394	3.54272	0.5	5.87893	34.4392	0	-0.813904	0.580999	0	5395	None
ChainingRodShaped	5554	2.22089	0.5	-16.1609	31.6616	0	-0.479217	0.877697	0	5555	None
ChainingRodShaped	5260	4.26408	0.5	-10.3914	51.2287	0	0.593239	0.805026	0	5261	None
ChainingRodShaped	5262	3.95074	0.5	-30.0566	42.7594	0	0.692278	-0.72163	0	None	None
ChainingRodShaped	5308	3.33151	0.5	6.37082	26.9528	0	-0.612757	0.790271	0	5309	None
ChainingRodShaped	5124	4.32028	0.5	16.6693	24.2311	0	0.810555	-0.585662	0	None	None
ChainingRodShaped	5442	2.80725	0.5	-43.8334	46.9864	0	-0.613449	-0.789734	0	None	None
ChainingRodShaped	5412	3.31084	0.5	31.2897	44.0291	0	-0.35072	-0.93648	0	5413	None
ChainingRodShaped	5544	2.61575	0.5	-20.8397	53.1024	0	-0.673364	0.739311	0	None	None
ChainingRodShaped	5454	3.08082	0.5	-25.8253	38.9058	0	0.0879685	0.996123	0	None	None
ChainingRodShaped	5522	2.65755	0.5	-11.1342	15.8527	0	0.641006	-0.767536	0	None	None
ChainingRodShaped	5538	2.32334	0.5	10.5407	52.5417	0	0.567304	0.823509	0	None	None
ChainingRodShaped	5228	3.60086	0.5	-25.774	22.1778	0	-0.922556	-0.385864	0	None	None
ChainingRodShaped	5194	4.45364	0.5	0.306983	41.8862	0	-0.064716	-0.997904	0	5195	None
ChainingRodShaped	5176	4.67348	0.5	4.50991	33.2668	0	-0.557402	0.830243	0	5177	None
ChainingRodShaped	5326	3.44429	0.5	-9.24292	37.7554	0	0.0767304	0.997052	0	None	None
ChainingRodShaped	5220	3.93442	0.5	-42.6508	36.4846	0	-0.198926	-0.980014	0	5574	None
ChainingRodShaped	5330	4.18705	0.5	18.6156	30.4745	0	0.320921	-0.947106	0	5331	None
ChainingRodShaped	5282	4.62606	0.5	11.7512	50.8102	0	0.56978	0.821797	0	5283	None
ChainingRodShaped	5350	3.90293	0.5	-26.7997	39.1894	0	-0.0890785	-0.996025	0	None	None
ChainingRodShaped	5568	2.35786	0.5	-7.97221	23.7409	0	-0.555986	-0.831192	0	5569	None
ChainingRodShaped	5292	3.16831	0.5	5.07979	13.2001	0	0.162874	0.986647	0	None	None
ChainingRodShaped	5254	4.28814	0.5	-39.5556	42.8243	0	-0.541471	-0.840719	0	5255	None
ChainingRodShaped	5388	3.72364	0.5	21.9132	30.0019	0	0.317791	-0.948161	0	5389	None
ChainingRodShaped	5060	4.55007	0.5	10.2616	45.8157	0	-0.257268	-0.96634	0	None	None
ChainingRodShaped	5278	4.51629	0.5	-4.64848	45.034	0	0.355941	-0.934508	0	None	None
ChainingRodShaped	5174	4.4997	0.5	-27.2231	48.4472	0	-0.487685	-0.87302	0	None	None
ChainingRodShaped	5302	3.40082	0.5	-34.7618	33.26	0	-0.416478	-0.909146	0	None	None
ChainingRodShaped	5440	2.6311	0.5	29.2833	44.2651	0	0.0935257	-0.995617	0	5441	None
ChainingRodShaped	5274	3.69906	0.5	45.5223	45.1689	0	0.545961	-0.83781	0	None	None
ChainingRodShaped	5548	2.39067	0.5	48.1718	33.7876	0	0.519628	-0.854393	0	5549	None
ChainingRodShaped	5142	4.76953	0.5	41.2518	45.1472	0	0.519147	-0.854685	0	5466	5133
ChainingRodShaped	5496	2.97513	0.5	45.4764	50.4428	0	0.579124	-0.81524	0	None	None
ChainingRodShaped	5318	3.31355	0.5	27.8694	60.0462	0	0.0860541	-0.99629	0	5319	5445
ChainingRodShaped	5366	3.48849	0.5	-33.079	32.2879	0	-0.114213	0.993456	0	None	None
ChainingRodShaped	5602	2.03915	0.5	-28.7569	49.6194	0	-0.325037	-0.945701	0	None	None
ChainingRodShaped	5456	2.86589	0.5	-9.92948	47.456	0	0.216726	-0.976232	0	None	None
ChainingRodShaped	5600	2.04108	0.5	12.4738	46.271	0	-0.320845	-0.947132	0	None	None
ChainingRodShaped	5246	3.98153	0.5	19.0096	38.6293	0	0.320871	-0.947123	0	5247	5389
ChainingRodShaped	5464	2.57409	0.5	-34.3403	50.9165	0	-0.542089	-0.840321	0	5465	5255
ChainingRodShaped	5044	4.99099	0.5	0.85706	17.8829	0	0.44913	-0.893466	0	None	None
ChainingRodShaped	5482	3.05194	0.5	-0.509358	34.7573	0	-0.56485	-0.825193	0	5483	5579
ChainingRodShaped	5570	2.17015	0.5	-23.7179	39.6772	0	-0.978594	-0.205801	0	None	None
ChainingRodShaped	5432	3.19563	0.5	2.18345	36.936	0	0.564997	0.825093	0	5433	5495
ChainingRodShaped	5280	4.40186	0.5	15.4674	39.8772	0	0.313716	-0.949517	0	5281	5331
ChainingRodShaped	5306	4.81088	0.5	-40.2981	48.0639	0	-0.19924	-0.979951	0	5307	5575
ChainingRodShaped	5396	3.35605	0.5	-11.6888	38.6113	0	0.935083	0.35443	0	None	None
ChainingRodShaped	5374	3.19251	0.5	10.1438	24.9195	0	-0.562985	0.826467	0	5375	5177
ChainingRodShaped	5368	3.36788	0.5	0.935615	51.6505	0	-0.0636624	-0.997971	0	5369	5195
ChainingRodShaped	5518	2.53185	0.5	-25.413	24.8148	0	-0.821891	-0.569645	0	None	None
ChainingRodShaped	5468	2.67633	0.5	5.59532	50.7659	0	0.997812	-0.0661129	0	None	None
ChainingRodShaped	5528	2.51019	0.5	-12.4787	19.0654	0	0.262041	-0.965057	0	None	None
ChainingRodShaped	5390	2.89279	0.5	-22.299	37.6281	0	0.119871	0.992789	0	None	None
ChainingRodShaped	5356	3.94958	0.5	-20.841	49.9134	0	-0.246206	0.969218	0	None	None
ChainingRodShaped	5410	3.57562	0.5	34.4141	52.3681	0	-0.351431	-0.936214	0	5411	5413
ChainingRodShaped	5526	2.43118	0.5	-42.9103	49.6855	0	-0.657433	-0.753513	0	None	None
ChainingRodShaped	5566	2.28293	0.5	11.697	24.8124	0	-0.679792	0.733405	0	None	None
ChainingRodShaped	5250	3.55883	0.5	12.6283	18.8782	0	-0.612159	0.790734	0	5251	5309
ChainingRodShaped	5378	2.93616	0.5	-28.4213	44.1326	0	0.195911	-0.980622	0	None	None
ChainingRodShaped	5580	2.32183	0.5	-15.6316	44.1318	0	0.595364	0.803456	0	5581	5261
ChainingRodShaped	5298	4.56168	0.5	-8.30727	17.5308	0	-0.498843	0.866692	0	5299	5439
ChainingRodShaped	5068	4.42324	0.5	20.6339	23.8301	0	-0.811066	0.584954	0	5430	5405
ChainingRodShaped	5338	4.16292	0.5	33.2821	39.5228	0	0.94345	-0.331514	0	5339	5503
ChainingRodShaped	5218	4.84297	0.5	-10.8082	42.5084	0	0.299284	-0.954164	0	None	None
ChainingRodShaped	5324	4.07636	0.5	-18.8959	30.4644	0	-0.14023	0.990119	0	None	None
ChainingRodShaped	5520	2.6244	0.5	-26.3494	31.2133	0	-0.610348	0.792133	0	None	None
ChainingRodShaped	5516	2.73068	0.5	-36.6188	31.7186	0	0.427832	0.903858	0	5517	5165
ChainingRodShaped	5056	4.75366	0.5	37.0045	36.1734	0	-0.946637	0.322302	0	None	None
ChainingRodShaped	5084	4.49517	0.5	18.9276	49.2672	0	0.189409	0.981898	0	None	None
ChainingRodShaped	5488	2.89212	0.5	-35.192	41.5666	0	0.301113	0.953588	0	5489	5079
ChainingRodShaped	5392	2.96117	0.5	43.9313	45.5706	0	-0.395921	0.918285	0	5393	5509
ChainingRodShaped	5286	4.65163	0.5	-14.5872	49.4455	0	-0.46862	-0.8834	0	5287	5507
ChainingRodShaped	5428	2.70769	0.5	-7.9572	19.4044	0	-0.720561	0.693392	0	None	None
ChainingRodShaped	5222	4.42081	0.5	12.4626	37.3669	0	0.535736	-0.844385	0	5223	5231
ChainingRodShaped	5288	3.62951	0.5	-5.01324	43.192	0	0.355927	-0.934514	0	None	None
ChainingRodShaped	5294	3.44468	0.5	14.0957	51.288	0	-0.827422	-0.56158	0	None	None
ChainingRodShaped	5588	2.08568	0.5	-1.14962	24.3614	0	0.330809	0.943698	0	None	None
ChainingRodShaped	5144	4.87655	0.5	-27.2173	42.3313	0	-0.371787	-0.928318	0	5450	5285
ChainingRodShaped	5436	3.09803	0.5	29.4143	16.4066	0	0.287804	0.957689	0	5437	5315
ChainingRodShaped	5226	3.66718	0.5	4.04195	23.3361	0	-0.0178676	-0.99984	0	5536	5181
ChainingRodShaped	5556	2.46428	0.5	19.1939	18.6041	0	0.686844	-0.726805	0	5557	5387
ChainingRodShaped	5510	2.42729	0.5	25.421	43.4021	0	0.9376	-0.347715	0	5511	5089
ChainingRodShaped	5272	4.34291	0.5	-20.1407	23.7161	0	-0.0266711	0.999644	0	None	None
ChainingRodShaped	5424	3.84105	0.5	11.9078	41.8672	0	-0.684305	0.729196	0	None	None
ChainingRodShaped	5240	4.34525	0.5	-6.99962	36.9847	0	-0.0357833	0.99936	0	5241	5593
ChainingRodShaped	5416	3.10035	0.5	30.4831	47.5919	0	-0.331456	-0.943471	0	None	None
ChainingRodShaped	5558	2.17053	0.5	18.2461	37.7678	0	0.315191	-0.949028	0	5559	5577
ChainingRodShaped	5202	4.21488	0.5	2.94471	45.09	0	-0.0230355	-0.999735	0	None	None
ChainingRodShaped	5400	3.444	0.5	10.6772	32.2331	0	0.814252	-0.580512	0	None	None
ChainingRodShaped	5300	3.89155	0.5	33.0949	36.4383	0	0.951286	-0.30831	0	5301	5481
ChainingRodShaped	5458	2.79306	0.5	-17.1881	35.1713	0	-0.754628	-0.656153	0	None	None
ChainingRodShaped	5352	4.23538	0.5	-0.793088	36.1004	0	-0.565065	-0.825046	0	5353	5197
ChainingRodShaped	5332	3.82514	0.5	12.5492	27.0018	0	0.731169	-0.682196	0	None	None
ChainingRodShaped	5382	3.13009	0.5	-8.91367	28.8087	0	0.0744712	0.997223	0	5383	5235
ChainingRodShaped	5420	2.91355	0.5	23.8986	46.4343	0	0.0225646	-0.999745	0	None	None
ChainingRodShaped	5248	3.8107	0.5	-2.14567	28.8385	0	0.563873	0.825861	0	5249	5063
ChainingRodShaped	5384	3.08039	0.5	-27.0126	46.3008	0	-0.349252	-0.937029	0	None	None
ChainingRodShaped	5045	4.53732	0.5	0.424778	21.9943	0	0.254796	-0.966995	0	None	None
ChainingRodShaped	5530	2.48642	0.5	-40.9803	55.3378	0	-0.969736	-0.244156	0	None	None
ChainingRodShaped	5414	3.81582	0.5	8.33976	36.8874	0	-0.655484	0.755209	0	None	None
ChainingRodShaped	5552	2.37286	0.5	-27.7968	36.3701	0	-0.221781	0.975096	0	None	None
ChainingRodShaped	5446	2.87174	0.5	-9.18297	41.902	0	0.0406918	-0.999172	0	None	None
ChainingRodShaped	5322	4.18379	0.5	-23.1884	41.8315	0	-0.968942	-0.247287	0	None	None
ChainingRodShaped	5504	2.84035	0.5	49.7232	33.9263	0	0.0520229	-0.998646	0	None	None
ChainingRodShaped	5336	3.56547	0.5	-9.23675	22.0311	0	-0.699908	0.714233	0	None	None
ChainingRodShaped	5474	2.81454	0.5	11.793	43.9053	0	0.489846	-0.871809	0	None	None
ChainingRodShaped	5063	4.86258	0.5	0.859364	33.2413	0	0.563645	0.826017	0	5248	5321
ChainingRodShaped	5560	2.49016	0.5	8.60309	51.481	0	-0.566096	-0.824339	0	None	None
ChainingRodShaped	5270	3.99943	0.5	-13.5228	22.2834	0	-0.143032	-0.989718	0	None	None
ChainingRodShaped	5430	3.16809	0.5	24.5228	21.0287	0	-0.811786	0.583956	0	5431	5068
ChainingRodShaped	5348	4.31638	0.5	-21.5491	45.5456	0	0.709405	-0.704801	0	None	None
ChainingRodShaped	5372	3.46793	0.5	-9.66114	58.7467	0	-0.467587	-0.883947	0	5373	5287
ChainingRodShaped	5075	4.45541	0.5	16.8318	52.893	0	-0.335179	-0.942155	0	None	None
ChainingRodShaped	5542	2.25697	0.5	-30.3695	46.0926	0	0.627551	-0.778576	0	None	None
ChainingRodShaped	5079	4.70309	0.5	-33.7469	46.1375	0	0.301688	0.953407	0	5488	5078
ChainingRodShaped	5404	3.76453	0.5	12.681	29.57	0	-0.811752	0.584002	0	5405	5395
ChainingRodShaped	5083	4.95196	0.5	5.29746	44.9594	0	-0.567327	-0.823493	0	None	5353
ChainingRodShaped	5342	4.12569	0.5	15.7629	42.1041	0	-0.315401	0.948958	0	None	None
ChainingRodShaped	5562	2.20398	0.5	14.3743	54.3249	0	-0.666308	-0.745676	0	None	None
ChainingRodShaped	5089	4.94002	0.5	29.8175	41.8015	0	0.940898	-0.338691	0	5510	5551
ChainingRodShaped	5494	2.43889	0.5	6.59589	43.3604	0	0.567582	0.823317	0	5495	5283
ChainingRodShaped	5312	3.39054	0.5	24.6565	39.1674	0	0.951512	-0.307611	0	5313	5301
ChainingRodShaped	5296	3.51189	0.5	-2.86552	8.19896	0	-0.50711	0.861882	0	5297	5299
ChainingRodShaped	5490	3.04632	0.5	-19.1245	47.1539	0	-0.234107	0.972211	0	None	None
ChainingRodShaped	5314	4.6902	0.5	32.2079	25.528	0	0.297135	0.954835	0	5315	5435
ChainingRodShaped	5101	4.31115	0.5	-6.95387	55.02	0	0.853242	-0.521515	0	None	None
ChainingRodShaped	5354	4.13442	0.5	-16.2154	22.573	0	0.905904	0.423483	0	None	None
ChainingRodShaped	5380	3.11386	0.5	14.2311	23.7781	0	0.697092	-0.716982	0	5381	5557
ChainingRodShaped	5346	3.32984	0.5	44.6715	49.8567	0	0.579341	-0.815085	0	None	None
ChainingRodShaped	5109	4.64224	0.5	2.21181	18.8925	0	0.208025	-0.978124	0	None	None
ChainingRodShaped	5276	4.62841	0.5	-2.84582	42.898	0	0.000684961	-1	0	None	None
ChainingRodShaped	5113	4.09948	0.5	-29.8386	57.8867	0	-0.542839	-0.839837	0	None	5465
ChainingRodShaped	5596	2.08317	0.5	-31.5304	35.0499	0	-0.449628	-0.893216	0	None	None
ChainingRodShaped	5480	3.02881	0.5	40.7077	33.9676	0	0.952286	-0.305209	0	5481	5311
ChainingRodShaped	5340	3.59628	0.5	-1.14448	20.6724	0	0.238065	0.971249	0	None	None
ChainingRodShaped	5462	2.61482	0.5	30.7435	45.3881	0	-0.351142	-0.936322	0	None	None
ChainingRodShaped	5360	3.73617	0.5	-37.7025	33.6062	0	0.300546	0.953767	0	5361	5489
ChainingRodShaped	5514	2.97353	0.5	15.3421	21.211	0	-0.688789	0.724962	0	None	None
ChainingRodShaped	5362	3.99458	0.5	-23.3956	36.7904	0	0.0973253	0.995253	0	None	None
ChainingRodShaped	5598	2.08603	0.5	47.0148	38.5343	0	-0.40645	0.913673	0	5599	5393
ChainingRodShaped	5131	4.68879	0.5	-18.0765	25.2784	0	-0.735761	0.677241	0	None	None
ChainingRodShaped	5133	4.5377	0.5	44.1911	40.3176	0	0.520641	-0.853776	0	5142	5549
ChainingRodShaped	5376	3.66866	0.5	23.4909	43.0643	0	0.936806	-0.349849	0	5377	5339
ChainingRodShaped	5564	2.35302	0.5	1.4646	59.995	0	-0.0629645	-0.998016	0	5565	5369
ChainingRodShaped	5328	4.06642	0.5	14.1393	27.2644	0	0.817123	-0.576464	0	None	None
ChainingRodShaped	5141	4.67668	0.5	12.7935	39.5069	0	-0.687644	0.726048	0	None	None
ChainingRodShaped	5466	2.91062	0.5	38.7426	49.2844	0	0.517714	-0.855554	0	5467	5142
ChainingRodShaped	5450	3.22429	0.5	-25.3398	47.0171	0	-0.372153	-0.928171	0	5451	5144
ChainingRodShaped	5422	3.10495	0.5	37.3222	60.0649	0	-0.355712	-0.934596	0	5423	5411
ChainingRodShaped	5334	3.9767	0.5	24.8804	47.027	0	0.0229098	-0.999738	0	None	None
ChainingRodShaped	5358	3.69683	0.5	15.5197	17.1024	0	-0.569459	0.82202	0	5359	5375
ChainingRodShaped	5344	3.16241	0.5	33.2357	38.4877	0	-0.94423	0.329286	0	None	None
ChainingRodShaped	5155	4.863	0.5	-22.8659	30.3727	0	0.745178	0.666865	0	None	None
ChainingRodShaped	5572	2.33825	0.5	18.9928	45.8144	0	0.935549	-0.353198	0	5573	5511
ChainingRodShaped	5534	2.38584	0.5	3.65298	40.8253	0	-0.566355	-0.824162	0	5535	5483
ChainingRodShaped	5444	3.021	0.5	28.5626	52.1358	0	0.0889276	-0.996038	0	5445	5441
ChainingRodShaped	5386	2.87235	0.5	24.329	13.1116	0	0.680235	-0.732994	0	5387	5427
ChainingRodShaped	5165	4.99262	0.5	-34.5406	36.1112	0	0.427568	0.903983	0	5516	5164
ChainingRodShaped	5406	3.63096	0.5	-2.86173	29.5459	0	0.562988	0.826465	0	5407	5433
ChainingRodShaped	5438	3.30228	0.5	-12.7227	25.3808	0	-0.481795	0.876284	0	5439	5555
ChainingRodShaped	5171	4.89571	0.5	32.3698	52.1779	0	-0.467416	-0.884038	0	None	None
ChainingRodShaped	5592	2.09551	0.5	-7.29008	44.2296	0	-0.0457084	0.998955	0	5593	5403
ChainingRodShaped	5175	4.20227	0.5	-26.3552	51.8491	0	-0.560468	-0.828176	0	None	None
ChainingRodShaped	5177	4.15435	0.5	7.52718	28.782	0	-0.559129	0.829081	0	5374	5176
ChainingRodShaped	5512	2.89754	0.5	-26.5677	26.8965	0	-0.0390081	0.999239	0	None	None
ChainingRodShaped	5181	4.35075	0.5	3.95027	18.3299	0	-0.0186905	-0.999825	0	5226	5180
ChainingRodShaped	5183	3.92187	0.5	-3.18182	24.7392	0	-0.345144	-0.93855	0	None	None
ChainingRodShaped	5398	3.30015	0.5	-23.1507	28.7875	0	-0.747252	-0.664541	0	None	None
ChainingRodShaped	5418	2.92871	0.5	-13.6527	35.6045	0	0.085506	0.996338	0	None	None
ChainingRodShaped	5576	2.17968	0.5	20.2527	31.6361	0	0.307557	-0.95153	0	5577	5605
ChainingRodShaped	5408	3.77035	0.5	-11.6152	51.4325	0	-0.637955	-0.770074	0	None	None
ChainingRodShaped	5193	4.65764	0.5	-29.0082	29.0314	0	-0.991499	-0.130116	0	None	None
ChainingRodShaped	5195	3.87799	0.5	0.640038	47.0396	0	-0.0642493	-0.997934	0	5368	5194
ChainingRodShaped	5197	3.78885	0.5	-3.6176	31.9657	0	-0.562991	-0.826463	0	5352	5196
ChainingRodShaped	5486	2.53799	0.5	-28.6125	52.8359	0	-0.362181	-0.932108	0	None	None
ChainingRodShaped	5502	2.76719	0.5	40.6382	36.9298	0	0.941558	-0.33685	0	5503	5200
ChainingRodShaped	5470	2.59492	0.5	4.35535	48.6818	0	-0.583162	0.812356	0	None	None
ChainingRodShaped	5205	4.84211	0.5	20.143	52.0743	0	0.582242	-0.813016	0	None	None
ChainingRodShaped	5207	3.75078	0.5	17.9117	49.2277	0	-0.193	-0.981199	0	None	None
ChainingRodShaped	5209	4.83084	0.5	-17.1993	36.4761	0	-0.752793	-0.658257	0	None	None
ChainingRodShaped	5448	2.80344	0.5	-18.9849	37.6618	0	-0.704831	-0.709376	0	None	None
ChainingRodShaped	5586	2.25095	0.5	6.7156	52.3934	0	0.643734	-0.76525	0	None	None
ChainingRodShaped	5472	2.96198	0.5	-14.4868	33.2	0	0.997404	-0.072002	0	None	None
ChainingRodShaped	5546	2.26347	0.5	43.9697	54.2657	0	0.547932	-0.836523	0	None	None
ChainingRodShaped	5219	4.82446	0.5	-13.4647	44.5481	0	0.747782	0.663945	0	None	None
ChainingRodShaped	5574	2.28852	0.5	-41.8331	40.512	0	-0.199035	-0.979992	0	5575	5220
ChainingRodShaped	5223	4.74524	0.5	9.48669	42.086	0	0.531229	-0.847228	0	None	5222
ChainingRodShaped	5578	2.12961	0.5	-4.34291	29.1333	0	-0.561118	-0.827736	0	5579	5569
ChainingRodShaped	5536	2.32952	0.5	4.11181	27.3318	0	-0.0169431	-0.999856	0	5537	5226
ChainingRodShaped	5460	3.38849	0.5	-24.7081	24.0906	0	-0.821482	-0.570234	0	None	None
ChainingRodShaped	5231	4.27751	0.5	15.3381	32.8618	0	0.540354	-0.841437	0	5222	5533
ChainingRodShaped	5233	4.37941	0.5	21.2178	47.2708	0	-0.607493	0.794325	0	None	None
ChainingRodShaped	5235	4.32199	0.5	-8.56303	33.5169	0	0.0741061	0.99725	0	5382	5234
ChainingRodShaped	5237	4.41119	0.5	-20.1556	38.0608	0	0.599134	0.800649	0	None	5581
ChainingRodShaped	5508	2.59213	0.5	41.0177	52.4615	0	-0.382979	0.923757	0	5509	5585
ChainingRodShaped	5241	4.70369	0.5	-6.81059	31.4678	0	-0.0328387	0.999461	0	None	5240
ChainingRodShaped	5243	3.68807	0.5	-25.1921	32.699	0	-0.182703	0.983168	0	None	None
ChainingRodShaped	5498	2.58764	0.5	9.41274	49.1762	0	-0.571435	-0.820647	0	None	None
ChainingRodShaped	5247	4.38919	0.5	17.3362	43.536	0	0.324575	-0.94586	0	None	5246
ChainingRodShaped	5249	4.18072	0.5	-4.96236	24.719	0	0.564954	0.825123	0	None	5248
ChainingRodShaped	5251	4.44642	0.5	15.6885	14.9224	0	-0.611643	0.791134	0	None	5250
ChainingRodShaped	5253	4.07385	0.5	-15.1034	20.025	0	0.805753	-0.592252	0	None	None
ChainingRodShaped	5255	4.1999	0.5	-36.7163	47.2313	0	-0.541735	-0.84055	0	5464	5254
ChainingRodShaped	5257	3.31623	0.5	15.9719	44.5354	0	0.320737	-0.947168	0	None	5559
ChainingRodShaped	5524	2.46976	0.5	-19.385	50.1663	0	-0.601191	0.799106	0	None	None
ChainingRodShaped	5261	3.53546	0.5	-13.2982	47.2875	0	0.593957	0.804497	0	5580	5260
ChainingRodShaped	5263	4.68813	0.5	-30.8909	45.0584	0	0.691249	-0.722616	0	None	None
ChainingRodShaped	5540	2.64245	0.5	9.60792	36.9473	0	-0.654822	0.755783	0	None	None
ChainingRodShaped	5267	4.23935	0.5	-30.358	52.1962	0	-0.0117276	-0.999931	0	None	None
ChainingRodShaped	5269	3.73846	0.5	15.9298	19.151	0	-0.690442	0.723388	0	None	None
ChainingRodShaped	5271	3.77911	0.5	-14.6249	26.7894	0	0.483421	-0.875388	0	None	None
ChainingRodShaped	5273	4.93164	0.5	-21.542	21.5493	0	0.161828	0.986819	0	None	None
ChainingRodShaped	5275	4.53626	0.5	43.8285	49.3293	0	0.579584	-0.814912	0	None	None
ChainingRodShaped	5277	4.61574	0.5	-3.41941	47.8233	0	-0.15651	-0.987676	0	None	None
ChainingRodShaped	5279	4.68317	0.5	-5.56884	49.5038	0	0.462985	-0.886366	0	None	None
ChainingRodShaped	5281	3.31159	0.5	13.9491	44.4877	0	0.311635	-0.950202	0	None	5280
ChainingRodShaped	5283	3.53965	0.5	8.85942	46.6363	0	0.569097	0.82227	0	5494	5282
ChainingRodShaped	5285	3.28074	0.5	-29.1045	37.6192	0	-0.371791	-0.928316	0	5144	5284
ChainingRodShaped	5287	4.47202	0.5	-11.9845	54.3567	0	-0.467909	-0.883776	0	5372	5286
ChainingRodShaped	5289	3.62035	0.5	-6.4515	47.3928	0	0.0465382	-0.998917	0	None	None
ChainingRodShaped	5291	4.51687	0.5	-1.88436	45.4929	0	0.128392	-0.991724	0	None	None
ChainingRodShaped	5293	4.05283	0.5	1.36666	13.6231	0	0.673904	-0.738819	0	None	None
ChainingRodShaped	5594	2.04491	0.5	14.7197	53.157	0	-0.693952	-0.720021	0	None	None
ChainingRodShaped	5297	4.22149	0.5	-0.397407	4.00849	0	-0.507808	0.86147	0	None	5296
ChainingRodShaped	5299	4.77835	0.5	-5.46518	12.6327	0	-0.504736	0.863274	0	5296	5298
ChainingRodShaped	5301	3.23882	0.5	28.7573	37.8421	0	0.951562	-0.307457	0	5312	5300
ChainingRodShaped	5303	4.3748	0.5	-31.9936	36.8945	0	-0.494052	-0.869432	0	None	None
ChainingRodShaped	5305	4.32249	0.5	-11.4936	26.179	0	-0.578835	0.815445	0	None	None
ChainingRodShaped	5307	4.29929	0.5	-39.192	53.5054	0	-0.199168	-0.979965	0	None	5306
ChainingRodShaped	5309	4.77305	0.5	9.46557	22.9607	0	-0.612624	0.790375	0	5250	5308
ChainingRodShaped	5311	4.33187	0.5	45.1629	32.5502	0	0.953415	-0.301661	0	5480	5310
ChainingRodShaped	5313	2.96881	0.5	20.683	40.453	0	0.95136	-0.308082	0	None	5312
ChainingRodShaped	5315	3.67468	0.5	30.6835	20.5911	0	0.292439	0.956284	0	5436	5314
ChainingRodShaped	5317	3.33588	0.5	16.9036	50.1454	0	-0.334351	-0.942449	0	None	None
ChainingRodShaped	5319	4.74551	0.5	27.4382	65.0531	0	0.0856271	-0.996327	0	None	5318
ChainingRodShaped	5321	4.15788	0.5	3.96786	37.7851	0	0.565783	0.824554	0	5063	5320
ChainingRodShaped	5323	3.91934	0.5	-21.7499	41.1115	0	-0.977169	-0.212464	0	None	None
ChainingRodShaped	5325	4.43784	0.5	-17.7292	26.3027	0	-0.736861	0.676044	0	None	None
ChainingRodShaped	5327	4.41942	0.5	-11.067	35.9904	0	0.379191	0.925319	0	None	None
ChainingRodShaped	5329	3.60528	0.5	10.2362	30.1048	0	0.822572	-0.568661	0	None	None
ChainingRodShaped	5331	3.62581	0.5	17.0488	35.122	0	0.317748	-0.948175	0	5280	5330
ChainingRodShaped	5333	3.83456	0.5	8.27716	29.8556	0	0.448265	-0.893901	0	None	None
ChainingRodShaped	5335	4.20695	0.5	23.4067	50.9418	0	0.206257	-0.978498	0	None	None
ChainingRodShaped	5337	3.47166	0.5	-6.09976	22.0259	0	-0.99998	-0.0062879	0	None	None
ChainingRodShaped	5339	4.52777	0.5	28.2617	41.3132	0	0.940402	-0.340065	0	5376	5338
ChainingRodShaped	5341	3.16725	0.5	-1.84949	17.3587	0	0.75118	0.660098	0	None	None
ChainingRodShaped	5343	4.71671	0.5	17.4729	36.9653	0	-0.313556	0.94957	0	None	None
ChainingRodShaped	5345	4.64551	0.5	37.8652	36.8839	0	-0.943942	0.330112	0	None	None
ChainingRodShaped	5347	3.9106	0.5	42.0093	53.6235	0	0.548399	-0.836217	0	None	None
ChainingRodShaped	5349	4.31975	0.5	-23.3262	48.7185	0	-0.472302	-0.881437	0	None	None
ChainingRodShaped	5351	4.45335	0.5	-24.1126	42.6152	0	-0.968608	-0.248594	0	None	None
ChainingRodShaped	5353	4.16917	0.5	2.1475	40.3842	0	-0.566796	-0.823858	0	5083	5352
ChainingRodShaped	5355	3.71372	0.5	-19.0621	21.8454	0	0.0863593	0.996264	0	None	None
ChainingRodShaped	5357	3.42192	0.5	-20.3018	46.1512	0	-0.56598	0.824419	0	None	None
ChainingRodShaped	5359	2.84839	0.5	17.9526	13.5933	0	-0.570101	0.821575	0	None	5358
ChainingRodShaped	5361	2.85929	0.5	-38.9935	29.5089	0	0.300504	0.953781	0	None	5360
ChainingRodShaped	5363	4.41034	0.5	-24.2503	32.9971	0	-0.182521	0.983202	0	None	None
ChainingRodShaped	5365	3.63655	0.5	1.94106	47.0541	0	-0.230819	-0.972997	0	None	None
ChainingRodShaped	5367	4.16889	0.5	-29.0185	32.2181	0	-0.80497	-0.593315	0	None	None
ChainingRodShaped	5369	3.50583	0.5	1.21683	56.0757	0	-0.0631914	-0.998001	0	5564	5368
ChainingRodShaped	5371	3.61766	0.5	-2.8077	22.221	0	0.226301	0.974057	0	None	None
ChainingRodShaped	5373	3.40476	0.5	-7.58786	62.6666	0	-0.467497	-0.883995	0	None	5372
ChainingRodShaped	5375	4.0553	0.5	12.7526	21.1106	0	-0.566834	0.823832	0	5358	5374
ChainingRodShaped	5377	3.33332	0.5	19.2919	44.6476	0	0.934539	-0.35586	0	None	5376
ChainingRodShaped	5379	2.90098	0.5	-29.8105	47.7252	0	0.344987	-0.938607	0	None	None
ChainingRodShaped	5381	3.36115	0.5	11.2753	26.8073	0	0.699493	-0.714639	0	None	5380
ChainingRodShaped	5383	2.76031	0.5	-9.20745	24.8788	0	0.0746232	0.997212	0	None	5382
ChainingRodShaped	5385	3.32989	0.5	-25.2024	50.0398	0	-0.372128	-0.928182	0	None	None
ChainingRodShaped	5387	2.86357	0.5	21.6975	15.9383	0	0.682603	-0.73079	0	5556	5386
ChainingRodShaped	5389	3.25327	0.5	20.4857	34.256	0	0.318567	-0.9479	0	5246	5388
ChainingRodShaped	5391	3.63652	0.5	-22.7686	33.3984	0	0.124002	0.992282	0	None	None
ChainingRodShaped	5393	3.16819	0.5	45.5513	41.8485	0	-0.402049	0.915618	0	5598	5392
ChainingRodShaped	5395	2.717	0.5	9.23782	32.04	0	-0.813497	0.581569	0	5404	5394
ChainingRodShaped	5397	3.21935	0.5	-12.2236	36.0134	0	0.329419	0.944184	0	None	None
ChainingRodShaped	5399	4.02112	0.5	-20.6166	29.9382	0	-0.268015	-0.963415	0	None	None
ChainingRodShaped	5401	3.61426	0.5	6.99363	34.8618	0	0.812488	-0.582979	0	None	None
ChainingRodShaped	5403	3.88804	0.5	-7.48074	48.2114	0	-0.049115	0.998793	0	5592	5402
ChainingRodShaped	5405	3.72186	0.5	16.5246	26.7976	0	-0.810352	0.585943	0	5068	5404
ChainingRodShaped	5407	2.77772	0.5	-5.22628	26.073	0	0.562587	0.826738	0	None	5406
ChainingRodShaped	5409	3.67285	0.5	-10.626	54.7832	0	-0.466498	-0.884522	0	None	None
ChainingRodShaped	5411	2.90353	0.5	35.9048	56.3274	0	-0.353457	-0.935451	0	5422	5410
ChainingRodShaped	5413	3.48484	0.5	32.8277	48.1364	0	-0.350641	-0.93651	0	5410	5412
ChainingRodShaped	5415	3.22059	0.5	10.0098	33.9295	0	-0.814722	0.579852	0	None	None
ChainingRodShaped	5417	2.73293	0.5	30.2275	50.1365	0	-0.269342	-0.963045	0	None	None
ChainingRodShaped	5419	3.17068	0.5	-16.0759	34.3739	0	0.879278	0.47631	0	None	None
ChainingRodShaped	5421	3.55576	0.5	22.5834	50.0184	0	0.20591	-0.978571	0	None	None
ChainingRodShaped	5423	3.68135	0.5	38.8864	64.1655	0	-0.356957	-0.934121	0	None	5422
ChainingRodShaped	5425	3.78374	0.5	13.6585	42.2294	0	-0.315202	0.949025	0	None	None
ChainingRodShaped	5427	3.60677	0.5	27.2102	10.0084	0	0.680635	-0.732622	0	5386	5426
ChainingRodShaped	5429	2.96939	0.5	-5.56763	21.0428	0	-0.99998	-0.0063195	0	None	None
ChainingRodShaped	5431	2.6032	0.5	27.6761	18.761	0	-0.811954	0.583721	0	None	5430
ChainingRodShaped	5433	3.54818	0.5	-0.279446	33.3331	0	0.563733	0.825957	0	5406	5432
ChainingRodShaped	5435	2.94833	0.5	33.6408	30.1112	0	0.300178	0.953883	0	5314	5434
ChainingRodShaped	5437	3.28883	0.5	28.2174	12.3995	0	0.284748	0.958603	0	None	5436
ChainingRodShaped	5439	3.08536	0.5	-10.6901	21.7176	0	-0.488922	0.872327	0	5298	5438
ChainingRodShaped	5441	3.09456	0.5	28.9274	48.1029	0	0.0912535	-0.995828	0	5444	5440
ChainingRodShaped	5443	2.91582	0.5	-41.3513	49.8333	0	-0.516382	-0.856358	0	None	None
ChainingRodShaped	5445	2.78722	0.5	28.2194	56.0172	0	0.087166	-0.996194	0	5318	5444
ChainingRodShaped	5447	3.22231	0.5	-10.4774	45.3625	0	0.216956	-0.976181	0	None	None
ChainingRodShaped	5449	3.20849	0.5	-16.744	40.8414	0	-0.651879	-0.758323	0	None	None
ChainingRodShaped	5451	3.22581	0.5	-23.7679	50.9371	0	-0.372234	-0.928139	0	None	5450
ChainingRodShaped	5453	2.88193	0.5	32.284	43.4952	0	0.429225	0.903197	0	None	None
ChainingRodShaped	5455	3.34802	0.5	-24.9073	37.0287	0	0.410304	0.911949	0	None	None
ChainingRodShaped	5457	3.53044	0.5	-8.89291	50.168	0	-0.134348	-0.990934	0	None	None
ChainingRodShaped	5459	2.99519	0.5	-14.5829	37.3891	0	-0.376216	-0.926532	0	None	None
ChainingRodShaped	5461	2.68282	0.5	-22.0036	26.5706	0	-0.922047	-0.387078	0	None	None
ChainingRodShaped	5463	3.51708	0.5	32.155	49.1951	0	-0.358376	-0.933577	0	None	None
ChainingRodShaped	5465	2.96432	0.5	-32.2973	54.0816	0	-0.542525	-0.84004	0	5113	5464
ChainingRodShaped	5467	2.84775	0.5	36.7368	52.6028	0	0.516926	-0.85603	0	None	5466
ChainingRodShaped	5469	3.35292	0.5	3.89597	51.8235	0	0.99835	0.0574275	0	None	None
ChainingRodShaped	5471	2.48447	0.5	6.08164	49.7397	0	-0.997301	0.0734195	0	None	None
ChainingRodShaped	5473	3.10278	0.5	-16.7501	29.6518	0	-0.169617	0.98551	0	None	None
ChainingRodShaped	5475	3.16714	0.5	11.8147	47.9211	0	-0.217053	-0.97616	0	None	None
ChainingRodShaped	5477	3.22742	0.5	-28.4991	30.244	0	-0.999278	-0.0379853	0	None	None
ChainingRodShaped	5479	2.71932	0.5	-8.59419	46.364	0	-0.113222	-0.99357	0	None	None
ChainingRodShaped	5481	2.548	0.5	37.1078	35.1324	0	0.950452	-0.31087	0	5300	5480
ChainingRodShaped	5483	2.65258	0.5	1.66402	37.9287	0	-0.565769	-0.824563	0	5534	5482
ChainingRodShaped	5485	3.05333	0.5	6.80266	48.0519	0	-0.869391	0.494125	0	None	None
ChainingRodShaped	5487	2.87086	0.5	-28.2061	56.323	0	-0.244197	-0.969726	0	None	None
ChainingRodShaped	5489	3.04016	0.5	-36.3843	37.7881	0	0.300737	0.953707	0	5360	5488
ChainingRodShaped	5491	2.80856	0.5	-18.7677	43.6928	0	0.469028	0.883183	0	None	None
ChainingRodShaped	5493	2.8081	0.5	-17.8858	30.378	0	-0.145259	0.989394	0	None	None
ChainingRodShaped	5495	2.99378	0.5	4.4944	40.3059	0	0.56614	0.824309	0	5432	5494
ChainingRodShaped	5497	2.80684	0.5	43.2155	53.5964	0	0.548553	-0.836116	0	None	None
ChainingRodShaped	5499	3.0663	0.5	11.5892	52.3128	0	-0.568783	-0.822488	0	None	None
ChainingRodShaped	5501	2.59133	0.5	-18.8256	36.3683	0	-0.750589	-0.660769	0	None	None
ChainingRodShaped	5503	2.36317	0.5	37.2909	38.1158	0	0.943648	-0.33095	0	5338	5502
ChainingRodShaped	5505	2.51977	0.5	48.6169	37.3857	0	0.407618	-0.913152	0	None	None
ChainingRodShaped	5507	2.42605	0.5	-16.7146	45.4395	0	-0.469673	-0.88284	0	5286	5506
ChainingRodShaped	5509	2.71625	0.5	42.4263	49.0957	0	-0.389132	0.921182	0	5392	5508
ChainingRodShaped	5511	2.49429	0.5	22.1842	44.6115	0	0.935956	-0.352116	0	5572	5510
ChainingRodShaped	5513	2.67152	0.5	-27.4431	23.9909	0	-0.0922783	0.995733	0	None	None
ChainingRodShaped	5515	2.71815	0.5	17.992	18.4313	0	-0.68535	0.728214	0	None	None
ChainingRodShaped	5517	2.84306	0.5	-38.2385	28.2974	0	0.427922	0.903816	0	None	5516
ChainingRodShaped	5519	2.86728	0.5	-23.1429	27.4672	0	-0.748439	-0.663203	0	None	None
ChainingRodShaped	5521	2.65989	0.5	-25.5648	27.8709	0	-0.117379	0.993087	0	None	None
ChainingRodShaped	5523	2.79922	0.5	-14.0572	18.0166	0	0.805002	-0.593272	0	None	None
ChainingRodShaped	5525	2.365	0.5	-17.7045	47.3115	0	-0.202079	0.979369	0	None	None
ChainingRodShaped	5527	2.33763	0.5	-40.9491	52.4196	0	-0.603324	-0.797496	0	None	None
ChainingRodShaped	5529	2.45621	0.5	-12.1482	21.7924	0	0.230946	-0.972967	0	None	None
ChainingRodShaped	5531	2.58421	0.5	-37.6326	55.9331	0	-0.746896	0.664941	0	None	None
ChainingRodShaped	5533	2.44981	0.5	17.7005	29.1981	0	0.544285	-0.8389	0	5231	5532
ChainingRodShaped	5535	2.49517	0.5	5.60032	43.6579	0	-0.56666	-0.823952	0	None	5534
ChainingRodShaped	5537	2.48414	0.5	4.16838	30.7364	0	-0.0163176	-0.999867	0	None	5536
ChainingRodShaped	5539	2.63292	0.5	8.5654	49.6883	0	0.572974	0.819573	0	None	None
ChainingRodShaped	5541	2.54148	0.5	11.4492	34.1636	0	-0.785606	0.618727	0	None	None
ChainingRodShaped	5543	2.31109	0.5	-31.312	49.1104	0	0.0722449	-0.997387	0	None	None
ChainingRodShaped	5545	2.62235	0.5	-18.2822	50.5939	0	-0.637516	0.770437	0	None	None
ChainingRodShaped	5547	2.53397	0.5	41.7966	56.8026	0	0.56957	-0.821943	0	None	None
ChainingRodShaped	5549	2.17713	0.5	46.4613	36.5957	0	0.520822	-0.853665	0	5133	5548
ChainingRodShaped	5551	2.31174	0.5	34.1714	40.248	0	0.943399	-0.331659	0	5089	5550
ChainingRodShaped	5553	2.29726	0.5	-26.3893	33.7419	0	-0.182913	0.983129	0	None	None
ChainingRodShaped	5555	2.40416	0.5	-14.5737	28.7564	0	-0.479694	0.877436	0	5438	5554
ChainingRodShaped	5557	2.39362	0.5	16.8347	21.083	0	0.691995	-0.721902	0	5380	5556
ChainingRodShaped	5559	2.40254	0.5	17.2053	40.8816	0	0.318628	-0.94788	0	5257	5558
ChainingRodShaped	5561	2.38339	0.5	8.23946	54.261	0	-0.0304789	-0.999535	0	None	None
ChainingRodShaped	5563	2.47985	0.5	16.5557	56.8417	0	-0.66789	-0.74426	0	None	None
ChainingRodShaped	5565	2.31736	0.5	1.67438	63.3221	0	-0.0628987	-0.99802	0	None	5564
ChainingRodShaped	5567	2.20906	0.5	13.2786	22.0834	0	-0.563739	0.825953	0	None	None
ChainingRodShaped	5569	2.27729	0.5	-6.12999	26.4873	0	-0.558293	-0.829644	0	5578	5568
ChainingRodShaped	5571	2.18725	0.5	-20.6057	40.2309	0	-0.964721	-0.263273	0	None	None
ChainingRodShaped	5573	2.3745	0.5	15.8578	46.9975	0	0.935644	-0.352945	0	None	5572
ChainingRodShaped	5575	2.16193	0.5	-41.1914	43.6701	0	-0.19921	-0.979957	0	5306	5574
ChainingRodShaped	5577	2.28307	0.5	19.2547	34.7064	0	0.310713	-0.950504	0	5558	5576
ChainingRodShaped	5579	2.23484	0.5	-2.5595	31.7567	0	-0.563227	-0.826302	0	5482	5578
ChainingRodShaped	5581	2.21366	0.5	-17.5774	41.5122	0	0.597253	0.802053	0	5237	5580
ChainingRodShaped	5583	2.30225	0.5	-23.8216	45.1744	0	0.780895	-0.624662	0	None	None
ChainingRodShaped	5585	2.11524	0.5	39.7417	55.5576	0	-0.37889	0.925442	0	5508	5584
ChainingRodShaped	5587	2.21581	0.5	5.31639	55.1217	0	0.616415	-0.787421	0	None	None
ChainingRodShaped	5589	2.11653	0.5	-1.98859	21.3826	0	0.232101	0.972692	0	None	None
ChainingRodShaped	5591	2.10549	0.5	10.2591	37.9226	0	-0.554304	0.832315	0	None	None
ChainingRodShaped	5593	2.04119	0.5	-7.15724	41.1698	0	-0.0409576	0.999161	0	5240	5592
ChainingRodShaped	5595	2.08311	0.5	16.6897	55.485	0	-0.66067	-0.750677	0	None	None
ChainingRodShaped	5597	2.07303	0.5	-30.1625	37.8021	0	-0.417707	-0.908582	0	None	None
ChainingRodShaped	5599	2.06366	0.5	48.2673	35.7293	0	-0.408888	0.912585	0	None	5598
ChainingRodShaped	5601	2.04108	0.5	14.5558	48.6591	0	-0.663732	-0.74797	0	None	None
ChainingRodShaped	5603	2.01994	0.5	-27.6871	52.4492	0	-0.358702	-0.933452	0	None	None
ChainingRodShaped	5605	2.00753	0.5	21.2011	28.6938	0	0.306045	-0.952017	0	5576	5604
