cell_type	cell_id	length	radius	pos_x	pos_y	pos_z	ori_x	ori_y	ori_z	lower_link	upper_link
ChainingRodShaped	6099	2.64397	0.5	3.08832	43.0512	0	0.998649	0.0519722	0	None	None
ChainingRodShaped	5497	3.26367	0.5	33.9356	50.3105	0	-0.208927	0.977931	0	None	None
ChainingRodShaped	5161	4.9366	0.5	-23.8301	42.7294	0	0.893668	0.448729	0	None	None
ChainingRodShaped	5989	2.57051	0.5	14.4025	61.7583	0	-0.335393	0.942078	0	None	None
ChainingRodShaped	4917	4.58916	0.5	-6.6133	27.0191	0	-0.882427	0.470449	0	None	None
ChainingRodShaped	6177	2.34615	0.5	26.4264	48.7597	0	0.384951	0.922937	0	6178	None
ChainingRodShaped	4925	4.21841	0.5	4.11506	4.04034	0	0.927933	-0.372746	0	5431	None
ChainingRodShaped	5351	3.76309	0.5	9.72598	4.24675	0	0.894761	-0.446545	0	5352	None
ChainingRodShaped	6043	2.67378	0.5	-49.2345	29.9506	0	-0.942037	-0.33551	0	6044	None
ChainingRodShaped	5461	3.67785	0.5	-75.2611	25.017	0	-0.993444	-0.114318	0	5462	None
ChainingRodShaped	5591	4.45354	0.5	-2.76815	17.0209	0	-0.991571	0.129567	0	None	None
ChainingRodShaped	6201	2.50764	0.5	-43.136	39.8026	0	-0.883652	-0.468145	0	None	None
ChainingRodShaped	5493	4.17355	0.5	10.1483	13.2101	0	0.65228	-0.757978	0	None	None
ChainingRodShaped	4939	4.58864	0.5	30.3733	35.7958	0	0.109345	-0.994004	0	5777	None
ChainingRodShaped	5707	4.11278	0.5	-13.3273	43.4474	0	0.972949	0.231019	0	None	None
ChainingRodShaped	5441	4.44634	0.5	27.2127	70.6245	0	-0.365237	0.930914	0	5442	None
ChainingRodShaped	6055	2.84442	0.5	26.2185	66.0334	0	-0.24324	0.969966	0	None	None
ChainingRodShaped	5467	3.79866	0.5	-4.48289	53.2442	0	0.901576	0.432621	0	5468	None
ChainingRodShaped	6063	2.30671	0.5	-8.12664	52.8718	0	0.931675	0.363292	0	6064	None
ChainingRodShaped	5541	3.58125	0.5	-30.6919	34.3495	0	-0.987868	0.155297	0	None	None
ChainingRodShaped	5229	4.50219	0.5	-8.88975	30.8078	0	-0.97481	0.223037	0	None	None
ChainingRodShaped	5491	3.81551	0.5	42.6792	40.7261	0	0.567073	-0.823668	0	None	None
ChainingRodShaped	4993	4.85615	0.5	-35.2874	60.7471	0	0.620529	0.784183	0	None	None
ChainingRodShaped	5003	4.64872	0.5	-3.79106	64.2217	0	0.987179	-0.159618	0	None	None
ChainingRodShaped	5537	4.51679	0.5	30.7301	64.411	0	-0.375322	0.926894	0	5538	None
ChainingRodShaped	5681	3.09736	0.5	18.4782	44.4196	0	0.559163	-0.829058	0	None	None
ChainingRodShaped	6289	2.09966	0.5	-2.89297	52.8726	0	0.935805	0.352519	0	None	None
ChainingRodShaped	5893	3.33154	0.5	30.9511	58.4429	0	-0.255727	0.966749	0	5894	None
ChainingRodShaped	5365	4.33594	0.5	-3.46347	46.3998	0	-0.786844	-0.617153	0	None	None
ChainingRodShaped	5743	2.91513	0.5	-29.4719	42.9853	0	0.902152	0.431418	0	None	None
ChainingRodShaped	5921	2.64382	0.5	31.439	21.0021	0	-0.621071	0.783754	0	None	None
ChainingRodShaped	5733	2.94652	0.5	-19.0646	28.6839	0	-0.968958	-0.247224	0	None	None
ChainingRodShaped	6247	2.18445	0.5	46.2937	-25.9761	0	0.484017	-0.875058	0	6248	None
ChainingRodShaped	5727	3.16436	0.5	11.9081	17.9192	0	0.999853	-0.0171186	0	None	None
ChainingRodShaped	5481	3.61502	0.5	17.2633	51.1867	0	0.514701	-0.85737	0	None	None
ChainingRodShaped	5293	4.91638	0.5	13.8716	44.3756	0	0.999969	0.00789223	0	5294	None
ChainingRodShaped	4825	4.7016	0.5	49.8395	28.235	0	0.219166	-0.975688	0	5347	None
ChainingRodShaped	5949	3.18662	0.5	-51.5585	52.4276	0	0.064464	0.99792	0	None	None
ChainingRodShaped	6225	2.32737	0.5	50.6113	22.0844	0	0.318164	-0.948036	0	6226	None
ChainingRodShaped	5955	2.85764	0.5	-6.2634	61.4943	0	-0.896157	0.443738	0	None	None
ChainingRodShaped	5903	3.12979	0.5	-14.8249	61.9635	0	0.824142	0.566383	0	5904	None
ChainingRodShaped	5855	3.45463	0.5	-18.7974	18.831	0	0.90807	-0.418818	0	None	None
ChainingRodShaped	5417	4.05716	0.5	7.32345	46.4307	0	0.769811	-0.638272	0	5418	None
ChainingRodShaped	5523	3.8924	0.5	-33.0821	54.7033	0	-0.91338	0.407109	0	None	None
ChainingRodShaped	6075	2.65625	0.5	-10.9097	33.1395	0	-0.978318	0.207107	0	6076	None
ChainingRodShaped	5321	4.42097	0.5	32.6496	32.9317	0	0.111115	-0.993808	0	5322	None
ChainingRodShaped	5983	2.44343	0.5	-24.5428	11.8615	0	0.946248	-0.323443	0	None	None
ChainingRodShaped	4909	4.24672	0.5	26.02	44.1597	0	0.150754	0.988571	0	5965	None
ChainingRodShaped	5719	3.74297	0.5	24.5006	64.8188	0	-0.228417	0.973563	0	5720	None
ChainingRodShaped	5753	3.79543	0.5	25.7134	-3.74391	0	0.856804	-0.515642	0	5754	None
ChainingRodShaped	5679	3.17235	0.5	36.6368	-1.03749	0	0.0401685	-0.999193	0	5680	None
ChainingRodShaped	4995	4.11556	0.5	-14.5783	49.3379	0	0.908441	0.418014	0	5969	None
ChainingRodShaped	6137	2.29857	0.5	40.8239	-18.46	0	0.629353	-0.77712	0	6138	None
ChainingRodShaped	5247	3.86651	0.5	0.997582	16.3145	0	0.628122	-0.778115	0	None	None
ChainingRodShaped	5817	2.94701	0.5	30.3977	56.4272	0	-0.17366	0.984806	0	5818	None
ChainingRodShaped	5827	3.65132	0.5	39.5855	55.6402	0	-0.369453	0.92925	0	None	None
ChainingRodShaped	5485	3.81348	0.5	28.6933	5.45304	0	0.499365	-0.866392	0	5486	None
ChainingRodShaped	5871	3.01431	0.5	2.46369	62.6741	0	-0.589608	0.807689	0	None	None
ChainingRodShaped	5531	3.77197	0.5	19.7153	40.8483	0	0.550844	-0.834608	0	5532	None
ChainingRodShaped	5995	2.86448	0.5	-5.80456	74.5901	0	0.62524	-0.780433	0	5996	5308
ChainingRodShaped	5401	4.86818	0.5	5.43391	54.8991	0	-0.785732	0.618567	0	None	None
ChainingRodShaped	5375	4.80962	0.5	5.29138	29.2707	0	0.911626	-0.411022	0	5376	5756
ChainingRodShaped	6343	2.0311	0.5	40.7016	41.9964	0	-0.3805	0.924781	0	None	None
ChainingRodShaped	5841	2.85038	0.5	33.9654	29.4605	0	-0.0901948	0.995924	0	5842	5724
ChainingRodShaped	5979	2.52457	0.5	-15.1931	19.2416	0	-0.919869	0.392226	0	None	None
ChainingRodShaped	5787	2.62034	0.5	10.6069	8.36089	0	0.879991	-0.47499	0	5788	5190
ChainingRodShaped	5547	3.72825	0.5	-47.4459	34.0255	0	0.928431	0.371504	0	5548	6068
ChainingRodShaped	5621	2.98436	0.5	34.9241	29.6174	0	0.0911624	-0.995836	0	5622	5504
ChainingRodShaped	4697	4.96027	0.5	-3.32489	11.7865	0	0.907561	-0.41992	0	6121	4874
ChainingRodShaped	5843	3.37765	0.5	28.0443	47.4551	0	-0.1413	0.989967	0	5844	5700
ChainingRodShaped	5331	3.71991	0.5	29.782	9.85223	0	-0.366096	0.930577	0	5332	6022
ChainingRodShaped	6119	2.88021	0.5	-23.5878	14.6882	0	0.903954	-0.42763	0	None	None
ChainingRodShaped	4653	4.8281	0.5	29.1088	57.7526	0	0.19763	-0.980277	0	6175	5666
ChainingRodShaped	5427	4.31815	0.5	11.0333	24.9327	0	-0.831845	0.555007	0	5428	5220
ChainingRodShaped	5605	4.93535	0.5	-35.1601	59.3257	0	-0.621207	-0.783647	0	None	None
ChainingRodShaped	5155	3.89873	0.5	-22.7456	70.3047	0	0.844167	-0.536081	0	5156	5430
ChainingRodShaped	5687	3.816	0.5	-17.3708	27.1829	0	0.972384	0.233386	0	None	None
ChainingRodShaped	5451	3.36705	0.5	-28.9099	52.0038	0	0.80613	0.591739	0	5452	5244
ChainingRodShaped	5821	3.88458	0.5	0.513261	57.7875	0	-0.494563	0.869142	0	None	None
ChainingRodShaped	5661	4.02111	0.5	41.8662	47.0853	0	0.357722	-0.933828	0	5662	5152
ChainingRodShaped	5549	3.94507	0.5	-49.1825	55.0609	0	-0.29741	0.95475	0	None	None
ChainingRodShaped	5257	4.59154	0.5	40.1915	66.7282	0	0.277477	-0.960732	0	5258	5704
ChainingRodShaped	5581	4.33362	0.5	-5.81872	43.0027	0	0.986223	0.16542	0	5582	5382
ChainingRodShaped	6061	2.4985	0.5	24.1937	55.721	0	0.247981	0.968765	0	None	None
ChainingRodShaped	5745	4.0972	0.5	19.1558	15.9656	0	0.682744	-0.730658	0	None	None
ChainingRodShaped	5887	2.58879	0.5	30.7526	3.51488	0	0.435992	-0.899951	0	5888	6330
ChainingRodShaped	5615	3.80797	0.5	-22.1927	30.4125	0	0.805216	-0.592981	0	None	None
ChainingRodShaped	6195	2.44561	0.5	27.2509	46.3474	0	-0.151184	0.988506	0	None	None
ChainingRodShaped	5811	2.81128	0.5	-50.7409	40.2196	0	-0.860097	-0.510131	0	None	None
ChainingRodShaped	5319	4.13259	0.5	-8.63577	55.9973	0	0.985858	-0.167583	0	None	None
ChainingRodShaped	5731	3.39021	0.5	36.446	23.0165	0	-0.0697506	0.997564	0	5732	5460
ChainingRodShaped	5579	3.83321	0.5	-3.52527	49.6808	0	-0.18253	0.9832	0	None	None
ChainingRodShaped	5561	4.02267	0.5	19.0056	46.4866	0	0.26018	-0.96556	0	None	None
ChainingRodShaped	5899	3.15963	0.5	42.6444	34.4953	0	-0.366531	0.930406	0	5900	5362
ChainingRodShaped	5529	4.44001	0.5	-2.4982	58.8487	0	-0.76553	0.643401	0	None	None
ChainingRodShaped	5761	3.69037	0.5	-28.0109	53.8761	0	0.805869	0.592094	0	None	None
ChainingRodShaped	5037	4.34629	0.5	37.9052	49.1629	0	0.372377	-0.928082	0	None	None
ChainingRodShaped	5933	2.67221	0.5	-7.7628	36.255	0	-0.980235	0.197836	0	None	None
ChainingRodShaped	5385	4.31687	0.5	-23.9781	33.938	0	-0.827393	0.561624	0	None	None
ChainingRodShaped	5495	3.78814	0.5	-48.4147	35.8043	0	0.930676	0.365844	0	5496	5234
ChainingRodShaped	5397	4.7585	0.5	-28.5906	41.4292	0	0.897451	0.441115	0	5398	5578
ChainingRodShaped	6123	2.5057	0.5	30.3235	31.3898	0	-0.0296791	0.999559	0	None	None
ChainingRodShaped	5647	4.07335	0.5	36.4383	47.5892	0	-0.3713	0.928513	0	5648	5848
ChainingRodShaped	5799	3.47076	0.5	-36.8912	32.1338	0	-0.917757	0.397142	0	None	None
ChainingRodShaped	5299	3.25288	0.5	28.8849	48.0571	0	0.144807	-0.98946	0	6323	5778
ChainingRodShaped	5085	4.94767	0.5	18.1718	15.1448	0	-0.773034	0.634365	0	None	None
ChainingRodShaped	6293	2.15632	0.5	-39.6215	42.6199	0	-0.927458	-0.373928	0	None	None
ChainingRodShaped	5263	4.01919	0.5	2.30755	19.2419	0	-0.982146	-0.188118	0	None	None
ChainingRodShaped	5813	3.39901	0.5	-47.2463	26.4791	0	-0.997439	0.0715263	0	5814	5030
ChainingRodShaped	5859	2.64745	0.5	-23.0752	37.8892	0	-0.990368	-0.138459	0	5860	5706
ChainingRodShaped	5499	3.37918	0.5	-4.14809	11.027	0	0.903642	-0.428288	0	5500	4652
ChainingRodShaped	5107	4.78921	0.5	-9.8071	9.69112	0	0.923817	-0.382835	0	5108	5432
ChainingRodShaped	5603	3.04231	0.5	1.46499	32.4574	0	0.989698	-0.143172	0	5604	5954
ChainingRodShaped	6077	2.45635	0.5	-11.9614	21.6094	0	-0.983476	0.181037	0	None	None
ChainingRodShaped	6049	2.85167	0.5	24.9379	54.7372	0	0.24744	0.968903	0	None	None
ChainingRodShaped	5669	3.68264	0.5	-37.1503	31.1925	0	-0.915727	0.401802	0	None	None
ChainingRodShaped	5741	3.73658	0.5	35.4871	41.6264	0	-0.162738	0.986669	0	None	None
ChainingRodShaped	5633	3.14026	0.5	-6.58762	40.2036	0	-0.798481	-0.60202	0	None	None
ChainingRodShaped	5941	3.11675	0.5	-16.2762	59.0419	0	0.533174	0.846006	0	None	None
ChainingRodShaped	6275	2.12341	0.5	-13.4157	26.5953	0	0.974317	0.225183	0	None	None
ChainingRodShaped	5945	2.5125	0.5	-22.3261	34.9662	0	-0.838471	0.544947	0	None	None
ChainingRodShaped	5165	4.88684	0.5	-18.19	39.2677	0	-0.994772	-0.10212	0	None	None
ChainingRodShaped	5673	4.21308	0.5	-35.4288	28.9784	0	-0.831909	0.554913	0	None	None
ChainingRodShaped	5297	4.55822	0.5	-6.93201	23.7115	0	-0.794057	-0.607843	0	None	None
ChainingRodShaped	4983	4.62798	0.5	5.12792	13.3004	0	-0.903185	0.429251	0	None	None
ChainingRodShaped	6273	2.12669	0.5	-10.4139	59.204	0	0.986334	-0.164755	0	None	None
ChainingRodShaped	6321	2.03756	0.5	0.326453	37.0943	0	-0.999746	0.0225165	0	None	None
ChainingRodShaped	5517	3.30748	0.5	5.49443	26.9977	0	0.898647	-0.438673	0	None	None
ChainingRodShaped	5619	3.4486	0.5	-19.7887	51.696	0	-0.994643	-0.103365	0	None	None
ChainingRodShaped	5583	4.31342	0.5	50.2268	33.9903	0	-0.0841652	-0.996452	0	None	None
ChainingRodShaped	5479	4.93877	0.5	-13.3581	44.3887	0	0.971487	0.237094	0	None	None
ChainingRodShaped	5211	4.94254	0.5	39.2724	48.4585	0	0.384992	-0.92292	0	None	None
ChainingRodShaped	5825	3.40408	0.5	11.3986	54.3213	0	0.593601	-0.804759	0	None	None
ChainingRodShaped	5557	3.47611	0.5	24.1816	27.5491	0	-0.0554342	0.998462	0	None	None
ChainingRodShaped	5781	2.59092	0.5	38.7837	-12.4097	0	0.477954	-0.878385	0	5782	5714
ChainingRodShaped	5857	3.26973	0.5	6.95976	43.2365	0	-0.999362	-0.0357131	0	None	None
ChainingRodShaped	5483	3.63172	0.5	-41.1255	44.9889	0	0.972953	0.231002	0	None	None
ChainingRodShaped	4787	4.57225	0.5	35.8793	15.8762	0	0.0533573	-0.998575	0	5503	5846
ChainingRodShaped	5971	3.03569	0.5	25.3732	65.3772	0	0.235288	-0.971926	0	5972	5940
ChainingRodShaped	6019	2.51903	0.5	21.9833	55.5814	0	0.770633	-0.637279	0	None	None
ChainingRodShaped	6303	2.1631	0.5	27.9936	39.5154	0	0.134155	0.99096	0	None	None
ChainingRodShaped	6251	2.21193	0.5	-22.6072	39.3491	0	0.969026	0.246959	0	6252	5738
ChainingRodShaped	6135	2.46627	0.5	-45.5842	56.7828	0	-0.957032	0.289982	0	None	None
ChainingRodShaped	4709	4.89861	0.5	-63.5753	28.7059	0	0.967718	0.252036	0	5765	6030
ChainingRodShaped	5407	3.30259	0.5	-25.3859	44.0804	0	0.890949	0.454103	0	5408	5970
ChainingRodShaped	4707	4.7467	0.5	29.3971	30.7183	0	-0.0348165	0.999394	0	4708	6096
ChainingRodShaped	5943	2.80418	0.5	33.4146	68.1038	0	0.389764	-0.920915	0	5944	5104
ChainingRodShaped	5273	4.1181	0.5	26.2496	69.7335	0	0.262837	-0.96484	0	5274	6176
ChainingRodShaped	6141	2.28798	0.5	23.1396	29.1379	0	-0.0153051	-0.999883	0	6142	6320
ChainingRodShaped	5525	3.50471	0.5	-30.6061	43.4499	0	0.916455	0.400138	0	5526	5316
ChainingRodShaped	5403	3.68318	0.5	-29.1434	47.0726	0	-0.935147	-0.35426	0	None	None
ChainingRodShaped	5143	4.31955	0.5	13.284	33.5283	0	0.94398	0.330001	0	5953	6104
ChainingRodShaped	5261	4.73002	0.5	34.944	14.6268	0	-0.0513538	0.998681	0	5262	4880
ChainingRodShaped	5645	3.42816	0.5	-38.7255	58.2678	0	-0.0796433	0.996823	0	None	None
ChainingRodShaped	5959	3.11115	0.5	18.8611	19.5768	0	0.67595	-0.736948	0	5960	5736
ChainingRodShaped	5563	4.71446	0.5	-6.68082	48.9519	0	0.904477	0.426522	0	None	None
ChainingRodShaped	5717	3.93044	0.5	-7.13608	16.7538	0	0.913568	-0.406686	0	5718	5422
ChainingRodShaped	5337	3.56098	0.5	-33.0188	32.833	0	-0.96719	0.254053	0	None	None
ChainingRodShaped	6127	2.72929	0.5	-52.6943	37.5284	0	-0.67897	-0.734166	0	None	None
ChainingRodShaped	5651	3.95498	0.5	-31.4767	19.3162	0	0.920277	-0.391267	0	5652	5094
ChainingRodShaped	5309	4.54461	0.5	-34.4573	56.6172	0	-0.988509	-0.151162	0	None	None
ChainingRodShaped	5809	3.12436	0.5	-11.6235	28.5669	0	-0.85647	0.516197	0	None	None
ChainingRodShaped	6331	2.0733	0.5	-24.6072	14.0818	0	0.905525	-0.424292	0	None	None
ChainingRodShaped	5769	3.69503	0.5	-60.6155	26.4665	0	-0.997709	-0.0676464	0	5770	4946
ChainingRodShaped	6253	2.19592	0.5	5.09934	53.4095	0	-0.475487	0.879723	0	None	None
ChainingRodShaped	5145	4.87126	0.5	1.06487	38.04	0	-0.999922	0.0125146	0	5146	5142
ChainingRodShaped	5207	4.69758	0.5	-15.1651	66.4153	0	-0.811881	0.583823	0	None	None
ChainingRodShaped	5657	4.26252	0.5	4.4668	16.1262	0	-0.820757	0.571278	0	None	None
ChainingRodShaped	5829	2.70936	0.5	-27.9097	60.8033	0	-0.974423	-0.22472	0	None	None
ChainingRodShaped	6093	2.78639	0.5	35.2462	58.4862	0	0.377122	-0.926164	0	None	None
ChainingRodShaped	6269	2.18222	0.5	-30.0248	29.9548	0	-0.825932	0.56377	0	None	None
ChainingRodShaped	6139	2.57024	0.5	33.9214	56.5023	0	-0.372782	0.927919	0	6140	5538
ChainingRodShaped	6341	2.02543	0.5	26.0263	53.5387	0	-0.175764	0.984432	0	None	None
ChainingRodShaped	6155	2.48543	0.5	41.0662	51.8687	0	-0.35515	0.934809	0	None	None
ChainingRodShaped	5963	2.49518	0.5	46.4544	43.2781	0	0.226931	-0.973911	0	5964	5348
ChainingRodShaped	6039	2.73274	0.5	24.951	31.8278	0	-0.0130727	0.999915	0	6040	5966
ChainingRodShaped	5709	3.72347	0.5	-33.5604	24.8172	0	-0.989549	0.144196	0	5710	5116
ChainingRodShaped	5831	2.62497	0.5	-47.658	32.8007	0	0.92195	0.387308	0	5832	5198
ChainingRodShaped	5609	3.58319	0.5	17.2493	59.8162	0	-0.359347	0.933204	0	None	None
ChainingRodShaped	5239	4.18312	0.5	-20.9474	94.3905	0	0.59438	-0.804184	0	6047	5594
ChainingRodShaped	5545	3.23407	0.5	-18.9079	33.223	0	-0.932315	0.361648	0	None	None
ChainingRodShaped	5839	3.78545	0.5	4.01989	46.1198	0	0.994152	0.107988	0	None	None
ChainingRodShaped	4811	4.43487	0.5	-36.1612	34.453	0	-0.950416	-0.31098	0	5705	5170
ChainingRodShaped	6337	2.0555	0.5	-49.5533	52.1603	0	-0.999562	0.0296082	0	None	None
ChainingRodShaped	5975	2.42789	0.5	29.9252	-5.91697	0	0.700225	-0.713923	0	5976	5414
ChainingRodShaped	5147	4.57897	0.5	-34.0231	22.4649	0	-0.690933	0.722918	0	None	None
ChainingRodShaped	5475	3.45118	0.5	-40.6098	43.4214	0	0.813606	0.581417	0	5476	4868
ChainingRodShaped	5577	4.07546	0.5	-20.0461	45.6709	0	0.897127	0.441772	0	5578	6018
ChainingRodShaped	6305	2.05632	0.5	22.6383	13.2889	0	-0.574341	0.818616	0	6306	5490
ChainingRodShaped	5195	4.16013	0.5	-23.1808	24.4065	0	0.99412	-0.108286	0	None	None
ChainingRodShaped	5587	4.41959	0.5	-41.8401	81.7174	0	0.865482	-0.500939	0	5588	5978
ChainingRodShaped	5381	4.48135	0.5	3.92077	44.0738	0	0.998423	0.056132	0	5382	5294
ChainingRodShaped	5665	2.82777	0.5	30.6845	48.7163	0	0.143382	-0.989667	0	5666	4762
ChainingRodShaped	5409	4.20072	0.5	-6.67736	58.6089	0	0.764184	-0.644998	0	5410	5864
ChainingRodShaped	6113	2.60937	0.5	8.04311	57.2403	0	0.604175	-0.796852	0	6114	5226
ChainingRodShaped	5013	3.80761	0.5	-14.1898	34.6283	0	0.987631	-0.156795	0	5014	5440
ChainingRodShaped	5611	4.78944	0.5	30.8202	40.4509	0	-0.117293	0.993097	0	None	None
ChainingRodShaped	6147	2.63992	0.5	-19.2932	24.9443	0	0.655611	0.755099	0	None	None
ChainingRodShaped	4907	4.62735	0.5	33.8514	0.154329	0	-0.403314	0.915062	0	6097	5332
ChainingRodShaped	5711	3.66665	0.5	35.0569	46.0052	0	-0.348981	0.93713	0	None	None
ChainingRodShaped	5805	2.69921	0.5	26.3027	39.7456	0	0.128648	0.99169	0	None	None
ChainingRodShaped	4827	4.93236	0.5	34.8768	38.8553	0	-0.127074	0.991893	0	5459	5330
ChainingRodShaped	5667	4.44691	0.5	32.5338	24.983	0	-0.489661	0.871913	0	None	None
ChainingRodShaped	6145	2.37839	0.5	-8.90966	19.8138	0	-0.80807	0.589086	0	None	None
ChainingRodShaped	6111	2.5562	0.5	-26.9183	52.2503	0	0.801118	0.598506	0	None	None
ChainingRodShaped	5891	2.68701	0.5	15.8394	54.9812	0	0.255535	-0.9668	0	None	None
ChainingRodShaped	5501	4.04834	0.5	-16.5371	14.6368	0	-0.911712	0.410831	0	None	None
ChainingRodShaped	4847	4.77751	0.5	7.83122	39.0571	0	-0.999997	0.00234744	0	None	None
ChainingRodShaped	5923	3.02991	0.5	-4.85891	23.092	0	-0.996114	-0.0880771	0	None	None
ChainingRodShaped	5423	4.82977	0.5	13.1294	20.9317	0	0.764832	-0.64423	0	None	None
ChainingRodShaped	6071	2.88897	0.5	-16.8251	53.4695	0	0.907923	0.419137	0	None	None
ChainingRodShaped	5775	2.69977	0.5	42.8529	31.2153	0	-0.360005	0.93295	0	5776	5672
ChainingRodShaped	5391	3.83316	0.5	48.9033	36.9526	0	0.217806	-0.975992	0	None	None
ChainingRodShaped	5851	2.7947	0.5	9.41045	5.57957	0	0.884549	-0.466447	0	5852	5454
ChainingRodShaped	5567	3.93971	0.5	8.27447	42.0933	0	-0.997163	0.0752672	0	None	None
ChainingRodShaped	6001	3.00268	0.5	-42.7435	43.0921	0	0.827214	0.561888	0	None	None
ChainingRodShaped	6037	2.78442	0.5	4.1724	41.8559	0	0.987563	-0.157224	0	None	None
ChainingRodShaped	5833	3.44046	0.5	37.3156	7.1642	0	-0.048688	0.998814	0	5834	6026
ChainingRodShaped	5223	4.99471	0.5	-20.7127	42.6866	0	0.970796	0.239906	0	None	None
ChainingRodShaped	5555	4.47537	0.5	-1.70982	34.8223	0	-0.986205	-0.165531	0	None	None
ChainingRodShaped	5997	2.66999	0.5	-7.37911	57.9379	0	0.770447	-0.637505	0	None	None
ChainingRodShaped	5641	3.69913	0.5	9.4139	64.2733	0	0.809088	-0.587688	0	None	None
ChainingRodShaped	5629	4.42692	0.5	-15.1344	56.7019	0	0.847319	0.531085	0	None	None
ChainingRodShaped	5063	4.87885	0.5	32.493	42.329	0	-0.128363	0.991727	0	5723	5084
ChainingRodShaped	5835	2.75768	0.5	48.1063	20.663	0	-0.368041	0.92981	0	5836	5694
ChainingRodShaped	6189	2.3891	0.5	-15.9627	35.8568	0	0.989629	-0.14365	0	6190	5540
ChainingRodShaped	5023	4.98028	0.5	8.33293	58.4656	0	0.607468	-0.794344	0	None	None
ChainingRodShaped	5279	4.2185	0.5	4.1604	57.7017	0	-0.624079	0.781362	0	None	None
ChainingRodShaped	6315	2.0988	0.5	4.5622	33.1186	0	-0.999969	0.00786132	0	None	None
ChainingRodShaped	6245	2.3232	0.5	-32.254	14.2904	0	0.918648	-0.395076	0	None	None
ChainingRodShaped	5617	4.82546	0.5	1.89698	13.7345	0	-0.906622	0.421943	0	None	None
ChainingRodShaped	5325	4.29796	0.5	-33.304	57.7762	0	-0.987704	-0.156335	0	None	None
ChainingRodShaped	5371	4.4058	0.5	-12.2352	36.4867	0	-0.999064	0.0432638	0	None	None
ChainingRodShaped	5637	3.04244	0.5	-22.0139	33.6883	0	-0.832973	0.553314	0	None	None
ChainingRodShaped	5873	2.71081	0.5	11.7088	50.7183	0	-0.600954	0.799284	0	None	None
ChainingRodShaped	5779	3.39378	0.5	-29.677	45.8819	0	-0.927266	-0.374403	0	None	None
ChainingRodShaped	5729	4.00505	0.5	-4.54986	58.0585	0	-0.760817	0.648967	0	None	None
ChainingRodShaped	5389	4.25986	0.5	15.8204	48.2342	0	0.570064	-0.8216	0	None	None
ChainingRodShaped	5929	2.62747	0.5	-31.7931	59.0119	0	-0.985587	-0.169172	0	None	None
ChainingRodShaped	6143	2.55815	0.5	-65.7216	29.7985	0	0.953526	0.301311	0	6144	5786
ChainingRodShaped	5939	2.56841	0.5	27.1081	57.8309	0	0.210007	-0.9777	0	5940	6324
ChainingRodShaped	5631	3.21186	0.5	12.8429	12.3619	0	-0.353995	-0.935247	0	None	None
ChainingRodShaped	6159	2.35388	0.5	-43.1879	58.7513	0	-0.76502	0.644007	0	None	None
ChainingRodShaped	5285	4.77188	0.5	28.8355	20.7528	0	-0.042536	0.999095	0	None	None
ChainingRodShaped	5911	2.80638	0.5	2.57388	16.1275	0	-0.705581	0.708629	0	None	None
ChainingRodShaped	5405	3.69802	0.5	-27.6251	49.554	0	-0.987253	-0.159158	0	None	None
ChainingRodShaped	5219	3.65654	0.5	1.66194	29.7136	0	-0.936866	0.349689	0	5220	4986
ChainingRodShaped	6263	2.13034	0.5	19.5321	51.9828	0	-0.159836	0.987144	0	None	None
ChainingRodShaped	5069	4.66327	0.5	25.9771	17.7915	0	-0.269028	0.963132	0	None	None
ChainingRodShaped	5635	3.83328	0.5	-51.4123	30.172	0	0.923775	0.382936	0	None	None
ChainingRodShaped	5457	3.68453	0.5	-2.03587	46.3162	0	0.786994	0.616961	0	None	None
ChainingRodShaped	5159	4.77843	0.5	21.4187	58.6183	0	0.423192	-0.90604	0	None	None
ChainingRodShaped	5607	4.97541	0.5	-21.4524	31.0053	0	0.806787	-0.590842	0	None	None
ChainingRodShaped	5853	2.74248	0.5	-39.6031	48.8764	0	0.798581	0.601888	0	None	None
ChainingRodShaped	6325	2.03611	0.5	24.9001	17.1971	0	0.297863	-0.954609	0	6326	5910
ChainingRodShaped	6171	2.25199	0.5	-29.8035	53.7751	0	0.811181	0.584795	0	None	None
ChainingRodShaped	5881	3.14494	0.5	-33.163	40.2706	0	0.906196	0.422857	0	5882	5408
ChainingRodShaped	6279	2.07489	0.5	30.7358	61.7853	0	-0.375633	0.926768	0	6280	5442
ChainingRodShaped	5243	3.45534	0.5	-21.3977	57.3993	0	0.817693	0.575655	0	5244	5904
ChainingRodShaped	5931	3.05075	0.5	-10.4677	16.113	0	-0.913597	0.406622	0	None	None
ChainingRodShaped	6167	2.44564	0.5	-11.9504	65.3532	0	-0.820736	0.571308	0	None	None
ChainingRodShaped	5803	3.09735	0.5	-14.8096	30.7406	0	-0.951908	0.306385	0	None	None
ChainingRodShaped	6257	2.17854	0.5	23.7746	42.7785	0	0.440372	0.897816	0	6258	6178
ChainingRodShaped	5905	3.07877	0.5	46.5372	34.1628	0	0.324092	-0.946026	0	5906	5354
ChainingRodShaped	5793	3.01462	0.5	-13.347	32.2732	0	-0.957847	0.287279	0	None	None
ChainingRodShaped	5569	3.17388	0.5	-45.3659	35.9469	0	0.92367	0.383189	0	None	None
ChainingRodShaped	5837	3.42898	0.5	-37.1633	35.1289	0	0.951363	0.308071	0	5838	5750
ChainingRodShaped	6021	2.54542	0.5	27.237	17.0601	0	-0.286168	0.95818	0	6022	5958
ChainingRodShaped	5047	4.41651	0.5	-17.3785	16.0589	0	-0.911088	0.412212	0	None	None
ChainingRodShaped	5783	3.34762	0.5	38.6261	55.3788	0	0.369709	-0.929147	0	5784	5662
ChainingRodShaped	6307	2.09798	0.5	-40.4513	46.2119	0	0.959289	0.282427	0	None	None
ChainingRodShaped	5415	3.58978	0.5	35.1807	-5.5167	0	0.449582	-0.893239	0	6329	5782
ChainingRodShaped	4652	4.91336	0.5	0.48622	8.80033	0	0.899655	-0.436601	0	5499	5352
ChainingRodShaped	6175	2.4788	0.5	28.1452	62.2922	0	0.224216	-0.97454	0	6176	4653
ChainingRodShaped	5947	2.66122	0.5	-25.5429	23.725	0	-0.992815	0.119662	0	5948	5710
ChainingRodShaped	5009	4.73997	0.5	-30.9859	29.4532	0	-0.815307	0.579029	0	None	None
ChainingRodShaped	5473	4.60238	0.5	24.2743	59.6801	0	0.413907	-0.910319	0	None	None
ChainingRodShaped	6149	2.7168	0.5	-29.8268	26.2275	0	-0.989537	0.144279	0	None	None
ChainingRodShaped	5101	4.86265	0.5	-47.9571	47.1622	0	-0.764243	-0.644928	0	None	None
ChainingRodShaped	5543	4.66758	0.5	10.6127	19.8803	0	0.99987	-0.0161543	0	None	None
ChainingRodShaped	5713	3.42769	0.5	42.9223	-19.8897	0	0.48536	-0.874314	0	5714	6248
ChainingRodShaped	5883	2.75918	0.5	-19.0185	13.6584	0	0.910596	-0.413297	0	5884	5108
ChainingRodShaped	6191	2.23791	0.5	-7.48372	47.5189	0	0.902374	0.430955	0	None	None
ChainingRodShaped	5021	4.61496	0.5	41.9021	54.21	0	-0.610227	0.792227	0	None	None
ChainingRodShaped	5271	4.43856	0.5	-19.6798	62.548	0	-0.997485	0.0708727	0	None	None
ChainingRodShaped	5071	4.45965	0.5	-12.8781	15.0747	0	0.909746	-0.415166	0	6101	5500
ChainingRodShaped	5991	3.14003	0.5	17.5143	12.6129	0	-0.584109	0.811675	0	None	None
ChainingRodShaped	5507	4.07461	0.5	7.46512	51.0467	0	-0.470543	0.882377	0	None	None
ChainingRodShaped	6193	2.24152	0.5	-6.96217	17.7228	0	0.917587	-0.397536	0	None	None
ChainingRodShaped	5907	3.56761	0.5	37.6738	55.0787	0	0.373297	-0.927712	0	None	None
ChainingRodShaped	5697	3.83655	0.5	-13.1802	40.5899	0	-0.980181	-0.198103	0	None	None
ChainingRodShaped	6083	2.74468	0.5	-31.9	56.0252	0	-0.989971	-0.141269	0	None	None
ChainingRodShaped	5861	3.33624	0.5	2.1533	56.8373	0	0.503234	-0.86415	0	None	None
ChainingRodShaped	5241	4.24005	0.5	12.1175	38.1522	0	-0.999255	-0.0385999	0	5242	5146
ChainingRodShaped	5593	4.01722	0.5	-15.0838	86.5316	0	0.602355	-0.798228	0	5594	6060
ChainingRodShaped	6121	2.26889	0.5	-7.50215	13.7082	0	0.910068	-0.41446	0	6122	4697
ChainingRodShaped	5691	3.10141	0.5	23.9426	45.366	0	0.417652	0.908607	0	None	None
ChainingRodShaped	5535	4.43482	0.5	36.6475	32.1272	0	-0.108138	0.994136	0	None	None
ChainingRodShaped	4704	4.96992	0.5	29.7113	1.85631	0	-0.511382	0.859353	0	None	5290
ChainingRodShaped	5987	2.66646	0.5	20.8288	1.95435	0	0.803694	-0.595043	0	5988	5158
ChainingRodShaped	4708	4.92086	0.5	29.6203	24.8956	0	-0.0416878	0.999131	0	None	4707
ChainingRodShaped	5765	3.42955	0.5	-68.5723	27.4478	0	0.97227	0.233863	0	5766	4709
ChainingRodShaped	6129	2.58384	0.5	9.37857	15.9513	0	-0.970377	-0.241594	0	None	None
ChainingRodShaped	6157	2.57837	0.5	32.463	65.2937	0	0.381094	-0.924536	0	None	None
ChainingRodShaped	5287	3.69725	0.5	38.5087	33.4054	0	-0.142544	0.989788	0	None	None
ChainingRodShaped	5703	3.1306	0.5	42.669	58.0351	0	0.268836	-0.963186	0	5704	5986
ChainingRodShaped	5141	4.70837	0.5	-9.33574	38.3271	0	-0.999409	0.0343857	0	5142	5124
ChainingRodShaped	5153	3.83586	0.5	-31.3009	75.5481	0	0.859066	-0.511865	0	5977	5156
ChainingRodShaped	6207	2.32233	0.5	-18.7154	48.5003	0	0.916991	0.398908	0	6208	5254
ChainingRodShaped	5935	3.34935	0.5	3.32736	24.1732	0	0.989829	-0.14226	0	None	None
ChainingRodShaped	6327	2.04161	0.5	-27.3955	103.16	0	0.590901	-0.806744	0	6328	6048
ChainingRodShaped	6011	2.43731	0.5	23.7784	47.9783	0	0.156644	0.987655	0	None	None
ChainingRodShaped	5767	2.75835	0.5	43.8403	45.3394	0	-0.181533	0.983385	0	None	None
ChainingRodShaped	6203	2.47717	0.5	-8.65303	50.1519	0	0.898429	0.439119	0	None	None
ChainingRodShaped	5361	4.28035	0.5	38.9315	43.9069	0	-0.366539	0.930403	0	5362	5210
ChainingRodShaped	5735	2.81575	0.5	24.2193	12.7399	0	0.559981	-0.828505	0	5736	5486
ChainingRodShaped	5197	4.15739	0.5	-38.4549	36.7978	0	0.912328	0.40946	0	5198	5398
ChainingRodShaped	5183	4.64724	0.5	-17.8294	41.4738	0	0.971577	0.236723	0	None	None
ChainingRodShaped	6313	2.09601	0.5	48.8513	41.647	0	0.214276	-0.976773	0	None	None
ChainingRodShaped	5653	3.87702	0.5	-48.1848	44.3824	0	-0.777725	-0.628605	0	None	None
ChainingRodShaped	5551	3.15467	0.5	21.7146	79.776	0	0.252404	-0.967622	0	5552	6006
ChainingRodShaped	6131	2.45513	0.5	29.8063	48.2335	0	-0.14548	0.989361	0	None	None
ChainingRodShaped	5917	3.06105	0.5	-17.7717	19.5684	0	-0.836144	0.548511	0	None	None
ChainingRodShaped	6073	2.37888	0.5	16.5966	58.824	0	-0.367054	0.9302	0	None	None
ChainingRodShaped	4756	4.73081	0.5	-15.7074	20.4419	0	0.923747	-0.383003	0	None	5718
ChainingRodShaped	6029	2.34682	0.5	-55.4879	31.0508	0	0.949053	0.315115	0	6030	5548
ChainingRodShaped	5565	3.15281	0.5	-12.3432	45.6075	0	0.973809	0.227368	0	None	None
ChainingRodShaped	4762	4.70424	0.5	31.3244	44.0041	0	0.128826	-0.991667	0	5665	5322
ChainingRodShaped	5675	4.04361	0.5	25.9627	31.2401	0	-0.0244106	0.999702	0	None	None
ChainingRodShaped	5399	4.33149	0.5	29.916	17.5613	0	0.00283839	0.999996	0	None	None
ChainingRodShaped	5119	4.39788	0.5	-31.558	23.5307	0	-0.990138	0.140095	0	None	None
ChainingRodShaped	5089	4.77282	0.5	-24.8124	20.8926	0	0.75385	0.657046	0	None	None
ChainingRodShaped	5801	3.50024	0.5	1.59731	21.0697	0	-0.984911	-0.173059	0	None	None
ChainingRodShaped	5573	4.14976	0.5	23.4731	79.7589	0	0.269154	-0.963097	0	5574	5274
ChainingRodShaped	6115	2.35759	0.5	14.7031	48.18	0	0.578258	-0.815854	0	6116	5532
ChainingRodShaped	5867	2.70744	0.5	-49.307	50.9712	0	-0.985957	0.167002	0	None	None
ChainingRodShaped	5135	4.36329	0.5	-26.035	13.6547	0	0.907535	-0.419976	0	None	None
ChainingRodShaped	5509	4.82213	0.5	4.56422	52.3992	0	-0.47141	0.881914	0	None	None
ChainingRodShaped	6081	2.91368	0.5	27.1738	31.6971	0	-0.187101	0.982341	0	None	None
ChainingRodShaped	5993	2.56586	0.5	3.65343	20.4776	0	-0.98313	-0.182909	0	None	None
ChainingRodShaped	5503	3.03918	0.5	35.6051	20.6654	0	0.0624789	-0.998046	0	5504	4787
ChainingRodShaped	6301	2.12819	0.5	1.08562	66.066	0	0.628703	-0.777646	0	6302	5282
ChainingRodShaped	6161	2.33328	0.5	-39.2257	22.3271	0	0.944835	-0.327548	0	6162	5652
ChainingRodShaped	4794	4.70695	0.5	37.3663	76.4741	0	0.27898	-0.960297	0	None	5258
ChainingRodShaped	6095	2.54249	0.5	29.0075	39.0164	0	-0.0736446	0.997285	0	6096	5844
ChainingRodShaped	5387	3.59084	0.5	41.9232	44.2004	0	0.366695	-0.930341	0	None	None
ChainingRodShaped	6065	2.96133	0.5	16.2974	19.3978	0	0.701902	-0.712273	0	None	None
ChainingRodShaped	5233	4.39736	0.5	-39.0707	39.7044	0	0.916418	0.400223	0	5234	5526
ChainingRodShaped	5489	3.07677	0.5	17.8618	19.1922	0	-0.68402	0.729463	0	5490	5428
ChainingRodShaped	5613	4.3531	0.5	3.56718	26.8265	0	0.904708	-0.426031	0	None	None
ChainingRodShaped	5877	2.75093	0.5	-23.1189	21.099	0	0.751682	0.659526	0	None	None
ChainingRodShaped	5747	3.91555	0.5	43.4119	36.4711	0	-0.139492	0.990223	0	None	None
ChainingRodShaped	5705	3.83986	0.5	-31.2789	35.9855	0	-0.958238	-0.285973	0	5706	4811
ChainingRodShaped	5377	4.72729	0.5	-0.126424	41.0837	0	0.99615	0.0876676	0	None	None
ChainingRodShaped	5465	4.65101	0.5	5.25033	24.8857	0	-0.887634	0.46055	0	None	None
ChainingRodShaped	5601	3.16714	0.5	-55.136	29.7117	0	0.92595	0.377646	0	5602	5832
ChainingRodShaped	5443	4.57812	0.5	46.5817	46.9879	0	0.236659	-0.971593	0	None	None
ChainingRodShaped	5329	4.89141	0.5	33.0274	49.8421	0	-0.212253	0.977215	0	5330	5894
ChainingRodShaped	5413	3.7778	0.5	36.1934	-12.8699	0	0.647748	-0.761855	0	5414	6138
ChainingRodShaped	5347	4.86315	0.5	48.5764	33.8732	0	0.218067	-0.975934	0	5348	4825
ChainingRodShaped	5459	4.50156	0.5	35.5459	33.1945	0	-0.106935	0.994266	0	5460	4827
ChainingRodShaped	6163	2.6577	0.5	-24.1514	30.6733	0	0.835895	-0.548889	0	None	None
ChainingRodShaped	5773	3.43472	0.5	2.45038	51.883	0	-0.748465	0.663174	0	None	None
ChainingRodShaped	6003	2.79483	0.5	-28.1867	39.2892	0	0.841931	0.539585	0	None	None
ChainingRodShaped	5429	4.9547	0.5	-14.6071	64.7987	0	0.81124	-0.584714	0	5430	5410
ChainingRodShaped	6041	2.87789	0.5	-6.12914	22.0103	0	-0.999815	0.0192136	0	None	None
ChainingRodShaped	6239	2.2684	0.5	-19.5807	37.3412	0	-0.998232	-0.0594338	0	None	None
ChainingRodShaped	4842	4.7982	0.5	-12.2839	60.5073	0	0.984639	-0.174602	0	None	None
ChainingRodShaped	5317	4.34872	0.5	33.9427	38.575	0	0.123928	-0.992291	0	6299	5622
ChainingRodShaped	5421	4.69686	0.5	2.97026	12.1516	0	0.905483	-0.424383	0	5422	5788
ChainingRodShaped	4848	4.91679	0.5	13.6541	39.1552	0	-0.998879	-0.0473396	0	None	None
ChainingRodShaped	5875	3.03968	0.5	1.96246	61.599	0	-0.55727	0.830332	0	None	None
ChainingRodShaped	5327	3.72141	0.5	23.8406	36.5632	0	-0.151165	-0.988508	0	5328	6142
ChainingRodShaped	5623	3.12007	0.5	11.5012	34.0519	0	-0.946152	-0.323723	0	None	None
ChainingRodShaped	5937	2.51329	0.5	-20.2757	53.5958	0	0.992377	0.123235	0	None	None
ChainingRodShaped	5927	2.63387	0.5	-45.7679	55.8015	0	-0.957427	0.288675	0	None	None
ChainingRodShaped	5383	4.62947	0.5	-11.9249	25.9727	0	0.97292	0.231144	0	None	None
ChainingRodShaped	6013	2.70901	0.5	-15.4997	50.9208	0	-0.91571	-0.401841	0	None	None
ChainingRodShaped	6045	2.96837	0.5	-39.8264	40.435	0	-0.919795	-0.3924	0	None	None
ChainingRodShaped	5737	3.8801	0.5	-14.7724	41.2071	0	0.975545	0.219798	0	5738	5582
ChainingRodShaped	4868	4.80703	0.5	-36.4675	46.4265	0	0.80636	0.591425	0	5475	5452
ChainingRodShaped	5439	3.60795	0.5	-4.51397	32.6577	0	0.969977	-0.243196	0	5440	5376
ChainingRodShaped	5715	3.93612	0.5	-17.5532	33.6926	0	-0.929705	0.368304	0	None	None
ChainingRodShaped	4874	4.81593	0.5	1.9864	9.28695	0	0.901911	-0.431922	0	4697	5852
ChainingRodShaped	6089	2.34567	0.5	-14.4376	37.553	0	-0.999982	0.00606252	0	None	None
ChainingRodShaped	6309	2.08945	0.5	-5.36609	39.1195	0	-0.999748	0.0224648	0	None	None
ChainingRodShaped	4880	4.6598	0.5	34.6306	20.307	0	-0.0589697	0.99826	0	5261	5842
ChainingRodShaped	4882	4.83966	0.5	-24.5806	57.5033	0	-0.809112	-0.587654	0	None	None
ChainingRodShaped	5649	4.22643	0.5	-28.6128	30.1678	0	-0.831528	0.555482	0	None	None
ChainingRodShaped	5449	4.8503	0.5	-22.5845	59.9367	0	-0.961722	-0.274028	0	None	None
ChainingRodShaped	5725	3.13475	0.5	-38.6323	21.0579	0	0.941772	-0.336253	0	None	None
ChainingRodShaped	5845	2.62363	0.5	36.28	7.63795	0	0.0432558	-0.999064	0	5846	5680
ChainingRodShaped	5683	4.36235	0.5	-31.3265	47.2633	0	-0.931558	-0.363592	0	None	None
ChainingRodShaped	5863	3.24264	0.5	-0.107802	52.8717	0	0.743131	-0.669146	0	5864	5418
ChainingRodShaped	5521	4.11702	0.5	-48.5749	38.0408	0	0.841998	0.539481	0	5522	5476
ChainingRodShaped	5699	3.60467	0.5	26.5657	55.6774	0	-0.20699	0.978343	0	5700	5720
ChainingRodShaped	5539	4.37806	0.5	-6.95604	34.1649	0	0.976084	-0.217395	0	5540	5604
ChainingRodShaped	5505	4.98795	0.5	-9.87833	57.1728	0	0.985593	-0.169135	0	None	None
ChainingRodShaped	5739	2.94999	0.5	-9.87787	25.039	0	0.776522	0.63009	0	None	None
ChainingRodShaped	6297	2.06901	0.5	0.378894	48.912	0	0.855199	-0.518299	0	None	None
ChainingRodShaped	6097	2.47631	0.5	35.7016	-3.99573	0	-0.413274	0.910607	0	6098	4907
ChainingRodShaped	5965	3.11532	0.5	25.3807	39.5421	0	0.118734	0.992926	0	5966	4909
ChainingRodShaped	6015	2.45342	0.5	-3.18712	13.9011	0	-0.9097	0.415267	0	None	None
ChainingRodShaped	5763	3.80835	0.5	-3.07797	12.7641	0	-0.908428	0.418042	0	None	None
ChainingRodShaped	5901	3.0465	0.5	37.7464	-1.18876	0	-0.0549278	0.99849	0	5902	5834
ChainingRodShaped	6243	2.29457	0.5	-6.9223	24.9262	0	0.795883	0.605451	0	None	None
ChainingRodShaped	5671	3.15478	0.5	39.9296	38.7595	0	-0.3632	0.931711	0	5672	5648
ChainingRodShaped	5453	3.58487	0.5	18.1928	0.705396	0	0.865906	-0.500207	0	5454	5754
ChainingRodShaped	5477	3.83028	0.5	12.5415	60.9803	0	0.388411	-0.921486	0	None	None
ChainingRodShaped	5431	3.27596	0.5	-0.285598	5.80992	0	0.927618	-0.373531	0	5432	4925
ChainingRodShaped	6235	2.12806	0.5	14.6268	51.9289	0	0.305647	-0.952145	0	None	None
ChainingRodShaped	6233	2.35061	0.5	-10.0297	29.7794	0	-0.866629	0.498953	0	None	None
ChainingRodShaped	6053	2.40535	0.5	-23.1745	50.1231	0	-0.749812	-0.661651	0	None	None
ChainingRodShaped	5869	3.03751	0.5	-26.9748	30.2265	0	-0.837045	0.547134	0	None	None
ChainingRodShaped	6347	2.00744	0.5	-14.5704	55.905	0	0.851851	0.523784	0	None	None
ChainingRodShaped	5693	2.71658	0.5	45.3741	27.5729	0	-0.367279	0.930111	0	5694	5900
ChainingRodShaped	5777	2.87723	0.5	29.854	40.4866	0	0.111469	-0.993768	0	5778	4939
ChainingRodShaped	4942	4.82668	0.5	9.64392	50.9948	0	-0.769944	0.638112	0	None	None
ChainingRodShaped	5513	4.90423	0.5	-44.4629	54.3777	0	-0.958002	0.28676	0	None	None
ChainingRodShaped	4946	4.98793	0.5	-65.915	26.0219	0	-0.99539	-0.0959116	0	5769	5462
ChainingRodShaped	5341	4.8572	0.5	13.7175	11.8677	0	-0.355276	-0.934761	0	None	None
ChainingRodShaped	6031	2.49018	0.5	-36.7048	26.85	0	-0.733787	0.67938	0	None	None
ChainingRodShaped	4952	4.72419	0.5	18.911	60.2784	0	0.638643	-0.769503	0	None	None
ChainingRodShaped	6017	2.87308	0.5	-12.9171	49.1382	0	0.899422	0.43708	0	6018	5468
ChainingRodShaped	4956	4.70502	0.5	20.5181	44.5369	0	0.139083	0.990281	0	None	None
ChainingRodShaped	5369	4.05725	0.5	8.17932	60.2562	0	0.604568	-0.796553	0	None	None
ChainingRodShaped	4960	4.49185	0.5	20.9928	49.9514	0	-0.241728	0.970344	0	None	None
ChainingRodShaped	5677	3.6159	0.5	12.0046	36.4732	0	-0.911326	-0.411685	0	None	None
ChainingRodShaped	5433	3.38118	0.5	-32.1473	47.9616	0	0.932301	0.361684	0	None	None
ChainingRodShaped	5785	3.32485	0.5	-58.1284	32.2737	0	0.947762	0.318977	0	5786	5496
ChainingRodShaped	5595	4.666	0.5	-23.1062	27.2329	0	-0.99373	0.111804	0	None	None
ChainingRodShaped	5915	3.3592	0.5	-9.81351	55.2318	0	-0.985063	0.172197	0	None	None
ChainingRodShaped	5751	4.23295	0.5	37.9281	41.2773	0	-0.358335	0.933593	0	None	None
ChainingRodShaped	5721	3.32787	0.5	-53.3516	32.8532	0	0.940715	0.339197	0	None	None
ChainingRodShaped	6173	2.45233	0.5	31.9255	30.4923	0	-0.518196	0.855262	0	None	None
ChainingRodShaped	4978	4.93242	0.5	11.2749	58.9473	0	0.396799	-0.917905	0	None	None
ChainingRodShaped	5437	4.39791	0.5	9.55645	40.0272	0	-0.999984	0.00572486	0	None	None
ChainingRodShaped	5663	3.66972	0.5	10.5716	18.916	0	0.99987	-0.0161457	0	None	None
ChainingRodShaped	6249	2.12096	0.5	8.8716	11.6591	0	-0.651626	0.75854	0	None	None
ChainingRodShaped	4986	4.2977	0.5	-3.04906	31.236	0	-0.962722	0.270492	0	5219	6076
ChainingRodShaped	5755	2.9824	0.5	13.0565	24.8256	0	0.804211	-0.594343	0	5756	5960
ChainingRodShaped	6283	2.09951	0.5	-35.2712	48.517	0	0.811426	0.584456	0	None	None
ChainingRodShaped	4992	4.62355	0.5	-50.3577	86.6416	0	0.865873	-0.500264	0	None	5588
ChainingRodShaped	6033	2.82385	0.5	-36.6941	55.2174	0	-0.921103	0.389319	0	None	None
ChainingRodShaped	5969	2.5223	0.5	-18.481	47.5135	0	0.902042	0.431648	0	5970	4995
ChainingRodShaped	4998	4.31923	0.5	28.5669	26.2796	0	-0.0410346	0.999158	0	None	None
ChainingRodShaped	6281	2.12656	0.5	20.3136	62.0779	0	0.805091	-0.593152	0	None	None
ChainingRodShaped	5849	3.1666	0.5	10.0283	49.4611	0	-0.767259	0.641337	0	None	None
ChainingRodShaped	5639	3.08936	0.5	-3.91706	62.5032	0	0.791296	-0.611434	0	None	None
ChainingRodShaped	5797	3.07512	0.5	30.4153	75.1	0	0.396806	-0.917903	0	5798	5944
ChainingRodShaped	6051	3.09595	0.5	-5.53908	47.6526	0	0.632212	0.774796	0	None	None
ChainingRodShaped	5469	4.69285	0.5	-27.147	26.8108	0	-0.989559	0.144125	0	None	None
ChainingRodShaped	5559	3.51894	0.5	15.1683	43.4205	0	-0.999126	0.0418004	0	None	None
ChainingRodShaped	5014	4.85799	0.5	-19.4433	35.3718	0	0.991891	-0.127093	0	None	5013
ChainingRodShaped	5597	3.40141	0.5	-16.6387	13.6475	0	0.912862	-0.408269	0	None	None
ChainingRodShaped	6215	2.47142	0.5	7.6783	41.1442	0	0.996947	-0.0780818	0	None	None
ChainingRodShaped	5689	4.48108	0.5	3.44295	34.1152	0	-0.955441	-0.295181	0	None	None
ChainingRodShaped	5575	3.35371	0.5	43.8659	49.7786	0	-0.242578	0.970132	0	None	None
ChainingRodShaped	5024	4.68335	0.5	4.76286	63.0465	0	0.62297	-0.782246	0	None	None
ChainingRodShaped	6085	2.87208	0.5	-30.5056	17.8347	0	0.918756	-0.394826	0	None	None
ChainingRodShaped	5625	3.78083	0.5	1.91157	46.9779	0	0.781766	0.623572	0	None	None
ChainingRodShaped	5030	4.12538	0.5	-51.9651	26.6844	0	-0.999817	0.0191465	0	5813	5770
ChainingRodShaped	5749	2.68309	0.5	-28.9997	37.6303	0	0.961787	0.273797	0	5750	6252
ChainingRodShaped	5701	2.92709	0.5	-24.5241	56.3648	0	-0.810345	-0.585954	0	None	None
ChainingRodShaped	6087	2.73803	0.5	-30.4518	16.7479	0	0.918413	-0.395623	0	None	None
ChainingRodShaped	5913	3.49871	0.5	36.0875	53.7198	0	0.372445	-0.928054	0	None	None
ChainingRodShaped	6259	2.28013	0.5	-2.0338	29.9419	0	0.969156	-0.246447	0	None	None
ChainingRodShaped	5925	3.48805	0.5	37.8679	30.0386	0	-0.0848817	0.996391	0	None	None
ChainingRodShaped	5889	2.65442	0.5	13.2116	62.1374	0	0.3347	-0.942325	0	None	None
ChainingRodShaped	5589	4.23912	0.5	-0.990974	26.4063	0	0.638322	-0.769769	0	None	None
ChainingRodShaped	5527	4.58344	0.5	-12.3893	13.7823	0	-0.905779	0.42375	0	None	None
ChainingRodShaped	5585	4.80583	0.5	8.54416	61.3786	0	0.605026	-0.796206	0	None	None
ChainingRodShaped	5685	4.22641	0.5	-41.3897	48.7484	0	0.799522	0.600637	0	None	None
ChainingRodShaped	6319	2.06091	0.5	23.5431	23.0441	0	0.149855	-0.988708	0	6320	6326
ChainingRodShaped	6025	2.33569	0.5	36.9416	14.7522	0	-0.0516655	0.998664	0	6026	5732
ChainingRodShaped	5058	4.48722	0.5	-73.2891	27.4534	0	0.956171	0.292808	0	None	6144
ChainingRodShaped	6241	2.17919	0.5	-33.6901	30.2058	0	-0.80629	0.591521	0	None	None
ChainingRodShaped	5533	3.80648	0.5	-1.63783	61.0381	0	0.143434	-0.98966	0	None	None
ChainingRodShaped	5723	3.3931	0.5	33.1321	37.2408	0	-0.119536	0.99283	0	5724	5063
ChainingRodShaped	5967	3.39086	0.5	-22.4795	18.4366	0	-0.901115	0.43358	0	None	None
ChainingRodShaped	5068	4.58006	0.5	32.0836	21.7731	0	-0.619648	0.78488	0	None	None
ChainingRodShaped	6237	2.33038	0.5	27.3367	13.5262	0	-0.332572	0.943078	0	None	None
ChainingRodShaped	6101	2.5217	0.5	-16.9615	16.935	0	0.910245	-0.414069	0	6102	5071
ChainingRodShaped	5759	3.92874	0.5	-31.8792	60.3135	0	-0.929253	-0.369445	0	None	None
ChainingRodShaped	5571	4.18383	0.5	37.7999	37.5492	0	-0.572175	0.820131	0	None	None
ChainingRodShaped	5973	3.05156	0.5	-37.7368	39.2337	0	0.912371	0.409365	0	None	None
ChainingRodShaped	6271	2.09514	0.5	-24.1326	47.2372	0	-0.922664	-0.385606	0	None	None
ChainingRodShaped	5643	4.24802	0.5	-9.48782	24.151	0	0.782788	0.622289	0	None	None
ChainingRodShaped	5084	4.55394	0.5	31.7338	47.988	0	-0.13803	0.990428	0	5063	5818
ChainingRodShaped	5086	4.35388	0.5	17.8161	14.1631	0	-0.770903	0.636952	0	None	None
ChainingRodShaped	5791	3.37358	0.5	-8.51643	40.1617	0	-0.864942	-0.501872	0	None	None
ChainingRodShaped	6057	2.80893	0.5	-26.7077	21.8891	0	0.994516	-0.104588	0	None	None
ChainingRodShaped	5815	2.84335	0.5	49.9556	40.1665	0	-0.313781	-0.949495	0	None	None
ChainingRodShaped	5094	4.47401	0.5	-26.7232	17.2114	0	0.908949	-0.416908	0	5651	5884
ChainingRodShaped	5096	4.14593	0.5	27.2676	20.6954	0	-0.242796	0.970077	0	None	None
ChainingRodShaped	5098	4.16382	0.5	46.0181	23.004	0	-0.359547	0.933127	0	None	5776
ChainingRodShaped	5655	4.70998	0.5	-49.2385	47.3576	0	-0.768753	-0.639546	0	None	None
ChainingRodShaped	6345	2.01232	0.5	-43.5183	49.6614	0	-0.807782	-0.589481	0	None	None
ChainingRodShaped	5104	4.43185	0.5	35.1897	63.8516	0	0.382018	-0.924155	0	5943	5784
ChainingRodShaped	5895	3.16353	0.5	-39.1633	29.3507	0	0.644264	0.764803	0	None	None
ChainingRodShaped	5108	4.28295	0.5	-14.8949	11.8406	0	0.91815	-0.396233	0	5883	5107
ChainingRodShaped	5847	2.88773	0.5	33.2095	55.6349	0	-0.371895	0.928275	0	5848	6280
ChainingRodShaped	6103	2.59341	0.5	20.111	37.5374	0	0.713314	0.700845	0	6104	6258
ChainingRodShaped	5627	4.27892	0.5	28.077	57.9633	0	-0.203639	0.979046	0	None	None
ChainingRodShaped	5116	4.00689	0.5	-38.3404	25.4982	0	-0.990467	0.137751	0	5709	5814
ChainingRodShaped	5695	2.94189	0.5	-40.2381	50.8251	0	-0.805054	-0.593201	0	None	None
ChainingRodShaped	5120	4.12696	0.5	-26.3621	22.8403	0	-0.993692	0.112146	0	None	None
ChainingRodShaped	5789	4.03832	0.5	-34.6244	51.3783	0	0.809126	0.587635	0	None	None
ChainingRodShaped	5124	4.29312	0.5	-14.8127	38.4158	0	-0.999992	-0.00398049	0	5141	5860
ChainingRodShaped	6151	2.51767	0.5	-44.407	32.7487	0	0.948813	0.315838	0	6152	5838
ChainingRodShaped	5659	3.48635	0.5	-8.89608	44.738	0	0.521229	0.853417	0	None	None
ChainingRodShaped	5130	4.68892	0.5	21.9099	50.0981	0	-0.245856	0.969306	0	None	None
ChainingRodShaped	5819	3.12825	0.5	33.0679	61.2594	0	0.374739	-0.92713	0	None	None
ChainingRodShaped	6209	2.23054	0.5	12.473	42.9574	0	-0.904071	0.427382	0	None	None
ChainingRodShaped	6117	2.47691	0.5	-30.0412	15.4954	0	0.917222	-0.398377	0	None	None
ChainingRodShaped	5138	4.27238	0.5	37.3245	34.8611	0	-0.132639	0.991164	0	None	None
ChainingRodShaped	5807	3.98902	0.5	27.3284	40.6938	0	0.144055	0.98957	0	None	None
ChainingRodShaped	5142	3.66168	0.5	-4.17497	38.1519	0	-0.999473	0.0324505	0	5145	5141
ChainingRodShaped	5953	2.92881	0.5	8.88897	32.3832	0	0.989539	0.144262	0	5954	5143
ChainingRodShaped	5146	4.55199	0.5	6.75009	38.0276	0	-0.999961	-0.00885914	0	5241	5145
ChainingRodShaped	5148	4.85723	0.5	-29.4835	20.8693	0	-0.956768	0.290851	0	None	None
ChainingRodShaped	5771	3.07601	0.5	-4.65279	21.0142	0	-0.986614	-0.163075	0	None	None
ChainingRodShaped	5152	4.15534	0.5	43.6443	42.3341	0	0.343444	-0.939173	0	5661	5906
ChainingRodShaped	5977	2.52413	0.5	-34.8781	77.6662	0	0.862336	-0.506337	0	5978	5153
ChainingRodShaped	5156	4.22869	0.5	-27.0172	72.963	0	0.853433	-0.521203	0	5153	5155
ChainingRodShaped	5158	4.08664	0.5	24.2281	-0.731563	0	0.770446	-0.637505	0	5987	5976
ChainingRodShaped	5160	4.92592	0.5	15.0548	63.1763	0	0.293386	-0.955994	0	None	None
ChainingRodShaped	5757	3.71489	0.5	-28.5597	40.3542	0	0.896099	0.443855	0	None	None
ChainingRodShaped	6221	2.39021	0.5	-23.9495	60.5582	0	-0.962124	-0.272613	0	None	None
ChainingRodShaped	5166	3.86977	0.5	-12.8673	39.3613	0	-0.999902	-0.0139826	0	None	None
ChainingRodShaped	6067	2.61912	0.5	-40.261	37.0502	0	0.914928	0.403616	0	6068	5882
ChainingRodShaped	5170	4.77768	0.5	-41.4648	32.6721	0	-0.945658	-0.325164	0	4811	6044
ChainingRodShaped	6153	2.57167	0.5	-48.7244	45.2131	0	-0.776537	-0.630071	0	None	None
ChainingRodShaped	5174	4.92241	0.5	48.5513	47.282	0	0.236492	-0.971634	0	None	None
ChainingRodShaped	5957	3.12538	0.5	25.5668	24.479	0	-0.151525	0.988453	0	5958	6040
ChainingRodShaped	5985	2.86239	0.5	44.632	50.7364	0	0.248645	-0.968595	0	5986	5964
ChainingRodShaped	5180	4.55375	0.5	-49.637	38.5288	0	0.842311	0.538992	0	None	None
ChainingRodShaped	5951	3.20149	0.5	34.4211	63.1392	0	0.380639	-0.924724	0	None	None
ChainingRodShaped	6229	2.29246	0.5	-22.1625	40.4258	0	0.970707	0.240264	0	None	None
ChainingRodShaped	5795	3.1022	0.5	1.43781	23.0117	0	-0.985318	-0.170729	0	None	None
ChainingRodShaped	5909	2.48961	0.5	27.5234	10.3358	0	0.40363	-0.914922	0	5910	5888
ChainingRodShaped	5190	3.87938	0.5	14.2521	6.28115	0	0.859734	-0.510742	0	5787	5988
ChainingRodShaped	6333	2.05811	0.5	-30.1908	33.2793	0	0.988705	-0.149872	0	None	None
ChainingRodShaped	6107	2.75623	0.5	-4.18348	59.0096	0	-0.76076	0.649033	0	None	None
ChainingRodShaped	5196	4.59285	0.5	-28.5006	25.0709	0	0.990836	-0.135068	0	None	None
ChainingRodShaped	5198	4.68925	0.5	-43.395	34.6232	0	0.917877	0.396866	0	5831	5197
ChainingRodShaped	6185	2.58077	0.5	-14.3603	47.0924	0	0.977928	0.208943	0	None	None
ChainingRodShaped	6059	2.44914	0.5	-10.3219	80.3063	0	0.614103	-0.789226	0	6060	5996
ChainingRodShaped	5204	3.93151	0.5	-12.7724	28.1758	0	-0.855295	0.518141	0	None	None
ChainingRodShaped	6023	2.78144	0.5	-6.22502	50.2353	0	0.902775	0.430113	0	None	None
ChainingRodShaped	5865	3.66749	0.5	-11.011	63.3713	0	-0.788032	0.615635	0	None	None
ChainingRodShaped	5210	4.56219	0.5	36.9429	48.9372	0	-0.368783	0.929515	0	5361	6140
ChainingRodShaped	6349	2.00381	0.5	37.606	52.5779	0	0.367553	-0.930003	0	None	None
ChainingRodShaped	6211	2.22911	0.5	0.883968	61.2307	0	-0.460814	0.887497	0	None	None
ChainingRodShaped	5216	4.44512	0.5	-47.717	49.7843	0	-0.92614	-0.37718	0	None	None
ChainingRodShaped	5218	4.713	0.5	-37.1766	36.1122	0	0.947652	0.319304	0	None	None
ChainingRodShaped	5220	4.61353	0.5	6.33193	27.6529	0	-0.894215	0.447638	0	5427	5219
ChainingRodShaped	6007	2.79828	0.5	-45.6894	24.3733	0	0.959682	-0.281087	0	6008	6162
ChainingRodShaped	6035	2.69079	0.5	-21.8138	41.4673	0	0.970267	0.242037	0	None	None
ChainingRodShaped	5226	3.62928	0.5	10.4771	53.989	0	0.595603	-0.803279	0	6113	6116
ChainingRodShaped	6005	2.4552	0.5	23.5609	72.6439	0	0.2478	-0.968811	0	6006	5972
ChainingRodShaped	5230	4.92739	0.5	-3.44683	29.2877	0	-0.971572	0.236744	0	None	None
ChainingRodShaped	5232	3.94523	0.5	-0.225744	21.7437	0	-0.986276	-0.165106	0	None	None
ChainingRodShaped	5234	4.06458	0.5	-43.8655	37.6523	0	0.922443	0.386134	0	5495	5233
ChainingRodShaped	6181	2.54393	0.5	-38.9544	54.2153	0	-0.789172	0.614172	0	None	None
ChainingRodShaped	6187	2.33617	0.5	-29.6909	14.2622	0	0.916092	-0.400969	0	None	None
ChainingRodShaped	6047	2.50557	0.5	-23.5151	97.8715	0	0.592471	-0.805592	0	6048	5239
ChainingRodShaped	5242	4.75585	0.5	17.5806	38.4471	0	-0.997714	-0.067584	0	None	5241
ChainingRodShaped	5244	3.86255	0.5	-25.185	54.7063	0	0.812393	0.58311	0	5451	5243
ChainingRodShaped	5823	3.65343	0.5	0.598533	36.1275	0	-0.999471	0.0325087	0	None	None
ChainingRodShaped	5897	2.86383	0.5	-2.04498	18.4052	0	0.979471	0.201587	0	None	None
ChainingRodShaped	6183	2.60437	0.5	30.61	20.4504	0	-0.628115	0.77812	0	None	None
ChainingRodShaped	5252	4.15322	0.5	21.4806	44.7436	0	0.129178	0.991621	0	None	None
ChainingRodShaped	5254	3.57377	0.5	-15.0984	50.0589	0	0.919492	0.393109	0	6207	6064
ChainingRodShaped	5919	2.63288	0.5	-23.1883	62.6223	0	-0.603014	-0.797731	0	None	None
ChainingRodShaped	5258	3.50847	0.5	38.7894	71.5729	0	0.278647	-0.960394	0	4794	5257
ChainingRodShaped	5260	3.9092	0.5	-40.7881	56.3517	0	-0.93281	0.36037	0	None	None
ChainingRodShaped	5262	3.45115	0.5	35.2	9.54566	0	-0.0490746	0.998795	0	None	5261
ChainingRodShaped	6069	2.76902	0.5	2.2332	18.242	0	-0.983389	-0.181513	0	None	None
ChainingRodShaped	5266	3.65884	0.5	-32.2619	43.7754	0	-0.920411	-0.390953	0	None	None
ChainingRodShaped	5268	3.66129	0.5	20.3175	10.9619	0	-0.940846	-0.338835	0	None	None
ChainingRodShaped	5999	3.00472	0.5	18.571	51.9424	0	-0.159917	0.987131	0	None	None
ChainingRodShaped	5272	3.97047	0.5	-18.1435	63.5485	0	-0.999978	0.0066973	0	None	None
ChainingRodShaped	5274	4.28346	0.5	24.8715	74.7402	0	0.267642	-0.963519	0	5573	5273
ChainingRodShaped	6169	2.40348	0.5	-3.20218	19.3073	0	-0.9902	-0.139655	0	None	None
ChainingRodShaped	5879	2.88265	0.5	7.98219	14.2528	0	-0.632111	0.774878	0	None	None
ChainingRodShaped	6227	2.28507	0.5	7.61745	56.1952	0	-0.607113	0.794616	0	None	None
ChainingRodShaped	5282	3.55527	0.5	3.46117	63.1089	0	0.624522	-0.781007	0	6301	6114
ChainingRodShaped	5885	3.59185	0.5	-20.279	56.6942	0	0.688155	0.725564	0	None	None
ChainingRodShaped	6091	2.82537	0.5	28.523	16.4235	0	-0.273484	0.961877	0	None	None
ChainingRodShaped	5288	4.56114	0.5	39.0107	28.3229	0	-0.0846708	0.996409	0	None	None
ChainingRodShaped	5290	4.84633	0.5	26.6844	6.92399	0	-0.514444	0.857524	0	4704	6306
ChainingRodShaped	6197	2.52033	0.5	-35.1598	49.7977	0	0.81161	0.5842	0	None	None
ChainingRodShaped	5294	3.36148	0.5	8.78467	44.2882	0	0.999567	0.0294116	0	5381	5293
ChainingRodShaped	5296	3.92574	0.5	-14.5668	16.9075	0	0.911168	-0.412036	0	None	6122
ChainingRodShaped	5298	4.0069	0.5	-2.85309	24.3198	0	-0.992525	-0.122041	0	None	None
ChainingRodShaped	6323	2.04618	0.5	28.3203	51.6434	0	0.170537	-0.985351	0	6324	5299
ChainingRodShaped	6027	2.93399	0.5	3.71636	10.7084	0	-0.90556	0.424218	0	None	None
ChainingRodShaped	5304	3.89666	0.5	16.9731	54.5222	0	-0.265192	0.964196	0	None	None
ChainingRodShaped	5981	2.89563	0.5	-7.18813	37.2994	0	-0.998594	0.0530162	0	None	None
ChainingRodShaped	5308	3.5214	0.5	-3.20261	71.3598	0	0.628989	-0.777415	0	5995	6302
ChainingRodShaped	5961	2.68475	0.5	-29.9274	57.3402	0	-0.983919	-0.178616	0	None	None
ChainingRodShaped	5312	3.59805	0.5	-23.0889	17.6701	0	-0.902891	0.429869	0	None	None
ChainingRodShaped	6311	2.11762	0.5	-11.7008	54.603	0	-0.989745	0.142843	0	None	None
ChainingRodShaped	5316	4.82677	0.5	-25.8595	45.4666	0	0.923155	0.384427	0	5525	6208
ChainingRodShaped	6299	2.08528	0.5	33.4004	42.7491	0	0.137071	-0.990561	0	6300	5317
ChainingRodShaped	5320	3.63885	0.5	-13.2063	55.5905	0	0.857047	0.515239	0	None	None
ChainingRodShaped	5322	4.60453	0.5	32.0201	38.4018	0	0.117596	-0.993062	0	4762	5321
ChainingRodShaped	5324	4.65393	0.5	9.78096	24.5725	0	0.845751	-0.533578	0	None	None
ChainingRodShaped	5326	4.45811	0.5	-28.0547	58.7613	0	-0.976345	-0.216218	0	None	None
ChainingRodShaped	5328	4.76575	0.5	24.726	41.6796	0	-0.185832	-0.982581	0	None	5327
ChainingRodShaped	5330	4.25884	0.5	34.0778	44.3786	0	-0.161615	0.986854	0	4827	5329
ChainingRodShaped	5332	4.37439	0.5	31.6807	5.19445	0	-0.387326	0.921943	0	4907	5331
ChainingRodShaped	5334	4.78487	0.5	-7.37187	15.8029	0	-0.912588	0.40888	0	None	None
ChainingRodShaped	6125	2.78219	0.5	-36.7681	42.7699	0	-0.904012	-0.427507	0	None	None
ChainingRodShaped	6079	2.51496	0.5	-29.0734	32.1372	0	-0.990155	0.139978	0	None	None
ChainingRodShaped	5340	3.76665	0.5	-23.1621	36.6233	0	0.997269	-0.0738555	0	None	6190
ChainingRodShaped	5342	3.67286	0.5	15.1249	12.7772	0	-0.354421	-0.935086	0	None	None
ChainingRodShaped	5344	4.74169	0.5	-14.4075	22.4894	0	0.972061	0.234729	0	None	None
ChainingRodShaped	5346	3.75987	0.5	10.0235	46.8748	0	-0.556914	0.83057	0	None	None
ChainingRodShaped	5348	3.97955	0.5	47.3937	39.1561	0	0.219031	-0.975718	0	5963	5347
ChainingRodShaped	5350	3.62382	0.5	27.6593	23.9951	0	-0.103973	0.99458	0	None	None
ChainingRodShaped	5352	3.96855	0.5	5.37001	6.41016	0	0.89648	-0.443084	0	4652	5351
ChainingRodShaped	5354	4.90319	0.5	48.1372	29.4452	0	0.31924	-0.947674	0	5905	6226
ChainingRodShaped	6109	2.41481	0.5	-23.4432	52.4418	0	0.800967	0.598709	0	None	None
ChainingRodShaped	6179	2.49796	0.5	-35.3389	16.7405	0	0.371663	-0.928368	0	None	None
ChainingRodShaped	6009	3.11044	0.5	-16.1322	51.6789	0	-0.911962	-0.410275	0	None	None
ChainingRodShaped	5362	4.42284	0.5	40.8905	38.9409	0	-0.367356	0.93008	0	5899	5361
ChainingRodShaped	5364	4.384	0.5	22.5145	58.5694	0	0.41565	-0.909525	0	None	None
ChainingRodShaped	5366	3.71295	0.5	-1.94293	49.9447	0	0.510529	-0.85986	0	None	None
ChainingRodShaped	6199	2.46328	0.5	12.671	58.1562	0	0.394593	-0.918856	0	None	None
ChainingRodShaped	5370	3.68629	0.5	5.19311	64.0835	0	0.622785	-0.782393	0	None	None
ChainingRodShaped	5372	4.67432	0.5	-7.14411	35.1576	0	-0.97821	0.20762	0	None	None
ChainingRodShaped	6219	2.31651	0.5	21.7719	54.4995	0	0.768275	-0.64012	0	None	None
ChainingRodShaped	5376	4.24452	0.5	0.182488	31.28	0	0.948962	-0.31539	0	5439	5375
ChainingRodShaped	5378	3.77616	0.5	-1.60177	39.9869	0	0.999975	0.00708127	0	None	None
ChainingRodShaped	5380	4.6259	0.5	30.51	26.8543	0	-0.0356208	0.999365	0	None	None
ChainingRodShaped	5382	3.50638	0.5	-1.00195	43.6809	0	0.994108	0.108397	0	5581	5381
ChainingRodShaped	6231	2.30137	0.5	-15.8724	24.757	0	0.655741	0.754986	0	None	None
ChainingRodShaped	5386	3.79677	0.5	-19.8934	30.9948	0	-0.800837	0.598883	0	None	None
ChainingRodShaped	6133	2.72041	0.5	40.4633	48.0641	0	0.375732	-0.926728	0	None	None
ChainingRodShaped	6285	2.16314	0.5	13.6799	51.7784	0	0.308598	-0.951192	0	None	None
ChainingRodShaped	5392	4.11028	0.5	47.8078	41.7962	0	0.220558	-0.975374	0	None	None
ChainingRodShaped	5394	4.88785	0.5	-46.6587	42.7985	0	0.827147	0.561986	0	None	None
ChainingRodShaped	6105	2.32571	0.5	6.51481	37.0525	0	-0.999998	-0.00214771	0	None	None
ChainingRodShaped	5398	4.50297	0.5	-33.637	39.0078	0	0.905778	0.423753	0	5197	5397
ChainingRodShaped	6291	2.17292	0.5	30.9089	17.5154	0	-0.000853547	1	0	None	None
ChainingRodShaped	5402	4.29288	0.5	7.76672	54.3994	0	-0.609862	0.792508	0	None	None
ChainingRodShaped	5404	3.56197	0.5	-24.9144	47.9494	0	-0.924618	-0.380896	0	None	None
ChainingRodShaped	5406	3.37065	0.5	-23.5662	51.0303	0	-0.756394	-0.654116	0	None	None
ChainingRodShaped	5408	3.47474	0.5	-29.2946	42.1238	0	0.897781	0.440442	0	5881	5407
ChainingRodShaped	5410	3.56531	0.5	-10.4282	61.6712	0	0.786461	-0.61764	0	5429	5409
ChainingRodShaped	5412	3.34186	0.5	-33.315	45.4475	0	-0.928045	-0.372468	0	None	None
ChainingRodShaped	5414	4.31032	0.5	32.8827	-9.09258	0	0.66942	-0.742884	0	5975	5413
ChainingRodShaped	6329	2.03418	0.5	33.4973	-2.13714	0	0.440449	-0.897777	0	6330	5415
ChainingRodShaped	5418	4.26348	0.5	3.42193	49.7486	0	0.753826	-0.657074	0	5863	5417
ChainingRodShaped	5420	3.66369	0.5	28.8669	69.1289	0	0.367761	-0.92992	0	None	None
ChainingRodShaped	5422	4.90274	0.5	-2.24357	14.5539	0	0.910796	-0.412856	0	5717	5421
ChainingRodShaped	5424	4.75489	0.5	8.43781	24.2539	0	0.854158	-0.520013	0	None	None
ChainingRodShaped	6223	2.37351	0.5	-45.7188	53.7228	0	-0.958644	0.284607	0	None	None
ChainingRodShaped	5428	3.29663	0.5	14.8548	22.0681	0	-0.75777	0.652521	0	5489	5427
ChainingRodShaped	5430	3.47399	0.5	-18.8496	67.7645	0	0.830331	-0.55727	0	5155	5429
ChainingRodShaped	5432	4.26568	0.5	-4.70214	7.59632	0	0.926544	-0.376186	0	5107	5431
ChainingRodShaped	5434	4.7979	0.5	-36.3388	45.2471	0	0.843377	0.537322	0	None	None
ChainingRodShaped	6205	2.48993	0.5	18.6868	62.0885	0	0.640557	-0.76791	0	None	None
ChainingRodShaped	5438	4.44561	0.5	14.9583	40.139	0	-0.998706	-0.0508495	0	None	None
ChainingRodShaped	5440	4.22109	0.5	-9.28121	33.7341	0	0.97978	-0.200077	0	5013	5439
ChainingRodShaped	5442	4.27286	0.5	29.1832	65.6482	0	-0.371236	0.928539	0	6279	5441
ChainingRodShaped	6213	2.4097	0.5	47.3988	47.8178	0	0.236349	-0.971668	0	None	None
ChainingRodShaped	5446	3.4984	0.5	-22.1609	25.2494	0	-0.994479	0.104936	0	None	None
ChainingRodShaped	5448	4.75717	0.5	2.08947	38.9926	0	-0.999939	0.011057	0	None	None
ChainingRodShaped	6165	2.33531	0.5	-18.2656	61.2621	0	-0.987082	-0.160213	0	None	None
ChainingRodShaped	5452	3.32685	0.5	-32.3976	49.4279	0	0.802796	0.596254	0	4868	5451
ChainingRodShaped	5454	4.88275	0.5	13.6469	3.27407	0	0.874282	-0.485419	0	5851	5453
ChainingRodShaped	5456	3.87387	0.5	-37.7634	58.605	0	-0.07679	0.997047	0	None	None
ChainingRodShaped	5458	3.40675	0.5	-5.5854	44.0064	0	0.985485	0.16976	0	None	None
ChainingRodShaped	5460	4.30933	0.5	36.0664	27.8326	0	-0.0859505	0.996299	0	5731	5459
ChainingRodShaped	5462	3.08898	0.5	-70.9131	25.5099	0	-0.993887	-0.110402	0	4946	5461
ChainingRodShaped	5464	4.57941	0.5	-13.0708	20.8599	0	0.98213	-0.188205	0	None	None
ChainingRodShaped	5466	3.6742	0.5	10.2379	21.8993	0	-0.81484	0.579686	0	None	None
ChainingRodShaped	5468	4.10109	0.5	-8.91129	51.0956	0	0.897916	0.440166	0	6017	5467
ChainingRodShaped	5470	4.24721	0.5	-21.7914	26.1466	0	-0.994207	0.10748	0	None	None
ChainingRodShaped	5472	4.41181	0.5	-3.41161	26.4403	0	-0.891987	0.45206	0	None	None
ChainingRodShaped	6255	2.1858	0.5	23.4818	58.844	0	0.416074	-0.909331	0	None	None
ChainingRodShaped	5476	3.85254	0.5	-44.4194	40.7747	0	0.828238	0.560376	0	5521	5475
ChainingRodShaped	5478	3.99418	0.5	10.2278	64.903	0	0.809441	-0.587202	0	None	None
ChainingRodShaped	5480	4.12365	0.5	-18.706	44.1851	0	0.999432	-0.0336939	0	None	None
ChainingRodShaped	6287	2.08103	0.5	14.9781	54.3227	0	0.239238	-0.970961	0	None	None
ChainingRodShaped	6265	2.20029	0.5	-44.3639	43.1741	0	0.828424	0.560101	0	None	None
ChainingRodShaped	5486	3.26155	0.5	26.3882	9.35061	0	0.520444	-0.853896	0	5735	5485
ChainingRodShaped	5488	4.87714	0.5	-18.0467	23.6763	0	0.663257	0.748392	0	None	None
ChainingRodShaped	5490	3.06783	0.5	20.5071	16.1232	0	-0.621093	0.783737	0	6305	5489
ChainingRodShaped	5492	3.74288	0.5	40.1537	44.7222	0	0.600826	-0.79938	0	None	None
ChainingRodShaped	6217	2.41727	0.5	11.0168	15.3431	0	-0.972799	-0.231653	0	None	None
ChainingRodShaped	5496	4.81067	0.5	-53.3602	33.9459	0	0.940417	0.340024	0	5785	5495
ChainingRodShaped	5498	4.44467	0.5	35.9657	46.2301	0	-0.358331	0.933595	0	None	None
ChainingRodShaped	5500	3.7136	0.5	-8.26061	12.9531	0	0.907383	-0.420305	0	5071	5499
ChainingRodShaped	5502	3.69661	0.5	-12.1372	12.5715	0	-0.905942	0.423401	0	None	None
ChainingRodShaped	5504	3.98681	0.5	35.2923	25.1574	0	0.0752131	-0.997167	0	5621	5503
ChainingRodShaped	5506	4.75458	0.5	-15.6525	57.5109	0	0.846632	0.532178	0	None	None
ChainingRodShaped	5508	3.19352	0.5	11.4734	46.6012	0	-0.618156	0.786055	0	None	None
ChainingRodShaped	5510	4.1816	0.5	8.74914	47.0642	0	-0.555007	0.831846	0	None	None
ChainingRodShaped	6339	2.04463	0.5	27.9984	33.3773	0	-0.0542657	0.998527	0	None	None
ChainingRodShaped	5514	4.183	0.5	-39.1966	52.746	0	-0.969814	0.243846	0	None	None
ChainingRodShaped	6277	2.17972	0.5	1.4744	49.4016	0	0.854108	-0.520095	0	None	None
ChainingRodShaped	5518	3.41732	0.5	1.56357	28.7494	0	0.937093	-0.349079	0	None	None
ChainingRodShaped	6261	2.25933	0.5	7.19452	34.2956	0	-0.951085	-0.308928	0	None	None
ChainingRodShaped	5522	2.99149	0.5	-52.4172	35.6084	0	0.848428	0.52931	0	None	5521
ChainingRodShaped	5524	4.28033	0.5	-29.4948	55.3367	0	-0.993679	-0.112261	0	None	None
ChainingRodShaped	5526	3.32994	0.5	-34.6341	41.6664	0	0.912369	0.409368	0	5233	5525
ChainingRodShaped	5528	4.58786	0.5	-7.33478	11.4262	0	-0.906109	0.423044	0	None	None
ChainingRodShaped	5530	3.40087	0.5	0.80352	55.3541	0	-0.480951	0.876748	0	None	None
ChainingRodShaped	5532	3.92737	0.5	17.0373	44.8259	0	0.56623	-0.824248	0	6115	5531
ChainingRodShaped	6267	2.21942	0.5	-0.520655	64.1069	0	0.445455	-0.895304	0	None	None
ChainingRodShaped	5536	4.30084	0.5	37.1452	26.8037	0	-0.0852634	0.996358	0	None	None
ChainingRodShaped	5538	3.00246	0.5	32.5111	60.0057	0	-0.374032	0.927416	0	6139	5537
ChainingRodShaped	5540	3.87951	0.5	-11.9326	35.1818	0	0.983569	-0.180534	0	6189	5539
ChainingRodShaped	5542	4.81206	0.5	-28.2384	35.8324	0	-0.970636	-0.240552	0	None	None
ChainingRodShaped	5544	3.81018	0.5	7.40426	20.6258	0	0.946956	0.321364	0	None	None
ChainingRodShaped	5546	4.81806	0.5	-14.2116	31.5319	0	-0.954927	0.296842	0	None	None
ChainingRodShaped	5548	3.57958	0.5	-51.7696	32.3632	0	0.938383	0.345597	0	6029	5547
ChainingRodShaped	5550	4.17121	0.5	-48.0211	56.1618	0	-0.0856988	0.996321	0	None	None
ChainingRodShaped	5552	3.21209	0.5	20.6589	83.8196	0	0.252797	-0.967519	0	None	5551
ChainingRodShaped	6335	2.02892	0.5	-21.6048	49.5139	0	-0.983268	-0.182165	0	None	None
ChainingRodShaped	5556	4.44195	0.5	1.27687	34.454	0	-0.956588	-0.291443	0	None	None
ChainingRodShaped	5558	3.9185	0.5	24.7911	22.9186	0	-0.147325	0.989088	0	None	None
ChainingRodShaped	5560	4.22317	0.5	17.8503	40.9865	0	-0.734399	0.678718	0	None	None
ChainingRodShaped	5562	4.14396	0.5	16.5361	50.5969	0	0.519424	-0.854517	0	None	None
ChainingRodShaped	5564	4.84294	0.5	-11.8013	46.7025	0	0.975462	0.220167	0	None	None
ChainingRodShaped	5566	4.18776	0.5	-16.9254	45.0518	0	0.999344	-0.0362148	0	None	None
ChainingRodShaped	5568	3.601	0.5	11.6898	40.9682	0	-0.999979	0.00649661	0	None	None
ChainingRodShaped	5570	3.40765	0.5	-49.3008	34.3677	0	0.931149	0.364638	0	None	None
ChainingRodShaped	5572	3.36074	0.5	39.9044	33.3284	0	-0.359775	0.933039	0	None	None
ChainingRodShaped	5574	2.86027	0.5	22.2609	84.0945	0	0.269418	-0.963023	0	None	5573
ChainingRodShaped	6295	2.17887	0.5	44.703	46.1249	0	-0.186818	0.982394	0	None	None
ChainingRodShaped	5578	3.1858	0.5	-24.1644	43.6247	0	0.893801	0.448464	0	5397	5577
ChainingRodShaped	5580	3.90831	0.5	-5.3904	46.3077	0	0.632575	0.774499	0	None	None
ChainingRodShaped	5582	3.13234	0.5	-10.42	42.1515	0	0.979289	0.202468	0	5737	5581
ChainingRodShaped	6317	2.09114	0.5	50.261	37.9746	0	-0.339428	-0.940632	0	None	None
ChainingRodShaped	5586	3.52529	0.5	5.38081	65.4374	0	0.623379	-0.78192	0	None	None
ChainingRodShaped	5588	3.33743	0.5	-46.0521	84.1537	0	0.865804	-0.500384	0	4992	5587
ChainingRodShaped	5590	4.94241	0.5	-5.11232	28.3855	0	0.889903	-0.456149	0	None	None
ChainingRodShaped	5592	3.94468	0.5	-1.65041	15.9172	0	-0.990226	0.139475	0	None	None
ChainingRodShaped	5594	3.76151	0.5	-17.9993	90.4181	0	0.597716	-0.801708	0	5239	5593
ChainingRodShaped	5596	3.28074	0.5	-18.3615	27.8965	0	-0.970001	-0.243102	0	None	None
ChainingRodShaped	5598	3.06569	0.5	-22.1571	16.1633	0	0.906681	-0.421817	0	None	None
ChainingRodShaped	5600	4.78005	0.5	24.9366	50.1076	0	0.0500796	0.998745	0	None	None
ChainingRodShaped	5602	3.47933	0.5	-59.1347	28.0871	0	0.926899	0.375312	0	None	5601
ChainingRodShaped	5604	2.98008	0.5	-2.42873	33.1634	0	0.977206	-0.212292	0	5539	5603
ChainingRodShaped	5606	3.31466	0.5	-31.1385	61.7384	0	-0.914534	-0.404509	0	None	None
ChainingRodShaped	5608	3.77139	0.5	-25.8101	34.0409	0	0.832971	-0.553317	0	None	None
ChainingRodShaped	5610	4.88689	0.5	20.4487	54.3513	0	-0.765072	0.643944	0	None	None
ChainingRodShaped	5612	4.72814	0.5	31.4607	34.7541	0	-0.112694	0.99363	0	None	None
ChainingRodShaped	5614	4.14605	0.5	1.19556	26.7959	0	0.653588	-0.756851	0	None	None
ChainingRodShaped	5616	3.81843	0.5	-26.1393	33.1388	0	0.83544	-0.549582	0	None	None
ChainingRodShaped	5618	3.35147	0.5	6.49034	11.573	0	-0.901953	0.431834	0	None	None
ChainingRodShaped	5620	4.1876	0.5	-15.268	53.1234	0	-0.910456	-0.413606	0	None	None
ChainingRodShaped	5622	3.36461	0.5	34.5083	33.761	0	0.10778	-0.994175	0	5317	5621
ChainingRodShaped	5624	3.95974	0.5	15.6012	35.9381	0	-0.910526	-0.413452	0	None	None
ChainingRodShaped	5626	4.91622	0.5	-0.986904	45.9335	0	0.787962	0.615723	0	None	None
ChainingRodShaped	5628	4.59595	0.5	29.107	52.6627	0	-0.171921	0.985111	0	None	None
ChainingRodShaped	5630	4.79996	0.5	-20.24	54.6643	0	0.981236	0.192812	0	None	None
ChainingRodShaped	5632	4.76181	0.5	12.8752	14.7572	0	-0.974819	-0.222999	0	None	None
ChainingRodShaped	5634	4.41094	0.5	-3.44375	41.3661	0	-0.798306	-0.602252	0	None	None
ChainingRodShaped	5636	4.4903	0.5	-41.3175	30.8651	0	0.998907	0.0467382	0	None	None
ChainingRodShaped	5638	3.72167	0.5	-16.9282	30.4838	0	-0.929405	0.36906	0	None	None
ChainingRodShaped	5640	4.17159	0.5	-7.53635	63.4456	0	0.849651	-0.527345	0	None	None
ChainingRodShaped	5642	3.5369	0.5	8.41274	63.1723	0	0.610602	-0.791938	0	None	None
ChainingRodShaped	5644	4.38177	0.5	-14.1278	23.5186	0	0.971907	0.235364	0	None	None
ChainingRodShaped	5646	4.34564	0.5	-36.0295	53.8759	0	-0.919598	0.392861	0	None	None
ChainingRodShaped	5648	3.90713	0.5	38.2776	42.965	0	-0.367657	0.929962	0	5671	5647
ChainingRodShaped	5650	4.66795	0.5	-23.7023	28.2153	0	-0.993629	0.112703	0	None	None
ChainingRodShaped	5652	3.19939	0.5	-35.7032	21.0331	0	0.933493	-0.358595	0	6161	5651
ChainingRodShaped	5654	4.86508	0.5	-44.112	47.853	0	-0.771383	-0.636371	0	None	None
ChainingRodShaped	5656	3.68865	0.5	-43.9559	50.5528	0	-0.813636	-0.581374	0	None	None
ChainingRodShaped	5658	3.8713	0.5	8.01078	16.6161	0	-0.970471	-0.241219	0	None	None
ChainingRodShaped	5660	3.91573	0.5	-12.6942	42.6423	0	0.974984	0.222274	0	None	None
ChainingRodShaped	5662	3.24784	0.5	40.1988	51.3943	0	0.36448	-0.931211	0	5783	5661
ChainingRodShaped	5664	3.87494	0.5	5.94679	18.0917	0	0.966848	0.255354	0	None	None
ChainingRodShaped	5666	3.36993	0.5	30.0475	52.7536	0	0.167072	-0.985945	0	4653	5665
ChainingRodShaped	5668	3.49037	0.5	32.5547	22.8728	0	-0.583138	0.812373	0	None	None
ChainingRodShaped	5670	3.99236	0.5	-33.1155	28.5839	0	-0.811889	0.583811	0	None	None
ChainingRodShaped	5672	3.18454	0.5	41.4352	34.8833	0	-0.360977	0.932575	0	5775	5671
ChainingRodShaped	5674	3.43402	0.5	-33.8003	26.8386	0	-0.993228	0.116181	0	None	None
ChainingRodShaped	5676	4.62782	0.5	26.4543	25.9735	0	-0.103764	0.994602	0	None	None
ChainingRodShaped	5678	4.63867	0.5	14.3019	36.432	0	-0.910946	-0.412525	0	None	None
ChainingRodShaped	5680	3.79277	0.5	36.4556	3.43863	0	0.0407193	-0.999171	0	5845	5679
ChainingRodShaped	5682	4.35137	0.5	16.8028	48.4002	0	0.561817	-0.827261	0	None	None
ChainingRodShaped	5684	3.51488	0.5	-26.7089	48.7382	0	-0.990368	-0.138461	0	None	None
ChainingRodShaped	5686	3.32276	0.5	-46.2645	44.6284	0	0.707739	0.706474	0	None	None
ChainingRodShaped	5688	3.49013	0.5	-18.9401	23.9355	0	0.65575	0.754978	0	None	None
ChainingRodShaped	5690	3.08071	0.5	7.97474	35.5856	0	-0.94647	-0.322791	0	None	None
ChainingRodShaped	5692	3.21109	0.5	22.0353	41.6977	0	0.511212	0.859455	0	None	None
ChainingRodShaped	5694	2.7073	0.5	46.7354	24.1281	0	-0.367738	0.929929	0	5835	5693
ChainingRodShaped	5696	3.29305	0.5	-37.3683	51.1389	0	-0.942071	-0.335413	0	None	None
ChainingRodShaped	5698	3.28526	0.5	-9.14346	41.0159	0	-0.896997	-0.442038	0	None	None
ChainingRodShaped	5700	2.8702	0.5	27.3887	51.5297	0	-0.179558	0.983747	0	5843	5699
ChainingRodShaped	5702	3.9886	0.5	-20.9157	58.9343	0	-0.816289	-0.577644	0	None	None
ChainingRodShaped	5704	3.19754	0.5	41.5406	62.0327	0	0.274315	-0.96164	0	5257	5703
ChainingRodShaped	5706	3.23256	0.5	-26.9242	37.1572	0	-0.973476	-0.228788	0	5859	5705
ChainingRodShaped	5708	3.35852	0.5	-17.9202	42.4156	0	0.969163	0.24642	0	None	None
ChainingRodShaped	5710	2.98314	0.5	-29.2886	24.2099	0	-0.990672	0.136272	0	5947	5709
ChainingRodShaped	5712	4.3465	0.5	36.9045	41.3615	0	-0.35639	0.934337	0	None	None
ChainingRodShaped	5714	3.57586	0.5	40.7435	-15.9681	0	0.48574	-0.874104	0	5781	5713
ChainingRodShaped	5716	3.04626	0.5	-14.5982	33.6367	0	-0.96287	0.269965	0	None	None
ChainingRodShaped	5718	3.12428	0.5	-11.2244	18.5502	0	0.917883	-0.396851	0	4756	5717
ChainingRodShaped	5720	3.70755	0.5	25.5659	60.2186	0	-0.22258	0.974915	0	5699	5719
ChainingRodShaped	5722	4.42486	0.5	-57.9409	31.3055	0	0.953335	0.301913	0	None	None
ChainingRodShaped	5724	2.72073	0.5	33.5931	33.219	0	-0.107098	0.994248	0	5841	5723
ChainingRodShaped	5726	4.33525	0.5	-43.1027	22.5536	0	0.95566	-0.294473	0	None	None
ChainingRodShaped	5728	4.38999	0.5	7.21775	17.418	0	0.969072	0.246779	0	None	None
ChainingRodShaped	5730	3.67036	0.5	-0.930655	54.898	0	-0.746475	0.665413	0	None	None
ChainingRodShaped	5732	3.45061	0.5	36.7271	18.6235	0	-0.0581873	0.998306	0	6025	5731
ChainingRodShaped	5734	3.7045	0.5	-15.1396	28.4794	0	-0.865183	0.501456	0	None	None
ChainingRodShaped	5736	3.77377	0.5	21.699	16.1927	0	0.613051	-0.790043	0	5959	5735
ChainingRodShaped	5738	3.09668	0.5	-19.0965	40.2098	0	0.973062	0.230543	0	6251	5737
ChainingRodShaped	5740	4.11676	0.5	-13.0734	24.7473	0	0.970561	0.240855	0	None	None
ChainingRodShaped	5742	3.40695	0.5	36.0765	36.9857	0	-0.128231	0.991744	0	None	None
ChainingRodShaped	5744	4.18352	0.5	-33.5566	41.1065	0	0.910381	0.413772	0	None	None
ChainingRodShaped	5746	3.67301	0.5	15.085	18.2662	0	0.920441	-0.390882	0	None	None
ChainingRodShaped	5748	3.93233	0.5	44.4712	36.0028	0	-0.14444	0.989514	0	None	None
ChainingRodShaped	5750	3.54434	0.5	-32.9113	36.4689	0	0.956051	0.293202	0	5837	5749
ChainingRodShaped	5752	3.55035	0.5	39.6706	36.7165	0	-0.365815	0.930687	0	None	None
ChainingRodShaped	5754	3.06336	0.5	21.9169	-1.47356	0	0.860021	-0.510259	0	5453	5753
ChainingRodShaped	5756	3.13728	0.5	9.69609	27.0419	0	0.862025	-0.506866	0	5375	5755
ChainingRodShaped	5758	3.63519	0.5	-32.7654	38.4227	0	0.909966	0.414682	0	None	None
ChainingRodShaped	5760	3.60707	0.5	-27.4589	62.0299	0	-0.959026	-0.283319	0	None	None
ChainingRodShaped	5762	4.21113	0.5	-31.9656	50.9474	0	0.800377	0.599497	0	None	None
ChainingRodShaped	5764	4.15317	0.5	1.43125	10.678	0	-0.906291	0.422654	0	None	None
ChainingRodShaped	5766	3.44082	0.5	-72.883	26.4315	0	0.974279	0.225347	0	None	5765
ChainingRodShaped	5768	3.21845	0.5	44.959	41.5368	0	-0.34157	0.939856	0	None	None
ChainingRodShaped	5770	2.80896	0.5	-56.3984	26.6788	0	-0.999594	-0.0285069	0	5030	5769
ChainingRodShaped	5772	3.57038	0.5	-2.84549	20.3322	0	-0.988753	-0.149557	0	None	None
ChainingRodShaped	5774	3.68178	0.5	5.85665	48.8943	0	-0.75268	0.658387	0	None	None
ChainingRodShaped	5776	3.38091	0.5	44.3038	27.4527	0	-0.359619	0.933099	0	5098	5775
ChainingRodShaped	5778	2.60187	0.5	29.4147	44.1843	0	0.124994	-0.992157	0	5299	5777
ChainingRodShaped	5780	4.00565	0.5	-27.8381	45.6628	0	-0.923467	-0.383678	0	None	None
ChainingRodShaped	5782	2.74713	0.5	37.068	-9.19785	0	0.46447	-0.885589	0	5415	5781
ChainingRodShaped	5784	3.27933	0.5	37.025	59.3696	0	0.375084	-0.926991	0	5104	5783
ChainingRodShaped	5786	3.06762	0.5	-62.1004	30.9597	0	0.951074	0.308962	0	6143	5785
ChainingRodShaped	5788	2.97939	0.5	7.28044	10.0815	0	0.895331	-0.445402	0	5421	5787
ChainingRodShaped	5790	3.72599	0.5	-38.5168	48.4918	0	0.7966	0.604507	0	None	None
ChainingRodShaped	5792	3.2296	0.5	-5.11935	42.1731	0	-0.984848	-0.173418	0	None	None
ChainingRodShaped	5794	4.02405	0.5	-9.05292	31.7811	0	-0.975337	0.220721	0	None	None
ChainingRodShaped	5796	3.70602	0.5	4.45149	22.7521	0	-0.956626	-0.291319	0	None	None
ChainingRodShaped	5798	2.73203	0.5	28.8666	78.6796	0	0.397313	-0.917683	0	None	5797
ChainingRodShaped	5800	3.8782	0.5	-33.2667	31.9167	0	-0.966343	0.257258	0	None	None
ChainingRodShaped	5802	3.72035	0.5	6.01994	22.2149	0	-0.948284	-0.317424	0	None	None
ChainingRodShaped	5804	2.80227	0.5	-10.7707	29.1399	0	-0.861578	0.507625	0	None	None
ChainingRodShaped	5806	3.21291	0.5	26.0384	35.8315	0	0.0572513	0.99836	0	None	None
ChainingRodShaped	5808	3.65178	0.5	27.0379	35.9233	0	0.058655	0.998278	0	None	None
ChainingRodShaped	5810	2.75358	0.5	-8.16733	26.7717	0	-0.877683	0.479242	0	None	None
ChainingRodShaped	5812	2.85142	0.5	-49.4657	42.1526	0	-0.850589	-0.525831	0	None	None
ChainingRodShaped	5814	3.34235	0.5	-42.9352	26.0817	0	-0.99371	0.111984	0	5116	5813
ChainingRodShaped	5816	3.25021	0.5	49.9797	43.8679	0	-0.151406	-0.988472	0	None	None
ChainingRodShaped	5818	2.80329	0.5	31.0459	52.6104	0	-0.16049	0.987037	0	5084	5817
ChainingRodShaped	5820	2.89463	0.5	31.5506	64.9598	0	0.378129	-0.925753	0	None	None
ChainingRodShaped	5822	3.65402	0.5	2.82042	53.6483	0	-0.473581	0.88075	0	None	None
ChainingRodShaped	5824	3.06141	0.5	4.92454	36.0713	0	-0.999985	-0.00550745	0	None	None
ChainingRodShaped	5826	3.53219	0.5	11.0852	56.9492	0	0.405083	-0.91428	0	None	None
ChainingRodShaped	5828	3.25727	0.5	42.3683	51.1792	0	-0.340626	0.940199	0	None	None
ChainingRodShaped	5830	3.32268	0.5	-24.5971	62.4016	0	-0.603945	-0.797026	0	None	None
ChainingRodShaped	5832	3.22235	0.5	-51.2661	31.2995	0	0.924357	0.381528	0	5601	5831
ChainingRodShaped	5834	3.14174	0.5	37.5294	2.89032	0	-0.0513793	0.998679	0	5901	5833
ChainingRodShaped	5836	3.39715	0.5	49.6059	16.8754	0	-0.368153	0.929765	0	None	5835
ChainingRodShaped	5838	2.68906	0.5	-41.0024	33.8761	0	0.9498	0.312859	0	6151	5837
ChainingRodShaped	5840	2.9548	0.5	0.424626	44.8108	0	0.994782	0.102022	0	None	None
ChainingRodShaped	5842	3.43732	0.5	34.3013	25.3385	0	-0.0734549	0.997299	0	4880	5841
ChainingRodShaped	5844	3.52566	0.5	28.6138	43.0363	0	-0.115067	0.993358	0	6095	5843
ChainingRodShaped	5846	2.66404	0.5	36.1147	11.2716	0	0.0476292	-0.998865	0	4787	5845
ChainingRodShaped	5848	3.21923	0.5	34.7142	51.8872	0	-0.373247	0.927732	0	5647	5847
ChainingRodShaped	5850	3.60279	0.5	13.2387	46.5211	0	-0.762595	0.646876	0	None	None
ChainingRodShaped	5852	2.52727	0.5	6.17027	7.24779	0	0.893837	-0.448392	0	4874	5851
ChainingRodShaped	5854	3.3869	0.5	-42.5633	46.6416	0	0.964375	0.264539	0	None	None
ChainingRodShaped	5856	2.85936	0.5	-21.1049	20.177	0	0.843976	0.536381	0	None	None
ChainingRodShaped	5858	3.6252	0.5	11.1573	42.5813	0	-0.908294	0.418332	0	None	None
ChainingRodShaped	5860	2.85702	0.5	-19.3634	38.2722	0	-0.997586	-0.0694463	0	5124	5859
ChainingRodShaped	5862	3.77569	0.5	-0.0137989	60.824	0	0.451915	-0.892061	0	None	None
ChainingRodShaped	5864	3.08172	0.5	-3.18716	55.6116	0	0.751638	-0.659576	0	5409	5863
ChainingRodShaped	5866	3.02591	0.5	-7.4561	60.9849	0	-0.899468	0.436986	0	None	None
ChainingRodShaped	5868	3.69208	0.5	-45.3714	51.6823	0	-0.981806	-0.189884	0	None	None
ChainingRodShaped	5870	2.79534	0.5	-23.2018	29.0814	0	-0.99331	0.115474	0	None	None
ChainingRodShaped	5872	2.70109	0.5	4.93166	59.7355	0	-0.621017	0.783797	0	None	None
ChainingRodShaped	5874	3.17125	0.5	13.3856	47.6868	0	-0.759008	0.651081	0	None	None
ChainingRodShaped	5876	3.67625	0.5	4.80616	58.3896	0	-0.626806	0.779176	0	None	None
ChainingRodShaped	5878	3.21488	0.5	-25.901	17.914	0	0.907266	-0.420556	0	None	None
ChainingRodShaped	5880	2.85775	0.5	10.4788	11.3155	0	-0.654833	0.755774	0	None	None
ChainingRodShaped	5882	2.95479	0.5	-36.8226	38.5881	0	0.910946	0.412525	0	6067	5881
ChainingRodShaped	5884	2.89542	0.5	-22.4829	15.2527	0	0.906474	-0.422261	0	5094	5883
ChainingRodShaped	5886	3.25063	0.5	-23.7933	54.5366	0	0.811735	0.584027	0	None	None
ChainingRodShaped	5888	3.09246	0.5	29.0974	6.93869	0	0.433825	-0.900997	0	5909	5887
ChainingRodShaped	5890	3.17287	0.5	12.4147	64.7373	0	0.864377	-0.502844	0	None	None
ChainingRodShaped	5892	3.01955	0.5	14.6065	58.5909	0	0.382421	-0.923988	0	None	None
ChainingRodShaped	5894	2.7522	0.5	31.9538	54.5336	0	-0.239638	0.970862	0	5329	5893
ChainingRodShaped	5896	2.62283	0.5	-36.7519	28.6945	0	-0.837416	0.546566	0	None	None
ChainingRodShaped	5898	2.65705	0.5	-5.7222	18.4987	0	0.971262	-0.238012	0	None	None
ChainingRodShaped	5900	2.52368	0.5	44.0489	30.9314	0	-0.366802	0.930299	0	5693	5899
ChainingRodShaped	5902	3.13909	0.5	37.9765	-5.269	0	-0.0575484	0.998343	0	None	5901
ChainingRodShaped	5904	2.72935	0.5	-18.0521	59.7371	0	0.822025	0.569452	0	5243	5903
ChainingRodShaped	5906	3.07644	0.5	45.2026	38.0038	0	0.332444	-0.943123	0	5152	5905
ChainingRodShaped	5908	3.35302	0.5	36.0237	59.1956	0	0.376919	-0.926246	0	None	None
ChainingRodShaped	5910	3.18904	0.5	26.0866	13.8416	0	0.35834	-0.933591	0	6325	5909
ChainingRodShaped	5912	3.42545	0.5	5.99556	13.9612	0	-0.903396	0.428808	0	None	None
ChainingRodShaped	5914	2.84114	0.5	34.5523	57.5781	0	0.374486	-0.927232	0	None	None
ChainingRodShaped	5916	3.60768	0.5	-5.42361	54.6962	0	-0.99992	-0.0126717	0	None	None
ChainingRodShaped	5918	3.07378	0.5	-14.165	17.7598	0	-0.913586	0.406646	0	None	None
ChainingRodShaped	5920	2.68873	0.5	-20.3306	64.5296	0	-0.991089	-0.133201	0	None	None
ChainingRodShaped	5922	3.4769	0.5	33.2202	17.4956	0	-0.192	0.981395	0	None	None
ChainingRodShaped	5924	3.31384	0.5	-0.764612	23.6196	0	-0.988134	-0.153597	0	None	None
ChainingRodShaped	5926	2.98879	0.5	38.2241	25.8266	0	-0.0854452	0.996343	0	None	None
ChainingRodShaped	5928	3.52567	0.5	-41.8909	54.6448	0	-0.931496	0.363751	0	None	None
ChainingRodShaped	5930	3.54267	0.5	-27.8074	59.8181	0	-0.975731	-0.218975	0	None	None
ChainingRodShaped	5932	2.71587	0.5	-6.93793	14.5337	0	-0.911403	0.411516	0	None	None
ChainingRodShaped	5934	3.49314	0.5	-3.80731	36.0075	0	-0.98871	0.149839	0	None	None
ChainingRodShaped	5936	2.58424	0.5	-0.0226671	26.7396	0	0.645988	-0.763347	0	None	None
ChainingRodShaped	5938	3.21093	0.5	-24.6824	52.7077	0	0.807066	0.590462	0	None	None
ChainingRodShaped	5940	2.97685	0.5	26.2907	61.4952	0	0.224513	-0.974471	0	5971	5939
ChainingRodShaped	5942	2.81551	0.5	-18.3229	57.2525	0	0.369441	0.929254	0	None	None
ChainingRodShaped	5944	2.68706	0.5	31.9489	71.5416	0	0.394578	-0.918863	0	5797	5943
ChainingRodShaped	5946	2.78396	0.5	-18.5078	32.0656	0	-0.935271	0.353933	0	None	None
ChainingRodShaped	5948	2.57109	0.5	-21.9957	23.3174	0	-0.994059	0.108839	0	None	5947
ChainingRodShaped	5950	2.62218	0.5	-51.0044	49.9009	0	-0.994499	-0.10475	0	None	None
ChainingRodShaped	5952	2.64949	0.5	32.9142	66.7499	0	0.388434	-0.921477	0	None	None
ChainingRodShaped	5954	2.59395	0.5	5.20698	32.1375	0	0.99984	-0.0178666	0	5603	5953
ChainingRodShaped	5956	2.99369	0.5	-3.66775	61.0735	0	-0.786476	0.617621	0	None	None
ChainingRodShaped	5958	2.82651	0.5	26.3048	20.5999	0	-0.224839	0.974396	0	6021	5957
ChainingRodShaped	5960	2.84991	0.5	16.0632	22.3667	0	0.741118	-0.671375	0	5755	5959
ChainingRodShaped	5962	2.60493	0.5	-26.3824	58.0901	0	-0.983712	-0.179754	0	None	None
ChainingRodShaped	5964	3.02217	0.5	45.5848	46.9238	0	0.236507	-0.97163	0	5985	5963
ChainingRodShaped	5966	2.85693	0.5	25.0321	35.5957	0	0.0549204	0.998491	0	6039	5965
ChainingRodShaped	5968	2.48857	0.5	-19.783	15.8033	0	-0.556402	0.830913	0	None	None
ChainingRodShaped	5970	2.82692	0.5	-21.7697	45.9055	0	0.894964	0.446138	0	5407	5969
ChainingRodShaped	5972	2.77014	0.5	24.4439	69.1534	0	0.242815	-0.970073	0	6005	5971
ChainingRodShaped	5974	3.30951	0.5	-41.51	37.5753	0	0.918637	0.395103	0	None	None
ChainingRodShaped	5976	2.52194	0.5	27.4544	-3.52229	0	0.735226	-0.677822	0	5158	5975
ChainingRodShaped	5978	2.62152	0.5	-37.9451	79.4585	0	0.864369	-0.502859	0	5587	5977
ChainingRodShaped	5980	2.94376	0.5	-11.7978	17.7661	0	-0.915271	0.402839	0	None	None
ChainingRodShaped	5982	3.13662	0.5	-3.22847	37.123	0	-0.999646	0.0266203	0	None	None
ChainingRodShaped	5984	3.1448	0.5	-28.1069	12.8038	0	0.99998	-0.00628914	0	None	None
ChainingRodShaped	5986	2.58534	0.5	43.6881	54.3258	0	0.260328	-0.96552	0	5703	5985
ChainingRodShaped	5988	2.69948	0.5	17.8507	4.03998	0	0.833775	-0.552105	0	5190	5987
ChainingRodShaped	5990	2.49345	0.5	15.6911	58.4891	0	-0.373213	0.927746	0	None	None
ChainingRodShaped	5992	2.54665	0.5	20.5655	12.1101	0	-0.940426	-0.339998	0	None	None
ChainingRodShaped	5994	2.82231	0.5	7.12132	21.5529	0	-0.949187	-0.314711	0	None	None
ChainingRodShaped	5996	2.71292	0.5	-8.13696	77.5209	0	0.620031	-0.784578	0	6059	5995
ChainingRodShaped	5998	2.95645	0.5	-11.1262	58.3495	0	0.986271	-0.165133	0	None	None
ChainingRodShaped	6000	3.06075	0.5	19.5141	48.0687	0	-0.250499	0.968117	0	None	None
ChainingRodShaped	6002	2.53237	0.5	-45.8431	40.9827	0	0.82668	0.562673	0	None	None
ChainingRodShaped	6004	3.1305	0.5	-31.7532	37.9197	0	0.914082	0.405529	0	None	None
ChainingRodShaped	6006	2.58036	0.5	22.6861	76.0406	0	0.25087	-0.968021	0	5551	6005
ChainingRodShaped	6008	2.51548	0.5	-49.1975	25.3819	0	0.962418	-0.271574	0	None	6007
ChainingRodShaped	6010	2.76429	0.5	-12.5483	53.1487	0	-0.940345	-0.340223	0	None	None
ChainingRodShaped	6012	3.04687	0.5	22.4986	45.3739	0	0.119273	0.992862	0	None	None
ChainingRodShaped	6014	3.13257	0.5	-11.9067	52.3851	0	-0.933622	-0.35826	0	None	None
ChainingRodShaped	6016	2.95188	0.5	0.159309	12.3669	0	-0.907498	0.420057	0	None	None
ChainingRodShaped	6018	2.51056	0.5	-16.2141	47.5416	0	0.900571	0.434708	0	5577	6017
ChainingRodShaped	6020	2.97295	0.5	19.371	58.2055	0	0.628102	-0.778131	0	None	None
ChainingRodShaped	6022	2.55694	0.5	28.3313	13.7061	0	-0.333341	0.942806	0	5331	6021
ChainingRodShaped	6024	3.03363	0.5	-9.73832	48.5395	0	0.898151	0.439686	0	None	None
ChainingRodShaped	6026	2.73838	0.5	37.1176	11.2348	0	-0.0485718	0.99882	0	5833	6025
ChainingRodShaped	6028	2.66531	0.5	7.11449	9.05301	0	-0.895395	0.445272	0	None	None
ChainingRodShaped	6030	2.83405	0.5	-58.8975	29.9867	0	0.959174	0.282818	0	4709	6029
ChainingRodShaped	6032	2.80812	0.5	-33.139	25.7684	0	-0.992137	0.125155	0	None	None
ChainingRodShaped	6034	2.60946	0.5	-33.3083	53.7554	0	-0.915621	0.402042	0	None	None
ChainingRodShaped	6036	2.43796	0.5	-25.0681	41.0361	0	0.898108	0.439775	0	None	None
ChainingRodShaped	6038	2.85899	0.5	2.62974	40.4352	0	0.944493	0.328531	0	None	None
ChainingRodShaped	6040	2.50471	0.5	25.1158	28.2397	0	-0.0807783	0.996732	0	5957	6039
ChainingRodShaped	6042	2.75208	0.5	-2.39488	22.3779	0	-0.988062	-0.154057	0	None	None
ChainingRodShaped	6044	2.52021	0.5	-45.8487	31.1504	0	-0.943179	-0.332286	0	5170	6043
ChainingRodShaped	6046	3.00927	0.5	-36.1862	42.0134	0	-0.908237	-0.418455	0	None	None
ChainingRodShaped	6048	2.31027	0.5	-25.5239	100.607	0	0.591385	-0.806389	0	6327	6047
ChainingRodShaped	6050	2.80234	0.5	23.5658	50.6948	0	0.359666	0.933081	0	None	None
ChainingRodShaped	6052	2.71091	0.5	-7.88186	44.5643	0	0.518362	0.855161	0	None	None
ChainingRodShaped	6054	2.96719	0.5	-19.9414	50.6984	0	-0.995086	-0.0990114	0	None	None
ChainingRodShaped	6056	2.77389	0.5	27.1103	62.3534	0	-0.224621	0.974446	0	None	None
ChainingRodShaped	6058	2.94772	0.5	-30.5341	22.3885	0	0.989799	-0.142472	0	None	None
ChainingRodShaped	6060	2.67909	0.5	-12.4758	83.0972	0	0.608051	-0.793898	0	5593	6059
ChainingRodShaped	6062	2.80828	0.5	23.1524	52.2589	0	0.350312	0.936633	0	None	None
ChainingRodShaped	6064	2.5856	0.5	-11.3312	51.614	0	0.929988	0.36759	0	5254	6063
ChainingRodShaped	6066	2.6173	0.5	13.5148	21.9111	0	0.759363	-0.650667	0	None	None
ChainingRodShaped	6068	2.66767	0.5	-43.5837	35.612	0	0.92053	0.390671	0	5547	6067
ChainingRodShaped	6070	2.99973	0.5	5.97529	19.097	0	-0.964246	-0.265008	0	None	None
ChainingRodShaped	6072	2.35915	0.5	-20.247	52.6281	0	0.99356	0.113309	0	None	None
ChainingRodShaped	6074	2.56614	0.5	17.6891	55.5704	0	-0.266295	0.963892	0	None	None
ChainingRodShaped	6076	2.65352	0.5	-7.35979	32.3566	0	-0.974417	0.224749	0	4986	6075
ChainingRodShaped	6078	2.72761	0.5	-8.43596	21.2493	0	-0.984287	0.176574	0	None	None
ChainingRodShaped	6080	2.34311	0.5	-26.0337	30.7558	0	-0.834582	0.550883	0	None	None
ChainingRodShaped	6082	2.71072	0.5	27.272	28.0896	0	-0.211867	0.977299	0	None	None
ChainingRodShaped	6084	2.80929	0.5	-28.2158	56.6696	0	-0.967164	-0.254153	0	None	None
ChainingRodShaped	6086	2.81478	0.5	-34.0233	19.3124	0	0.926947	-0.375193	0	None	None
ChainingRodShaped	6088	2.48086	0.5	-33.769	18.1494	0	0.926775	-0.375618	0	None	None
ChainingRodShaped	6090	2.72794	0.5	-10.9516	37.4094	0	-0.999189	0.0402631	0	None	None
ChainingRodShaped	6092	2.95254	0.5	29.7616	12.7608	0	-0.342789	0.939412	0	None	None
ChainingRodShaped	6094	2.70532	0.5	33.8493	61.9424	0	0.378413	-0.925637	0	None	None
ChainingRodShaped	6096	2.68287	0.5	29.2173	35.4208	0	-0.0441804	0.999024	0	4707	6095
ChainingRodShaped	6098	2.75466	0.5	37.205	-7.27874	0	-0.419061	0.907958	0	None	6097
ChainingRodShaped	6100	2.40526	0.5	-0.232015	42.3919	0	0.898693	0.438578	0	None	None
ChainingRodShaped	6102	2.47879	0.5	-20.1424	18.3893	0	0.908724	-0.417397	0	None	6101
ChainingRodShaped	6104	2.6905	0.5	17.3087	35.3477	0	0.850918	0.525299	0	5143	6103
ChainingRodShaped	6106	2.57398	0.5	9.92864	37.0996	0	-0.998799	-0.0489988	0	None	None
ChainingRodShaped	6108	2.78092	0.5	-1.38462	56.5548	0	-0.732316	0.680965	0	None	None
ChainingRodShaped	6110	2.89251	0.5	-26.489	50.7213	0	0.984696	0.174281	0	None	None
ChainingRodShaped	6112	2.43208	0.5	-29.7301	50.2211	0	0.809576	0.587015	0	None	None
ChainingRodShaped	6114	2.4789	0.5	5.91827	60.0041	0	0.615112	-0.78844	0	5282	6113
ChainingRodShaped	6116	2.29569	0.5	12.7961	50.8364	0	0.588104	-0.808785	0	5226	6115
ChainingRodShaped	6118	2.66825	0.5	-33.3138	16.8935	0	0.922738	-0.385429	0	None	None
ChainingRodShaped	6120	2.76681	0.5	-27.0423	16.2843	0	0.909068	-0.416649	0	None	None
ChainingRodShaped	6122	2.69018	0.5	-10.6559	15.139	0	0.911161	-0.41205	0	5296	6121
ChainingRodShaped	6124	2.52831	0.5	31.7312	28.6172	0	-0.388787	0.921328	0	None	None
ChainingRodShaped	6126	2.69155	0.5	-33.4091	44.3524	0	-0.924274	-0.381729	0	None	None
ChainingRodShaped	6128	2.5451	0.5	-49.7921	39.6018	0	-0.843193	-0.537611	0	None	None
ChainingRodShaped	6130	2.73964	0.5	12.931	16.7909	0	-0.978196	-0.207685	0	None	None
ChainingRodShaped	6132	2.30526	0.5	30.2615	44.9246	0	-0.132233	0.991219	0	None	None
ChainingRodShaped	6134	2.45875	0.5	39.1464	51.3745	0	0.366883	-0.930267	0	None	None
ChainingRodShaped	6136	2.74057	0.5	-42.1532	55.8129	0	-0.931345	0.364139	0	None	None
ChainingRodShaped	6138	2.24121	0.5	38.7615	-15.932	0	0.635258	-0.7723	0	5413	6137
ChainingRodShaped	6140	2.60288	0.5	35.2521	53.1837	0	-0.371585	0.928399	0	5210	6139
ChainingRodShaped	6142	2.56933	0.5	23.3259	32.5048	0	-0.0913937	-0.995815	0	5327	6141
ChainingRodShaped	6144	2.41326	0.5	-69.0407	28.7599	0	0.955219	0.2959	0	5058	6143
ChainingRodShaped	6146	2.64341	0.5	-6.58343	19.7991	0	-0.954419	0.298469	0	None	None
ChainingRodShaped	6148	2.36743	0.5	-21.5937	21.0955	0	0.792791	0.609494	0	None	None
ChainingRodShaped	6150	2.7154	0.5	-26.1814	25.7218	0	-0.990612	0.136705	0	None	None
ChainingRodShaped	6152	2.35381	0.5	-47.654	31.6656	0	0.948436	0.316968	0	None	6151
ChainingRodShaped	6154	2.59568	0.5	-46.0131	47.5335	0	-0.764982	-0.644052	0	None	None
ChainingRodShaped	6156	2.66863	0.5	42.3339	48.5449	0	-0.367044	0.930203	0	None	None
ChainingRodShaped	6158	2.68545	0.5	30.5687	68.3383	0	0.567204	-0.823577	0	None	None
ChainingRodShaped	6160	2.58849	0.5	-40.5787	57.8052	0	-0.750891	0.660426	0	None	None
ChainingRodShaped	6162	2.23678	0.5	-42.3328	23.3559	0	0.953649	-0.30092	0	6007	6161
ChainingRodShaped	6164	2.64804	0.5	-27.1547	32.6673	0	0.834877	-0.550437	0	None	None
ChainingRodShaped	6166	2.50465	0.5	-15.4337	62.8181	0	-0.860755	-0.50902	0	None	None
ChainingRodShaped	6168	2.29206	0.5	-9.31036	63.2916	0	-0.786221	0.617946	0	None	None
ChainingRodShaped	6170	2.55732	0.5	0.184567	19.832	0	-0.983979	-0.178287	0	None	None
ChainingRodShaped	6172	2.34274	0.5	-32.4136	51.8051	0	0.803206	0.595701	0	None	None
ChainingRodShaped	6174	2.42903	0.5	33.1691	27.4014	0	-0.0750329	0.997181	0	None	None
ChainingRodShaped	6176	2.4036	0.5	27.3388	65.6253	0	0.246104	-0.969243	0	5273	6175
ChainingRodShaped	6178	2.34857	0.5	25.1316	45.7239	0	0.400183	0.916435	0	6257	6177
ChainingRodShaped	6180	2.48936	0.5	-36.553	18.9769	0	-0.247408	-0.968911	0	None	None
ChainingRodShaped	6182	2.27066	0.5	-35.9584	52.796	0	-0.922368	0.386312	0	None	None
ChainingRodShaped	6184	2.23444	0.5	31.9765	17.5088	0	0.0104143	0.999946	0	None	None
ChainingRodShaped	6186	2.43314	0.5	-16.2709	45.947	0	0.998987	-0.0450085	0	None	None
ChainingRodShaped	6188	2.55841	0.5	-32.8456	15.6241	0	0.921269	-0.388925	0	None	None
ChainingRodShaped	6190	2.25373	0.5	-19.2097	36.2727	0	0.993977	-0.109588	0	5340	6189
ChainingRodShaped	6192	2.50306	0.5	-9.73556	45.1871	0	0.51266	0.858592	0	None	None
ChainingRodShaped	6194	2.5159	0.5	-10.0364	19.0673	0	0.92181	-0.387641	0	None	None
ChainingRodShaped	6196	2.24745	0.5	26.8006	43.1592	0	0.160606	0.987019	0	None	None
ChainingRodShaped	6198	2.20389	0.5	-37.829	47.8046	0	0.801499	0.597997	0	None	None
ChainingRodShaped	6200	2.19544	0.5	11.3715	61.2016	0	0.397269	-0.917702	0	None	None
ChainingRodShaped	6202	2.4311	0.5	-40.0748	41.3855	0	-0.923674	-0.38318	0	None	None
ChainingRodShaped	6204	2.30717	0.5	-11.6624	48.6862	0	0.902775	0.430113	0	None	None
ChainingRodShaped	6206	2.37275	0.5	16.0684	63.6642	0	0.384299	-0.923209	0	None	None
ChainingRodShaped	6208	2.20852	0.5	-21.7048	47.2117	0	0.919738	0.392533	0	5316	6207
ChainingRodShaped	6210	2.25926	0.5	15.3517	41.8188	0	-0.807885	0.58934	0	None	None
ChainingRodShaped	6212	2.46359	0.5	2.40427	58.2887	0	-0.511859	0.85907	0	None	None
ChainingRodShaped	6214	2.2847	0.5	46.1918	50.9039	0	0.492245	-0.870456	0	None	None
ChainingRodShaped	6216	2.40526	0.5	5.21669	40.0872	0	0.990144	0.140055	0	None	None
ChainingRodShaped	6218	2.26553	0.5	14.2537	16.0776	0	-0.976069	-0.217459	0	None	None
ChainingRodShaped	6220	2.22689	0.5	19.2857	56.61	0	0.771162	-0.63664	0	None	None
ChainingRodShaped	6222	2.15435	0.5	-21.3222	61.682	0	-0.996727	0.0808449	0	None	None
ChainingRodShaped	6224	2.29539	0.5	-42.565	52.7125	0	-0.938784	0.344508	0	None	None
ChainingRodShaped	6226	2.15857	0.5	49.5803	25.1559	0	0.318299	-0.94799	0	5354	6225
ChainingRodShaped	6228	2.36057	0.5	9.60729	53.5481	0	-0.601429	0.798927	0	None	None
ChainingRodShaped	6230	2.34317	0.5	-25.2757	39.8586	0	0.902461	0.430772	0	None	None
ChainingRodShaped	6232	2.25996	0.5	-18.0817	22.3502	0	0.670742	0.741691	0	None	None
ChainingRodShaped	6234	2.15049	0.5	-7.16393	28.3885	0	-0.885295	0.465029	0	None	None
ChainingRodShaped	6236	2.3385	0.5	13.7948	55.0023	0	0.199123	-0.979975	0	None	None
ChainingRodShaped	6238	2.24493	0.5	28.518	10.473	0	-0.375389	0.926867	0	None	None
ChainingRodShaped	6240	2.19632	0.5	-16.4852	36.83	0	-0.988136	0.153579	0	None	None
ChainingRodShaped	6242	2.25826	0.5	-31.1328	28.3623	0	-0.812425	0.583065	0	None	None
ChainingRodShaped	6244	2.25161	0.5	-9.47576	22.9523	0	0.787933	0.615761	0	None	None
ChainingRodShaped	6246	2.22471	0.5	-35.2165	14.6515	0	0.930977	-0.365079	0	None	None
ChainingRodShaped	6248	2.16646	0.5	44.7588	-23.2022	0	0.484294	-0.874905	0	5713	6247
ChainingRodShaped	6250	2.18027	0.5	10.8022	9.43093	0	-0.901173	0.43346	0	None	None
ChainingRodShaped	6252	2.24648	0.5	-25.6949	38.5433	0	0.966118	0.2581	0	5749	6251
ChainingRodShaped	6254	2.18734	0.5	6.59655	50.6215	0	-0.462568	0.886584	0	None	None
ChainingRodShaped	6256	2.19159	0.5	22.1455	61.7269	0	0.490622	-0.871373	0	None	None
ChainingRodShaped	6258	2.14006	0.5	22.2319	40.0759	0	0.553158	0.833077	0	6103	6257
ChainingRodShaped	6260	2.20093	0.5	-5.1074	30.7788	0	0.955915	-0.293642	0	None	None
ChainingRodShaped	6262	2.24722	0.5	10.2535	34.6662	0	-0.946796	-0.321836	0	None	None
ChainingRodShaped	6264	2.23675	0.5	20.2774	48.9007	0	-0.247186	0.968968	0	None	None
ChainingRodShaped	6266	2.17773	0.5	-46.982	41.3915	0	0.825514	0.564381	0	None	None
ChainingRodShaped	6268	2.20774	0.5	-1.53155	67.0961	0	0.398277	-0.917265	0	None	None
ChainingRodShaped	6270	2.10566	0.5	-27.4437	28.218	0	-0.857598	0.51432	0	None	None
ChainingRodShaped	6272	2.20401	0.5	-21.3222	48.5121	0	-0.958295	-0.285782	0	None	None
ChainingRodShaped	6274	2.17095	0.5	-13.5044	59.7388	0	0.986336	-0.164747	0	None	None
ChainingRodShaped	6276	2.20645	0.5	-16.4291	26.4451	0	0.972709	0.23203	0	None	None
ChainingRodShaped	6278	2.16915	0.5	-0.659805	51.6322	0	0.518408	-0.855133	0	None	None
ChainingRodShaped	6280	2.17279	0.5	31.9012	58.8983	0	-0.37254	0.928016	0	5847	6279
ChainingRodShaped	6282	2.21241	0.5	18.1791	63.9909	0	0.959083	-0.283124	0	None	None
ChainingRodShaped	6284	2.18537	0.5	-37.7438	46.6682	0	0.803214	0.59569	0	None	None
ChainingRodShaped	6286	2.1057	0.5	12.8677	54.77	0	0.189306	-0.981918	0	None	None
ChainingRodShaped	6288	2.19886	0.5	14.1004	57.3009	0	0.391644	-0.920117	0	None	None
ChainingRodShaped	6290	2.18606	0.5	-5.68965	51.5774	0	0.898432	0.439113	0	None	None
ChainingRodShaped	6292	2.08067	0.5	30.7777	14.4096	0	0.141764	0.9899	0	None	None
ChainingRodShaped	6294	2.17568	0.5	-36.6589	43.8283	0	-0.899679	-0.436552	0	None	None
ChainingRodShaped	6296	2.14763	0.5	45.4244	43.0708	0	-0.323836	0.946113	0	None	None
ChainingRodShaped	6298	2.13849	0.5	-1.55599	51.2114	0	0.515367	-0.85697	0	None	None
ChainingRodShaped	6300	2.07957	0.5	32.9699	45.7958	0	0.142777	-0.989755	0	None	6299
ChainingRodShaped	6302	2.08272	0.5	-0.838906	68.4419	0	0.630044	-0.776559	0	5308	6301
ChainingRodShaped	6304	2.15287	0.5	28.0724	36.4422	0	0.0641781	0.997938	0	None	None
ChainingRodShaped	6306	2.11612	0.5	24.3476	10.735	0	-0.538762	0.842458	0	5290	6305
ChainingRodShaped	6308	2.10287	0.5	-43.4147	45.401	0	0.961682	0.274167	0	None	None
ChainingRodShaped	6310	2.09408	0.5	-2.31138	39.0472	0	-0.999996	0.00290638	0	None	None
ChainingRodShaped	6312	2.08907	0.5	-8.93173	53.8826	0	-0.994988	-0.0999916	0	None	None
ChainingRodShaped	6314	2.11374	0.5	48.1687	44.6587	0	0.236045	-0.971742	0	None	None
ChainingRodShaped	6316	2.06421	0.5	7.6415	33.2796	0	-0.982137	-0.188169	0	None	None
ChainingRodShaped	6318	2.10143	0.5	51.2428	40.8996	0	-0.310421	-0.950599	0	None	None
ChainingRodShaped	6320	2.05325	0.5	23.2163	26.0258	0	0.067694	-0.997706	0	6141	6319
ChainingRodShaped	6322	2.07997	0.5	3.3379	37.042	0	-0.99999	0.00449122	0	None	None
ChainingRodShaped	6324	2.03625	0.5	27.7714	54.6151	0	0.192466	-0.981304	0	5939	6323
ChainingRodShaped	6326	2.06998	0.5	24.112	20.0895	0	0.227606	-0.973753	0	6319	6325
ChainingRodShaped	6328	2.06435	0.5	-29.1962	105.619	0	0.590774	-0.806837	0	None	6327
ChainingRodShaped	6330	2.04127	0.5	32.1816	0.563273	0	0.435772	-0.900057	0	5887	6329
ChainingRodShaped	6332	2.03385	0.5	-27.3745	15.3591	0	0.908851	-0.417121	0	None	None
ChainingRodShaped	6334	2.0479	0.5	-33.1483	33.8457	0	0.966685	-0.255969	0	None	None
ChainingRodShaped	6336	2.0631	0.5	-18.6222	49.773	0	-0.981463	-0.191651	0	None	None
ChainingRodShaped	6338	2.04921	0.5	-46.5467	52.4906	0	-0.988188	-0.153244	0	None	None
ChainingRodShaped	6340	2.02176	0.5	28.4214	30.4323	0	-0.0323246	0.999477	0	None	None
ChainingRodShaped	6342	2.02467	0.5	25.8723	50.6186	0	0.0600598	0.998195	0	None	None
ChainingRodShaped	6344	2.02825	0.5	41.8278	39.2069	0	-0.358036	0.933708	0	None	None
ChainingRodShaped	6346	2.01431	0.5	-41.0806	51.4115	0	-0.806448	-0.591304	0	None	None
ChainingRodShaped	6348	2.01289	0.5	-17.1519	54.3906	0	0.908704	0.41744	0	None	None
ChainingRodShaped	6350	2.00546	0.5	36.4964	55.3496	0	0.375109	-0.926981	0	None	None
