cell_type	cell_id	length	radius	pos_x	pos_y	pos_z	ori_x	ori_y	ori_z	lower_link	upper_link
ChainingRodShaped	4341	2	0.5	1.9105	41.3298	0	-0.451503	0.89227	0	None	None
ChainingRodShaped	4339	2	0.5	31.1333	39.8754	0	-0.210658	0.97756	0	None	None
ChainingRodShaped	4337	2	0.5	-21.482	33.3152	0	-0.236933	0.971526	0	None	None
ChainingRodShaped	4335	2	0.5	12.7476	43.5478	0	-0.186378	0.982478	0	None	None
ChainingRodShaped	4333	2	0.5	-4.03516	30.0843	0	-0.946289	0.323322	0	None	None
ChainingRodShaped	4331	2	0.5	11.9802	37.2512	0	0.951289	0.308301	0	4332	None
ChainingRodShaped	4329	2	0.5	-15.5512	21.9482	0	0.877058	-0.480384	0	4330	None
ChainingRodShaped	4327	2	0.5	-6.88648	21.2864	0	0.433193	-0.901301	0	4328	None
ChainingRodShaped	4325	2	0.5	-4.59706	38.1616	0	-0.987548	-0.157316	0	4326	None
ChainingRodShaped	4323	2	0.5	-31.8274	33.024	0	-0.999929	0.0119011	0	4324	None
ChainingRodShaped	4321	2	0.5	1.76534	23.9061	0	-0.999999	0.00140027	0	None	None
ChainingRodShaped	4319	2	0.5	-23.3182	43.2962	0	-0.53879	-0.84244	0	None	None
ChainingRodShaped	4317	2	0.5	11.651	21.7808	0	-0.980225	0.197884	0	None	None
ChainingRodShaped	4315	2	0.5	17.7237	45.4789	0	-0.304733	-0.952438	0	4316	None
ChainingRodShaped	4313	2	0.5	-16.931	37.6289	0	-0.0114853	0.999934	0	None	None
ChainingRodShaped	4311	2	0.5	27.2732	45.9358	0	-0.797268	0.603626	0	4312	None
ChainingRodShaped	4309	2	0.5	23.0596	39.5504	0	0.0392895	0.999228	0	None	None
ChainingRodShaped	4307	2	0.5	-23.9292	40.7808	0	0.332991	0.94293	0	4308	None
ChainingRodShaped	4305	2	0.5	-31.0927	40.1234	0	0.997273	0.0737984	0	4306	None
ChainingRodShaped	4303	2	0.5	-7.3973	34.4641	0	-0.106567	0.994306	0	None	None
ChainingRodShaped	4301	2	0.5	-0.273396	33.0215	0	-0.683328	-0.730111	0	None	None
ChainingRodShaped	4299	2	0.5	33.5262	49.8193	0	0.799405	-0.600793	0	None	None
ChainingRodShaped	4297	2	0.5	-33.6805	46.2683	0	0.525206	0.850975	0	None	None
ChainingRodShaped	4295	2	0.5	-6.25485	48.4998	0	0.256296	0.966598	0	None	None
ChainingRodShaped	4293	2	0.5	36.612	42.2043	0	-0.683113	0.730313	0	4294	None
ChainingRodShaped	4291	2	0.5	10.4716	44.5172	0	0.593803	-0.80461	0	None	None
ChainingRodShaped	4289	2	0.5	-16.8517	45.0093	0	0.178672	0.983909	0	None	None
ChainingRodShaped	4287	2	0.5	28.898	31.5876	0	-0.517973	0.855397	0	4288	None
ChainingRodShaped	4285	2	0.5	-18.5408	49.4274	0	0.993788	0.111291	0	None	None
ChainingRodShaped	4283	2	0.5	-39.34	41.6042	0	0.299773	-0.954011	0	None	None
ChainingRodShaped	4281	2	0.5	22.5377	29.4348	0	0.937045	0.349208	0	None	None
ChainingRodShaped	4279	2	0.5	-12.3038	34.767	0	-0.616825	-0.787101	0	None	None
ChainingRodShaped	4277	2	0.5	15.9801	28.2298	0	-0.0115429	-0.999933	0	4278	None
ChainingRodShaped	4275	2	0.5	5.04238	28.9137	0	0.90648	-0.422249	0	None	None
ChainingRodShaped	4273	2	0.5	12.8968	48.5837	0	-0.688664	-0.72508	0	None	None
ChainingRodShaped	4271	2	0.5	-6.34646	41.3975	0	0.941171	0.33793	0	4272	None
ChainingRodShaped	4269	2	0.5	41.4497	50.2088	0	-0.144879	-0.989449	0	4270	None
ChainingRodShaped	4267	2	0.5	-42.4117	49.9373	0	-0.984725	-0.174119	0	None	None
ChainingRodShaped	4265	2	0.5	38.1009	47.6052	0	0.796137	-0.605116	0	4266	None
ChainingRodShaped	4263	2	0.5	-2.26206	48.9209	0	-0.749369	0.662152	0	None	None
ChainingRodShaped	4261	2	0.5	-27.8365	46.3177	0	0.285917	0.958254	0	4262	None
ChainingRodShaped	4259	2	0.5	-11.1646	27.8305	0	0.984985	0.172639	0	None	None
ChainingRodShaped	4257	2	0.5	-11.0794	47.9472	0	0.669133	-0.743142	0	4258	None
ChainingRodShaped	4255	2	0.5	-26.8162	49.5509	0	-0.90121	-0.433382	0	None	None
ChainingRodShaped	4253	2	0.5	8.47889	27.6241	0	-0.727605	0.685996	0	4254	None
ChainingRodShaped	4251	2	0.5	24.3805	48.9205	0	0.196906	-0.980422	0	4252	None
ChainingRodShaped	4249	2	0.5	-26.3606	24.9551	0	-0.398934	-0.916979	0	None	None
ChainingRodShaped	4247	2	0.5	17.6479	23.9019	0	-0.680319	0.732916	0	4248	None
ChainingRodShaped	4245	2	0.5	16.194	39.5458	0	-0.876602	0.481216	0	4246	None
ChainingRodShaped	4243	2	0.5	2.95719	18.7867	0	0.918634	0.395109	0	4244	None
ChainingRodShaped	4241	2	0.5	25.2313	24.673	0	-0.353104	-0.935584	0	4242	None
ChainingRodShaped	4239	2	0.5	-33.4649	35.1022	0	0.957796	-0.287448	0	4240	None
ChainingRodShaped	4237	2	0.5	9.51335	20.4457	0	0.999842	0.0177653	0	4238	None
ChainingRodShaped	4235	2	0.5	-0.917917	24.9099	0	0.907853	0.41929	0	None	None
ChainingRodShaped	4233	2	0.5	24.6594	34.6118	0	-0.181755	0.983344	0	4234	None
ChainingRodShaped	4231	2	0.5	40.6365	46.7349	0	-0.719759	0.694224	0	None	None
ChainingRodShaped	4229	2	0.5	9.76757	30.597	0	0.735465	-0.677563	0	4230	None
ChainingRodShaped	4227	2	0.5	4.01494	46.7961	0	0.0549914	0.998487	0	None	None
ChainingRodShaped	4225	2	0.5	5.26299	49.6242	0	0.260187	-0.965558	0	4226	None
ChainingRodShaped	4226	2	0.5	4.47937	52.5201	0	0.259871	-0.965643	0	None	4225
ChainingRodShaped	4228	2	0.5	3.85016	43.8006	0	0.0538595	0.998549	0	None	None
ChainingRodShaped	4230	2	0.5	7.56027	32.6287	0	0.735536	-0.677486	0	None	4229
ChainingRodShaped	4232	2	0.5	42.7906	44.6469	0	-0.719329	0.694669	0	None	None
ChainingRodShaped	4234	2	0.5	25.2083	31.6624	0	-0.182156	0.98327	0	None	4233
ChainingRodShaped	4236	2	0.5	-3.63917	23.647	0	0.90717	0.420763	0	None	None
ChainingRodShaped	4238	2	0.5	6.51378	20.3949	0	0.99985	0.0173264	0	None	4237
ChainingRodShaped	4240	2	0.5	-36.3388	35.9629	0	0.958432	-0.285321	0	None	4239
ChainingRodShaped	4242	2	0.5	26.2879	27.4808	0	-0.350557	-0.936542	0	None	4241
ChainingRodShaped	4244	2	0.5	0.202767	17.598	0	0.918427	0.395591	0	None	4243
ChainingRodShaped	4246	2	0.5	18.8253	38.1048	0	-0.877736	0.479145	0	None	4245
ChainingRodShaped	4248	2	0.5	19.6926	21.7066	0	-0.681632	0.731695	0	None	4247
ChainingRodShaped	4250	2	0.5	-25.1624	27.7054	0	-0.397984	-0.917392	0	None	None
ChainingRodShaped	4252	2	0.5	23.7849	51.8608	0	0.197932	-0.980216	0	None	4251
ChainingRodShaped	4254	2	0.5	10.663	25.5674	0	-0.728611	0.684928	0	None	4253
ChainingRodShaped	4256	2	0.5	-24.1141	50.8542	0	-0.901116	-0.433579	0	None	None
ChainingRodShaped	4258	2	0.5	-13.0896	50.1742	0	0.670395	-0.742005	0	None	4257
ChainingRodShaped	4260	2	0.5	-14.12	27.3148	0	0.984542	0.175151	0	None	None
ChainingRodShaped	4262	2	0.5	-28.6923	43.4423	0	0.283817	0.958878	0	None	4261
ChainingRodShaped	4264	2	0.5	-0.0193275	46.9283	0	-0.74844	0.663202	0	None	None
ChainingRodShaped	4266	2	0.5	35.7135	49.4219	0	0.797336	-0.603535	0	None	4265
ChainingRodShaped	4268	2	0.5	-39.4575	50.4592	0	-0.985234	-0.171211	0	None	None
ChainingRodShaped	4270	2	0.5	41.8867	53.1768	0	-0.146544	-0.989204	0	None	4269
ChainingRodShaped	4272	2	0.5	-9.16978	40.3831	0	0.941261	0.33768	0	None	4271
ChainingRodShaped	4274	2	0.5	14.9639	50.7579	0	-0.688905	-0.724852	0	None	None
ChainingRodShaped	4276	2	0.5	2.32544	30.1858	0	0.907338	-0.420401	0	None	None
ChainingRodShaped	4278	2	0.5	16.0112	31.2297	0	-0.00951785	-0.999955	0	None	4277
ChainingRodShaped	4280	2	0.5	-10.4537	37.1285	0	-0.617362	-0.786679	0	None	None
ChainingRodShaped	4282	2	0.5	19.7247	28.3922	0	0.936714	0.350097	0	None	None
ChainingRodShaped	4284	2	0.5	-40.2473	44.4637	0	0.29974	-0.954021	0	None	None
ChainingRodShaped	4286	2	0.5	-21.5219	49.0913	0	0.99406	0.108832	0	None	None
ChainingRodShaped	4288	2	0.5	30.4472	29.0185	0	-0.51622	0.856456	0	None	4287
ChainingRodShaped	4290	2	0.5	-17.3869	42.0574	0	0.181165	0.983453	0	None	None
ChainingRodShaped	4292	2	0.5	8.69465	46.9343	0	0.59513	-0.80363	0	None	None
ChainingRodShaped	4294	2	0.5	38.6596	40.0117	0	-0.683379	0.730063	0	None	4293
ChainingRodShaped	4296	2	0.5	-7.02023	45.5991	0	0.256925	0.966431	0	None	None
ChainingRodShaped	4298	2	0.5	-35.2513	43.7124	0	0.52494	0.85114	0	None	None
ChainingRodShaped	4300	2	0.5	31.1228	51.6148	0	0.797668	-0.603097	0	None	None
ChainingRodShaped	4302	2	0.5	1.77512	35.2132	0	-0.684205	-0.72929	0	None	None
ChainingRodShaped	4304	2	0.5	-7.08637	31.4803	0	-0.105789	0.994389	0	None	None
ChainingRodShaped	4306	2	0.5	-34.0846	39.9036	0	0.997469	0.0711028	0	None	4305
ChainingRodShaped	4308	2	0.5	-24.9329	37.9538	0	0.335233	0.942135	0	None	4307
ChainingRodShaped	4310	2	0.5	22.9438	36.5526	0	0.0367428	0.999325	0	None	None
ChainingRodShaped	4312	2	0.5	29.6638	44.1233	0	-0.796797	0.604247	0	None	4311
ChainingRodShaped	4314	2	0.5	-16.9024	34.6291	0	-0.012855	0.999917	0	None	None
ChainingRodShaped	4316	2	0.5	18.6404	48.3355	0	-0.307101	-0.951677	0	None	4315
ChainingRodShaped	4318	2	0.5	14.5915	21.1862	0	-0.979975	0.19912	0	None	None
ChainingRodShaped	4320	2	0.5	-21.6996	45.8219	0	-0.539051	-0.842273	0	None	None
ChainingRodShaped	4322	2	0.5	4.76534	23.9019	0	-0.999996	0.00271801	0	None	None
ChainingRodShaped	4324	2	0.5	-28.8275	32.9931	0	-0.999936	0.0113551	0	None	4323
ChainingRodShaped	4326	2	0.5	-1.63385	38.6299	0	-0.987943	-0.154816	0	None	4325
ChainingRodShaped	4328	2	0.5	-8.18671	23.99	0	0.434064	-0.900882	0	None	4327
ChainingRodShaped	4330	2	0.5	-18.185	23.3844	0	0.877969	-0.478717	0	None	4329
ChainingRodShaped	4332	2	0.5	9.12681	36.3247	0	0.952097	0.305796	0	None	4331
ChainingRodShaped	4334	2	0.5	-1.19856	29.1078	0	-0.946842	0.3217	0	None	None
ChainingRodShaped	4336	2	0.5	13.3057	40.6001	0	-0.18489	0.982759	0	None	None
ChainingRodShaped	4338	2	0.5	-20.764	30.4023	0	-0.234731	0.97206	0	None	None
ChainingRodShaped	4340	2	0.5	31.7562	36.9408	0	-0.212287	0.977207	0	None	None
ChainingRodShaped	4342	2	0.5	3.25896	38.65	0	-0.44973	0.893164	0	None	None
