cell_type	cell_id	length	radius	pos_x	pos_y	pos_z	ori_x	ori_y	ori_z	lower_link	upper_link
ChainingRodShaped	4813	4.79163	0.5	1.88619	43.3459	0	0.985179	0.17153	0	None	None
ChainingRodShaped	5497	2.72225	0.5	33.0733	48.2995	0	-0.182455	0.983214	0	None	None
ChainingRodShaped	5161	4.14827	0.5	-23.0564	42.1908	0	0.880706	0.473664	0	None	None
ChainingRodShaped	5303	4.78154	0.5	14.8804	57.3997	0	-0.268151	0.963377	0	None	None
ChainingRodShaped	4917	4.08062	0.5	-7.36341	27.7941	0	-0.877235	0.480061	0	None	None
ChainingRodShaped	4631	4.73943	0.5	24.3774	45.4474	0	0.693322	0.720628	0	5111	None
ChainingRodShaped	4925	3.78036	0.5	0.685522	6.99798	0	0.917396	-0.397975	0	5431	None
ChainingRodShaped	5351	3.15149	0.5	7.32917	6.10733	0	0.87811	-0.478458	0	5352	None
ChainingRodShaped	5169	4.74574	0.5	-40.3608	32.2956	0	-0.947162	-0.320755	0	5170	None
ChainingRodShaped	5461	3.00105	0.5	-65.8448	27.2211	0	-0.997001	-0.0773837	0	5462	None
ChainingRodShaped	5591	3.27602	0.5	-3.75903	18.8502	0	-0.99827	0.0587904	0	None	None
ChainingRodShaped	5335	4.24179	0.5	-38.5119	41.1294	0	-0.923619	-0.383312	0	None	None
ChainingRodShaped	5493	3.24833	0.5	10.1544	13.9907	0	0.467586	-0.883948	0	None	None
ChainingRodShaped	4939	4.07349	0.5	28.8838	37.8468	0	0.116723	-0.993164	0	5777	None
ChainingRodShaped	5707	2.87676	0.5	-14.7609	42.7343	0	0.966742	0.255754	0	None	None
ChainingRodShaped	5441	3.48044	0.5	26.9797	65.8482	0	-0.372428	0.928061	0	5442	None
ChainingRodShaped	5113	4.74969	0.5	26.1183	60.2974	0	-0.222917	0.974837	0	None	None
ChainingRodShaped	5467	3.06218	0.5	-6.07851	52.3874	0	0.886757	0.462236	0	5468	None
ChainingRodShaped	5253	4.66702	0.5	-14.6014	49.4593	0	0.916171	0.400787	0	5254	None
ChainingRodShaped	5541	2.87429	0.5	-26.4404	35.3452	0	-0.999111	0.0421598	0	None	None
ChainingRodShaped	5229	3.77594	0.5	-8.14514	30.8667	0	-0.971494	0.237065	0	None	None
ChainingRodShaped	5491	3.04714	0.5	40.8654	42.2939	0	0.611887	-0.790945	0	None	None
ChainingRodShaped	4993	4.23223	0.5	-34.0493	58.4125	0	0.726306	0.687372	0	None	None
ChainingRodShaped	5003	4.0657	0.5	-3.54149	60.8825	0	0.999877	0.0157122	0	None	None
ChainingRodShaped	5537	3.39474	0.5	30.3112	60.2869	0	-0.397576	0.917569	0	5538	None
ChainingRodShaped	5681	2.48446	0.5	16.7921	44.86	0	0.61412	-0.789212	0	None	None
ChainingRodShaped	5205	4.23811	0.5	-5.65687	51.4475	0	0.908398	0.418107	0	None	None
ChainingRodShaped	5893	2.13181	0.5	31.078	53.2103	0	-0.203004	0.979178	0	5894	None
ChainingRodShaped	5365	3.51099	0.5	-5.24036	46.1042	0	-0.660047	-0.751225	0	None	None
ChainingRodShaped	5743	2.33575	0.5	-30.8221	41.2936	0	0.899766	0.436372	0	None	None
ChainingRodShaped	5921	2.03718	0.5	30.393	23.1192	0	-0.474994	0.879989	0	None	None
ChainingRodShaped	5733	2.36211	0.5	-19.2148	29.0236	0	-0.999984	0.00559315	0	None	None
ChainingRodShaped	4667	4.6461	0.5	38.8587	-16.0136	0	0.428701	-0.903447	0	5713	None
ChainingRodShaped	5727	2.4597	0.5	10.8445	18.7132	0	0.994689	0.10293	0	None	None
ChainingRodShaped	5481	2.94453	0.5	16.5195	50.0942	0	0.538319	-0.842741	0	None	None
ChainingRodShaped	5293	3.97824	0.5	11.4433	46.0125	0	0.983739	0.179602	0	5294	None
ChainingRodShaped	4825	4.22984	0.5	47.8804	31.9492	0	0.229884	-0.973218	0	5347	None
ChainingRodShaped	5215	4.99593	0.5	-49.9834	51.1708	0	-0.658814	0.752306	0	None	None
ChainingRodShaped	5353	4.1745	0.5	47.8728	28.4595	0	0.366786	-0.930305	0	5354	None
ChainingRodShaped	5061	4.98126	0.5	-4.46527	58.7335	0	-0.9973	-0.0734417	0	None	None
ChainingRodShaped	5903	2.10045	0.5	-15.3754	60.2106	0	0.816731	0.577019	0	5904	None
ChainingRodShaped	5855	2.28186	0.5	-15.2716	19.3334	0	0.879126	-0.476589	0	None	None
ChainingRodShaped	5417	3.26933	0.5	4.36413	46.8556	0	0.786009	-0.618215	0	5418	None
ChainingRodShaped	5523	3.05789	0.5	-33.0897	52.8023	0	-0.729493	0.683989	0	None	None
ChainingRodShaped	4985	4.76643	0.5	-7.04586	32.4955	0	-0.959502	0.281702	0	4986	None
ChainingRodShaped	5321	3.60767	0.5	31.1338	35.4663	0	0.120316	-0.992736	0	5322	None
ChainingRodShaped	5237	4.82899	0.5	-25.9254	14.4734	0	0.968641	-0.248465	0	None	None
ChainingRodShaped	4909	3.80787	0.5	23.8969	41.7162	0	-0.0279256	0.99961	0	4910	None
ChainingRodShaped	5719	2.70127	0.5	24.274	59.6084	0	-0.211622	0.977352	0	5720	None
ChainingRodShaped	5753	2.63983	0.5	22.0382	-0.487131	0	0.859503	-0.51113	0	5754	None
ChainingRodShaped	5679	2.52071	0.5	34.6891	2.94952	0	0.0211546	-0.999776	0	5680	None
ChainingRodShaped	4995	3.6524	0.5	-18.6308	46.6666	0	0.889017	0.457874	0	4996	None
ChainingRodShaped	4823	4.73588	0.5	33.8522	-9.61023	0	0.719383	-0.694614	0	5413	None
ChainingRodShaped	5247	3.30918	0.5	0.166033	17.6996	0	0.802622	-0.596489	0	None	None
ChainingRodShaped	5817	2.23078	0.5	29.8989	52.9961	0	-0.12645	0.991973	0	5818	None
ChainingRodShaped	5827	2.37495	0.5	38.8975	53.0927	0	-0.399583	0.916697	0	None	None
ChainingRodShaped	5485	3.05565	0.5	25.5874	10.6185	0	0.640124	-0.768271	0	5486	None
ChainingRodShaped	5871	2.15534	0.5	2.00916	60.2669	0	-0.869029	0.494762	0	None	None
ChainingRodShaped	5531	2.98497	0.5	17.6732	42.1474	0	0.614217	-0.789137	0	5532	None
ChainingRodShaped	5201	4.8148	0.5	-4.61375	71.7521	0	0.583997	-0.811756	0	5202	5308
ChainingRodShaped	5401	3.79774	0.5	3.91838	54.0475	0	-0.880158	0.474681	0	None	None
ChainingRodShaped	5375	3.80186	0.5	4.99046	28.8923	0	0.884674	-0.466211	0	5376	5756
ChainingRodShaped	4809	4.49858	0.5	39.79	41.4791	0	-0.423591	0.905853	0	None	None
ChainingRodShaped	5841	2.18469	0.5	32.6317	29.7781	0	-0.0807853	0.996732	0	5842	5724
ChainingRodShaped	5333	4.80329	0.5	-11.8662	19.7697	0	-0.908065	0.418829	0	None	None
ChainingRodShaped	5787	2.18721	0.5	7.70996	11.1523	0	0.860272	-0.509836	0	5788	5190
ChainingRodShaped	5547	2.94878	0.5	-45.6615	34.0073	0	0.942025	0.335544	0	5548	5168
ChainingRodShaped	5621	2.49415	0.5	33.647	29.3267	0	0.0798535	-0.996807	0	5622	5504
ChainingRodShaped	4697	4.51062	0.5	-2.5949	13.0775	0	0.894716	-0.446635	0	5295	4874
ChainingRodShaped	5843	2.29856	0.5	26.9518	45.6428	0	-0.137268	0.990534	0	5844	5700
ChainingRodShaped	5331	3.13464	0.5	27.9446	14.1699	0	-0.275436	0.96132	0	5332	4642
ChainingRodShaped	5025	4.68369	0.5	-25.9489	18.0071	0	0.904674	-0.426105	0	None	None
ChainingRodShaped	4653	4.42139	0.5	27.8171	57.1747	0	0.212136	-0.97724	0	4654	5666
ChainingRodShaped	5427	3.42138	0.5	9.98369	24.6076	0	-0.812802	0.58254	0	5428	5220
ChainingRodShaped	5605	3.49454	0.5	-34.1845	56.9261	0	-0.724987	-0.688762	0	None	None
ChainingRodShaped	5155	3.39162	0.5	-20.7696	66.5189	0	0.817941	-0.575302	0	5156	5430
ChainingRodShaped	5687	2.78362	0.5	-16.8185	27.3978	0	0.908447	0.418001	0	None	None
ChainingRodShaped	5451	2.82039	0.5	-27.3755	51.5578	0	0.804747	0.593618	0	5452	5244
ChainingRodShaped	5821	2.45599	0.5	-0.139	55.3838	0	-0.436019	0.899937	0	None	None
ChainingRodShaped	5661	2.94634	0.5	40.3389	47.1806	0	0.386697	-0.922207	0	5662	5152
ChainingRodShaped	5549	3.06769	0.5	-47.5496	53.6938	0	-0.725111	0.688632	0	None	None
ChainingRodShaped	5257	3.81063	0.5	40.2495	63.9381	0	0.238289	-0.971194	0	5258	5704
ChainingRodShaped	5581	3.23124	0.5	-5.25113	43.0054	0	0.978804	0.204802	0	5582	5382
ChainingRodShaped	5373	4.58289	0.5	23.2177	52.1117	0	0.556906	0.830575	0	None	None
ChainingRodShaped	5745	2.76837	0.5	15.2742	18.8656	0	0.714644	-0.699489	0	None	None
ChainingRodShaped	5887	2.07296	0.5	27.8919	8.30987	0	0.36729	-0.930106	0	5888	5416
ChainingRodShaped	5615	2.91383	0.5	-20.4933	31.0822	0	0.661976	-0.749525	0	None	None
ChainingRodShaped	5139	4.46381	0.5	24.8681	41.9117	0	-0.0186447	0.999826	0	None	None
ChainingRodShaped	5811	2.21436	0.5	-47.57	40.502	0	-0.828872	-0.559439	0	None	None
ChainingRodShaped	5319	3.41629	0.5	-10.7478	53.7512	0	0.98614	-0.165918	0	None	None
ChainingRodShaped	5731	2.53661	0.5	35.0404	23.4643	0	-0.055075	0.998482	0	5732	5460
ChainingRodShaped	5579	2.97025	0.5	-5.57445	48.8641	0	-0.129589	0.991568	0	None	None
ChainingRodShaped	5561	3.09016	0.5	17.7411	46.3594	0	0.17238	-0.98503	0	None	None
ChainingRodShaped	5899	2.10457	0.5	41.2231	35.9444	0	-0.414357	0.910114	0	5900	5362
ChainingRodShaped	5529	3.36058	0.5	-3.10703	56.6932	0	-0.771575	0.636138	0	None	None
ChainingRodShaped	5761	2.57901	0.5	-28.6012	51.8481	0	0.798766	0.601642	0	None	None
ChainingRodShaped	5037	3.81471	0.5	36.2694	49.2035	0	0.408372	-0.912815	0	None	None
ChainingRodShaped	5933	2.02488	0.5	-7.64887	36.5769	0	-0.9887	0.149907	0	None	None
ChainingRodShaped	5385	3.47739	0.5	-20.8923	34.3925	0	-0.660161	0.751124	0	None	None
ChainingRodShaped	5495	3.02511	0.5	-47.5321	35.6198	0	0.942252	0.334906	0	5496	5234
ChainingRodShaped	5397	3.73527	0.5	-25.548	41.9584	0	0.885205	0.465202	0	5398	5578
ChainingRodShaped	5379	4.42583	0.5	29.7097	32.7805	0	-0.306915	0.951737	0	None	None
ChainingRodShaped	5647	3.0033	0.5	35.0353	47.1649	0	-0.414081	0.91024	0	5648	5848
ChainingRodShaped	5799	2.41907	0.5	-32.4479	32.8452	0	-0.80129	0.598276	0	None	None
ChainingRodShaped	5299	2.84641	0.5	27.4479	48.6272	0	0.1625	-0.986708	0	5300	5778
ChainingRodShaped	5085	4.24223	0.5	16.7204	16.4693	0	-0.855291	0.518148	0	None	None
ChainingRodShaped	5411	3.95372	0.5	-35.5754	43.4063	0	-0.922896	-0.385048	0	None	None
ChainingRodShaped	5263	3.40041	0.5	1.99712	19.9715	0	-0.956296	-0.292402	0	None	None
ChainingRodShaped	5813	2.3665	0.5	-41.8286	27.5236	0	-0.995398	0.09583	0	5814	5030
ChainingRodShaped	5859	2.12378	0.5	-19.4898	38.0518	0	-0.992261	-0.12417	0	5860	5706
ChainingRodShaped	5499	2.78701	0.5	-4.74397	12.6623	0	0.880364	-0.474299	0	5500	4652
ChainingRodShaped	5107	4.09783	0.5	-11.2966	12.2416	0	0.913586	-0.406645	0	5108	5432
ChainingRodShaped	5603	2.53139	0.5	1.84025	33.77	0	0.998947	0.0458863	0	5604	5144
ChainingRodShaped	5149	4.69126	0.5	-9.55571	22.7182	0	-0.987393	0.158286	0	None	None
ChainingRodShaped	5129	4.74698	0.5	23.4438	50.7146	0	0.552534	0.833491	0	None	None
ChainingRodShaped	5669	2.76947	0.5	-33.3849	32.3174	0	-0.802411	0.596772	0	None	None
ChainingRodShaped	5741	2.64779	0.5	34.2326	41.3675	0	-0.157037	0.987593	0	None	None
ChainingRodShaped	5633	2.5608	0.5	-5.97517	40.1837	0	-0.866024	-0.500003	0	None	None
ChainingRodShaped	5941	2.00476	0.5	-16.7691	57.8685	0	0.671476	0.741026	0	None	None
ChainingRodShaped	5487	3.86102	0.5	-15.1313	27.1391	0	0.906354	0.422519	0	None	None
ChainingRodShaped	5203	4.99835	0.5	-17.6443	33.5256	0	-0.675047	0.737775	0	None	None
ChainingRodShaped	5165	4.11083	0.5	-15.3915	39.3237	0	-0.997399	-0.0720749	0	None	None
ChainingRodShaped	5673	3.00561	0.5	-32.6911	29.9462	0	-0.742291	0.670078	0	None	None
ChainingRodShaped	5297	3.72906	0.5	-7.58262	24.8182	0	-0.754699	-0.656072	0	None	None
ChainingRodShaped	4983	4.07068	0.5	4.20729	15.4088	0	-0.900012	0.435865	0	None	None
ChainingRodShaped	4841	4.52948	0.5	-13.0513	57.5404	0	0.966004	-0.258526	0	None	None
ChainingRodShaped	5395	3.94195	0.5	-0.336539	37.8324	0	-0.999247	-0.0387966	0	None	None
ChainingRodShaped	5517	2.73515	0.5	4.02767	27.1363	0	0.883095	-0.469195	0	None	None
ChainingRodShaped	5619	2.7275	0.5	-19.8467	50.7574	0	-0.96231	-0.271956	0	None	None
ChainingRodShaped	5583	3.21447	0.5	48.8166	34.7362	0	-0.122196	-0.992506	0	None	None
ChainingRodShaped	5479	3.72262	0.5	-14.4276	43.8212	0	0.964568	0.263835	0	None	None
ChainingRodShaped	5211	4.10571	0.5	37.5444	48.7628	0	0.409577	-0.912276	0	None	None
ChainingRodShaped	5825	2.32398	0.5	11.0594	52.2883	0	0.59547	-0.803377	0	None	None
ChainingRodShaped	5557	2.79832	0.5	24.2337	26.395	0	-0.124821	0.992179	0	None	None
ChainingRodShaped	5781	2.18117	0.5	33.8875	-5.55076	0	0.424546	-0.905406	0	5782	5714
ChainingRodShaped	5857	2.24536	0.5	7.16114	44.1725	0	-0.997282	-0.0736814	0	None	None
ChainingRodShaped	5483	2.95138	0.5	-39.1121	44.5058	0	0.931304	0.364243	0	None	None
ChainingRodShaped	4787	4.14436	0.5	34.3074	17.3307	0	0.036668	-0.999328	0	5503	5846
ChainingRodShaped	5227	4.91415	0.5	24.2272	64.207	0	0.223185	-0.974776	0	5228	5940
ChainingRodShaped	5363	4.6702	0.5	20.8587	54.3658	0	0.949898	-0.31256	0	None	None
ChainingRodShaped	5511	3.78363	0.5	26.9621	37.3283	0	-0.0918594	0.995772	0	None	None
ChainingRodShaped	5031	4.44106	0.5	-20.2468	39.2817	0	0.966204	0.257778	0	5749	5738
ChainingRodShaped	5259	4.49651	0.5	-42.4761	54.7625	0	-0.943611	0.331055	0	None	None
ChainingRodShaped	4709	4.45308	0.5	-59.4768	29.9532	0	0.970178	0.242395	0	5765	4758
ChainingRodShaped	5407	2.81531	0.5	-27.633	41.9607	0	0.885688	0.464281	0	5408	4996
ChainingRodShaped	4707	4.3249	0.5	28.432	32.3181	0	-0.105109	0.994461	0	4708	4796
ChainingRodShaped	5005	4.9999	0.5	32.2064	65.6072	0	0.415336	-0.909668	0	5797	5104
ChainingRodShaped	5273	3.4593	0.5	25.3422	67.5391	0	0.246273	-0.9692	0	5274	4654
ChainingRodShaped	4851	4.71677	0.5	22.8856	31.7115	0	0.0414876	-0.999139	0	5327	5054
ChainingRodShaped	5525	2.84041	0.5	-31.9369	41.8021	0	0.919517	0.393051	0	5526	5316
ChainingRodShaped	5403	3.05407	0.5	-27.8687	46.4289	0	-0.975087	-0.221821	0	None	None
ChainingRodShaped	5143	3.70812	0.5	11.5685	35.8604	0	0.929531	0.368745	0	5144	5112
ChainingRodShaped	5261	3.89407	0.5	33.3135	17.301	0	-0.0379718	0.999279	0	5262	4880
ChainingRodShaped	5645	2.6912	0.5	-37.4219	55.7097	0	-0.128635	0.991692	0	None	None
ChainingRodShaped	4987	4.95894	0.5	14.8276	21.9798	0	0.749073	-0.662488	0	5755	5736
ChainingRodShaped	5563	3.45796	0.5	-8.09829	48.0754	0	0.883786	0.467892	0	None	None
ChainingRodShaped	5717	2.78032	0.5	-6.65752	18.4498	0	0.908292	-0.418336	0	5718	5422
ChainingRodShaped	5337	3.02411	0.5	-30.306	33.9126	0	-0.993773	0.111423	0	None	None
ChainingRodShaped	4745	4.76854	0.5	-47.3334	39.4656	0	-0.826318	-0.563204	0	None	None
ChainingRodShaped	5651	2.93607	0.5	-29.652	20.7944	0	0.912288	-0.409549	0	5652	5094
ChainingRodShaped	5309	3.70712	0.5	-33.2924	54.8541	0	-0.999131	-0.0416784	0	None	None
ChainingRodShaped	5809	2.29987	0.5	-11.6799	29.0427	0	-0.777161	0.629302	0	None	None
ChainingRodShaped	5035	4.35319	0.5	-25.8898	16.8996	0	0.905438	-0.424479	0	None	None
ChainingRodShaped	5769	2.54194	0.5	-53.0936	27.9374	0	-0.999762	-0.0218224	0	5770	4946
ChainingRodShaped	5345	4.11369	0.5	3.91765	51.7136	0	-0.506494	0.862243	0	None	None
ChainingRodShaped	5145	4.11365	0.5	1.58865	38.9016	0	-0.998626	-0.0524126	0	5146	5142
ChainingRodShaped	5207	3.93341	0.5	-12.9922	62.0585	0	-0.795644	0.605765	0	None	None
ChainingRodShaped	5657	3.06742	0.5	4.33856	17.5509	0	-0.895347	0.445369	0	None	None
ChainingRodShaped	5829	2.1609	0.5	-27.7076	58.9574	0	-0.96357	-0.267457	0	None	None
ChainingRodShaped	5131	4.66882	0.5	33.306	58.3572	0	0.404969	-0.914331	0	None	None
ChainingRodShaped	4967	4.46795	0.5	-27.2389	30.386	0	-0.766606	0.642118	0	None	None
ChainingRodShaped	5209	4.53059	0.5	33.7221	52.4943	0	-0.404939	0.914343	0	5210	5538
ChainingRodShaped	5599	3.55411	0.5	25.1467	49.5537	0	-0.0709841	0.997477	0	None	None
ChainingRodShaped	4731	4.73223	0.5	40.6742	48.9118	0	-0.385258	0.922809	0	None	None
ChainingRodShaped	5177	4.93631	0.5	44.5097	46.2903	0	0.2296	-0.973285	0	5178	5348
ChainingRodShaped	5175	4.74871	0.5	24.6596	30.5623	0	-0.115456	0.993313	0	5176	4910
ChainingRodShaped	5709	2.71252	0.5	-30.6503	25.9283	0	-0.985912	0.167265	0	5710	5116
ChainingRodShaped	5831	2.13939	0.5	-41.6631	34.1073	0	0.906086	0.423093	0	5832	5198
ChainingRodShaped	5609	2.80435	0.5	17.2979	55.9873	0	-0.339123	0.940742	0	None	None
ChainingRodShaped	5239	3.54229	0.5	-15.3616	87.0681	0	0.565848	-0.824509	0	5240	5594
ChainingRodShaped	5545	2.68008	0.5	-16.1799	33.303	0	-0.679797	0.7334	0	None	None
ChainingRodShaped	5839	2.38791	0.5	0.8386	46.0106	0	0.991141	0.132816	0	None	None
ChainingRodShaped	4811	4.01909	0.5	-30.4756	35.4912	0	-0.957643	-0.287959	0	5705	5170
ChainingRodShaped	5425	3.87157	0.5	-47.2701	51.6897	0	-0.9988	0.0489772	0	None	None
ChainingRodShaped	5157	4.8893	0.5	23.2796	0.00667411	0	0.766727	-0.641973	0	5158	5414
ChainingRodShaped	5147	3.89771	0.5	-31.9071	24.0132	0	-0.719664	0.694322	0	None	None
ChainingRodShaped	5475	2.85252	0.5	-37.7098	43.8788	0	0.804681	0.593708	0	5476	4868
ChainingRodShaped	5577	3.10128	0.5	-18.4873	45.7222	0	0.880433	0.474171	0	5578	4954
ChainingRodShaped	5289	4.11148	0.5	21.2234	13.6813	0	-0.630199	0.776434	0	5290	5490
ChainingRodShaped	5195	3.5616	0.5	-21.7011	25.3774	0	0.986963	-0.160947	0	None	None
ChainingRodShaped	5587	3.26493	0.5	-36.5389	77.2677	0	0.82982	-0.558032	0	5588	5154
ChainingRodShaped	5381	3.58616	0.5	2.91996	44.5123	0	0.986253	0.165243	0	5382	5294
ChainingRodShaped	5665	2.3798	0.5	29.3225	49.3119	0	0.156825	-0.987626	0	5666	4762
ChainingRodShaped	5409	3.37217	0.5	-7.27338	56.313	0	0.779213	-0.626759	0	5410	5864
ChainingRodShaped	5281	4.54674	0.5	6.5015	56.7323	0	0.602557	-0.798076	0	5282	5226
ChainingRodShaped	5013	3.40737	0.5	-11.319	34.3284	0	0.985878	-0.167468	0	5014	5440
ChainingRodShaped	5611	3.41243	0.5	29.426	41.4504	0	-0.126649	0.991948	0	None	None
ChainingRodShaped	5311	4.41045	0.5	-19.2647	23.9158	0	0.273394	0.961902	0	None	None
ChainingRodShaped	4907	4.11613	0.5	30.7121	5.43331	0	-0.321331	0.946967	0	4908	5332
ChainingRodShaped	5711	2.68472	0.5	33.9976	44.7463	0	-0.395796	0.918338	0	None	None
ChainingRodShaped	5805	2.19676	0.5	25.0265	37.5948	0	-0.0719355	0.997409	0	None	None
ChainingRodShaped	4827	4.41809	0.5	33.8774	36.725	0	-0.11985	0.992792	0	5459	5330
ChainingRodShaped	5667	3.11944	0.5	31.2813	28.3187	0	-0.396709	0.917944	0	None	None
ChainingRodShaped	5275	4.46829	0.5	-7.03482	21.3525	0	-0.987752	0.156029	0	None	None
ChainingRodShaped	4963	4.73638	0.5	-26.888	50.7075	0	0.8066	0.591098	0	None	None
ChainingRodShaped	5891	2.07119	0.5	15.1723	53.2593	0	0.323912	-0.946087	0	None	None
ChainingRodShaped	5501	3.16827	0.5	-15.9881	16.5116	0	-0.893028	0.45	0	None	None
ChainingRodShaped	4847	4.27698	0.5	6.58363	40.1893	0	-0.997604	-0.0691798	0	None	None
ChainingRodShaped	5923	2.05414	0.5	-4.41946	24.4297	0	-0.999529	-0.0306774	0	None	None
ChainingRodShaped	5423	3.73775	0.5	10.204	21.9596	0	0.77957	-0.626315	0	None	None
ChainingRodShaped	5355	4.5788	0.5	-19.3487	51.9097	0	0.959928	0.280246	0	None	None
ChainingRodShaped	5775	2.21701	0.5	41.0537	33.9038	0	-0.410972	0.911648	0	5776	5672
ChainingRodShaped	5391	3.15861	0.5	47.5962	37.4716	0	0.229976	-0.973196	0	None	None
ChainingRodShaped	5851	2.16238	0.5	8.67134	7.22001	0	0.876303	-0.48176	0	5852	5454
ChainingRodShaped	5567	3.04048	0.5	7.95517	43.2482	0	-0.997872	-0.0651963	0	None	None
ChainingRodShaped	5179	4.79488	0.5	-42.4934	41.6281	0	0.817934	0.575312	0	None	None
ChainingRodShaped	5017	4.80233	0.5	3.45047	42.0593	0	0.850603	0.525808	0	None	None
ChainingRodShaped	5833	2.31829	0.5	35.5108	10.7134	0	-0.0259954	0.999662	0	5834	5056
ChainingRodShaped	5223	4.13357	0.5	-20.2307	42.172	0	0.964515	0.264028	0	None	None
ChainingRodShaped	5555	3.33934	0.5	-3.29298	35.5283	0	-0.978701	-0.205293	0	None	None
ChainingRodShaped	4901	4.87887	0.5	-11.035	55.917	0	0.961618	-0.274392	0	None	None
ChainingRodShaped	5641	2.83166	0.5	10.2301	60.5044	0	0.762964	-0.646441	0	None	None
ChainingRodShaped	5629	3.20817	0.5	-16.2041	55.097	0	0.9298	0.368066	0	None	None
ChainingRodShaped	5063	4.20917	0.5	31.4508	40.7419	0	-0.124275	0.992248	0	5723	5084
ChainingRodShaped	5835	2.16724	0.5	46.5039	24.3267	0	-0.413699	0.910414	0	5836	5694
ChainingRodShaped	5339	4.26981	0.5	-14.118	35.7091	0	0.988408	-0.151821	0	5340	5540
ChainingRodShaped	5023	4.3137	0.5	8.48886	55.7357	0	0.605029	-0.796203	0	None	None
ChainingRodShaped	5279	3.52014	0.5	3.62599	55.8626	0	-0.705153	0.709055	0	None	None
ChainingRodShaped	5519	3.75001	0.5	5.52566	35.2157	0	-0.981402	-0.191964	0	None	None
ChainingRodShaped	5357	4.1225	0.5	-33.1646	16.662	0	0.963742	-0.266836	0	None	None
ChainingRodShaped	5617	3.42552	0.5	1.97624	15.3859	0	-0.89494	0.446187	0	None	None
ChainingRodShaped	5325	3.52154	0.5	-32.2178	55.9843	0	-0.994209	-0.107462	0	None	None
ChainingRodShaped	5371	3.54962	0.5	-12.2739	36.3935	0	-0.99053	0.1373	0	None	None
ChainingRodShaped	5637	2.51156	0.5	-19.0276	33.6763	0	-0.66764	0.744484	0	None	None
ChainingRodShaped	5873	2.09911	0.5	10.0432	50.2021	0	-0.712554	0.701617	0	None	None
ChainingRodShaped	5779	2.42793	0.5	-29.551	44.9009	0	-0.924998	-0.379971	0	None	None
ChainingRodShaped	5729	2.77603	0.5	-4.57997	55.3933	0	-0.772907	0.63452	0	None	None
ChainingRodShaped	5389	3.43599	0.5	14.3852	47.9821	0	0.612843	-0.790205	0	None	None
ChainingRodShaped	5929	2.02503	0.5	-30.1257	57.3248	0	-0.972158	-0.234327	0	None	None
ChainingRodShaped	5057	4.6258	0.5	-62.8525	30.5997	0	0.95395	0.299967	0	5058	5786
ChainingRodShaped	5939	2.00486	0.5	25.8572	56.9446	0	0.209084	-0.977898	0	5940	5300
ChainingRodShaped	5631	2.60122	0.5	11.9485	13.1673	0	-0.0720735	-0.997399	0	None	None
ChainingRodShaped	5455	4.19565	0.5	-40.0846	56.1834	0	-0.841566	0.540155	0	None	None
ChainingRodShaped	5285	3.89287	0.5	28.4235	22.1933	0	0.0550838	0.998482	0	None	None
ChainingRodShaped	5911	2.06274	0.5	2.52878	17.3555	0	-0.886547	0.462638	0	None	None
ChainingRodShaped	5405	3.06337	0.5	-27.2147	48.594	0	-0.988299	-0.152527	0	None	None
ChainingRodShaped	5219	3.18313	0.5	2.11306	29.196	0	-0.908273	0.418378	0	5220	4986
ChainingRodShaped	4955	4.48264	0.5	19.0978	49.736	0	-0.157122	0.987579	0	None	None
ChainingRodShaped	5069	4.03973	0.5	25.8344	18.1474	0	-0.254067	0.967187	0	None	None
ChainingRodShaped	5635	2.90029	0.5	-42.6083	32.5818	0	0.907764	0.419482	0	None	None
ChainingRodShaped	5457	3.00549	0.5	-4.0244	46.0201	0	0.665317	0.746561	0	None	None
ChainingRodShaped	5159	4.03496	0.5	19.6991	56.9168	0	0.64097	-0.767566	0	None	None
ChainingRodShaped	5607	3.51477	0.5	-19.4127	31.2726	0	0.667626	-0.744496	0	None	None
ChainingRodShaped	5853	2.14923	0.5	-38.3794	48.1426	0	0.775049	0.631902	0	None	None
ChainingRodShaped	5053	4.34419	0.5	24.1108	21.0259	0	0.188989	-0.981979	0	5054	5910
ChainingRodShaped	5291	4.36112	0.5	-31.1624	51.1513	0	0.803444	0.59538	0	None	None
ChainingRodShaped	5881	2.15426	0.5	-34.2392	38.6703	0	0.905924	0.423441	0	5882	5408
ChainingRodShaped	5109	4.33848	0.5	30.5407	57.2872	0	-0.396911	0.917857	0	5847	5442
ChainingRodShaped	5243	3.02587	0.5	-20.7466	56.3862	0	0.812068	0.583562	0	5244	5904
ChainingRodShaped	5931	2.03962	0.5	-10.0623	17.8492	0	-0.903831	0.427889	0	None	None
ChainingRodShaped	5193	4.46987	0.5	-9.4496	60.5664	0	-0.783497	0.621396	0	None	None
ChainingRodShaped	5803	2.30927	0.5	-13.934	31.0111	0	-0.962435	0.271511	0	None	None
ChainingRodShaped	5111	4.37324	0.5	20.4351	41.5609	0	0.733118	0.680101	0	5112	4631
ChainingRodShaped	5905	2.09487	0.5	44.5591	36.8423	0	0.369977	-0.929041	0	5906	5354
ChainingRodShaped	5793	2.29957	0.5	-11.1377	32.3991	0	-0.991202	0.132357	0	None	None
ChainingRodShaped	5569	2.62934	0.5	-42.8862	36.2774	0	0.935233	0.354034	0	None	None
ChainingRodShaped	5837	2.31222	0.5	-30.9719	36.3425	0	0.96019	0.279347	0	5838	5750
ChainingRodShaped	4642	4.89033	0.5	26.6944	19.0047	0	-0.232357	0.972631	0	5331	5176
ChainingRodShaped	5047	3.86214	0.5	-16.349	17.7697	0	-0.888486	0.458904	0	None	None
ChainingRodShaped	5783	2.41314	0.5	37.4861	53.8359	0	0.400784	-0.916172	0	5784	5662
ChainingRodShaped	5393	3.97038	0.5	-39.7283	45.3002	0	0.931766	0.363059	0	None	None
ChainingRodShaped	5415	2.98142	0.5	31.1094	0.605855	0	0.398161	-0.917316	0	5416	5782
ChainingRodShaped	4652	4.49554	0.5	-0.667151	10.4568	0	0.87898	-0.476858	0	5499	5352
ChainingRodShaped	4654	4.73448	0.5	26.5671	62.6003	0	0.236072	-0.971735	0	5273	4653
ChainingRodShaped	4656	4.99889	0.5	-22.5704	24.5515	0	-0.986027	0.166586	0	None	5710
ChainingRodShaped	5009	4.13385	0.5	-28.7913	30.4425	0	-0.764264	0.644903	0	None	None
ChainingRodShaped	5473	3.53048	0.5	23.644	56.6291	0	0.34103	-0.940052	0	None	None
ChainingRodShaped	5445	4.24003	0.5	-25.5879	27.0148	0	-0.985157	0.171653	0	None	None
ChainingRodShaped	5101	4.15799	0.5	-46.0986	46.5473	0	-0.751538	-0.65969	0	None	None
ChainingRodShaped	5543	3.47389	0.5	7.79865	20.3409	0	0.994715	0.102677	0	None	None
ChainingRodShaped	5713	2.57791	0.5	36.8843	-11.8572	0	0.429747	-0.90295	0	5714	4667
ChainingRodShaped	5883	2.09564	0.5	-19.2897	15.8993	0	0.903785	-0.427986	0	5884	5108
ChainingRodShaped	5127	4.47825	0.5	-10.706	44.8891	0	0.711433	0.702754	0	None	None
ChainingRodShaped	5021	4.03011	0.5	41.0182	52.6165	0	-0.660069	0.751205	0	None	None
ChainingRodShaped	5271	3.68379	0.5	-19.3334	60.5081	0	-0.95722	-0.289361	0	None	None
ChainingRodShaped	5071	3.88342	0.5	-12.0648	16.5702	0	0.883709	-0.468036	0	5072	5500
ChainingRodShaped	5267	4.79102	0.5	18.5119	13.2823	0	-0.959285	0.28244	0	None	None
ChainingRodShaped	5507	3.17545	0.5	5.21943	51.3658	0	-0.515084	0.85714	0	None	None
ChainingRodShaped	5463	4.11577	0.5	-8.14073	20.1932	0	0.915661	-0.401952	0	None	None
ChainingRodShaped	5907	2.12464	0.5	36.3425	53.9237	0	0.400116	-0.916464	0	None	None
ChainingRodShaped	5697	2.76788	0.5	-11.4884	40.5969	0	-0.974568	-0.224091	0	None	None
ChainingRodShaped	5033	4.74102	0.5	-30.2364	54.224	0	-0.967987	-0.251	0	None	None
ChainingRodShaped	5861	2.24353	0.5	1.40717	54.4208	0	0.445001	-0.89553	0	None	None
ChainingRodShaped	5241	3.57935	0.5	11.2345	39.6241	0	-0.995248	-0.097374	0	5242	5146
ChainingRodShaped	5593	3.04629	0.5	-10.7222	80.3624	0	0.572846	-0.819663	0	5594	5202
ChainingRodShaped	5295	4.50644	0.5	-7.52442	15.511	0	0.898615	-0.438739	0	5296	4697
ChainingRodShaped	5691	2.47007	0.5	22.4276	45.1365	0	0.473498	0.880795	0	None	None
ChainingRodShaped	5535	3.35211	0.5	35.2205	33.7463	0	-0.116206	0.993225	0	None	None
ChainingRodShaped	4704	4.51604	0.5	27.429	5.55542	0	-0.590576	0.806982	0	None	5290
ChainingRodShaped	5189	4.8359	0.5	15.0858	6.31776	0	0.816924	-0.576745	0	5190	5158
ChainingRodShaped	4708	4.47231	0.5	29.0182	26.9624	0	-0.112361	0.993667	0	None	4707
ChainingRodShaped	5765	2.48031	0.5	-63.8106	28.8948	0	0.973302	0.229526	0	5766	4709
ChainingRodShaped	4712	4.77256	0.5	10.7287	17.1303	0	-0.906878	-0.421393	0	None	None
ChainingRodShaped	5419	4.25825	0.5	31.0865	63.3357	0	0.411825	-0.911263	0	None	None
ChainingRodShaped	5287	3.15289	0.5	37.0677	34.8805	0	-0.14051	0.990079	0	None	None
ChainingRodShaped	5703	2.471	0.5	42.059	56.5307	0	0.235788	-0.971804	0	5704	5178
ChainingRodShaped	5141	3.99962	0.5	-7.63847	38.5956	0	-0.999851	-0.0172573	0	5142	5124
ChainingRodShaped	5153	3.34701	0.5	-28.1361	71.5979	0	0.827325	-0.561724	0	5154	5156
ChainingRodShaped	5315	4.25615	0.5	-23.3109	45.5506	0	0.912369	0.409369	0	5316	5254
ChainingRodShaped	5935	2.02904	0.5	1.0889	24.6779	0	0.778695	-0.627403	0	None	None
ChainingRodShaped	4728	4.55727	0.5	-21.4188	95.9274	0	0.563721	-0.825965	0	None	5240
ChainingRodShaped	5251	4.75112	0.5	22.0724	46.498	0	0.464662	0.885488	0	None	None
ChainingRodShaped	5767	2.25047	0.5	42.5347	45.6371	0	0.0169884	0.999856	0	None	None
ChainingRodShaped	5199	4.38972	0.5	-10.3336	49.0377	0	0.879461	0.475971	0	None	None
ChainingRodShaped	5361	3.47879	0.5	37.7554	43.5364	0	-0.415936	0.909394	0	5362	5210
ChainingRodShaped	5735	2.3096	0.5	20.7532	16.2136	0	0.675421	-0.737432	0	5736	5486
ChainingRodShaped	5197	3.55378	0.5	-33.747	37.8448	0	0.901297	0.433202	0	5198	5398
ChainingRodShaped	5183	3.92333	0.5	-17.9794	40.8698	0	0.965072	0.261983	0	None	None
ChainingRodShaped	5173	4.24239	0.5	47.2449	43.3405	0	0.227884	-0.973688	0	None	None
ChainingRodShaped	5653	2.89762	0.5	-45.7282	44.2439	0	-0.75933	-0.650706	0	None	None
ChainingRodShaped	5551	2.62741	0.5	21.8727	74.473	0	0.223698	-0.974658	0	5552	5228
ChainingRodShaped	4750	4.75998	0.5	28.7631	46.4582	0	-0.142031	0.989862	0	None	None
ChainingRodShaped	5917	2.06935	0.5	-15.5177	20.5476	0	-0.87076	0.491708	0	None	None
ChainingRodShaped	5269	4.638	0.5	16.9768	54.0459	0	-0.338746	0.940878	0	None	None
ChainingRodShaped	4756	4.29108	0.5	-13.9104	21.7063	0	0.915444	-0.402446	0	None	5718
ChainingRodShaped	4758	4.87041	0.5	-54.0123	31.3988	0	0.963336	0.2683	0	4709	5548
ChainingRodShaped	5565	2.61875	0.5	-13.269	45.1651	0	0.986291	0.165018	0	None	None
ChainingRodShaped	4762	4.2679	0.5	29.935	45.043	0	0.132707	-0.991155	0	5665	5322
ChainingRodShaped	5675	2.9142	0.5	25.6258	30.758	0	-0.116162	0.99323	0	None	None
ChainingRodShaped	5399	3.46603	0.5	29.2219	19.2231	0	0.066031	0.997818	0	None	None
ChainingRodShaped	5119	3.79446	0.5	-29.3285	24.6977	0	-0.986261	0.165196	0	None	None
ChainingRodShaped	5089	4.10028	0.5	-23.2204	21.9758	0	0.709491	0.704714	0	None	None
ChainingRodShaped	5801	2.42705	0.5	1.53279	21.8747	0	-0.953894	-0.300145	0	None	None
ChainingRodShaped	5573	3.14654	0.5	23.1413	76.1268	0	0.249503	-0.968374	0	5574	5274
ChainingRodShaped	5225	4.57489	0.5	12.3229	49.074	0	0.610343	-0.792137	0	5226	5532
ChainingRodShaped	5867	2.11535	0.5	-47.2478	50.5232	0	-0.978392	0.20676	0	None	None
ChainingRodShaped	5135	3.75157	0.5	-26.014	15.8699	0	0.906416	-0.422386	0	None	None
ChainingRodShaped	5509	3.59898	0.5	3.24237	50.9863	0	-0.506296	0.86236	0	None	None
ChainingRodShaped	5349	4.56364	0.5	26.676	30.252	0	-0.116745	0.993162	0	None	None
ChainingRodShaped	4786	4.90285	0.5	3.78752	21.5511	0	-0.954782	-0.297305	0	None	None
ChainingRodShaped	5503	2.59236	0.5	34.128	21.6864	0	0.0476857	-0.998862	0	5504	4787
ChainingRodShaped	5307	4.09715	0.5	0.927509	64.1668	0	0.595976	-0.803002	0	5308	5282
ChainingRodShaped	5221	4.45999	0.5	-37.2641	23.9677	0	0.931261	-0.364352	0	5222	5652
ChainingRodShaped	4794	4.25429	0.5	38.0835	72.754	0	0.238768	-0.971077	0	None	5258
ChainingRodShaped	4796	4.79763	0.5	27.8592	37.8404	0	-0.101814	0.994803	0	4707	5844
ChainingRodShaped	5387	3.0139	0.5	39.8852	45.7343	0	0.37741	-0.926046	0	None	None
ChainingRodShaped	5323	4.61182	0.5	11.7778	21.9493	0	0.7771	-0.629377	0	None	None
ChainingRodShaped	5233	3.70036	0.5	-39.3091	38.7385	0	0.928406	0.371568	0	5234	5526
ChainingRodShaped	5489	2.6217	0.5	15.9278	19.6061	0	-0.712418	0.701755	0	5490	5428
ChainingRodShaped	5613	3.19027	0.5	2.52197	26.8062	0	0.886755	-0.462239	0	None	None
ChainingRodShaped	5877	2.10379	0.5	-21.2727	22.5041	0	0.744647	0.667458	0	None	None
ChainingRodShaped	5747	2.69119	0.5	41.822	38.882	0	0.247652	0.968849	0	None	None
ChainingRodShaped	5705	2.76639	0.5	-26.2639	36.691	0	-0.96705	-0.254588	0	5706	4811
ChainingRodShaped	5377	3.74902	0.5	0.486643	42.0439	0	0.97463	0.223824	0	None	None
ChainingRodShaped	5465	3.57379	0.5	3.71503	25.0457	0	-0.877724	0.479167	0	None	None
ChainingRodShaped	5601	2.59694	0.5	-47.6591	31.2971	0	0.904906	0.425611	0	5602	5832
ChainingRodShaped	5443	3.55584	0.5	45.6158	45.9237	0	0.228908	-0.973448	0	None	None
ChainingRodShaped	5329	3.90885	0.5	32.4451	46.2564	0	-0.181538	0.983384	0	5330	5894
ChainingRodShaped	5413	3.09848	0.5	30.3037	-6.22174	0	0.728757	-0.684773	0	5414	4823
ChainingRodShaped	5347	3.87142	0.5	46.7231	36.8617	0	0.228655	-0.973507	0	5348	4825
ChainingRodShaped	5459	3.493	0.5	34.4143	31.8096	0	-0.0949651	0.995481	0	5460	4827
ChainingRodShaped	5191	4.47936	0.5	-23.2544	32.7388	0	0.678134	-0.734939	0	None	None
ChainingRodShaped	5773	2.44835	0.5	0.964858	50.8088	0	-0.78078	0.624806	0	None	None
ChainingRodShaped	5217	4.78051	0.5	-28.2216	38.2483	0	0.939472	0.342625	0	None	None
ChainingRodShaped	5429	3.81066	0.5	-13.9553	61.5488	0	0.796669	-0.604416	0	5430	5410
ChainingRodShaped	5231	4.72251	0.5	-5.40196	23.4453	0	-0.999786	-0.020669	0	None	None
ChainingRodShaped	4840	4.57468	0.5	-16.8118	37.3581	0	-0.99881	-0.0487633	0	None	None
ChainingRodShaped	4842	4.29486	0.5	-13.1215	58.5819	0	0.966598	-0.256298	0	None	None
ChainingRodShaped	5317	3.56205	0.5	32.881	36.9808	0	0.116682	-0.993169	0	5318	5622
ChainingRodShaped	5421	3.65854	0.5	1.4117	14.5682	0	0.892453	-0.451141	0	5422	5788
ChainingRodShaped	4848	4.39115	0.5	11.8826	40.6538	0	-0.995308	-0.0967574	0	None	None
ChainingRodShaped	5875	2.14386	0.5	2.47064	58.4869	0	-0.67491	0.7379	0	None	None
ChainingRodShaped	5327	3.13974	0.5	22.7814	36.5822	0	-0.00596044	-0.999982	0	5328	4851
ChainingRodShaped	5623	2.56071	0.5	10.5862	36.5268	0	-0.929686	-0.368354	0	None	None
ChainingRodShaped	5937	2.00991	0.5	-20.2847	52.6443	0	0.959613	0.281324	0	None	None
ChainingRodShaped	5927	2.02691	0.5	-44.2985	54.3261	0	-0.949334	0.314268	0	None	None
ChainingRodShaped	5383	3.67986	0.5	-12.2941	26.9723	0	0.97764	0.210284	0	None	None
ChainingRodShaped	5313	4.70644	0.5	-15.163	50.2576	0	-0.918997	-0.394264	0	None	None
ChainingRodShaped	5265	4.696	0.5	-35.0867	41.5167	0	-0.919739	-0.392529	0	None	None
ChainingRodShaped	5737	2.70433	0.5	-12.5662	41.3033	0	0.969143	0.2465	0	5738	5582
ChainingRodShaped	4868	4.28626	0.5	-34.0506	46.5973	0	0.801537	0.597945	0	5475	5452
ChainingRodShaped	5439	2.9748	0.5	-3.06923	32.3362	0	0.950532	-0.310628	0	5440	5376
ChainingRodShaped	5715	2.78309	0.5	-14.4234	33.4395	0	-0.88341	0.4686	0	None	None
ChainingRodShaped	4874	4.2892	0.5	2.21099	10.6419	0	0.889095	-0.457723	0	4697	5852
ChainingRodShaped	5305	4.57256	0.5	-11.3037	37.5607	0	-0.999861	-0.0166806	0	None	None
ChainingRodShaped	5447	3.8801	0.5	-3.10075	39.6501	0	-0.999584	-0.0288462	0	None	None
ChainingRodShaped	4880	4.16002	0.5	33.0965	22.3198	0	-0.0482604	0.998835	0	5261	5842
ChainingRodShaped	4882	4.30532	0.5	-25.7782	55.1769	0	-0.807158	-0.590336	0	None	None
ChainingRodShaped	5649	3.06932	0.5	-26.6464	31.1336	0	-0.76214	0.647413	0	None	None
ChainingRodShaped	5449	3.71058	0.5	-23.4257	57.9021	0	-0.999059	0.0433611	0	None	None
ChainingRodShaped	5725	2.44858	0.5	-36.7377	22.6957	0	0.931237	-0.364414	0	None	None
ChainingRodShaped	5845	2.13422	0.5	34.5317	10.0645	0	0.0242776	-0.999705	0	5846	5680
ChainingRodShaped	5683	3.03304	0.5	-29.9517	46.8479	0	-0.922305	-0.386462	0	None	None
ChainingRodShaped	5863	2.22339	0.5	-1.91213	51.9299	0	0.769882	-0.638186	0	5864	5418
ChainingRodShaped	5521	3.18387	0.5	-44.285	39.1734	0	0.821424	0.570318	0	5522	5476
ChainingRodShaped	5699	2.66958	0.5	25.7874	52.4001	0	-0.194666	0.98087	0	5700	5720
ChainingRodShaped	5539	3.31504	0.5	-5.46746	34.2775	0	0.988153	-0.153469	0	5540	5604
ChainingRodShaped	5505	3.69392	0.5	-11.9467	55.1494	0	0.962253	-0.272157	0	None	None
ChainingRodShaped	5739	2.35462	0.5	-10.4399	26.1162	0	0.760799	0.648987	0	None	None
ChainingRodShaped	5515	3.78144	0.5	-2.92947	49.3847	0	0.505721	-0.862697	0	None	None
ChainingRodShaped	4908	4.7598	0.5	32.4863	0.300233	0	-0.33125	0.943543	0	None	4907
ChainingRodShaped	4910	4.95819	0.5	24.1459	36.3651	0	-0.0619565	0.998079	0	5175	4909
ChainingRodShaped	5301	4.71048	0.5	-2.32097	15.3067	0	-0.899842	0.436216	0	None	None
ChainingRodShaped	5763	2.60894	0.5	-4.34336	15.1857	0	-0.89844	0.439096	0	None	None
ChainingRodShaped	5901	2.09373	0.5	35.6602	4.26859	0	-0.0212877	0.999773	0	5902	5834
ChainingRodShaped	5343	4.14104	0.5	-8.62748	25.1578	0	0.755322	0.655354	0	None	None
ChainingRodShaped	5671	2.52728	0.5	38.2136	40.188	0	-0.413128	0.910673	0	5672	5648
ChainingRodShaped	5453	2.95022	0.5	15.8633	3.14584	0	0.865017	-0.501742	0	5454	5754
ChainingRodShaped	5477	3.07362	0.5	12.7	57.8889	0	0.277429	-0.960746	0	None	None
ChainingRodShaped	5431	2.77741	0.5	-3.23596	8.70076	0	0.917066	-0.398735	0	5432	4925
ChainingRodShaped	5367	4.12728	0.5	13.6248	51.6805	0	0.312656	-0.949866	0	None	None
ChainingRodShaped	5471	3.97298	0.5	-8.52898	29.4739	0	-0.881365	0.472436	0	None	None
ChainingRodShaped	5359	4.61558	0.5	-21.9472	49.154	0	-0.961233	-0.275737	0	None	None
ChainingRodShaped	5869	2.16483	0.5	-24.742	31.1766	0	-0.927521	0.37377	0	None	None
ChainingRodShaped	4936	4.4089	0.5	-16.3176	54.0112	0	0.928742	0.370726	0	None	None
ChainingRodShaped	5693	2.30401	0.5	43.8044	30.2677	0	-0.413689	0.910418	0	5694	5900
ChainingRodShaped	5777	2.27093	0.5	28.391	41.9775	0	0.121529	-0.992588	0	5778	4939
ChainingRodShaped	4942	4.26375	0.5	7.66047	50.7658	0	-0.8049	0.59341	0	None	None
ChainingRodShaped	5513	3.64158	0.5	-42.8469	52.792	0	-0.948324	0.317303	0	None	None
ChainingRodShaped	4946	4.39194	0.5	-57.5367	27.7621	0	-0.998711	-0.0507644	0	5769	5462
ChainingRodShaped	5341	3.87167	0.5	13.6222	13.7879	0	-0.394382	-0.918947	0	None	None
ChainingRodShaped	4950	4.83263	0.5	-31.6027	27.0834	0	-0.984976	0.17269	0	None	None
ChainingRodShaped	4952	4.1777	0.5	17.9189	57.5098	0	0.645377	-0.763864	0	None	None
ChainingRodShaped	4954	4.83836	0.5	-14.1393	48.0811	0	0.878047	0.478575	0	5577	5468
ChainingRodShaped	4956	4.15849	0.5	19.1319	44.8891	0	0.442138	0.896947	0	None	None
ChainingRodShaped	5369	3.32662	0.5	8.16654	57.7907	0	0.599407	-0.800445	0	None	None
ChainingRodShaped	4960	3.98727	0.5	20.0768	49.644	0	-0.152442	0.988312	0	None	None
ChainingRodShaped	5677	2.71813	0.5	9.12046	38.1593	0	-0.953969	-0.299906	0	None	None
ChainingRodShaped	5433	2.84035	0.5	-30.8455	47.7669	0	0.815656	0.578538	0	None	None
ChainingRodShaped	5785	2.40592	0.5	-55.3975	32.9716	0	0.951338	0.30815	0	5786	5496
ChainingRodShaped	5595	3.3718	0.5	-22.9012	28.485	0	-0.982815	0.184596	0	None	None
ChainingRodShaped	5915	2.09518	0.5	-12.2285	52.9989	0	-0.984719	0.17415	0	None	None
ChainingRodShaped	5751	2.7972	0.5	36.6289	41.3289	0	-0.410831	0.911712	0	None	None
ChainingRodShaped	5721	2.53308	0.5	-49.6741	33.7483	0	0.963433	0.267949	0	None	None
ChainingRodShaped	4976	4.60967	0.5	30.8675	32.2652	0	-0.316413	0.948621	0	None	None
ChainingRodShaped	4978	4.32363	0.5	10.904	57.0844	0	0.289662	-0.957129	0	None	None
ChainingRodShaped	5437	3.45492	0.5	9.06257	41.3542	0	-0.995245	-0.0974045	0	None	None
ChainingRodShaped	5663	2.78027	0.5	9.58865	19.5619	0	0.993638	0.112617	0	None	None
ChainingRodShaped	4984	4.48124	0.5	8.20933	13.033	0	-0.557655	0.830073	0	None	None
ChainingRodShaped	4986	3.80785	0.5	-2.03222	30.8767	0	-0.941048	0.338274	0	5219	4985
ChainingRodShaped	5755	2.34886	0.5	11.278	24.9523	0	0.79683	-0.604204	0	5756	4987
ChainingRodShaped	4990	4.43101	0.5	-35.1902	46.9464	0	0.801375	0.598162	0	None	None
ChainingRodShaped	4992	4.05913	0.5	-43.4627	81.9209	0	0.830057	-0.557678	0	None	5588
ChainingRodShaped	4994	4.81267	0.5	-34.531	52.8212	0	-0.723818	0.689991	0	None	None
ChainingRodShaped	4996	4.94221	0.5	-23.3227	44.2238	0	0.885331	0.464962	0	5407	4995
ChainingRodShaped	4998	3.81122	0.5	27.9534	27.8944	0	-0.122293	0.992494	0	None	None
ChainingRodShaped	5435	3.93241	0.5	18.9406	59.3772	0	0.639782	-0.768557	0	None	None
ChainingRodShaped	5849	2.24117	0.5	7.90366	49.4034	0	-0.804367	0.594133	0	None	None
ChainingRodShaped	5639	2.53339	0.5	-2.97609	59.8345	0	0.997594	0.0693244	0	None	None
ChainingRodShaped	5797	2.30648	0.5	30.2733	69.8349	0	0.416699	-0.909044	0	5798	5005
ChainingRodShaped	5008	4.78882	0.5	-8.32315	45.2462	0	0.42691	0.904294	0	None	None
ChainingRodShaped	5469	3.58927	0.5	-25.0549	27.8934	0	-0.984611	0.174758	0	None	None
ChainingRodShaped	5559	2.82036	0.5	13.3082	44.8233	0	-0.968629	0.248512	0	None	None
ChainingRodShaped	5014	4.22518	0.5	-16.0538	35.085	0	0.988639	-0.150311	0	None	5013
ChainingRodShaped	5597	2.72023	0.5	-15.9622	15.4105	0	0.904532	-0.426407	0	None	None
ChainingRodShaped	5018	4.50698	0.5	5.55504	41.5994	0	0.952339	0.305041	0	None	None
ChainingRodShaped	5689	3.06709	0.5	2.5573	35.3945	0	-0.896768	-0.442501	0	None	None
ChainingRodShaped	5575	2.71872	0.5	42.8335	48.8076	0	-0.275626	0.961265	0	None	None
ChainingRodShaped	5024	4.08318	0.5	5.36441	59.8797	0	0.600333	-0.79975	0	None	None
ChainingRodShaped	5026	4.74259	0.5	-31.1401	20.3779	0	0.916788	-0.399373	0	None	None
ChainingRodShaped	5625	2.89132	0.5	-0.820016	46.9451	0	0.530081	0.847947	0	None	None
ChainingRodShaped	5030	3.64791	0.5	-45.7943	27.8083	0	-0.998548	0.0538607	0	5813	5770
ChainingRodShaped	5749	2.24601	0.5	-24.4249	38.1688	0	0.966364	0.25718	0	5750	5031
ChainingRodShaped	5701	2.38645	0.5	-25.8401	53.9126	0	-0.808154	-0.588971	0	None	None
ChainingRodShaped	5036	4.73814	0.5	-30.9212	19.2208	0	0.917802	-0.397039	0	None	None
ChainingRodShaped	5913	2.1065	0.5	34.6649	52.805	0	0.402638	-0.915359	0	None	None
ChainingRodShaped	5040	4.42463	0.5	-3.56033	30.3816	0	0.945185	-0.326535	0	None	None
ChainingRodShaped	5925	2.06515	0.5	36.4156	32.0042	0	-0.0794196	0.996841	0	None	None
ChainingRodShaped	5889	2.07191	0.5	13.3755	59.1246	0	0.269358	-0.96304	0	None	None
ChainingRodShaped	5589	3.16972	0.5	-1.94531	26.8165	0	0.593291	-0.804988	0	None	None
ChainingRodShaped	5527	3.44198	0.5	-12.2668	15.5662	0	-0.88197	0.471305	0	None	None
ChainingRodShaped	5585	3.47156	0.5	8.78133	58.6158	0	0.602163	-0.798373	0	None	None
ChainingRodShaped	5685	2.96348	0.5	-40.4783	47.6341	0	0.755779	0.654827	0	None	None
ChainingRodShaped	5054	4.34798	0.5	23.3062	26.2536	0	0.114898	-0.993377	0	4851	5053
ChainingRodShaped	5056	4.80331	0.5	35.3763	15.2641	0	-0.0316221	0.9995	0	5833	5732
ChainingRodShaped	5058	3.91143	0.5	-67.8751	29.0239	0	0.95435	0.29869	0	None	5057
ChainingRodShaped	5060	4.44366	0.5	-29.4866	29.7716	0	-0.764895	0.644155	0	None	None
ChainingRodShaped	5533	3.00369	0.5	-1.19849	58.164	0	-0.283688	-0.958917	0	None	None
ChainingRodShaped	5723	2.55902	0.5	31.9796	36.3949	0	-0.115243	0.993337	0	5724	5063
ChainingRodShaped	5066	4.94451	0.5	-19.1465	18.65	0	-0.426847	0.904324	0	None	None
ChainingRodShaped	5068	3.97653	0.5	31.1692	23.7364	0	-0.479672	0.877448	0	None	None
ChainingRodShaped	5070	4.4403	0.5	27.185	13.1127	0	-0.311675	0.950189	0	None	None
ChainingRodShaped	5072	4.69651	0.5	-16.7333	19.0418	0	0.88385	-0.467771	0	None	5071
ChainingRodShaped	5759	2.66521	0.5	-30.862	58.3395	0	-0.877259	-0.480017	0	None	None
ChainingRodShaped	5571	3.16822	0.5	36.3472	38.392	0	-0.677085	0.735905	0	None	None
ChainingRodShaped	5078	4.91467	0.5	-38.4515	37.9042	0	0.922273	0.386539	0	None	None
ChainingRodShaped	5553	3.75729	0.5	-23.2703	46.5907	0	-0.916415	-0.400229	0	None	None
ChainingRodShaped	5643	3.10004	0.5	-9.8066	25.3865	0	0.756773	0.653678	0	None	None
ChainingRodShaped	5084	3.94346	0.5	30.8165	45.7762	0	-0.125575	0.992084	0	5063	5818
ChainingRodShaped	5086	3.79054	0.5	16.562	15.4044	0	-0.854284	0.519806	0	None	None
ChainingRodShaped	5791	2.40632	0.5	-7.1401	40.6096	0	-0.866719	-0.498797	0	None	None
ChainingRodShaped	5090	4.7532	0.5	-26.1304	23.1637	0	0.986533	-0.163562	0	None	None
ChainingRodShaped	5815	2.20968	0.5	48.4896	39.9845	0	-0.194241	-0.980954	0	None	None
ChainingRodShaped	5094	3.86917	0.5	-25.6695	18.9491	0	0.903332	-0.428941	0	5651	5884
ChainingRodShaped	5096	3.62091	0.5	26.9315	22.4627	0	-0.206081	0.978535	0	None	None
ChainingRodShaped	5098	3.63435	0.5	44.0704	27.2082	0	-0.410693	0.911774	0	None	5776
ChainingRodShaped	5655	3.29154	0.5	-46.7129	47.3142	0	-0.756118	-0.654435	0	None	None
ChainingRodShaped	5102	4.26883	0.5	-41.344	49.4908	0	-0.775509	-0.631337	0	None	None
ChainingRodShaped	5104	3.83162	0.5	34.4413	60.6829	0	0.410718	-0.911763	0	5005	5784
ChainingRodShaped	5895	2.11507	0.5	-34.8636	31.188	0	-0.202728	0.979235	0	None	None
ChainingRodShaped	5108	3.71706	0.5	-15.7588	14.2576	0	0.908753	-0.417335	0	5883	5107
ChainingRodShaped	5847	2.1836	0.5	32.2401	53.3891	0	-0.403881	0.914811	0	5848	5109
ChainingRodShaped	5112	4.67153	0.5	16.1036	38.2297	0	0.843311	0.537426	0	5143	5111
ChainingRodShaped	5627	3.13589	0.5	27.1701	55.4934	0	-0.205764	0.978602	0	None	None
ChainingRodShaped	5116	3.50569	0.5	-34.6703	26.5838	0	-0.987859	0.155353	0	5709	5814
ChainingRodShaped	5695	2.39476	0.5	-39.7427	49.5394	0	-0.771623	-0.63608	0	None	None
ChainingRodShaped	5120	3.59172	0.5	-24.7107	23.9202	0	-0.986608	0.163106	0	None	None
ChainingRodShaped	5789	2.61166	0.5	-34.6373	49.7806	0	0.798894	0.601472	0	None	None
ChainingRodShaped	5124	3.7107	0.5	-12.4714	38.4944	0	-0.99968	-0.0253071	0	5141	5860
ChainingRodShaped	5126	4.54824	0.5	-38.2232	34.2193	0	0.95966	0.281165	0	None	5838
ChainingRodShaped	5659	2.69819	0.5	-10.5266	43.6164	0	0.656907	0.753972	0	None	None
ChainingRodShaped	5130	3.99511	0.5	21.0952	49.2869	0	-0.145939	0.989294	0	None	None
ChainingRodShaped	5819	2.27306	0.5	32.1658	58.4987	0	0.401528	-0.915847	0	None	None
ChainingRodShaped	5134	4.4356	0.5	12.4859	43.8411	0	-0.881597	0.472002	0	None	None
ChainingRodShaped	5136	4.62841	0.5	-30.7049	18.0617	0	0.918055	-0.396453	0	None	None
ChainingRodShaped	5138	3.68351	0.5	35.9512	35.8301	0	-0.130603	0.991435	0	None	None
ChainingRodShaped	5807	2.53709	0.5	25.9406	38.1678	0	-0.0818979	0.996641	0	None	None
ChainingRodShaped	5142	3.22684	0.5	-3.05156	38.7031	0	-0.999515	-0.0311311	0	5145	5141
ChainingRodShaped	5144	4.98251	0.5	6.49294	34.4253	0	0.980916	0.194432	0	5603	5143
ChainingRodShaped	5146	3.87862	0.5	6.54853	39.2188	0	-0.997138	-0.0755995	0	5241	5145
ChainingRodShaped	5148	4.10246	0.5	-28.6985	22.462	0	-0.76007	0.649841	0	None	None
ChainingRodShaped	5771	2.34121	0.5	-5.15723	22.1291	0	-0.961797	0.273763	0	None	None
ChainingRodShaped	5152	3.58215	0.5	41.967	43.2516	0	0.379507	-0.925189	0	5661	5906
ChainingRodShaped	5154	4.86788	0.5	-32.3497	74.4468	0	0.829205	-0.558944	0	5587	5153
ChainingRodShaped	5156	3.63345	0.5	-24.4491	69.0776	0	0.823842	-0.566819	0	5153	5155
ChainingRodShaped	5158	3.5285	0.5	19.2447	3.26621	0	0.792087	-0.610409	0	5189	5157
ChainingRodShaped	5160	4.14298	0.5	14.5568	61.0969	0	0.507417	-0.861701	0	None	None
ChainingRodShaped	5757	2.60381	0.5	-26.8409	40.0709	0	0.85318	0.521617	0	None	None
ChainingRodShaped	5164	4.38327	0.5	-23.2412	58.8788	0	-0.999041	0.0437788	0	None	None
ChainingRodShaped	5166	3.36715	0.5	-10.6913	39.4937	0	-0.999505	-0.0314751	0	None	None
ChainingRodShaped	5168	4.70576	0.5	-41.1631	35.7168	0	0.929537	0.36873	0	5547	5882
ChainingRodShaped	5170	4.02913	0.5	-35.2568	33.9936	0	-0.950859	-0.309626	0	4811	5169
ChainingRodShaped	5172	4.51577	0.5	-45.3485	45.9073	0	-0.748679	-0.662933	0	None	None
ChainingRodShaped	5174	4.13344	0.5	47.6197	46.8946	0	0.142829	-0.989747	0	None	None
ChainingRodShaped	5176	4.96953	0.5	25.501	24.7891	0	-0.171835	0.985126	0	4642	5175
ChainingRodShaped	5178	4.84209	0.5	43.1482	52.0116	0	0.233425	-0.972375	0	5703	5177
ChainingRodShaped	5180	3.859	0.5	-46.8542	38.601	0	0.825145	0.564922	0	None	None
ChainingRodShaped	5182	4.98352	0.5	33.2548	60.906	0	0.409675	-0.912232	0	None	None
ChainingRodShaped	5184	4.34881	0.5	-22.9057	39.5559	0	0.968882	0.247522	0	None	None
ChainingRodShaped	5795	2.31821	0.5	-0.610785	23.6151	0	-0.999893	-0.0146069	0	None	None
ChainingRodShaped	5909	2.03865	0.5	25.8256	14.054	0	0.301739	-0.953391	0	5910	5888
ChainingRodShaped	5190	3.36076	0.5	10.8909	9.17007	0	0.839948	-0.542666	0	5787	5189
ChainingRodShaped	5192	4.1986	0.5	-27.114	34.1275	0	0.934817	-0.355131	0	None	None
ChainingRodShaped	5194	4.62664	0.5	-3.59427	55.8387	0	-0.772287	0.635274	0	None	None
ChainingRodShaped	5196	3.87442	0.5	-26.337	26.1773	0	0.985644	-0.168834	0	None	None
ChainingRodShaped	5198	3.93683	0.5	-38.0185	35.8157	0	0.905018	0.425373	0	5831	5197
ChainingRodShaped	5200	4.4299	0.5	-15.061	46.4831	0	0.882563	0.470194	0	None	None
ChainingRodShaped	5202	4.69692	0.5	-7.93598	76.4062	0	0.577924	-0.816091	0	5593	5201
ChainingRodShaped	5204	3.38743	0.5	-13.2931	29.1215	0	-0.772006	0.635615	0	None	None
ChainingRodShaped	5206	4.75056	0.5	-9.1035	48.6171	0	0.880091	0.474805	0	None	None
ChainingRodShaped	5865	2.29002	0.5	-9.76456	59.5562	0	-0.784741	0.619824	0	None	None
ChainingRodShaped	5210	3.83578	0.5	35.8328	47.7691	0	-0.411169	0.911559	0	5361	5209
ChainingRodShaped	5212	4.14964	0.5	35.4762	53.4216	0	0.400118	-0.916464	0	None	None
ChainingRodShaped	5214	4.36658	0.5	1.14215	57.9032	0	-0.295151	0.955451	0	None	None
ChainingRodShaped	5216	3.74906	0.5	-46.7009	48.9188	0	-0.918795	-0.394734	0	None	None
ChainingRodShaped	5218	3.93776	0.5	-33.4831	36.626	0	0.958706	0.284397	0	None	None
ChainingRodShaped	5220	3.86662	0.5	6.0996	27.1074	0	-0.864618	0.502429	0	5427	5219
ChainingRodShaped	5222	4.77629	0.5	-42.5027	25.9734	0	0.936259	-0.35131	0	None	5221
ChainingRodShaped	5224	4.72955	0.5	-22.8213	40.545	0	0.970945	0.239302	0	None	None
ChainingRodShaped	5226	3.15725	0.5	9.39735	52.9004	0	0.603468	-0.797387	0	5281	5225
ChainingRodShaped	5228	4.77599	0.5	22.9232	69.8957	0	0.223691	-0.97466	0	5551	5227
ChainingRodShaped	5230	4.07772	0.5	-3.51532	29.3457	0	-0.946437	0.32289	0	None	None
ChainingRodShaped	5232	3.37999	0.5	-0.88607	22.6532	0	-0.999989	-0.00460403	0	None	None
ChainingRodShaped	5234	3.46433	0.5	-43.5633	37.0797	0	0.935071	0.354461	0	5495	5233
ChainingRodShaped	5236	4.41189	0.5	-37.6431	52.3362	0	-0.870179	0.492735	0	None	None
ChainingRodShaped	5238	4.3979	0.5	-30.5087	16.9055	0	0.918507	-0.395405	0	None	None
ChainingRodShaped	5240	4.71178	0.5	-18.2471	91.2829	0	0.564176	-0.825655	0	4728	5239
ChainingRodShaped	5242	3.94301	0.5	15.9457	40.1262	0	-0.993504	-0.113797	0	None	5241
ChainingRodShaped	5244	3.31291	0.5	-24.1096	53.9517	0	0.808122	0.589015	0	5451	5243
ChainingRodShaped	5823	2.39599	0.5	-1.57361	36.8243	0	-0.999585	-0.0288082	0	None	None
ChainingRodShaped	5897	2.07832	0.5	-1.63386	19.7001	0	0.997632	-0.0687721	0	None	None
ChainingRodShaped	5250	4.3931	0.5	30.4611	20.9085	0	-0.466167	0.884697	0	None	None
ChainingRodShaped	5252	3.50849	0.5	20.1435	44.8034	0	0.443849	0.896102	0	None	None
ChainingRodShaped	5254	3.10111	0.5	-19.058	47.4753	0	0.909672	0.415327	0	5315	5253
ChainingRodShaped	5919	2.03669	0.5	-22.6325	60.3897	0	-0.867109	-0.498118	0	None	None
ChainingRodShaped	5258	3.05392	0.5	39.1938	68.2376	0	0.238659	-0.971103	0	4794	5257
ChainingRodShaped	5260	3.32604	0.5	-38.9622	54.296	0	-0.844726	0.535198	0	None	None
ChainingRodShaped	5262	3.0068	0.5	33.4765	12.8557	0	-0.035191	0.999381	0	None	5261
ChainingRodShaped	5264	4.64587	0.5	2.88941	19.2291	0	-0.957459	-0.288568	0	None	None
ChainingRodShaped	5266	3.14764	0.5	-30.5619	43.4427	0	-0.92115	-0.389208	0	None	None
ChainingRodShaped	5268	3.14885	0.5	20.1693	11.7527	0	-0.959308	0.282362	0	None	None
ChainingRodShaped	5270	4.77917	0.5	18.3303	48.5458	0	-0.162524	0.986705	0	None	None
ChainingRodShaped	5272	3.36058	0.5	-18.0158	61.9581	0	-0.98238	-0.186895	0	None	None
ChainingRodShaped	5274	3.57323	0.5	24.226	71.9087	0	0.248654	-0.968592	0	5573	5273
ChainingRodShaped	5276	4.3839	0.5	-1.68087	20.6803	0	-0.997679	0.0680885	0	None	None
ChainingRodShaped	5879	2.12013	0.5	7.78486	15.4908	0	-0.764583	0.644525	0	None	None
ChainingRodShaped	5280	4.24421	0.5	7.70014	53.55	0	-0.609334	0.792914	0	None	None
ChainingRodShaped	5282	3.06382	0.5	3.63882	60.5325	0	0.600406	-0.799695	0	5307	5281
ChainingRodShaped	5885	2.20001	0.5	-20.7369	55.0565	0	0.736217	0.676745	0	None	None
ChainingRodShaped	5286	4.58549	0.5	28.0843	17.5029	0	-0.249933	0.968263	0	None	None
ChainingRodShaped	5288	3.7397	0.5	37.5351	30.4769	0	-0.0790428	0.996871	0	None	None
ChainingRodShaped	5290	3.93215	0.5	24.316	9.74022	0	-0.6041	0.796909	0	4704	5289
ChainingRodShaped	5292	4.31942	0.5	-35.4257	47.9651	0	0.799169	0.601106	0	None	None
ChainingRodShaped	5294	2.92352	0.5	7.08719	45.2271	0	0.984706	0.174225	0	5381	5293
ChainingRodShaped	5296	3.30563	0.5	-11.9265	17.6532	0	0.899846	-0.436208	0	None	5295
ChainingRodShaped	5298	3.35643	0.5	-3.85385	25.4312	0	-0.998825	-0.0484608	0	None	None
ChainingRodShaped	5300	4.07197	0.5	26.6535	52.9999	0	0.190926	-0.981604	0	5939	5299
ChainingRodShaped	5302	4.69405	0.5	2.74925	12.7494	0	-0.885774	0.464117	0	None	None
ChainingRodShaped	5304	3.27728	0.5	16.4418	52.6517	0	-0.340827	0.940126	0	None	None
ChainingRodShaped	5306	4.80499	0.5	-5.65047	37.6421	0	-0.999961	-0.0088135	0	None	None
ChainingRodShaped	5308	3.02345	0.5	-1.75287	67.8019	0	0.590259	-0.807214	0	5201	5307
ChainingRodShaped	5310	4.92165	0.5	-28.103	55.792	0	-0.966694	-0.255937	0	None	None
ChainingRodShaped	5312	3.0687	0.5	-20.7219	19.7494	0	-0.435365	0.900254	0	None	None
ChainingRodShaped	5314	4.06294	0.5	-11.7589	51.9284	0	-0.982928	0.183991	0	None	None
ChainingRodShaped	5316	3.88352	0.5	-27.9381	43.5161	0	0.918633	0.395112	0	5525	5315
ChainingRodShaped	5318	4.07706	0.5	32.2849	41.7546	0	0.130144	-0.991495	0	None	5317
ChainingRodShaped	5320	3.08839	0.5	-14.8386	53.5612	0	0.923252	0.384194	0	None	None
ChainingRodShaped	5322	3.72957	0.5	30.5704	40.0937	0	0.12164	-0.992574	0	4762	5321
ChainingRodShaped	5324	3.76013	0.5	7.63521	24.9929	0	0.842629	-0.538494	0	None	None
ChainingRodShaped	5326	3.62758	0.5	-27.7739	56.8927	0	-0.967245	-0.253845	0	None	None
ChainingRodShaped	5328	3.83119	0.5	22.8699	41.0114	0	-0.0314064	-0.999507	0	None	5327
ChainingRodShaped	5330	3.49124	0.5	33.2224	41.6271	0	-0.147673	0.989036	0	4827	5329
ChainingRodShaped	5332	3.56641	0.5	29.202	10.0209	0	-0.30278	0.953061	0	4907	5331
ChainingRodShaped	5334	3.83181	0.5	-7.05737	17.5483	0	-0.907855	0.419285	0	None	None
ChainingRodShaped	5336	4.44923	0.5	-33.6108	43.1985	0	-0.919001	-0.394255	0	None	None
ChainingRodShaped	5338	4.57185	0.5	-25.7494	32.576	0	-0.93122	0.364458	0	None	None
ChainingRodShaped	5340	3.1578	0.5	-18.7598	36.3648	0	0.992109	-0.125379	0	None	5339
ChainingRodShaped	5342	3.09584	0.5	14.7773	13.5136	0	-0.494849	-0.868979	0	None	None
ChainingRodShaped	5344	3.7957	0.5	-13.7203	23.7641	0	0.988151	0.153483	0	None	None
ChainingRodShaped	5346	3.15075	0.5	6.8442	47.6735	0	-0.495285	0.868731	0	None	None
ChainingRodShaped	5348	3.29387	0.5	45.6785	41.3178	0	0.227818	-0.973704	0	5177	5347
ChainingRodShaped	5350	3.06092	0.5	27.3221	25.5101	0	-0.162315	0.986739	0	None	None
ChainingRodShaped	5352	3.28569	0.5	3.62645	8.12391	0	0.878304	-0.478103	0	4652	5351
ChainingRodShaped	5354	3.89208	0.5	46.0271	33.137	0	0.367362	-0.930078	0	5905	5353
ChainingRodShaped	5356	4.50206	0.5	-24.6302	50.3784	0	0.943712	0.330769	0	None	None
ChainingRodShaped	5358	4.28083	0.5	-34.0984	19.8388	0	0.271601	-0.96241	0	None	None
ChainingRodShaped	5360	4.69233	0.5	-16.5981	50.7028	0	-0.922453	-0.38611	0	None	None
ChainingRodShaped	5362	3.57119	0.5	39.6335	39.4289	0	-0.415575	0.909559	0	5899	5361
ChainingRodShaped	5364	3.54367	0.5	22.0757	55.8448	0	0.705511	-0.708699	0	None	None
ChainingRodShaped	5366	3.10801	0.5	-4.09057	49.4062	0	0.50493	-0.86316	0	None	None
ChainingRodShaped	5368	4.22324	0.5	12.0618	56.5906	0	0.284244	-0.958752	0	None	None
ChainingRodShaped	5370	3.08741	0.5	5.64765	61.1478	0	0.5997	-0.800225	0	None	None
ChainingRodShaped	5372	3.72258	0.5	-7.73003	35.6273	0	-0.987152	0.159785	0	None	None
ChainingRodShaped	5374	4.15557	0.5	20.5241	53.4349	0	0.950547	-0.310582	0	None	None
ChainingRodShaped	5376	3.43945	0.5	0.842911	30.8644	0	0.921335	-0.388769	0	5439	5375
ChainingRodShaped	5378	3.13906	0.5	-1.10015	40.6823	0	0.998108	0.0614849	0	None	None
ChainingRodShaped	5380	3.68393	0.5	29.8322	28.2667	0	-0.107056	0.994253	0	None	None
ChainingRodShaped	5382	2.96293	0.5	-1.26107	43.7858	0	0.983927	0.178572	0	5581	5381
ChainingRodShaped	5384	4.11303	0.5	-16.4921	23.7344	0	0.288438	0.957499	0	None	None
ChainingRodShaped	5386	3.14574	0.5	-18.0612	31.174	0	-0.673217	0.739445	0	None	None
ChainingRodShaped	5388	4.381	0.5	38.0455	50.0421	0	0.402554	-0.915396	0	None	None
ChainingRodShaped	5390	4.01083	0.5	12.4505	52.1784	0	0.317921	-0.948117	0	None	None
ChainingRodShaped	5392	3.33376	0.5	46.6309	41.6016	0	0.228348	-0.97358	0	None	None
ChainingRodShaped	5394	3.82316	0.5	-43.9942	43.1062	0	0.767927	0.640537	0	None	None
ChainingRodShaped	5396	4.46416	0.5	4.81098	38.1179	0	-0.996443	-0.0842652	0	None	None
ChainingRodShaped	5398	3.57452	0.5	-29.668	39.8449	0	0.894453	0.447161	0	5197	5397
ChainingRodShaped	5400	3.98521	0.5	30.0093	16.9719	0	0.189101	0.981958	0	None	None
ChainingRodShaped	5402	3.43715	0.5	6.88133	53.0642	0	-0.617232	0.786781	0	None	None
ChainingRodShaped	5404	2.97817	0.5	-24.0595	47.3064	0	-0.913909	-0.405919	0	None	None
ChainingRodShaped	5406	2.85835	0.5	-23.481	49.7528	0	-0.946972	-0.321316	0	None	None
ChainingRodShaped	5408	2.92306	0.5	-31.0666	40.2057	0	0.895352	0.445358	0	5881	5407
ChainingRodShaped	5410	2.97599	0.5	-10.5077	58.8884	0	0.785746	-0.618549	0	5429	5409
ChainingRodShaped	5412	2.83199	0.5	-31.5496	45.1335	0	-0.925178	-0.379534	0	None	None
ChainingRodShaped	5414	3.42751	0.5	27.1725	-3.35016	0	0.744718	-0.66738	0	5157	5413
ChainingRodShaped	5416	3.89553	0.5	29.3862	4.65901	0	0.38572	-0.922616	0	5887	5415
ChainingRodShaped	5418	3.39663	0.5	1.00697	49.5383	0	0.776425	-0.63021	0	5863	5417
ChainingRodShaped	5420	3.02595	0.5	28.7332	64.1663	0	0.377427	-0.92604	0	None	None
ChainingRodShaped	5422	3.78515	0.5	-2.80354	16.6386	0	0.902367	-0.430968	0	5717	5421
ChainingRodShaped	5424	3.69177	0.5	6.36561	24.6427	0	0.846197	-0.532869	0	None	None
ChainingRodShaped	5426	4.07746	0.5	-42.8164	51.7506	0	-0.950256	0.311471	0	None	None
ChainingRodShaped	5428	2.79503	0.5	13.208	22.0982	0	-0.760376	0.649483	0	5489	5427
ChainingRodShaped	5430	2.90327	0.5	-17.4218	64.1282	0	0.808982	-0.587834	0	5155	5429
ChainingRodShaped	5432	3.38042	0.5	-6.96895	10.33	0	0.916012	-0.40115	0	5107	5431
ChainingRodShaped	5434	3.70232	0.5	-33.9508	45.1667	0	0.904514	0.426443	0	None	None
ChainingRodShaped	5436	4.10674	0.5	16.3979	60.7546	0	0.67168	-0.740841	0	None	None
ChainingRodShaped	5438	3.48386	0.5	13.4932	41.7575	0	-0.996226	-0.086801	0	None	None
ChainingRodShaped	5440	3.3465	0.5	-7.04924	33.4562	0	0.972166	-0.234294	0	5013	5439
ChainingRodShaped	5442	3.37545	0.5	28.6478	61.752	0	-0.382246	0.92406	0	5109	5441
ChainingRodShaped	5444	4.07636	0.5	46.3673	48.4033	0	0.0814224	-0.99668	0	None	None
ChainingRodShaped	5446	2.90328	0.5	-21.109	26.2502	0	-0.988523	0.151073	0	None	None
ChainingRodShaped	5448	3.65965	0.5	1.6457	39.857	0	-0.998694	-0.0510998	0	None	None
ChainingRodShaped	5450	4.19333	0.5	-18.8962	58.9227	0	-0.815309	-0.579026	0	None	None
ChainingRodShaped	5452	2.79627	0.5	-30.4222	49.301	0	0.802338	0.596869	0	4868	5451
ChainingRodShaped	5454	3.72837	0.5	12.105	5.29802	0	0.870117	-0.492845	0	5851	5453
ChainingRodShaped	5456	3.11979	0.5	-36.5895	57.0127	0	-0.118842	0.992913	0	None	None
ChainingRodShaped	5458	2.83968	0.5	-6.7388	43.6851	0	0.977603	0.210459	0	None	None
ChainingRodShaped	5460	3.37827	0.5	34.7852	27.4014	0	-0.0725671	0.997364	0	5731	5459
ChainingRodShaped	5462	2.64971	0.5	-62.037	27.5007	0	-0.99766	-0.0683734	0	4946	5461
ChainingRodShaped	5464	3.53474	0.5	-12.3393	22.2497	0	0.955816	-0.293967	0	None	None
ChainingRodShaped	5466	2.9939	0.5	8.0856	22.3173	0	-0.816416	0.577464	0	None	None
ChainingRodShaped	5468	3.24078	0.5	-9.72855	50.4632	0	0.882437	0.470431	0	4954	5467
ChainingRodShaped	5470	3.32626	0.5	-20.6969	27.1545	0	-0.989984	0.141182	0	None	None
ChainingRodShaped	5472	3.41844	0.5	-4.39758	27.2772	0	-0.878475	0.477789	0	None	None
ChainingRodShaped	5474	3.92659	0.5	21.2436	58.2441	0	0.660978	-0.750405	0	None	None
ChainingRodShaped	5476	3.0883	0.5	-40.9123	41.5513	0	0.812977	0.582295	0	5521	5475
ChainingRodShaped	5478	3.16976	0.5	10.8859	61.3185	0	0.786972	-0.616988	0	None	None
ChainingRodShaped	5480	3.24482	0.5	-18.7544	43.6151	0	0.999996	-0.00273031	0	None	None
ChainingRodShaped	5482	3.86265	0.5	14.0054	53.6448	0	0.316386	-0.948631	0	None	None
ChainingRodShaped	5484	3.88711	0.5	-42.9746	42.4886	0	0.815572	0.578656	0	None	None
ChainingRodShaped	5486	2.73436	0.5	23.079	13.586	0	0.651868	-0.758332	0	5735	5485
ChainingRodShaped	5488	3.67151	0.5	-17.4721	23.6222	0	0.29254	0.956253	0	None	None
ChainingRodShaped	5490	2.61654	0.5	18.4145	17.0008	0	-0.668098	0.744073	0	5289	5489
ChainingRodShaped	5492	3.00525	0.5	38.4094	45.4359	0	0.662951	-0.748663	0	None	None
ChainingRodShaped	5494	3.98922	0.5	12.1069	16.6837	0	-0.906399	-0.422423	0	None	None
ChainingRodShaped	5496	3.61131	0.5	-51.6016	34.2216	0	0.948618	0.316422	0	5785	5495
ChainingRodShaped	5498	3.39725	0.5	34.9267	45.0441	0	-0.404959	0.914335	0	None	None
ChainingRodShaped	5500	2.97784	0.5	-8.15919	14.4941	0	0.882092	-0.471078	0	5071	5499
ChainingRodShaped	5502	2.96766	0.5	-12.4503	14.5377	0	-0.882156	0.470958	0	None	None
ChainingRodShaped	5504	3.13253	0.5	33.9144	25.5331	0	0.0622942	-0.998058	0	5621	5503
ChainingRodShaped	5506	3.56162	0.5	-15.9892	56.225	0	0.930868	0.365356	0	None	None
ChainingRodShaped	5508	2.67623	0.5	8.11117	47.5137	0	-0.551667	0.834065	0	None	None
ChainingRodShaped	5510	3.23606	0.5	5.82068	47.5518	0	-0.486582	0.873635	0	None	None
ChainingRodShaped	5512	3.71879	0.5	27.41	32.6133	0	-0.105102	0.994461	0	None	None
ChainingRodShaped	5514	3.23391	0.5	-38.6346	51.4947	0	-0.93431	0.356462	0	None	None
ChainingRodShaped	5516	3.80676	0.5	-2.09898	49.9735	0	0.514569	-0.857449	0	None	None
ChainingRodShaped	5518	2.79691	0.5	0.696788	28.7706	0	0.914511	-0.404561	0	None	None
ChainingRodShaped	5520	3.83239	0.5	7.95191	36.7804	0	-0.966676	-0.256004	0	None	None
ChainingRodShaped	5522	2.55446	0.5	-47.4668	36.9827	0	0.826073	0.563563	0	None	5521
ChainingRodShaped	5524	3.27476	0.5	-30.0666	53.2626	0	-0.967142	-0.254238	0	None	None
ChainingRodShaped	5526	2.7428	0.5	-35.4157	40.329	0	0.922335	0.386392	0	5233	5525
ChainingRodShaped	5528	3.44445	0.5	-8.35786	13.4736	0	-0.882277	0.470731	0	None	None
ChainingRodShaped	5530	2.78114	0.5	-0.429998	53.7715	0	-0.445001	0.89553	0	None	None
ChainingRodShaped	5532	3.07136	0.5	15.2393	45.2901	0	0.610505	-0.792012	0	5225	5531
ChainingRodShaped	5534	3.80298	0.5	-0.376549	62.3883	0	0.0123284	-0.999924	0	None	None
ChainingRodShaped	5536	3.27771	0.5	35.6207	29.4684	0	-0.080779	0.996732	0	None	None
ChainingRodShaped	5538	2.55554	0.5	31.8938	56.6461	0	-0.400085	0.916478	0	5209	5537
ChainingRodShaped	5540	3.03935	0.5	-9.55514	34.9596	0	0.984619	-0.174717	0	5339	5539
ChainingRodShaped	5542	3.55481	0.5	-22.9246	36.5109	0	-0.978533	-0.206091	0	None	None
ChainingRodShaped	5544	3.00016	0.5	6.00488	21.165	0	0.964223	0.265091	0	None	None
ChainingRodShaped	5546	3.553	0.5	-12.6288	31.6437	0	-0.961867	0.273516	0	None	None
ChainingRodShaped	5548	2.86716	0.5	-49.3525	32.7659	0	0.953447	0.30156	0	4758	5547
ChainingRodShaped	5550	3.19181	0.5	-46.3845	54.3494	0	-0.551988	0.833852	0	None	None
ChainingRodShaped	5552	2.65861	0.5	21.0584	78.0208	0	0.223683	-0.974662	0	None	5551
ChainingRodShaped	5554	3.65817	0.5	-19.9954	48.5796	0	-0.982246	-0.187598	0	None	None
ChainingRodShaped	5556	3.32126	0.5	-0.320393	35.3141	0	-0.949823	-0.312789	0	None	None
ChainingRodShaped	5558	3.03757	0.5	24.8516	22.5524	0	-0.199011	0.979997	0	None	None
ChainingRodShaped	5560	3.2007	0.5	16.1041	42.4085	0	-0.670154	0.742222	0	None	None
ChainingRodShaped	5562	3.15553	0.5	15.7342	49.5567	0	0.540222	-0.841523	0	None	None
ChainingRodShaped	5564	3.52697	0.5	-12.1082	46.3382	0	0.98634	0.164721	0	None	None
ChainingRodShaped	5566	3.17425	0.5	-17.0446	44.5431	0	0.999969	-0.00783702	0	None	None
ChainingRodShaped	5568	2.85879	0.5	10.9313	42.5094	0	-0.995533	-0.0944173	0	None	None
ChainingRodShaped	5570	2.75467	0.5	-46.264	34.9297	0	0.961103	0.276191	0	None	None
ChainingRodShaped	5572	2.72792	0.5	38.7867	35.2499	0	-0.677132	0.735862	0	None	None
ChainingRodShaped	5574	2.45881	0.5	22.1927	79.8069	0	0.249664	-0.968333	0	None	5573
ChainingRodShaped	5576	3.69258	0.5	43.9246	44.4838	0	-0.222516	0.974929	0	None	None
ChainingRodShaped	5578	2.62921	0.5	-21.8724	43.9052	0	0.881881	0.471472	0	5397	5577
ChainingRodShaped	5580	3.00999	0.5	-6.97343	45.8478	0	0.426527	0.904475	0	None	None
ChainingRodShaped	5582	2.59743	0.5	-9.04646	42.1657	0	0.973453	0.228886	0	5737	5581
ChainingRodShaped	5584	3.63484	0.5	49.3649	38.9399	0	-0.383566	-0.923513	0	None	None
ChainingRodShaped	5586	2.79996	0.5	6.30928	61.9172	0	0.597782	-0.801659	0	None	None
ChainingRodShaped	5588	2.69919	0.5	-39.834	79.4828	0	0.830014	-0.557742	0	4992	5587
ChainingRodShaped	5590	3.53712	0.5	-5.44314	28.9323	0	0.904465	-0.426547	0	None	None
ChainingRodShaped	5592	3.01138	0.5	-1.69858	17.3284	0	-0.937769	0.347259	0	None	None
ChainingRodShaped	5594	2.91366	0.5	-12.9776	83.6064	0	0.568789	-0.822484	0	5239	5593
ChainingRodShaped	5596	2.65901	0.5	-18.943	28.0693	0	-0.99999	-0.00440394	0	None	None
ChainingRodShaped	5598	2.54769	0.5	-20.6503	17.6254	0	0.901322	-0.433149	0	None	None
ChainingRodShaped	5600	3.42355	0.5	24.108	48.2215	0	0.0286466	0.99959	0	None	None
ChainingRodShaped	5602	2.75661	0.5	-50.9818	29.7335	0	0.904752	0.425938	0	None	5601
ChainingRodShaped	5604	2.49966	0.5	-1.62728	33.8192	0	0.997301	-0.0734169	0	5539	5603
ChainingRodShaped	5606	2.66936	0.5	-31.0008	59.4231	0	-0.869146	-0.494555	0	None	None
ChainingRodShaped	5608	2.9018	0.5	-22.1838	34.4039	0	0.666019	-0.745935	0	None	None
ChainingRodShaped	5610	3.46671	0.5	20.0154	52.567	0	-0.950043	0.312118	0	None	None
ChainingRodShaped	5612	3.38139	0.5	29.9468	37.1051	0	-0.119224	0.992867	0	None	None
ChainingRodShaped	5614	3.08554	0.5	0.250785	27.0886	0	0.600062	-0.799953	0	None	None
ChainingRodShaped	5616	2.91912	0.5	-23.0863	33.9774	0	0.670748	-0.741686	0	None	None
ChainingRodShaped	5618	2.68185	0.5	5.61343	13.6292	0	-0.916275	0.40055	0	None	None
ChainingRodShaped	5620	3.09863	0.5	-16.1444	51.9404	0	-0.921052	-0.389438	0	None	None
ChainingRodShaped	5622	2.68503	0.5	33.3274	32.8916	0	0.0982839	-0.995158	0	5317	5621
ChainingRodShaped	5624	2.98105	0.5	14.1654	38.2099	0	-0.857184	-0.515011	0	None	None
ChainingRodShaped	5626	3.45959	0.5	-3.22308	45.4728	0	0.66414	0.747608	0	None	None
ChainingRodShaped	5628	3.2939	0.5	27.9663	51.3865	0	-0.179314	0.983792	0	None	None
ChainingRodShaped	5630	3.39388	0.5	-20.2393	53.6666	0	0.959352	0.282212	0	None	None
ChainingRodShaped	5632	3.37017	0.5	12.4284	15.7437	0	-0.905554	-0.424231	0	None	None
ChainingRodShaped	5634	3.18573	0.5	-2.67487	41.7671	0	-0.777092	-0.629387	0	None	None
ChainingRodShaped	5636	3.22295	0.5	-39.6179	30.9884	0	0.999174	0.0406384	0	None	None
ChainingRodShaped	5638	2.84488	0.5	-16.5698	30.9544	0	-0.680578	0.732676	0	None	None
ChainingRodShaped	5640	3.06329	0.5	-6.65926	60.2055	0	0.934821	-0.355118	0	None	None
ChainingRodShaped	5642	2.75226	0.5	8.53282	60.5953	0	0.597143	-0.802135	0	None	None
ChainingRodShaped	5644	3.16548	0.5	-13.7427	24.7144	0	0.987495	0.157652	0	None	None
ChainingRodShaped	5646	3.13524	0.5	-35.4429	52.3338	0	-0.723262	0.690574	0	None	None
ChainingRodShaped	5648	2.92286	0.5	36.6745	43.5689	0	-0.41538	0.909648	0	5671	5647
ChainingRodShaped	5650	3.28137	0.5	-22.9696	29.4477	0	-0.98092	0.194414	0	None	None
ChainingRodShaped	5652	2.57428	0.5	-33.084	22.2866	0	0.922213	-0.386682	0	5221	5651
ChainingRodShaped	5654	3.37013	0.5	-42.6667	47.0048	0	-0.734274	-0.678853	0	None	None
ChainingRodShaped	5656	2.80479	0.5	-42.9759	49.6031	0	-0.832398	-0.554178	0	None	None
ChainingRodShaped	5658	2.88285	0.5	8.07633	17.3709	0	-0.984515	-0.175298	0	None	None
ChainingRodShaped	5660	2.89989	0.5	-13.7551	41.9974	0	0.969251	0.246075	0	None	None
ChainingRodShaped	5662	2.58427	0.5	38.8729	50.6362	0	0.39466	-0.918827	0	5783	5661
ChainingRodShaped	5664	2.87618	0.5	5.81581	18.9758	0	0.97584	0.218486	0	None	None
ChainingRodShaped	5666	2.62856	0.5	28.7247	52.7532	0	0.18446	-0.98284	0	4653	5665
ChainingRodShaped	5668	2.68183	0.5	31.4936	25.4133	0	-0.401515	0.915853	0	None	None
ChainingRodShaped	5670	2.9111	0.5	-30.8237	29.6383	0	-0.767459	0.641098	0	None	None
ChainingRodShaped	5672	2.54086	0.5	39.6672	36.9767	0	-0.41161	0.91136	0	5775	5671
ChainingRodShaped	5674	2.65161	0.5	-29.9553	27.7789	0	-0.984904	0.173104	0	None	None
ChainingRodShaped	5676	3.17554	0.5	26.1421	26.7695	0	-0.158938	0.987289	0	None	None
ChainingRodShaped	5678	3.17266	0.5	12.1561	38.3144	0	-0.902976	-0.42969	0	None	None
ChainingRodShaped	5680	2.79629	0.5	34.6107	6.60472	0	0.0217443	-0.999764	0	5845	5679
ChainingRodShaped	5682	3.03809	0.5	15.7899	47.7373	0	0.610486	-0.792027	0	None	None
ChainingRodShaped	5684	2.66244	0.5	-26.2773	47.7565	0	-0.987185	-0.159583	0	None	None
ChainingRodShaped	5686	2.57243	0.5	-43.3347	45.0453	0	0.727448	0.686163	0	None	None
ChainingRodShaped	5688	2.64301	0.5	-18.1243	24.6027	0	0.282993	0.959122	0	None	None
ChainingRodShaped	5690	2.4648	0.5	4.93249	37.1674	0	-0.99555	-0.0942315	0	None	None
ChainingRodShaped	5692	2.51688	0.5	20.1275	42.5989	0	0.739881	0.672738	0	None	None
ChainingRodShaped	5694	2.30007	0.5	45.1679	27.2668	0	-0.413671	0.910426	0	5835	5693
ChainingRodShaped	5696	2.54194	0.5	-36.8121	49.9911	0	-0.972924	-0.231126	0	None	None
ChainingRodShaped	5698	2.53738	0.5	-8.16343	41.1315	0	-0.871659	-0.490113	0	None	None
ChainingRodShaped	5700	2.36311	0.5	26.4334	48.9497	0	-0.171975	0.985101	0	5843	5699
ChainingRodShaped	5702	2.82893	0.5	-22.9369	56.024	0	-0.810585	-0.585622	0	None	None
ChainingRodShaped	5704	2.49889	0.5	41.2363	59.9093	0	0.237349	-0.971424	0	5257	5703
ChainingRodShaped	5706	2.51342	0.5	-22.74	37.5144	0	-0.980319	-0.19742	0	5859	5705
ChainingRodShaped	5708	2.56376	0.5	-18.3383	41.7325	0	0.962413	0.271591	0	None	None
ChainingRodShaped	5710	2.40645	0.5	-27.1737	25.3344	0	-0.985549	0.16939	0	4656	5709
ChainingRodShaped	5712	2.96403	0.5	35.6016	41.2922	0	-0.409293	0.912403	0	None	None
ChainingRodShaped	5714	2.63788	0.5	35.3382	-8.6144	0	0.430682	-0.902504	0	5781	5713
ChainingRodShaped	5716	2.42317	0.5	-11.4998	33.4098	0	-0.9875	0.157617	0	None	None
ChainingRodShaped	5718	2.45446	0.5	-9.93085	19.9406	0	0.911914	-0.410381	0	4756	5717
ChainingRodShaped	5720	2.68702	0.5	25.048	55.9987	0	-0.207443	0.978247	0	5699	5719
ChainingRodShaped	5722	2.97346	0.5	-53.2266	32.623	0	0.960604	0.27792	0	None	None
ChainingRodShaped	5724	2.28921	0.5	32.344	32.9962	0	-0.0970706	0.995277	0	5841	5723
ChainingRodShaped	5726	2.92315	0.5	-40.1657	24.0265	0	0.933873	-0.357604	0	None	None
ChainingRodShaped	5728	2.94358	0.5	7.18856	18.2126	0	0.984657	0.174499	0	None	None
ChainingRodShaped	5730	2.6465	0.5	-1.74143	53.0451	0	-0.769512	0.638632	0	None	None
ChainingRodShaped	5732	2.55992	0.5	35.2111	19.9318	0	-0.0416353	0.999133	0	5056	5731
ChainingRodShaped	5734	2.65209	0.5	-15.7459	28.935	0	-0.996367	0.0851634	0	None	None
ChainingRodShaped	5736	2.67319	0.5	18.3462	18.7205	0	0.708076	-0.706137	0	4987	5735
ChainingRodShaped	5738	2.41084	0.5	-15.9874	40.4155	0	0.966743	0.255752	0	5031	5737
ChainingRodShaped	5740	2.79015	0.5	-13.5557	25.7202	0	0.986661	0.16279	0	None	None
ChainingRodShaped	5742	2.52483	0.5	34.7355	37.639	0	-0.123064	0.992399	0	None	None
ChainingRodShaped	5744	2.8011	0.5	-34.0399	39.8392	0	0.910126	0.414331	0	None	None
ChainingRodShaped	5746	2.61295	0.5	13.2526	19.1995	0	0.808733	-0.588176	0	None	None
ChainingRodShaped	5748	2.69724	0.5	42.5769	36.9741	0	0.0903899	0.995906	0	None	None
ChainingRodShaped	5750	2.55618	0.5	-27.6865	37.2793	0	0.963206	0.268764	0	5837	5749
ChainingRodShaped	5752	2.5535	0.5	38.129	37.9903	0	-0.420462	0.90731	0	None	None
ChainingRodShaped	5754	2.37895	0.5	19.0221	1.29947	0	0.861412	-0.507907	0	5453	5753
ChainingRodShaped	5756	2.40386	0.5	8.52824	26.868	0	0.842597	-0.538545	0	5375	5755
ChainingRodShaped	5758	2.57575	0.5	-30.0571	38.613	0	0.909292	0.416159	0	None	None
ChainingRodShaped	5760	2.55427	0.5	-27.7633	60.1056	0	-0.93142	-0.363947	0	None	None
ChainingRodShaped	5762	2.75738	0.5	-31.5286	49.6786	0	0.802034	0.597278	0	None	None
ChainingRodShaped	5764	2.72505	0.5	-1.05738	13.5844	0	-0.897768	0.440469	0	None	None
ChainingRodShaped	5766	2.4841	0.5	-67.199	28.1048	0	0.974379	0.224912	0	None	5765
ChainingRodShaped	5768	2.40244	0.5	43.3515	42.4833	0	-0.375909	0.926656	0	None	None
ChainingRodShaped	5770	2.25864	0.5	-49.7175	27.9543	0	-0.999908	0.0135447	0	5030	5769
ChainingRodShaped	5772	2.49797	0.5	-1.82806	21.6566	0	-0.998311	0.0581046	0	None	None
ChainingRodShaped	5774	2.52556	0.5	3.63495	48.635	0	-0.770084	0.637942	0	None	None
ChainingRodShaped	5776	2.42824	0.5	42.4163	30.8802	0	-0.410744	0.911751	0	5098	5775
ChainingRodShaped	5778	2.18588	0.5	27.9764	45.1653	0	0.137211	-0.990542	0	5299	5777
ChainingRodShaped	5780	2.61579	0.5	-27.0581	45.1495	0	-0.837789	-0.545995	0	None	None
ChainingRodShaped	5782	2.22907	0.5	32.5563	-2.6638	0	0.41275	-0.910845	0	5415	5781
ChainingRodShaped	5784	2.3922	0.5	36.118	56.9394	0	0.405953	-0.913894	0	5104	5783
ChainingRodShaped	5786	2.3271	0.5	-58.5925	31.9455	0	0.952855	0.303425	0	5057	5785
ChainingRodShaped	5788	2.29557	0.5	4.91456	12.7408	0	0.877942	-0.478766	0	5421	5787
ChainingRodShaped	5790	2.51794	0.5	-37.4595	47.6427	0	0.778303	0.627889	0	None	None
ChainingRodShaped	5792	2.36373	0.5	-4.40126	42.2337	0	-0.976709	-0.214568	0	None	None
ChainingRodShaped	5794	2.5976	0.5	-7.80636	31.7636	0	-0.962281	0.272059	0	None	None
ChainingRodShaped	5796	2.49254	0.5	2.91414	23.3509	0	-0.950727	-0.310029	0	None	None
ChainingRodShaped	5798	2.20868	0.5	28.9163	72.7937	0	0.417035	-0.908891	0	None	5797
ChainingRodShaped	5800	2.53517	0.5	-29.8362	32.8877	0	-0.993397	0.114728	0	None	None
ChainingRodShaped	5802	2.4897	0.5	4.77013	22.9544	0	-0.935168	-0.354204	0	None	None
ChainingRodShaped	5804	2.22611	0.5	-10.9846	29.7293	0	-0.783417	0.621496	0	None	None
ChainingRodShaped	5806	2.34132	0.5	25.2536	34.3449	0	-0.0721828	0.997391	0	None	None
ChainingRodShaped	5808	2.44602	0.5	26.2086	34.7033	0	-0.0810492	0.99671	0	None	None
ChainingRodShaped	5810	2.20098	0.5	-8.87609	27.5742	0	-0.881147	0.472842	0	None	None
ChainingRodShaped	5812	2.22497	0.5	-45.8788	42.8191	0	-0.765799	-0.64308	0	None	None
ChainingRodShaped	5814	2.35165	0.5	-38.5237	27.1475	0	-0.99151	0.130028	0	5116	5813
ChainingRodShaped	5816	2.31084	0.5	48.7331	43.1969	0	-0.141649	-0.989917	0	None	None
ChainingRodShaped	5818	2.19576	0.5	30.3047	49.8103	0	-0.126275	0.991995	0	5084	5817
ChainingRodShaped	5820	2.21652	0.5	30.8623	61.4593	0	0.406729	-0.913549	0	None	None
ChainingRodShaped	5822	2.4002	0.5	1.37219	52.3324	0	-0.457965	0.88897	0	None	None
ChainingRodShaped	5824	2.2542	0.5	1.71036	36.7611	0	-0.993264	0.115871	0	None	None
ChainingRodShaped	5826	2.35354	0.5	10.4739	55.1799	0	0.299222	-0.954184	0	None	None
ChainingRodShaped	5828	2.28548	0.5	41.1085	50.5411	0	-0.424851	0.905263	0	None	None
ChainingRodShaped	5830	2.30003	0.5	-24.8471	60.3575	0	-0.900363	-0.43514	0	None	None
ChainingRodShaped	5832	2.27263	0.5	-44.5574	32.7536	0	0.905487	0.424374	0	5601	5831
ChainingRodShaped	5834	2.25228	0.5	35.5906	7.43589	0	-0.0227339	0.999742	0	5901	5833
ChainingRodShaped	5836	2.30839	0.5	47.8423	21.3812	0	-0.413714	0.910407	0	None	5835
ChainingRodShaped	5838	2.15055	0.5	-34.0602	35.4397	0	0.959526	0.281619	0	5126	5837
ChainingRodShaped	5840	2.20744	0.5	-1.69175	44.702	0	0.983665	0.180007	0	None	None
ChainingRodShaped	5842	2.31217	0.5	32.8663	26.5442	0	-0.0641029	0.997943	0	4880	5841
ChainingRodShaped	5844	2.33064	0.5	27.3707	42.3668	0	-0.116886	0.993145	0	4796	5843
ChainingRodShaped	5846	2.14292	0.5	34.4477	13.1962	0	0.0295085	-0.999565	0	4787	5845
ChainingRodShaped	5848	2.25216	0.5	33.5448	50.4598	0	-0.409716	0.912213	0	5647	5847
ChainingRodShaped	5850	2.33134	0.5	10.1674	47.3809	0	-0.931144	0.364652	0	None	None
ChainingRodShaped	5852	2.10774	0.5	5.92379	8.70667	0	0.882737	-0.469868	0	4874	5851
ChainingRodShaped	5854	2.27876	0.5	-40.41	46.0775	0	0.930129	0.367234	0	None	None
ChainingRodShaped	5856	2.16652	0.5	-18.0709	20.8322	0	0.892587	-0.450875	0	None	None
ChainingRodShaped	5858	2.31405	0.5	10.1819	44.0428	0	-0.876815	0.480828	0	None	None
ChainingRodShaped	5860	2.16385	0.5	-16.383	38.3393	0	-0.998073	-0.0620565	0	5124	5859
ChainingRodShaped	5862	2.32362	0.5	0.218173	57.4359	0	0.252497	-0.967598	0	None	None
ChainingRodShaped	5864	2.19446	0.5	-4.36239	53.9523	0	0.773165	-0.634205	0	5409	5863
ChainingRodShaped	5866	2.17843	0.5	-7.25355	57.5532	0	-0.782932	0.622108	0	None	None
ChainingRodShaped	5868	2.2759	0.5	-44.1364	50.6954	0	-0.997705	-0.0677144	0	None	None
ChainingRodShaped	5870	2.12636	0.5	-21.8124	30.1687	0	-0.978928	0.204208	0	None	None
ChainingRodShaped	5872	2.10737	0.5	4.16369	58.1011	0	-0.669287	0.743004	0	None	None
ChainingRodShaped	5874	2.16331	0.5	11.4396	47.9699	0	-0.85932	0.511438	0	None	None
ChainingRodShaped	5876	2.23194	0.5	4.65589	56.1924	0	-0.710021	0.704181	0	None	None
ChainingRodShaped	5878	2.16792	0.5	-23.0321	20.02	0	0.637004	0.77086	0	None	None
ChainingRodShaped	5880	2.11674	0.5	9.44736	12.9734	0	-0.556217	0.831037	0	None	None
ChainingRodShaped	5882	2.12865	0.5	-37.0897	37.3857	0	0.917444	0.397865	0	5168	5881
ChainingRodShaped	5884	2.11281	0.5	-22.0796	17.2332	0	0.900804	-0.434225	0	5094	5883
ChainingRodShaped	5886	2.15714	0.5	-23.3075	53.2961	0	0.788933	0.614479	0	None	None
ChainingRodShaped	5888	2.13538	0.5	26.8053	11.1759	0	0.34143	-0.939907	0	5909	5887
ChainingRodShaped	5890	2.12889	0.5	12.7362	62.0372	0	0.476369	-0.879245	0	None	None
ChainingRodShaped	5892	2.10565	0.5	14.2195	56.1681	0	0.276687	-0.96096	0	None	None
ChainingRodShaped	5894	2.07446	0.5	31.6979	50.1723	0	-0.196388	0.980526	0	5329	5893
ChainingRodShaped	5896	2.0616	0.5	-33.0023	28.8919	0	-0.742952	0.669345	0	None	None
ChainingRodShaped	5898	2.05958	0.5	-4.66744	19.9807	0	0.986855	-0.161609	0	None	None
ChainingRodShaped	5900	2.04722	0.5	42.4934	33.1522	0	-0.413871	0.910335	0	5693	5899
ChainingRodShaped	5902	2.10202	0.5	35.7255	1.17419	0	-0.0209086	0.999781	0	None	5901
ChainingRodShaped	5904	2.06485	0.5	-17.877	58.4382	0	0.8151	0.57932	0	5243	5903
ChainingRodShaped	5906	2.09466	0.5	43.4114	39.7063	0	0.374044	-0.927411	0	5152	5905
ChainingRodShaped	5908	2.10758	0.5	35.0985	56.7651	0	0.402899	-0.915244	0	None	None
ChainingRodShaped	5910	2.09386	0.5	24.9925	16.9535	0	0.2503	-0.968168	0	5053	5909
ChainingRodShaped	5912	2.1109	0.5	5.26955	15.9937	0	-0.899814	0.436273	0	None	None
ChainingRodShaped	5914	2.05977	0.5	33.4312	55.612	0	0.402405	-0.915462	0	None	None
ChainingRodShaped	5916	2.11259	0.5	-9.193	52.4964	0	-0.990153	0.139988	0	None	None
ChainingRodShaped	5918	2.07018	0.5	-12.8069	19.1513	0	-0.904161	0.427192	0	None	None
ChainingRodShaped	5920	2.03992	0.5	-20.3672	62.3525	0	-0.75539	-0.655276	0	None	None
ChainingRodShaped	5922	2.0853	0.5	31.8239	20.4442	0	-0.459009	0.888432	0	None	None
ChainingRodShaped	5924	2.06907	0.5	-1.3723	24.5602	0	-0.999697	-0.0246002	0	None	None
ChainingRodShaped	5926	2.04329	0.5	36.6566	28.9682	0	-0.0807878	0.996731	0	None	None
ChainingRodShaped	5928	2.06478	0.5	-41.4278	53.3501	0	-0.945104	0.32677	0	None	None
ChainingRodShaped	5930	2.06153	0.5	-27.1913	58.0724	0	-0.964817	-0.262922	0	None	None
ChainingRodShaped	5932	2.02699	0.5	-7.32715	16.578	0	-0.907716	0.419585	0	None	None
ChainingRodShaped	5934	2.05526	0.5	-4.69416	36.5549	0	-0.994636	0.103438	0	None	None
ChainingRodShaped	5936	2.01257	0.5	-0.838019	26.9309	0	0.599256	-0.800558	0	None	None
ChainingRodShaped	5938	2.02338	0.5	-23.1894	51.9267	0	0.942348	0.334635	0	None	None
ChainingRodShaped	5940	2.00834	0.5	25.2153	59.8683	0	0.219422	-0.97563	0	5227	5939
ChainingRodShaped	5942	2.00347	0.5	-18.7996	55.6898	0	0.61973	0.784815	0	None	None
