cell_type	cell_id	length	radius	pos_x	pos_y	pos_z	ori_x	ori_y	ori_z	lower_link	upper_link
ChainingRodShaped	4860	3.09205	0.5	21.1424	20.7247	0	-0.0487047	-0.998813	0	4861	None
ChainingRodShaped	4984	3.7541	0.5	-21.6101	30.1725	0	0.95278	0.303661	0	None	None
ChainingRodShaped	4680	4.75671	0.5	14.5267	31.7358	0	-0.276829	-0.960919	0	None	None
ChainingRodShaped	4834	4.93999	0.5	-40.191	46.4407	0	0.822023	-0.569455	0	None	None
ChainingRodShaped	5150	2.75679	0.5	-1.62861	43.3807	0	0.980693	-0.195552	0	5151	None
ChainingRodShaped	5076	4.26836	0.5	-11.0144	31.2155	0	0.981775	0.190049	0	None	None
ChainingRodShaped	4996	3.80883	0.5	-20.9502	40.7022	0	0.859937	0.5104	0	4997	None
ChainingRodShaped	5052	3.27161	0.5	10.2229	26.8293	0	-0.933918	-0.357488	0	None	None
ChainingRodShaped	4936	4.28487	0.5	-15.6517	42.7541	0	0.856516	0.516121	0	4937	None
ChainingRodShaped	4768	3.49424	0.5	14.7585	41.56	0	0.0267501	-0.999642	0	4769	None
ChainingRodShaped	5236	2.57118	0.5	-28.1526	40.9277	0	0.754502	0.656298	0	5237	None
ChainingRodShaped	4828	4.56746	0.5	-18.7728	30.2585	0	0.856183	0.516673	0	None	None
ChainingRodShaped	5220	3.34474	0.5	10.8231	21.1111	0	0.245291	-0.969449	0	None	None
ChainingRodShaped	5006	4.15805	0.5	-7.81552	49.75	0	-0.0174074	-0.999848	0	None	None
ChainingRodShaped	5122	3.17339	0.5	7.75695	31.6072	0	0.800624	0.599167	0	5123	None
ChainingRodShaped	4800	4.33375	0.5	-25.0641	39.3873	0	0.863141	0.504964	0	None	None
ChainingRodShaped	4864	4.72318	0.5	12.4199	40.1335	0	0.853121	-0.521713	0	None	None
ChainingRodShaped	4948	2.98691	0.5	44.9331	38.3909	0	0.85401	0.520257	0	4949	None
ChainingRodShaped	4924	3.58861	0.5	-10.1823	25.6086	0	-0.102316	-0.994752	0	None	None
ChainingRodShaped	4786	4.08686	0.5	-4.621	27.8001	0	-0.456575	-0.889685	0	4787	None
ChainingRodShaped	4558	4.54337	0.5	-12.8835	6.53939	0	-0.0725678	-0.997363	0	4858	None
ChainingRodShaped	5198	2.41946	0.5	7.94721	64.4037	0	-0.244794	0.969575	0	5199	None
ChainingRodShaped	4932	3.78299	0.5	2.03135	43.4334	0	0.436022	0.899936	0	4933	None
ChainingRodShaped	5332	2.25293	0.5	-17.3358	33.472	0	0.284576	-0.958653	0	None	None
ChainingRodShaped	5276	2.17469	0.5	-6.78416	31.9905	0	0.305361	0.952237	0	5277	None
ChainingRodShaped	5322	2.27844	0.5	-21.0779	49.8113	0	0.996209	0.0869968	0	None	None
ChainingRodShaped	5392	2.02244	0.5	-22.8328	41.8861	0	0.476967	-0.878921	0	None	None
ChainingRodShaped	5286	2.42489	0.5	4.31014	59.0881	0	-0.233532	0.972349	0	5287	None
ChainingRodShaped	5370	2.0455	0.5	18.7332	20.615	0	-0.645083	0.764112	0	None	None
ChainingRodShaped	4990	3.64663	0.5	29.0184	51.6646	0	-0.999088	0.0427078	0	None	None
ChainingRodShaped	4556	4.4134	0.5	-8.44698	17.0241	0	-0.991588	0.129431	0	4840	None
ChainingRodShaped	5254	2.86402	0.5	40.3436	40.1168	0	0.981585	0.191025	0	None	None
ChainingRodShaped	4706	4.77848	0.5	24.1785	30.5505	0	-0.21171	0.977333	0	None	None
ChainingRodShaped	4970	4.7887	0.5	36.369	40.1212	0	0.876762	-0.480925	0	None	None
ChainingRodShaped	4696	4.97437	0.5	11.7304	30.3404	0	-0.41242	-0.910994	0	None	None
ChainingRodShaped	4610	4.69847	0.5	16.1726	40.5575	0	-0.37872	-0.925511	0	4611	None
ChainingRodShaped	4960	3.63971	0.5	2.39958	18.8238	0	-0.337461	-0.94134	0	None	None
ChainingRodShaped	4892	4.08605	0.5	16.4088	43.6864	0	-0.36212	-0.932131	0	4893	None
ChainingRodShaped	4920	4.1845	0.5	33.6671	57.8139	0	-0.617169	0.786831	0	4921	None
ChainingRodShaped	5224	2.69641	0.5	-6.16434	19.5983	0	-0.783432	-0.621477	0	5225	None
ChainingRodShaped	4662	4.83443	0.5	7.43469	32.544	0	0.806571	0.591138	0	5120	None
ChainingRodShaped	5146	2.50324	0.5	-30.7632	16.258	0	-0.881886	-0.471462	0	5147	None
ChainingRodShaped	4814	4.50879	0.5	-30.0634	47.3506	0	0.899329	-0.437273	0	None	None
ChainingRodShaped	5192	3.47733	0.5	-21.9723	51.923	0	-0.911557	0.411174	0	None	None
ChainingRodShaped	4542	4.35225	0.5	-4.92678	25.2287	0	-0.537012	-0.843575	0	4856	None
ChainingRodShaped	5386	2.02076	0.5	30.8267	46.0938	0	0.923438	-0.383749	0	None	None
ChainingRodShaped	5148	3.09121	0.5	4.40793	50.7846	0	0.737859	-0.674955	0	5149	None
ChainingRodShaped	5096	2.52893	0.5	15.7883	28.9697	0	-0.261344	-0.965246	0	5097	None
ChainingRodShaped	5132	2.84368	0.5	18.3299	12.5061	0	-0.824876	-0.565314	0	None	None
ChainingRodShaped	5194	2.69089	0.5	26.6629	30.0816	0	-0.99177	-0.128029	0	None	None
ChainingRodShaped	5212	2.57195	0.5	-38.3996	34.9143	0	0.597828	-0.801624	0	5213	None
ChainingRodShaped	5278	2.55698	0.5	-9.98716	48.6393	0	0.90978	-0.41509	0	None	None
ChainingRodShaped	5050	3.00242	0.5	-9.2507	47.2295	0	0.910914	-0.412597	0	5051	None
ChainingRodShaped	5062	3.60813	0.5	-12.1902	25.4902	0	0.104236	0.994553	0	5063	None
ChainingRodShaped	4898	3.87523	0.5	50.9859	34.5319	0	0.626004	-0.77982	0	4899	None
ChainingRodShaped	5296	2.53971	0.5	-15.3063	34.4768	0	-0.990296	-0.138978	0	None	None
ChainingRodShaped	4838	4.94226	0.5	-3.68246	47.0332	0	-0.927759	-0.373179	0	None	None
ChainingRodShaped	4584	4.89473	0.5	-52.0288	55.6439	0	-0.871158	0.491003	0	4912	None
ChainingRodShaped	5166	2.95606	0.5	37.5705	43.0651	0	0.352464	-0.935825	0	5167	None
ChainingRodShaped	5350	2.155	0.5	-1.11778	18.5194	0	-0.254343	-0.967114	0	None	None
ChainingRodShaped	4648	4.05633	0.5	-24.806	33.1666	0	0.950222	0.311575	0	5264	None
ChainingRodShaped	5310	2.16064	0.5	-35.1141	29.6494	0	0.941098	0.338134	0	5311	5265
ChainingRodShaped	4934	4.74499	0.5	1.64432	19.6691	0	-0.337801	-0.941218	0	None	None
ChainingRodShaped	4600	4.67655	0.5	32.2632	57.0305	0	0.358868	-0.933388	0	4964	5295
ChainingRodShaped	4832	4.23506	0.5	-38.8208	48.4138	0	-0.886058	0.463575	0	5374	4913
ChainingRodShaped	5152	3.91535	0.5	-7.80435	43.6306	0	-0.98058	0.196121	0	None	None
ChainingRodShaped	4950	4.834	0.5	-16.0896	38.8448	0	-0.497322	-0.867566	0	None	None
ChainingRodShaped	5228	2.69386	0.5	39.6929	48.4945	0	0.629772	-0.77678	0	5229	4987
ChainingRodShaped	5202	2.52391	0.5	-13.0603	17.0729	0	0.10074	0.994913	0	5203	5063
ChainingRodShaped	5020	2.9949	0.5	-25.023	54.3637	0	0.912415	-0.409267	0	5021	4809
ChainingRodShaped	5298	2.63891	0.5	-9.37118	50.3637	0	0.433045	-0.901372	0	None	None
ChainingRodShaped	5042	3.00344	0.5	-48.4381	48.0861	0	0.616821	-0.787103	0	5043	5033
ChainingRodShaped	4958	4.20178	0.5	26.7697	33.2138	0	-0.09606	-0.995376	0	None	None
ChainingRodShaped	5170	3.34397	0.5	20.7079	16.3176	0	0.740243	-0.672339	0	None	None
ChainingRodShaped	5268	2.23613	0.5	18.9499	40.6478	0	-0.258768	-0.96594	0	5269	4621
ChainingRodShaped	4698	4.71543	0.5	-1.8871	56.5369	0	0.738509	-0.674244	0	4699	5149
ChainingRodShaped	5218	2.62814	0.5	25.0546	56.8725	0	-0.418604	0.908169	0	None	None
ChainingRodShaped	5066	2.73982	0.5	1.9818	36.0995	0	-0.540859	-0.841113	0	5067	4857
ChainingRodShaped	4978	3.80753	0.5	-17.1217	48.2235	0	-0.993382	-0.114859	0	None	None
ChainingRodShaped	5250	2.51638	0.5	-30.6814	50.222	0	0.982299	0.187321	0	None	None
ChainingRodShaped	4862	3.52576	0.5	-18.7542	22.7131	0	-0.87845	-0.477835	0	4863	4563
ChainingRodShaped	5334	2.12578	0.5	-2.24761	25.2234	0	0.787205	0.616692	0	5335	5121
ChainingRodShaped	4836	4.2522	0.5	6.84342	29.6985	0	-0.798591	-0.601874	0	5376	5101
ChainingRodShaped	4616	4.58669	0.5	43.3371	45.6104	0	-0.62577	0.780008	0	5104	4577
ChainingRodShaped	4568	4.45855	0.5	21.8606	57.6493	0	-0.3645	-0.931204	0	5364	4567
ChainingRodShaped	5144	3.68884	0.5	7.17809	21.7919	0	-0.907869	0.419253	0	None	None
ChainingRodShaped	5340	2.17572	0.5	19.8389	49.6056	0	-0.373698	-0.92755	0	5341	4611
ChainingRodShaped	4944	3.71682	0.5	9.66607	34.8097	0	0.966653	-0.25609	0	None	None
ChainingRodShaped	5232	2.95699	0.5	31.387	44.7973	0	0.970402	-0.241496	0	None	None
ChainingRodShaped	4818	4.45565	0.5	28.5426	29.422	0	-0.846994	-0.531602	0	None	None
ChainingRodShaped	4654	4.91007	0.5	35.7191	35.8083	0	0.997871	-0.0652147	0	None	None
ChainingRodShaped	4734	3.70373	0.5	5.75588	15.0967	0	-0.990138	0.140098	0	4735	4841
ChainingRodShaped	5388	2.01829	0.5	29.625	49.8785	0	-0.595487	0.803365	0	None	None
ChainingRodShaped	4966	4.49867	0.5	23.7107	22.9922	0	-0.261969	-0.965076	0	None	None
ChainingRodShaped	4538	4.34188	0.5	6.1357	51.4786	0	-0.232942	0.972491	0	5214	5287
ChainingRodShaped	4874	3.87705	0.5	-29.4598	49.4645	0	-0.980376	-0.197135	0	None	None
ChainingRodShaped	5110	4.35168	0.5	-26.6224	50.2778	0	0.647446	-0.762111	0	None	None
ChainingRodShaped	5182	2.68267	0.5	-8.89028	25.4023	0	0.304039	0.952659	0	5183	5277
ChainingRodShaped	5314	2.49437	0.5	-19.6287	31.6919	0	0.999465	-0.0327066	0	None	None
ChainingRodShaped	4962	3.96268	0.5	-1.7871	35.6234	0	0.442974	0.896534	0	4963	4933
ChainingRodShaped	4758	4.36573	0.5	11.8413	48.8307	0	-0.237989	0.971268	0	5308	5087
ChainingRodShaped	4806	4.30819	0.5	-11.6874	20.888	0	-0.102361	-0.994747	0	4807	4859
ChainingRodShaped	4868	4.14972	0.5	2.35104	41.8466	0	-0.435474	-0.900201	0	4869	4529
ChainingRodShaped	4772	4.45039	0.5	-13.8524	32.6932	0	-0.985205	-0.171379	0	None	None
ChainingRodShaped	4812	3.22728	0.5	32.0199	30.4308	0	0.847675	0.530517	0	4813	5201
ChainingRodShaped	5288	2.32324	0.5	8.63455	42.0135	0	0.994486	0.10487	0	None	None
ChainingRodShaped	5284	2.4566	0.5	-25.1166	43.3331	0	0.727707	-0.685888	0	None	None
ChainingRodShaped	5098	2.72565	0.5	-5.30643	21.5434	0	0.783215	0.621751	0	5099	5065
ChainingRodShaped	5040	4.5563	0.5	-4.52754	49.0082	0	-0.605735	-0.795666	0	None	None
ChainingRodShaped	4974	3.25695	0.5	9.13586	25.3805	0	-0.937445	-0.348132	0	None	None
ChainingRodShaped	5048	4.37052	0.5	-18.3788	26.9667	0	0.446179	0.894943	0	None	None
ChainingRodShaped	5226	2.48298	0.5	-38.4772	32.1244	0	0.774377	0.632724	0	5227	5247
ChainingRodShaped	5088	3.04089	0.5	14.54	51.1568	0	0.0202496	-0.999795	0	5089	4769
ChainingRodShaped	5124	3.18815	0.5	-23.7	37.9628	0	0.861801	0.507247	0	5125	4937
ChainingRodShaped	4714	4.79068	0.5	18.4279	32.4445	0	-0.571035	-0.820926	0	None	None
ChainingRodShaped	4940	3.08579	0.5	-27.9589	36.5821	0	0.86366	0.504075	0	4941	4997
ChainingRodShaped	5266	2.40256	0.5	-11.1821	28.8496	0	0.85899	0.511992	0	None	None
ChainingRodShaped	4780	3.58456	0.5	-16.6472	46.4854	0	0.97704	-0.213058	0	4781	5175
ChainingRodShaped	5030	4.26785	0.5	-40.9738	51.8065	0	-0.88014	0.474714	0	None	None
ChainingRodShaped	5028	4.13996	0.5	18.7209	43.5976	0	0.264084	0.9645	0	None	None
ChainingRodShaped	4902	4.78523	0.5	-25.1435	27.0101	0	0.977153	-0.212537	0	None	None
ChainingRodShaped	4742	4.25497	0.5	21.9685	40.5991	0	-0.0221061	-0.999756	0	5272	4811
ChainingRodShaped	5106	3.60987	0.5	36.6181	48.4099	0	-0.352739	0.935722	0	None	None
ChainingRodShaped	5176	2.80022	0.5	11.3251	46.7203	0	0.261857	-0.965107	0	None	None
ChainingRodShaped	5378	2.06938	0.5	-11.806	51.6285	0	0.90917	-0.416426	0	None	None
ChainingRodShaped	4778	4.02569	0.5	13.6599	32.2206	0	-0.283461	-0.958984	0	None	None
ChainingRodShaped	5022	4.11525	0.5	25.9072	26.9287	0	-0.193771	0.981047	0	None	None
ChainingRodShaped	4782	4.62341	0.5	-28.9056	44.6267	0	0.905796	-0.423714	0	None	None
ChainingRodShaped	4994	4.34884	0.5	-18.7658	34.9285	0	0.294155	-0.955758	0	None	None
ChainingRodShaped	5234	3.00793	0.5	-46.0969	54.7652	0	-0.906013	0.423251	0	None	None
ChainingRodShaped	4916	3.93951	0.5	-26.0993	30.6988	0	0.943901	0.330228	0	None	None
ChainingRodShaped	5036	3.03479	0.5	27.388	52.7296	0	-0.998637	0.0521961	0	None	None
ChainingRodShaped	5360	2.0732	0.5	-29.5141	25.0869	0	0.948697	-0.316188	0	None	None
ChainingRodShaped	5178	3.71918	0.5	0.289247	42.0833	0	0.437753	0.899095	0	None	None
ChainingRodShaped	5188	3.12973	0.5	19.8842	15.6533	0	0.715743	-0.698363	0	None	None
ChainingRodShaped	4728	4.68966	0.5	-1.17115	52.0987	0	-0.990104	-0.140335	0	None	None
ChainingRodShaped	4942	3.75524	0.5	34.7153	38.5879	0	0.91796	-0.396673	0	None	None
ChainingRodShaped	5222	3.05305	0.5	14.2025	36.3281	0	0.953381	-0.301769	0	None	None
ChainingRodShaped	4926	3.33872	0.5	-23.934	46.0946	0	-0.880132	0.474729	0	None	None
ChainingRodShaped	5382	2.04281	0.5	25.6611	31.9322	0	-0.112587	-0.993642	0	None	None
ChainingRodShaped	4968	4.56799	0.5	31.6352	35.8875	0	0.831511	-0.555508	0	None	None
ChainingRodShaped	5158	3.27314	0.5	-11.6643	50.4821	0	0.909591	-0.415505	0	None	None
ChainingRodShaped	5118	3.3107	0.5	-14.6611	33.5722	0	-0.989433	-0.14499	0	None	None
ChainingRodShaped	4982	4.84719	0.5	6.84818	20.8711	0	-0.907173	0.420759	0	None	None
ChainingRodShaped	5038	3.04423	0.5	29.0891	56.1174	0	-0.625072	-0.780567	0	None	None
ChainingRodShaped	5116	3.63337	0.5	-34.6015	52.7061	0	0.424366	-0.905491	0	None	None
ChainingRodShaped	5044	4.32032	0.5	-40.6067	55.8235	0	-0.923012	-0.38477	0	None	None
ChainingRodShaped	5368	2.05939	0.5	-18.7169	28.5074	0	0.439345	0.898318	0	None	None
ChainingRodShaped	5282	2.32861	0.5	5.25692	26.0446	0	-0.798499	-0.601996	0	None	None
ChainingRodShaped	4774	4.297	0.5	-25.2069	56.6321	0	-0.945818	0.324696	0	None	None
ChainingRodShaped	5004	3.7254	0.5	24.8498	36.5809	0	0.052465	-0.998623	0	None	None
ChainingRodShaped	5080	4.4997	0.5	-19.5268	39.2981	0	-0.858416	-0.512954	0	None	None
ChainingRodShaped	5244	2.64992	0.5	-15.6412	35.4301	0	-0.990787	-0.135429	0	None	None
ChainingRodShaped	4914	4.94007	0.5	14.1127	27.7621	0	-0.682729	0.730671	0	None	None
ChainingRodShaped	5160	3.45333	0.5	9.53983	24.4938	0	-0.936733	-0.350044	0	None	None
ChainingRodShaped	5060	4.12146	0.5	31.5304	48.9635	0	-0.592176	0.805809	0	None	None
ChainingRodShaped	5082	4.33587	0.5	-6.6792	54.1566	0	-0.735993	-0.67699	0	None	None
ChainingRodShaped	4808	3.98739	0.5	-16.9367	50.7149	0	0.910812	-0.412821	0	4809	5051
ChainingRodShaped	4529	4.93556	0.5	-0.0743525	36.8673	0	-0.44013	-0.897934	0	4868	4787
ChainingRodShaped	5396	2.00324	0.5	21.5148	28.3463	0	-0.048472	-0.998825	0	5397	4861
ChainingRodShaped	5294	2.20295	0.5	34.9823	49.9189	0	0.354827	-0.934932	0	5295	5167
ChainingRodShaped	4986	3.97336	0.5	45.2824	41.6093	0	0.630035	-0.776567	0	4987	4899
ChainingRodShaped	5002	4.42644	0.5	-5.9022	41.0568	0	-0.718785	0.695233	0	None	None
ChainingRodShaped	5214	2.30669	0.5	7.14036	47.2789	0	-0.232278	0.972649	0	5215	4538
ChainingRodShaped	4846	3.76174	0.5	13.3067	22.0638	0	-0.883101	0.469183	0	None	None
ChainingRodShaped	4856	3.1908	0.5	-2.37223	29.2534	0	-0.534543	-0.845141	0	4857	4542
ChainingRodShaped	5154	3.47224	0.5	-15.7497	30.3086	0	-0.97628	-0.216513	0	None	None
ChainingRodShaped	5072	4.55737	0.5	-12.6527	29.0978	0	0.85433	0.519731	0	None	None
ChainingRodShaped	4992	3.99533	0.5	3.35555	41.7194	0	-0.436338	-0.899783	0	None	None
ChainingRodShaped	4848	3.40736	0.5	-29.0865	43.6464	0	-0.909449	0.415814	0	4849	5375
ChainingRodShaped	5126	2.82273	0.5	26.1123	43.0912	0	0.13814	-0.990413	0	None	None
ChainingRodShaped	5032	3.45225	0.5	-43.082	41.1413	0	0.604894	-0.796306	0	5033	5213
ChainingRodShaped	4840	3.49719	0.5	-3.53797	16.3766	0	-0.991195	0.132408	0	4841	4556
ChainingRodShaped	4858	3.69218	0.5	-12.5051	11.6395	0	-0.0757918	-0.997124	0	4859	4558
ChainingRodShaped	5164	3.58657	0.5	12.7348	18.9773	0	-0.439933	0.89803	0	None	None
ChainingRodShaped	4563	4.87461	0.5	-23.3261	20.2431	0	-0.880832	-0.473428	0	4862	5147
ChainingRodShaped	4872	4.79553	0.5	-34.9146	48.9926	0	0.9956	0.0937085	0	None	None
ChainingRodShaped	4567	4.33174	0.5	19.8966	52.6297	0	-0.364226	-0.931311	0	4568	4893
ChainingRodShaped	5364	2.07308	0.5	23.4145	61.6189	0	-0.364555	-0.931182	0	5365	4568
ChainingRodShaped	5056	4.35528	0.5	-18.1644	44.7888	0	-0.766701	0.642005	0	None	None
ChainingRodShaped	5390	2.02937	0.5	5.84071	33.3659	0	0.99989	-0.0148237	0	None	None
ChainingRodShaped	5200	2.55804	0.5	38.4297	34.4117	0	0.851528	0.524309	0	5201	4949
ChainingRodShaped	4577	3.94565	0.5	40.0515	49.7227	0	-0.622431	0.782675	0	4616	4921
ChainingRodShaped	4894	3.80976	0.5	-5.89332	27.4473	0	0.453503	0.891255	0	4895	4963
ChainingRodShaped	5302	2.3112	0.5	10.8063	37.6885	0	0.885819	-0.464031	0	None	None
ChainingRodShaped	5246	2.54631	0.5	-33.2796	36.4866	0	0.758657	0.65149	0	5247	5237
ChainingRodShaped	4912	3.2886	0.5	-47.5922	53.1567	0	-0.873867	0.486165	0	4913	4584
ChainingRodShaped	5064	2.84777	0.5	1.13693	26.5922	0	0.792078	0.61042	0	5065	5123
ChainingRodShaped	5304	2.36857	0.5	-44.0077	27.6792	0	0.782677	0.622428	0	5305	5227
ChainingRodShaped	5140	3.54324	0.5	10.6021	43.3747	0	0.502429	-0.864619	0	None	None
ChainingRodShaped	4972	4.40561	0.5	14.1075	37.9859	0	0.847861	-0.530218	0	None	None
ChainingRodShaped	5240	2.61175	0.5	31.9794	42.6308	0	-0.969143	0.2465	0	None	None
ChainingRodShaped	5058	4.51211	0.5	-27.9635	39.797	0	0.75209	0.659061	0	None	None
ChainingRodShaped	5174	3.01062	0.5	-9.00957	44.87	0	0.9797	-0.200469	0	5175	5151
ChainingRodShaped	4964	3.1493	0.5	30.5007	61.6139	0	0.358983	-0.933344	0	4965	4600
ChainingRodShaped	5196	3.61304	0.5	31.8638	29.1671	0	-0.84784	-0.530252	0	None	None
ChainingRodShaped	4922	3.45296	0.5	-21.5181	23.4505	0	0.884974	0.465641	0	None	None
ChainingRodShaped	5300	2.42034	0.5	-8.89494	38.3326	0	-0.163952	-0.986468	0	None	None
ChainingRodShaped	5078	3.62633	0.5	17.3392	16.1288	0	0.819205	-0.5735	0	None	None
ChainingRodShaped	4611	4.33676	0.5	18.2485	45.6632	0	-0.374416	-0.927261	0	5340	4610
ChainingRodShaped	5026	3.36308	0.5	20.7468	47.4306	0	-0.253709	-0.967281	0	5027	5269
ChainingRodShaped	5074	4.08127	0.5	-25.893	33.8388	0	0.95157	0.307432	0	None	None
ChainingRodShaped	5104	3.1466	0.5	46.3853	41.8194	0	-0.627705	0.778451	0	5105	4616
ChainingRodShaped	4790	4.38091	0.5	28.8917	33.2481	0	-0.409304	-0.912398	0	None	None
ChainingRodShaped	4621	3.76959	0.5	17.9097	36.7866	0	-0.261253	-0.96527	0	5268	5097
ChainingRodShaped	5112	4.23321	0.5	-33.6793	53.0632	0	0.425566	-0.904927	0	None	None
ChainingRodShaped	4792	4.09813	0.5	-28.3006	25.7242	0	0.947594	-0.319478	0	None	None
ChainingRodShaped	5090	3.54357	0.5	29.3307	54.3457	0	-0.929523	-0.368765	0	None	None
ChainingRodShaped	4822	3.82254	0.5	-30.1701	28.3644	0	0.989709	-0.143092	0	None	None
ChainingRodShaped	4938	3.8503	0.5	-22.1497	25.7823	0	0.801696	0.597732	0	None	None
ChainingRodShaped	5280	2.65506	0.5	-29.8261	53.3906	0	0.756623	-0.653851	0	None	None
ChainingRodShaped	4635	4.10943	0.5	-53.7326	54.759	0	0.624824	-0.780766	0	None	5043
ChainingRodShaped	5274	2.45292	0.5	-24.765	55.3307	0	-0.914758	0.404003	0	None	None
ChainingRodShaped	5172	2.84673	0.5	11.8047	16.4031	0	-0.445313	0.895375	0	None	None
ChainingRodShaped	5168	3.39657	0.5	4.03167	23.8819	0	-0.796878	-0.604141	0	None	None
ChainingRodShaped	4643	4.39804	0.5	-42.1847	27.0352	0	0.936001	0.351997	0	None	5311
ChainingRodShaped	5216	2.56038	0.5	-7.33489	21.1933	0	0.781582	0.623803	0	5217	5335
ChainingRodShaped	5248	2.5729	0.5	-4.41026	44.93	0	-0.980434	0.196849	0	None	None
ChainingRodShaped	5264	2.47516	0.5	-28.8478	31.8274	0	0.947746	0.319027	0	5265	4648
ChainingRodShaped	5130	4.0656	0.5	-21.356	44.5842	0	0.16549	-0.986211	0	None	None
ChainingRodShaped	5356	2.15166	0.5	-13.9837	22.4153	0	0.639618	0.768693	0	None	None
ChainingRodShaped	5312	2.45195	0.5	35.8479	36.9511	0	0.981242	-0.192778	0	None	None
ChainingRodShaped	5086	2.92932	0.5	9.78809	57.1003	0	-0.243688	0.969854	0	5087	5199
ChainingRodShaped	5084	4.44245	0.5	-10.844	40.4416	0	-0.295397	-0.955375	0	None	None
ChainingRodShaped	4852	4.57758	0.5	26.2579	56.6432	0	-0.417988	0.908453	0	None	None
ChainingRodShaped	5120	3.07595	0.5	3.47506	29.6129	0	0.79962	0.600506	0	5121	4662
ChainingRodShaped	4876	4.48723	0.5	26.6891	38.4995	0	0.170586	-0.985343	0	None	None
ChainingRodShaped	5330	2.408	0.5	24.2773	33.8403	0	0.424419	-0.905466	0	None	None
ChainingRodShaped	5184	2.96896	0.5	27.6765	45.1283	0	-0.46098	-0.887411	0	None	None
ChainingRodShaped	4928	3.58873	0.5	4.92126	20.6435	0	-0.883677	0.468096	0	None	None
ChainingRodShaped	5010	3.58193	0.5	-23.5188	27.6586	0	0.978883	-0.204419	0	None	None
ChainingRodShaped	5100	3.40473	0.5	-0.216969	24.2883	0	-0.787966	-0.615719	0	5101	5225
ChainingRodShaped	5292	2.35823	0.5	22.1569	21.2182	0	-0.0501652	-0.998741	0	None	None
ChainingRodShaped	5260	2.70235	0.5	0.991037	20.7714	0	-0.342034	-0.939687	0	None	None
ChainingRodShaped	4886	3.75051	0.5	15.4214	31.3532	0	-0.270829	-0.962627	0	None	None
ChainingRodShaped	5092	3.38899	0.5	32.7334	52.0261	0	-0.14516	0.989408	0	None	None
ChainingRodShaped	4904	3.40703	0.5	22.4936	28.5406	0	-0.051766	-0.998659	0	None	None
ChainingRodShaped	4687	4.76976	0.5	-5.07148	33.2677	0	0.424582	0.90539	0	None	None
ChainingRodShaped	5372	2.03083	0.5	20.7618	33.4858	0	-0.0231116	-0.999733	0	None	None
ChainingRodShaped	4691	3.67425	0.5	34.941	54.3734	0	0.627704	-0.778452	0	None	5229
ChainingRodShaped	4693	4.77474	0.5	-8.97854	45.8545	0	-0.978952	0.204091	0	None	None
ChainingRodShaped	4695	4.47765	0.5	-31.4767	33.369	0	0.860787	0.508965	0	None	5125
ChainingRodShaped	5262	2.79487	0.5	10.9448	35.4633	0	0.947148	-0.320796	0	None	None
ChainingRodShaped	4699	3.8734	0.5	-5.79573	60.1051	0	0.738559	-0.674189	0	None	4698
ChainingRodShaped	5108	4.22368	0.5	-14.1504	38.3073	0	-0.503995	-0.863706	0	None	None
ChainingRodShaped	5210	3.25576	0.5	23.533	46.0851	0	0.269495	-0.963002	0	None	None
ChainingRodShaped	4705	4.7781	0.5	-7.70038	33.489	0	-0.895464	-0.445134	0	None	None
ChainingRodShaped	4998	3.15647	0.5	25.1639	25.692	0	-0.201871	0.979412	0	None	None
ChainingRodShaped	5398	2.00367	0.5	-6.88082	47.4328	0	-0.0244873	-0.9997	0	None	None
ChainingRodShaped	5142	3.33166	0.5	-23.7451	36.8527	0	0.866827	0.49861	0	None	None
ChainingRodShaped	5102	4.10441	0.5	17.3491	26.6207	0	-0.532872	-0.846196	0	None	None
ChainingRodShaped	5114	4.2987	0.5	18.6116	35.7019	0	-0.253562	-0.967319	0	None	None
ChainingRodShaped	5018	4.49735	0.5	17.2593	24.6175	0	-0.602445	-0.79816	0	None	None
ChainingRodShaped	4719	4.5568	0.5	4.17251	37.6936	0	-0.546014	-0.837776	0	None	None
ChainingRodShaped	5024	3.01356	0.5	-14.6514	55.2972	0	0.570447	-0.821334	0	None	None
ChainingRodShaped	5094	3.3685	0.5	-5.20691	50.2836	0	-0.434979	-0.900441	0	None	None
ChainingRodShaped	5318	2.36354	0.5	-36.1383	56.6173	0	-0.601365	-0.798974	0	None	None
ChainingRodShaped	5068	3.33256	0.5	28.9899	49.0833	0	0.592385	-0.805655	0	None	None
ChainingRodShaped	5346	2.16642	0.5	1.49073	50.4182	0	0.00619844	0.999981	0	None	None
ChainingRodShaped	5034	4.82871	0.5	-23.8932	51.7105	0	0.915118	-0.403187	0	None	None
ChainingRodShaped	5324	2.31704	0.5	-2.47185	40.3609	0	-0.100117	0.994976	0	None	None
ChainingRodShaped	4735	4.8827	0.5	10.9935	14.3512	0	-0.98994	0.14149	0	None	4734
ChainingRodShaped	4988	4.17587	0.5	-8.81963	34.0134	0	-0.892487	-0.451073	0	None	None
ChainingRodShaped	5016	3.17835	0.5	32.0239	43.6293	0	0.970456	-0.241278	0	None	None
ChainingRodShaped	5128	3.25794	0.5	28.5993	26.7264	0	-0.947318	-0.320293	0	None	None
ChainingRodShaped	5272	2.30999	0.5	22.0605	44.8788	0	-0.0208136	-0.999783	0	5273	4742
ChainingRodShaped	5186	2.5969	0.5	10.2438	23.7185	0	-0.937606	-0.347701	0	None	None
ChainingRodShaped	5306	2.59771	0.5	9.06784	47.4402	0	0.258345	-0.966053	0	None	None
ChainingRodShaped	4749	4.55798	0.5	-20.3169	22.9822	0	0.881562	0.472069	0	None	None
ChainingRodShaped	5156	3.4346	0.5	-37.3418	53.185	0	0.0702399	-0.99753	0	None	None
ChainingRodShaped	5000	4.97274	0.5	-12.9768	54.6297	0	0.572597	-0.819837	0	None	None
ChainingRodShaped	4755	4.46559	0.5	17.8293	20.1421	0	0.622684	-0.782473	0	None	None
ChainingRodShaped	5354	2.09935	0.5	-3.45002	40.4145	0	-0.110059	0.993925	0	None	None
ChainingRodShaped	5308	2.34093	0.5	12.8647	44.6099	0	-0.231756	0.972774	0	5309	4758
ChainingRodShaped	5344	2.11515	0.5	0.493603	49.8147	0	0.0043712	0.99999	0	None	None
ChainingRodShaped	4763	4.35954	0.5	-16.8573	26.7078	0	0.641411	0.767198	0	None	None
ChainingRodShaped	4765	4.70753	0.5	22.6605	56.5923	0	-0.375242	-0.926927	0	None	5341
ChainingRodShaped	5046	3.07154	0.5	-12.2107	42.5144	0	0.296645	0.954988	0	None	None
ChainingRodShaped	4769	4.33809	0.5	14.6397	46.471	0	0.0220875	-0.999756	0	5088	4768
ChainingRodShaped	5070	3.92012	0.5	36.0388	39.1795	0	0.877318	-0.47991	0	None	None
ChainingRodShaped	5180	3.33226	0.5	-9.65702	34.6732	0	-0.891229	-0.453553	0	None	None
ChainingRodShaped	5316	2.30226	0.5	-24.4509	57.4243	0	-0.945765	0.32485	0	None	None
ChainingRodShaped	5162	2.80902	0.5	38.5849	46.0155	0	-0.351454	0.936205	0	None	None
ChainingRodShaped	5054	3.03631	0.5	9.51177	37.2556	0	-0.890415	0.45515	0	None	None
ChainingRodShaped	4781	4.09771	0.5	-21.3704	47.5254	0	0.97624	-0.216693	0	None	4780
ChainingRodShaped	4783	4.35113	0.5	-33.8377	46.9805	0	0.899891	-0.436114	0	None	None
ChainingRodShaped	4785	4.47282	0.5	7.4408	40.4013	0	0.903645	-0.428283	0	None	None
ChainingRodShaped	4787	3.63863	0.5	-2.41988	32.1329	0	-0.448825	-0.89362	0	4529	4786
ChainingRodShaped	5190	3.72186	0.5	-20.9353	32.7119	0	0.999166	-0.0408416	0	None	None
ChainingRodShaped	5206	3.21967	0.5	27.8791	34.557	0	-0.104828	-0.99449	0	None	None
ChainingRodShaped	4793	4.87924	0.5	-32.6096	27.4725	0	0.999118	-0.0419894	0	None	None
ChainingRodShaped	5204	2.98651	0.5	-42.3847	54.0191	0	-0.950521	-0.310662	0	None	None
ChainingRodShaped	5136	3.54571	0.5	-19.137	44.3361	0	-0.763399	0.645927	0	None	None
ChainingRodShaped	4799	4.53035	0.5	-7.73773	39.084	0	-0.0712822	-0.997456	0	None	None
ChainingRodShaped	5230	2.59614	0.5	-25.9582	39.981	0	0.858046	0.513572	0	None	None
ChainingRodShaped	5238	2.60201	0.5	14.6915	12.3597	0	0.574145	0.818753	0	None	None
ChainingRodShaped	5384	2.02169	0.5	-31.7789	55.7344	0	0.0782952	-0.99693	0	None	None
ChainingRodShaped	4807	3.84292	0.5	-11.1585	25.9351	0	-0.106097	-0.994356	0	None	4806
ChainingRodShaped	4809	3.38635	0.5	-21.2037	52.6452	0	0.911482	-0.411341	0	5020	4808
ChainingRodShaped	4811	4.13501	0.5	21.8177	35.4064	0	-0.0364383	-0.999336	0	4742	5397
ChainingRodShaped	4813	3.55133	0.5	28.3142	28.1049	0	0.846363	0.532607	0	None	4812
ChainingRodShaped	5290	2.68108	0.5	-29.2852	51.6062	0	0.751151	-0.66013	0	None	None
ChainingRodShaped	5338	2.26554	0.5	12.2852	17.6557	0	-0.444092	0.895981	0	None	None
ChainingRodShaped	5134	3.95734	0.5	31.1955	33.0936	0	0.0410889	-0.999155	0	None	None
ChainingRodShaped	5352	2.13625	0.5	-10.1703	37.7351	0	0.144897	-0.989447	0	None	None
ChainingRodShaped	4823	4.74752	0.5	-34.0239	28.9859	0	0.942438	0.334382	0	None	None
ChainingRodShaped	5326	2.29088	0.5	18.4026	24.5041	0	-0.598539	-0.801093	0	None	None
ChainingRodShaped	4827	4.54804	0.5	-18.7153	53.9187	0	0.991617	0.129216	0	None	None
ChainingRodShaped	5362	2.08343	0.5	-21.1025	28.1671	0	0.939179	-0.343429	0	None	None
ChainingRodShaped	5138	3.63856	0.5	4.88704	42.6803	0	0.445318	0.895372	0	None	None
ChainingRodShaped	5374	2.03146	0.5	-35.1556	46.529	0	-0.894837	0.446393	0	5375	4832
ChainingRodShaped	4835	4.89769	0.5	-42.9523	49.466	0	0.876907	-0.48066	0	None	None
ChainingRodShaped	5376	2.03344	0.5	10.1494	32.1845	0	-0.800227	-0.599698	0	5377	4836
ChainingRodShaped	4839	4.40036	0.5	-1.99206	46.6545	0	-0.929761	-0.368163	0	None	None
ChainingRodShaped	4841	3.78844	0.5	1.05886	15.7526	0	-0.990639	0.136507	0	4734	4840
ChainingRodShaped	4843	4.38213	0.5	13.5928	20.8361	0	0.887242	-0.461305	0	None	None
ChainingRodShaped	4845	4.87402	0.5	34.4304	44.2244	0	-0.704606	0.709598	0	None	None
ChainingRodShaped	5208	2.47499	0.5	18.2431	22.3567	0	-0.958784	0.284136	0	None	None
ChainingRodShaped	4849	3.16651	0.5	-25.1919	41.8809	0	-0.912001	0.410187	0	None	4848
ChainingRodShaped	5328	2.35503	0.5	24.1631	49.8151	0	0.462036	-0.886861	0	None	None
ChainingRodShaped	5252	2.42198	0.5	27.6915	57.1398	0	-0.0135689	-0.999908	0	None	None
ChainingRodShaped	4855	3.66205	0.5	-14.745	23.0505	0	0.650596	0.759424	0	None	None
ChainingRodShaped	4857	3.15815	0.5	-0.140798	32.7756	0	-0.535921	-0.844268	0	5066	4856
ChainingRodShaped	4859	3.28658	0.5	-12.1442	16.1079	0	-0.0859013	-0.996304	0	4806	4858
ChainingRodShaped	4861	3.08839	0.5	21.3421	24.8078	0	-0.0489708	-0.9988	0	5396	4860
ChainingRodShaped	4863	3.64955	0.5	-14.7323	24.9123	0	-0.876432	-0.481526	0	None	4862
ChainingRodShaped	5320	2.21833	0.5	12.4271	42.1851	0	0.234236	-0.97218	0	None	None
ChainingRodShaped	4867	3.58971	0.5	-16.9546	51.7956	0	0.912116	-0.409931	0	None	None
ChainingRodShaped	4869	4.63291	0.5	4.69756	46.696	0	-0.43566	-0.900111	0	None	4868
ChainingRodShaped	5242	2.97223	0.5	23.391	39.2847	0	0.298216	-0.954499	0	None	None
ChainingRodShaped	4873	4.78533	0.5	-40.2994	50.3203	0	0.881992	-0.471264	0	None	None
ChainingRodShaped	5270	2.48526	0.5	-26.9159	48.2722	0	-0.925307	0.37922	0	None	None
ChainingRodShaped	4877	4.70572	0.5	24.939	44.498	0	0.132363	-0.991201	0	None	None
ChainingRodShaped	4879	4.84423	0.5	10.4174	29.7549	0	-0.415208	-0.909726	0	None	None
ChainingRodShaped	4881	3.61511	0.5	-36.2183	51.6498	0	-0.0977029	-0.995216	0	None	None
ChainingRodShaped	4883	3.81018	0.5	-0.294784	44.6362	0	-0.996991	-0.0775209	0	None	None
ChainingRodShaped	4885	3.94561	0.5	-35.7746	26.7948	0	0.882909	-0.469544	0	None	None
ChainingRodShaped	5336	2.26054	0.5	16.48	35.2076	0	-0.272199	-0.962241	0	None	None
ChainingRodShaped	5258	2.90261	0.5	-0.71908	22.6369	0	-0.784394	-0.620262	0	None	None
ChainingRodShaped	4891	3.76588	0.5	5.05775	37.2962	0	0.551038	0.83448	0	None	None
ChainingRodShaped	4893	3.40462	0.5	18.1275	48.1014	0	-0.363484	-0.9316	0	4567	4892
ChainingRodShaped	4895	4.51883	0.5	-8.23435	22.8461	0	0.453442	0.891286	0	None	4894
ChainingRodShaped	5380	2.04847	0.5	4.94139	27.0275	0	-0.798347	-0.602197	0	None	None
ChainingRodShaped	4899	3.16563	0.5	48.1554	38.0545	0	0.626838	-0.77915	0	4986	4898
ChainingRodShaped	4901	4.22121	0.5	39.6387	40.9908	0	-0.98124	-0.192791	0	None	None
ChainingRodShaped	4903	3.62449	0.5	-27.507	26.4991	0	0.947827	-0.318787	0	None	None
ChainingRodShaped	4905	4.41866	0.5	22.7249	33.437	0	-0.0368255	-0.999322	0	None	None
ChainingRodShaped	4907	3.43419	0.5	5.88259	36.8014	0	0.557695	0.830046	0	None	None
ChainingRodShaped	5358	2.10961	0.5	-30.1391	46.2927	0	0.902447	-0.430801	0	None	None
ChainingRodShaped	5256	2.8081	0.5	-17.8366	39.17	0	0.861467	0.507814	0	None	None
ChainingRodShaped	4913	4.22837	0.5	-43.4282	50.8702	0	-0.878778	0.477231	0	4832	4912
ChainingRodShaped	4915	4.1242	0.5	17.2587	28.6596	0	-0.4589	-0.888488	0	None	None
ChainingRodShaped	5342	2.15231	0.5	-26.8148	31.4774	0	0.946077	0.323942	0	None	None
ChainingRodShaped	4919	4.99009	0.5	-18.2092	21.8802	0	0.876811	0.480835	0	None	None
ChainingRodShaped	4921	4.24658	0.5	36.8898	53.716	0	-0.61917	0.785257	0	4577	4920
ChainingRodShaped	5366	2.05046	0.5	-24.2431	21.9464	0	0.94483	-0.327562	0	None	None
ChainingRodShaped	4925	4.74034	0.5	-8.40338	30.1511	0	-0.31018	-0.950678	0	None	None
ChainingRodShaped	4927	3.58117	0.5	-22.3897	43.0659	0	-0.485737	0.874105	0	None	None
ChainingRodShaped	4929	4.8413	0.5	8.77001	17.4878	0	-0.550306	0.834963	0	None	None
ChainingRodShaped	4931	3.56633	0.5	29.1837	39.3278	0	0.966354	-0.257216	0	None	None
ChainingRodShaped	4933	2.82576	0.5	0.150247	39.5644	0	0.438841	0.898565	0	4962	4932
ChainingRodShaped	4935	3.68803	0.5	5.16412	23.521	0	-0.79765	-0.603121	0	None	None
ChainingRodShaped	4937	3.63498	0.5	-19.9055	40.2071	0	0.859638	0.510904	0	5124	4936
ChainingRodShaped	4939	4.39843	0.5	-26.6825	23.8957	0	0.997566	0.0697246	0	None	None
ChainingRodShaped	4941	2.92185	0.5	-31.4167	34.5641	0	0.863686	0.504031	0	None	4940
ChainingRodShaped	4943	3.82911	0.5	30.1829	40.0707	0	0.966632	-0.25617	0	None	None
ChainingRodShaped	4945	3.38685	0.5	5.26253	34.3754	0	0.999836	-0.0180827	0	None	None
ChainingRodShaped	4947	3.83549	0.5	-25.9473	51.0022	0	0.650302	-0.759676	0	None	None
ChainingRodShaped	4949	2.87762	0.5	41.5873	36.3489	0	0.853128	0.521701	0	5200	4948
ChainingRodShaped	4951	3.89189	0.5	-15.2254	38.3961	0	-0.499827	-0.866125	0	None	None
ChainingRodShaped	4953	4.07371	0.5	-3.97859	33.3714	0	0.433611	0.9011	0	None	None
ChainingRodShaped	4955	3.70932	0.5	2.99422	47.8669	0	-0.149086	0.988824	0	None	None
ChainingRodShaped	4957	4.87023	0.5	23.7738	20.0901	0	-0.754528	-0.656267	0	None	None
ChainingRodShaped	4959	4.37511	0.5	25.6129	39.0448	0	0.170577	-0.985344	0	None	None
ChainingRodShaped	4961	4.54568	0.5	5.7593	18.7529	0	-0.816829	0.576879	0	None	None
ChainingRodShaped	4963	3.26883	0.5	-3.84416	31.4947	0	0.44945	0.893306	0	4894	4962
ChainingRodShaped	4965	2.79012	0.5	29.0761	65.3178	0	0.358991	-0.933341	0	None	4964
ChainingRodShaped	4967	4.27045	0.5	23.3882	27.2457	0	-0.0417769	-0.999127	0	None	None
ChainingRodShaped	5394	2.01178	0.5	32.7336	37.2072	0	0.95729	-0.28913	0	None	None
ChainingRodShaped	4971	3.91718	0.5	31.3896	41.7726	0	0.967856	-0.251504	0	None	None
ChainingRodShaped	4973	3.33695	0.5	9.88024	40.3261	0	0.907068	-0.420985	0	None	None
ChainingRodShaped	4975	4.59802	0.5	13.6051	25.1966	0	-0.877227	0.480076	0	None	None
ChainingRodShaped	4977	4.21182	0.5	-27.6761	47.2853	0	0.825625	-0.564219	0	None	None
ChainingRodShaped	4979	4.84989	0.5	-13.8446	47.3312	0	-0.999877	0.0156979	0	None	None
ChainingRodShaped	5348	2.08342	0.5	27.2081	49.2907	0	0.826404	-0.563078	0	None	None
ChainingRodShaped	4983	3.22854	0.5	9.92207	17.5189	0	-0.551862	0.833935	0	None	None
ChainingRodShaped	4985	3.5967	0.5	-24.7348	30.1501	0	0.942476	0.334273	0	None	None
ChainingRodShaped	4987	3.54222	0.5	42.2859	45.3	0	0.630573	-0.77613	0	5228	4986
ChainingRodShaped	4989	4.19349	0.5	-5.91436	37.4732	0	-0.0810984	-0.996706	0	None	None
ChainingRodShaped	4991	4.00019	0.5	32.6056	49.1732	0	-0.584896	0.811108	0	None	None
ChainingRodShaped	4993	3.27769	0.5	5.38398	45.8812	0	-0.442157	-0.896937	0	None	None
ChainingRodShaped	4995	4.4573	0.5	-21.1796	34.9201	0	0.823089	-0.567912	0	None	None
ChainingRodShaped	4997	2.68079	0.5	-24.6064	38.5433	0	0.862528	0.50601	0	4940	4996
ChainingRodShaped	4999	4.47977	0.5	28.6713	24.6637	0	-0.947327	-0.320268	0	None	None
ChainingRodShaped	5001	3.4629	0.5	-13.1915	56.6717	0	0.570238	-0.82148	0	None	None
ChainingRodShaped	5003	3.19223	0.5	-4.7356	36.99	0	0.238057	0.971251	0	None	None
ChainingRodShaped	5005	4.1854	0.5	24.2334	41.4501	0	0.0796889	-0.99682	0	None	None
ChainingRodShaped	5007	3.60724	0.5	-9.48393	53.018	0	0.394949	-0.918703	0	None	None
ChainingRodShaped	5009	3.77966	0.5	-17.4305	55.5411	0	0.954671	-0.297662	0	None	None
ChainingRodShaped	5011	3.46433	0.5	-27.8197	28.97	0	0.948998	-0.315281	0	None	None
ChainingRodShaped	5013	4.01159	0.5	-5.01285	52.7132	0	-0.990004	-0.14104	0	None	None
ChainingRodShaped	5015	4.12068	0.5	20.0291	37.3501	0	-0.25325	-0.967401	0	None	None
ChainingRodShaped	5017	3.89117	0.5	28.3896	42.3939	0	0.564415	0.825491	0	None	None
ChainingRodShaped	5019	4.56888	0.5	19.8862	29.3789	0	-0.355963	-0.9345	0	None	None
ChainingRodShaped	5021	3.08598	0.5	-28.7086	56.0159	0	0.912589	-0.408879	0	None	5020
ChainingRodShaped	5023	4.3463	0.5	29.7675	26.0802	0	-0.947408	-0.320029	0	None	None
ChainingRodShaped	5025	3.43108	0.5	-15.7122	57.834	0	-0.651668	-0.758504	0	None	None
ChainingRodShaped	5027	2.76011	0.5	21.7786	51.3573	0	-0.254673	-0.967027	0	None	5026
ChainingRodShaped	5029	3.3847	0.5	16.7453	39.4552	0	0.379594	0.925153	0	None	None
ChainingRodShaped	5031	3.60754	0.5	-38.2665	51.3248	0	-0.493337	0.869838	0	None	None
ChainingRodShaped	5033	3.56019	0.5	-45.8155	44.7116	0	0.61085	-0.791746	0	5042	5032
ChainingRodShaped	5035	4.35119	0.5	-26.4477	53.9175	0	0.913693	-0.406404	0	None	None
ChainingRodShaped	5037	3.06878	0.5	30.9965	53.6578	0	-0.726961	-0.686679	0	None	None
ChainingRodShaped	5039	3.15627	0.5	29.0732	58.8558	0	-0.194742	-0.980855	0	None	None
ChainingRodShaped	5041	3.97788	0.5	-2.32612	48.651	0	-0.922901	-0.385036	0	None	None
ChainingRodShaped	5043	2.97159	0.5	-50.9038	51.2121	0	0.621762	-0.783206	0	4635	5042
ChainingRodShaped	5045	3.86146	0.5	-38.0646	58.0575	0	-0.904302	-0.426893	0	None	None
ChainingRodShaped	5047	3.16549	0.5	-13.1171	38.1365	0	0.512607	0.858623	0	None	None
ChainingRodShaped	5049	3.22466	0.5	-22.9519	23.9565	0	0.800811	0.598917	0	None	None
ChainingRodShaped	5051	2.95045	0.5	-12.8705	48.8707	0	0.91062	-0.413244	0	4808	5050
ChainingRodShaped	5053	4.10497	0.5	13.414	27.0977	0	-0.688253	0.725471	0	None	None
ChainingRodShaped	5055	3.81276	0.5	13.5801	35.5732	0	-0.95031	0.311305	0	None	None
ChainingRodShaped	5057	4.36899	0.5	-15.6631	45.268	0	-0.976436	0.215807	0	None	None
ChainingRodShaped	5059	3.28207	0.5	-31.5983	36.5427	0	0.776047	0.630675	0	None	None
ChainingRodShaped	5061	3.9437	0.5	34.8414	45.2084	0	-0.70436	0.709843	0	None	None
ChainingRodShaped	5063	3.40206	0.5	-12.6567	21.0122	0	0.102909	0.994691	0	5202	5062
ChainingRodShaped	5065	3.4029	0.5	-2.11705	24.0599	0	0.786683	0.617357	0	5098	5064
ChainingRodShaped	5067	2.94965	0.5	4.07013	39.3215	0	-0.546633	-0.837372	0	None	5066
ChainingRodShaped	5069	3.21498	0.5	25.7647	51.6381	0	0.773644	-0.63362	0	None	None
ChainingRodShaped	5071	4.58999	0.5	31.1254	40.8339	0	0.967589	-0.25253	0	None	None
ChainingRodShaped	5073	3.42281	0.5	-16.3076	25.8252	0	0.643797	0.765196	0	None	None
ChainingRodShaped	5075	4.1051	0.5	-30.572	32.6318	0	0.884283	0.466951	0	None	None
ChainingRodShaped	5077	3.22662	0.5	-14.8759	29.5011	0	0.976641	0.214878	0	None	None
ChainingRodShaped	5079	3.45466	0.5	14.1409	18.3446	0	0.455465	-0.890254	0	None	None
ChainingRodShaped	5081	3.00813	0.5	-15.4862	41.724	0	-0.851311	-0.524662	0	None	None
ChainingRodShaped	5083	3.43472	0.5	-4.13425	53.8388	0	-0.989647	-0.143526	0	None	None
ChainingRodShaped	5085	4.02949	0.5	-11.2774	42.2925	0	-0.296656	-0.954984	0	None	None
ChainingRodShaped	5087	2.88819	0.5	10.735	53.3149	0	-0.241611	0.970373	0	4758	5086
ChainingRodShaped	5089	2.62821	0.5	14.4632	54.9892	0	0.0198046	-0.999804	0	None	5088
ChainingRodShaped	5091	4.23224	0.5	30.9843	57.6037	0	0.358062	-0.933698	0	None	None
ChainingRodShaped	5093	4.20761	0.5	34.647	48.0114	0	-0.356024	0.934477	0	None	None
ChainingRodShaped	5095	3.03173	0.5	-1.69041	50.3306	0	-0.821672	-0.56996	0	None	None
ChainingRodShaped	5097	2.95938	0.5	16.7685	32.5805	0	-0.262563	-0.964915	0	4621	5096
ChainingRodShaped	5099	2.54329	0.5	-8.14963	19.281	0	0.781808	0.62352	0	None	5098
ChainingRodShaped	5101	3.07783	0.5	3.13263	26.8814	0	-0.793713	-0.608293	0	4836	5100
ChainingRodShaped	5103	3.51863	0.5	19.3041	30.9614	0	-0.268833	-0.963187	0	None	None
ChainingRodShaped	5105	3.2298	0.5	49.0141	38.5606	0	-0.627992	0.77822	0	None	5104
ChainingRodShaped	5107	3.68083	0.5	38.2531	44.0658	0	-0.351181	0.936308	0	None	None
ChainingRodShaped	5109	3.86185	0.5	-13.1382	42.7531	0	-0.29677	-0.954949	0	None	None
ChainingRodShaped	5111	2.91044	0.5	-29.0652	54.0415	0	0.756213	-0.654325	0	None	None
ChainingRodShaped	5113	2.99066	0.5	-33.3465	56.9179	0	-0.245507	-0.969395	0	None	None
ChainingRodShaped	5115	2.82465	0.5	19.7879	40.0987	0	-0.268411	-0.963305	0	None	None
ChainingRodShaped	5117	3.72103	0.5	-35.333	56.0368	0	-0.60061	-0.799542	0	None	None
ChainingRodShaped	5119	4.06659	0.5	-10.4758	35.337	0	-0.889906	-0.456143	0	None	None
ChainingRodShaped	5121	2.66603	0.5	0.41549	27.2891	0	0.792713	0.609596	0	5334	5120
ChainingRodShaped	5123	3.29809	0.5	4.37324	29.0616	0	0.797563	0.603236	0	5064	5122
ChainingRodShaped	5125	3.20404	0.5	-27.312	35.8316	0	0.860774	0.508987	0	4695	5124
ChainingRodShaped	5127	3.05227	0.5	25.8818	46.5443	0	0.467932	-0.883764	0	None	None
ChainingRodShaped	5129	2.93912	0.5	32.536	28.4191	0	-0.848642	-0.528967	0	None	None
ChainingRodShaped	5131	3.77134	0.5	-20.4315	48.886	0	-0.996398	-0.0847962	0	None	None
ChainingRodShaped	5133	3.56561	0.5	16.8427	14.819	0	0.685581	-0.727997	0	None	None
ChainingRodShaped	5135	3.87849	0.5	33.8166	33.6137	0	-0.827282	-0.561788	0	None	None
ChainingRodShaped	5137	2.79337	0.5	-19.3211	43.0997	0	-0.710184	0.704016	0	None	None
ChainingRodShaped	5139	2.8978	0.5	1.79795	37.7589	0	0.577284	0.816543	0	None	None
ChainingRodShaped	5141	3.21821	0.5	8.78137	44.6214	0	0.240251	-0.970711	0	None	None
ChainingRodShaped	5143	2.92961	0.5	-26.6245	34.6608	0	0.961106	0.276179	0	None	None
ChainingRodShaped	5145	2.92811	0.5	10.1515	19.8107	0	-0.243117	0.969997	0	None	None
ChainingRodShaped	5147	2.75226	0.5	-27.5654	17.9684	0	-0.881678	-0.471852	0	4563	5146
ChainingRodShaped	5149	2.63233	0.5	1.56123	53.3875	0	0.738186	-0.674598	0	4698	5148
ChainingRodShaped	5151	2.6602	0.5	-5.25782	44.108	0	0.980287	-0.19758	0	5174	5150
ChainingRodShaped	5153	3.52029	0.5	-4.00927	42.4006	0	-0.997752	-0.0670188	0	None	None
ChainingRodShaped	5155	3.71522	0.5	-12.9336	31.8654	0	-0.985062	-0.172202	0	None	None
ChainingRodShaped	5157	3.19456	0.5	-37.5741	56.3825	0	-0.609194	-0.793021	0	None	None
ChainingRodShaped	5159	3.77242	0.5	-15.7623	52.3381	0	0.914757	-0.404004	0	None	None
ChainingRodShaped	5161	3.14567	0.5	13.5119	24.1446	0	-0.878181	0.478329	0	None	None
ChainingRodShaped	5163	3.3547	0.5	40.8976	42.9691	0	-0.879308	0.476253	0	None	None
ChainingRodShaped	5165	3.10993	0.5	14.9789	15.3333	0	-0.690037	0.723774	0	None	None
ChainingRodShaped	5167	2.7544	0.5	36.2119	46.669	0	0.353085	-0.935591	0	5294	5166
ChainingRodShaped	5169	2.92245	0.5	7.31893	26.3991	0	-0.785139	-0.619319	0	None	None
ChainingRodShaped	5171	3.63352	0.5	17.3683	19.1307	0	0.624647	-0.780907	0	None	None
ChainingRodShaped	5173	2.66779	0.5	12.9398	12.6583	0	0.888881	0.458138	0	None	None
ChainingRodShaped	5175	2.52179	0.5	-12.6905	45.6343	0	0.978404	-0.206702	0	4780	5174
ChainingRodShaped	5177	2.79473	0.5	9.78436	48.5948	0	0.261294	-0.965259	0	None	None
ChainingRodShaped	5179	2.78194	0.5	-1.47135	40.1109	0	-0.0901634	0.995927	0	None	None
ChainingRodShaped	5181	3.76708	0.5	-6.85872	37.8281	0	-0.0790088	-0.996874	0	None	None
ChainingRodShaped	5183	2.5776	0.5	-9.99332	21.9453	0	0.303922	0.952697	0	None	5182
ChainingRodShaped	5185	3.69284	0.5	26.2806	47.8916	0	0.465213	-0.885199	0	None	None
ChainingRodShaped	5187	3.59422	0.5	13.8882	22.8343	0	-0.878929	0.476952	0	None	None
ChainingRodShaped	5189	3.61683	0.5	16.3336	18.0454	0	0.818031	-0.575173	0	None	None
ChainingRodShaped	5191	3.58176	0.5	-22.444	34.6488	0	0.828729	-0.55965	0	None	None
ChainingRodShaped	5193	3.67914	0.5	-17.8177	50.0433	0	-0.91414	0.405399	0	None	None
ChainingRodShaped	5195	3.3099	0.5	29.5234	32.2782	0	-0.407277	-0.913305	0	None	None
ChainingRodShaped	5197	2.84762	0.5	35.4483	31.3992	0	-0.850154	-0.526533	0	None	None
ChainingRodShaped	5199	2.86474	0.5	8.83781	60.8747	0	-0.244591	0.969626	0	5086	5198
ChainingRodShaped	5201	2.68088	0.5	35.3631	32.5155	0	0.849553	0.527504	0	4812	5200
ChainingRodShaped	5203	2.51257	0.5	-13.4132	13.5742	0	0.10005	0.994982	0	None	5202
ChainingRodShaped	5205	3.29348	0.5	-39.9801	53.6908	0	-0.96282	-0.270145	0	None	None
ChainingRodShaped	5207	2.93429	0.5	28.4636	37.3108	0	0.541218	-0.840882	0	None	None
ChainingRodShaped	5209	2.92297	0.5	19.5552	24.4093	0	-0.594366	-0.804195	0	None	None
ChainingRodShaped	5211	3.37981	0.5	23.3897	49.1857	0	0.464342	-0.885656	0	None	None
ChainingRodShaped	5213	2.80119	0.5	-40.6012	37.8571	0	0.60027	-0.799797	0	5032	5212
ChainingRodShaped	5215	2.32844	0.5	7.91005	44.059	0	-0.23268	0.972553	0	None	5214
ChainingRodShaped	5217	2.66547	0.5	-10.136	18.9491	0	0.779325	0.62662	0	None	5216
ChainingRodShaped	5219	3.31921	0.5	25.2847	54.6904	0	-0.825094	0.564995	0	None	None
ChainingRodShaped	5221	3.18664	0.5	7.88117	22.6657	0	0.934803	-0.355166	0	None	None
ChainingRodShaped	5223	2.94474	0.5	11.637	38.353	0	0.884034	-0.467422	0	None	None
ChainingRodShaped	5225	2.52942	0.5	-3.33374	21.84	0	-0.784542	-0.620076	0	5100	5224
ChainingRodShaped	5227	2.6805	0.5	-41.257	29.8756	0	0.780198	0.625533	0	5304	5226
ChainingRodShaped	5229	2.38072	0.5	37.4691	51.2413	0	0.628633	-0.777702	0	4691	5228
ChainingRodShaped	5231	2.92815	0.5	-28.9325	37.5394	0	0.71801	0.696033	0	None	None
ChainingRodShaped	5233	3.14454	0.5	28.0905	43.6975	0	0.561004	0.827813	0	None	None
ChainingRodShaped	5235	2.49938	0.5	-44.3166	52.6155	0	-0.828749	0.55962	0	None	None
ChainingRodShaped	5237	2.24999	0.5	-30.717	38.699	0	0.75517	0.655529	0	5246	5236
ChainingRodShaped	5239	3.08345	0.5	15.6364	10.9281	0	0.208581	0.978005	0	None	None
ChainingRodShaped	5241	2.4344	0.5	35.3017	41.8363	0	-0.876263	0.481833	0	None	None
ChainingRodShaped	5243	2.80445	0.5	23.1149	43.0334	0	0.0790412	-0.996871	0	None	None
ChainingRodShaped	5245	2.69755	0.5	-12.2657	36.6879	0	-0.84673	-0.532022	0	None	None
ChainingRodShaped	5247	2.29108	0.5	-35.874	34.2808	0	0.765446	0.643501	0	5226	5246
ChainingRodShaped	5249	2.57186	0.5	-1.03761	45.5713	0	-0.996617	-0.0821839	0	None	None
ChainingRodShaped	5251	2.53595	0.5	-34.1416	50.0512	0	0.995824	0.0912969	0	None	None
ChainingRodShaped	5253	2.71831	0.5	28.4008	60.5774	0	-0.195685	-0.980667	0	None	None
ChainingRodShaped	5255	2.35422	0.5	38.8062	37.8912	0	0.695996	0.718045	0	None	None
ChainingRodShaped	5257	2.47716	0.5	-20.9392	37.2959	0	0.875655	0.482937	0	None	None
ChainingRodShaped	5259	2.70823	0.5	2.26408	24.9813	0	-0.795165	-0.606393	0	None	None
ChainingRodShaped	5261	2.87885	0.5	2.40557	23.8717	0	-0.797157	-0.603773	0	None	None
ChainingRodShaped	5263	2.766	0.5	7.39957	36.0746	0	0.909796	0.415055	0	None	None
ChainingRodShaped	5265	2.33111	0.5	-32.0607	30.7285	0	0.944516	0.328465	0	5310	5264
ChainingRodShaped	5267	2.32806	0.5	-14.0168	26.8084	0	0.721863	0.692036	0	None	None
ChainingRodShaped	5269	2.22462	0.5	19.7811	43.7653	0	-0.256391	-0.966573	0	5026	5268
ChainingRodShaped	5271	2.39284	0.5	-23.7321	47.0753	0	-0.884411	0.466708	0	None	None
ChainingRodShaped	5273	2.31584	0.5	22.1313	48.1898	0	-0.0219466	-0.999759	0	None	5272
ChainingRodShaped	5275	2.62722	0.5	-21.4922	54.5425	0	-0.987116	-0.160007	0	None	None
ChainingRodShaped	5277	2.49362	0.5	-7.7995	28.818	0	0.304398	0.952545	0	5182	5276
ChainingRodShaped	5279	2.59712	0.5	-13.2326	50.1148	0	0.910153	-0.414273	0	None	None
ChainingRodShaped	5281	2.50159	0.5	-32.2334	53.899	0	0.844818	-0.535055	0	None	None
ChainingRodShaped	5283	2.65412	0.5	7.98432	28.1731	0	-0.786389	-0.617731	0	None	None
ChainingRodShaped	5285	2.70114	0.5	-26.9625	45.2526	0	0.992723	-0.120421	0	None	None
ChainingRodShaped	5287	2.44813	0.5	5.11197	55.7487	0	-0.233413	0.972378	0	4538	5286
ChainingRodShaped	5289	2.67247	0.5	6.48139	43.3797	0	0.210494	0.977595	0	None	None
ChainingRodShaped	5291	2.68627	0.5	-31.4682	52.0988	0	0.790043	-0.613051	0	None	None
ChainingRodShaped	5293	2.46974	0.5	22.3071	24.6192	0	-0.0389815	-0.99924	0	None	None
ChainingRodShaped	5295	2.18126	0.5	33.848	52.8986	0	0.356758	-0.934197	0	4600	5294
ChainingRodShaped	5297	2.58008	0.5	-12.0402	35.6832	0	-0.852009	-0.523527	0	None	None
ChainingRodShaped	5299	2.60084	0.5	-10.8711	53.624	0	0.333243	-0.942841	0	None	None
ChainingRodShaped	5301	2.27855	0.5	-8.5361	41.6321	0	-0.0678793	-0.997694	0	None	None
ChainingRodShaped	5303	2.40934	0.5	7.79935	39.1595	0	0.907883	-0.419225	0	None	None
ChainingRodShaped	5305	2.36855	0.5	-46.6423	25.5841	0	0.782699	0.622401	0	None	5304
ChainingRodShaped	5307	2.30526	0.5	7.54301	49.9755	0	0.184445	-0.982843	0	None	None
ChainingRodShaped	5309	2.2096	0.5	13.614	41.4326	0	-0.227367	0.973809	0	None	5308
ChainingRodShaped	5311	2.27007	0.5	-38.1293	28.5504	0	0.938041	0.346525	0	4643	5310
ChainingRodShaped	5313	2.19594	0.5	32.8884	38.2317	0	0.943397	-0.331665	0	None	None
ChainingRodShaped	5315	2.51478	0.5	-22.8327	31.7396	0	0.896859	-0.442316	0	None	None
ChainingRodShaped	5317	2.471	0.5	-21.3205	57.7141	0	-0.997761	-0.0668778	0	None	None
ChainingRodShaped	5319	2.41371	0.5	-34.3052	59.4295	0	-0.411748	-0.911298	0	None	None
ChainingRodShaped	5321	2.2369	0.5	10.8696	44.8658	0	0.496177	-0.868221	0	None	None
ChainingRodShaped	5323	2.21466	0.5	-23.6341	49.3551	0	0.553356	0.832945	0	None	None
ChainingRodShaped	5325	2.1898	0.5	-2.43752	37.1631	0	0.202411	0.979301	0	None	None
ChainingRodShaped	5327	2.3032	0.5	20.1281	27.3066	0	-0.365289	-0.930894	0	None	None
ChainingRodShaped	5329	2.35497	0.5	23.1789	52.7717	0	-0.25897	-0.965885	0	None	None
ChainingRodShaped	5331	2.2938	0.5	23.2596	36.9211	0	0.458766	-0.888557	0	None	None
ChainingRodShaped	5333	2.21844	0.5	-18.2417	36.557	0	0.29139	-0.956604	0	None	None
ChainingRodShaped	5335	2.19697	0.5	-4.71035	23.2817	0	0.78348	0.621417	0	5216	5334
ChainingRodShaped	5337	2.19579	0.5	17.291	38.3039	0	-0.370334	-0.928899	0	None	None
ChainingRodShaped	5339	2.20452	0.5	13.9817	14.9467	0	-0.685173	0.72838	0	None	None
ChainingRodShaped	5341	2.10079	0.5	21.0107	52.5123	0	-0.374158	-0.927365	0	4765	5340
ChainingRodShaped	5343	2.1926	0.5	-29.8102	30.449	0	0.946577	0.322479	0	None	None
ChainingRodShaped	5345	2.18679	0.5	1.13631	46.8247	0	-0.135348	0.990798	0	None	None
ChainingRodShaped	5347	2.17561	0.5	2.06281	47.3621	0	-0.142349	0.989816	0	None	None
ChainingRodShaped	5349	2.12658	0.5	24.7698	51.1807	0	0.770493	-0.637449	0	None	None
ChainingRodShaped	5351	2.16101	0.5	0.144661	21.3454	0	-0.34311	-0.939295	0	None	None
ChainingRodShaped	5353	2.09715	0.5	-9.59039	40.5873	0	-0.0998049	-0.995007	0	None	None
ChainingRodShaped	5355	2.11884	0.5	-3.48646	37.3493	0	0.132023	0.991247	0	None	None
ChainingRodShaped	5357	2.10908	0.5	-16.0847	20.1063	0	0.702771	0.711416	0	None	None
ChainingRodShaped	5359	2.15488	0.5	-32.9509	47.6436	0	0.902588	-0.430505	0	None	None
ChainingRodShaped	5361	2.08503	0.5	-32.2527	26.2975	0	0.979537	-0.201262	0	None	None
ChainingRodShaped	5363	2.08895	0.5	-24.0846	28.7666	0	0.97847	-0.206391	0	None	None
ChainingRodShaped	5365	2.0537	0.5	24.5307	64.47	0	-0.364567	-0.931177	0	None	5364
ChainingRodShaped	5367	2.0801	0.5	-27.1958	22.6827	0	0.994833	-0.101525	0	None	None
ChainingRodShaped	5369	2.06273	0.5	-20.1419	25.8469	0	0.535086	0.844798	0	None	None
ChainingRodShaped	5371	2.07421	0.5	20.5529	18.1778	0	-0.554887	0.831926	0	None	None
ChainingRodShaped	5373	2.08941	0.5	20.9528	36.4952	0	-0.0464723	-0.99892	0	None	None
ChainingRodShaped	5375	2.02414	0.5	-32.445	45.2076	0	-0.902805	0.43005	0	4848	5374
ChainingRodShaped	5377	2.03877	0.5	12.5744	34.0005	0	-0.8004	-0.599467	0	None	5376
ChainingRodShaped	5379	2.06226	0.5	-14.5836	52.9058	0	0.914812	-0.403879	0	None	None
ChainingRodShaped	5381	2.0463	0.5	7.34763	28.8852	0	-0.792528	-0.609835	0	None	None
ChainingRodShaped	5383	2.01987	0.5	25.9475	34.919	0	-0.101002	-0.994886	0	None	None
ChainingRodShaped	5385	2.04803	0.5	-32.0181	58.7466	0	0.105454	-0.994424	0	None	None
ChainingRodShaped	5387	2.02213	0.5	28.2549	47.5658	0	0.914831	-0.403837	0	None	None
ChainingRodShaped	5389	2.0184	0.5	31.4131	47.4644	0	-0.596386	0.802698	0	None	None
ChainingRodShaped	5391	2.0221	0.5	2.82097	33.4295	0	0.999595	-0.0284494	0	None	None
ChainingRodShaped	5393	2.01442	0.5	-24.2963	44.486	0	0.40232	-0.915499	0	None	None
ChainingRodShaped	5395	2.01905	0.5	29.8895	38.1287	0	0.964333	-0.264691	0	None	None
ChainingRodShaped	5397	2.00482	0.5	21.6559	31.3435	0	-0.0453568	-0.998971	0	4811	5396
ChainingRodShaped	5399	2.00261	0.5	-6.8122	50.4314	0	-0.0170818	-0.999854	0	None	None
