cell_type	cell_id	length	radius	pos_x	pos_y	pos_z	ori_x	ori_y	ori_z	lower_link	upper_link
ChainingRodShaped	4860	3.26585	0.5	21.6252	19.8928	0	-0.0355154	-0.999369	0	4861	None
ChainingRodShaped	4984	4.142	0.5	-21.7869	29.5332	0	0.968783	0.247911	0	None	None
ChainingRodShaped	5498	2.07355	0.5	14.3991	29.8401	0	-0.215331	-0.976541	0	None	None
ChainingRodShaped	5410	2.48129	0.5	-38.758	45.4093	0	0.878327	-0.47806	0	None	None
ChainingRodShaped	5150	3.03442	0.5	-1.17062	43.767	0	0.98047	-0.196669	0	5151	None
ChainingRodShaped	5076	4.90901	0.5	-11.0635	30.9498	0	0.991541	0.129796	0	None	None
ChainingRodShaped	4996	4.22305	0.5	-20.9861	40.8386	0	0.854081	0.520141	0	4997	None
ChainingRodShaped	5052	3.60676	0.5	10.0965	26.5261	0	-0.941261	-0.337679	0	None	None
ChainingRodShaped	4936	4.72269	0.5	-15.3869	43.098	0	0.855064	0.518523	0	4937	None
ChainingRodShaped	4768	3.67412	0.5	14.7526	41.9452	0	0.0920128	-0.995758	0	4769	None
ChainingRodShaped	5236	2.94778	0.5	-28.2927	40.8294	0	0.768877	0.639397	0	5237	None
ChainingRodShaped	4828	4.93926	0.5	-18.3697	29.6669	0	0.897065	0.441899	0	None	None
ChainingRodShaped	5220	4.09111	0.5	10.7952	20.6024	0	0.0878822	-0.996131	0	None	None
ChainingRodShaped	5006	4.66855	0.5	-7.40964	50.4765	0	-0.0626304	-0.998037	0	None	None
ChainingRodShaped	5122	3.56504	0.5	8.40325	32.1111	0	0.784902	0.61962	0	5123	None
ChainingRodShaped	4800	4.64917	0.5	-25.9371	38.9547	0	0.855042	0.518559	0	None	None
ChainingRodShaped	5460	2.25713	0.5	13.6278	39.7387	0	0.867033	-0.498251	0	None	None
ChainingRodShaped	4948	3.18696	0.5	45.9148	38.4593	0	0.839912	0.542722	0	4949	None
ChainingRodShaped	4924	3.88583	0.5	-10.226	24.6971	0	-0.207205	-0.978297	0	None	None
ChainingRodShaped	4786	4.36082	0.5	-4.75301	26.8298	0	-0.472324	-0.881425	0	4787	None
ChainingRodShaped	4558	4.7311	0.5	-15.0981	5.48003	0	-0.184515	-0.98283	0	4858	None
ChainingRodShaped	5198	2.61307	0.5	8.09111	66.7163	0	-0.232339	0.972635	0	5199	None
ChainingRodShaped	4932	4.1212	0.5	2.59341	43.8914	0	0.419101	0.90794	0	4933	None
ChainingRodShaped	5332	2.7479	0.5	-17.5223	32.9215	0	0.213224	-0.977003	0	None	None
ChainingRodShaped	5276	2.33374	0.5	-6.51934	31.5024	0	0.32941	0.944187	0	5277	None
ChainingRodShaped	5322	2.69395	0.5	-21.0392	50.4378	0	0.998081	0.0619189	0	None	None
ChainingRodShaped	5392	2.56538	0.5	-22.8838	42.3039	0	0.453025	-0.891498	0	None	None
ChainingRodShaped	5286	2.83223	0.5	4.35065	60.9559	0	-0.2328	0.972525	0	5287	None
ChainingRodShaped	5370	2.41496	0.5	19.503	20.1008	0	-0.940905	0.338671	0	None	None
ChainingRodShaped	4990	4.01974	0.5	29.1073	52.1388	0	-0.992798	0.119803	0	None	None
ChainingRodShaped	4556	4.59034	0.5	-8.73936	15.7975	0	-0.993625	0.112736	0	4840	None
ChainingRodShaped	5254	3.54294	0.5	41.0522	39.7857	0	0.98562	0.168978	0	None	None
ChainingRodShaped	5478	2.10286	0.5	23.9726	31.1687	0	-0.00249597	0.999997	0	None	None
ChainingRodShaped	5436	2.24913	0.5	38.4528	38.8871	0	0.814918	-0.579577	0	None	None
ChainingRodShaped	5404	2.62937	0.5	11.0695	29.1998	0	-0.0813012	-0.99669	0	None	None
ChainingRodShaped	4610	4.92862	0.5	16.281	41.009	0	-0.335424	-0.942067	0	4611	None
ChainingRodShaped	4960	3.98069	0.5	2.19002	17.9281	0	-0.170431	-0.98537	0	None	None
ChainingRodShaped	4892	4.44645	0.5	16.3811	44.1817	0	-0.327497	-0.944852	0	4893	None
ChainingRodShaped	4920	4.59227	0.5	33.7376	58.7378	0	-0.627238	0.778827	0	4921	None
ChainingRodShaped	5224	3.09794	0.5	-7.50284	17.7712	0	-0.762216	-0.647323	0	5225	None
ChainingRodShaped	5456	2.09483	0.5	8.88883	33.7393	0	0.787721	0.616033	0	5457	None
ChainingRodShaped	5146	2.6866	0.5	-31.5576	15.1209	0	-0.871846	-0.48978	0	5147	None
ChainingRodShaped	4814	4.85845	0.5	-30.492	47.3621	0	0.914556	-0.404459	0	None	None
ChainingRodShaped	5192	4.12033	0.5	-22.5026	52.8632	0	-0.909304	0.416132	0	None	None
ChainingRodShaped	4542	4.52142	0.5	-4.82867	24.7059	0	-0.535836	-0.844322	0	4856	None
ChainingRodShaped	5386	2.40613	0.5	31.3593	46.0938	0	0.948088	-0.318008	0	None	None
ChainingRodShaped	5148	3.49078	0.5	4.57351	51.497	0	0.752977	-0.658047	0	5149	None
ChainingRodShaped	5096	2.69112	0.5	16.0974	28.5949	0	-0.230405	-0.973095	0	5097	None
ChainingRodShaped	5132	3.13557	0.5	18.8546	11.8835	0	-0.827176	-0.561943	0	None	None
ChainingRodShaped	5194	3.00509	0.5	27.2127	28.9601	0	-0.932061	-0.362303	0	None	None
ChainingRodShaped	5212	2.8819	0.5	-39.4137	34.4041	0	0.589595	-0.807699	0	5213	None
ChainingRodShaped	5278	3.07201	0.5	-9.90206	49.2261	0	0.907889	-0.41921	0	None	None
ChainingRodShaped	5050	3.26429	0.5	-9.05674	47.7572	0	0.907657	-0.419712	0	5051	None
ChainingRodShaped	5062	4.04326	0.5	-12.1411	25.1268	0	0.210778	0.977534	0	5063	None
ChainingRodShaped	4898	4.20436	0.5	52.3098	34.4522	0	0.633693	-0.773584	0	4899	None
ChainingRodShaped	5296	3.11908	0.5	-15.2574	34.3247	0	-0.994558	-0.104181	0	None	None
ChainingRodShaped	5408	2.63016	0.5	-4.42509	47.1102	0	-0.943216	-0.33218	0	None	None
ChainingRodShaped	5444	2.15641	0.5	-54.9427	56.962	0	-0.866361	0.499419	0	5445	None
ChainingRodShaped	5166	3.32927	0.5	38.4579	42.9741	0	0.37492	-0.927057	0	5167	None
ChainingRodShaped	5350	2.78608	0.5	-1.7728	18.2163	0	0.374959	-0.927041	0	None	None
ChainingRodShaped	4648	4.24585	0.5	-25.0091	32.8549	0	0.944965	0.327172	0	5264	None
ChainingRodShaped	5310	2.36229	0.5	-36.0754	28.8945	0	0.935406	0.353575	0	5311	5265
ChainingRodShaped	5448	2.167	0.5	1.09053	17.4126	0	-0.173896	-0.984764	0	None	None
ChainingRodShaped	4600	4.89882	0.5	32.424	57.7261	0	0.384384	-0.923173	0	4964	5295
ChainingRodShaped	4832	4.56022	0.5	-39.421	48.4067	0	-0.889068	0.457774	0	5374	4913
ChainingRodShaped	5152	4.61909	0.5	-6.99414	43.9819	0	-0.979263	0.202591	0	None	None
ChainingRodShaped	5422	2.34412	0.5	-16.8643	37.9181	0	-0.329004	-0.944329	0	None	None
ChainingRodShaped	5228	3.11729	0.5	40.0361	49.3747	0	0.63318	-0.774004	0	5229	4987
ChainingRodShaped	5202	2.78611	0.5	-14.068	16.1418	0	0.207947	0.97814	0	5203	5063
ChainingRodShaped	5020	3.23593	0.5	-25.6202	55.4371	0	0.90463	-0.426197	0	5021	4809
ChainingRodShaped	5298	3.33867	0.5	-9.10907	51.1706	0	0.405012	-0.914311	0	None	None
ChainingRodShaped	5042	3.2618	0.5	-50.2416	48.8237	0	0.614264	-0.7891	0	5043	5033
ChainingRodShaped	4958	4.65475	0.5	27.1824	32.6373	0	-0.112401	-0.993663	0	None	None
ChainingRodShaped	5170	3.88815	0.5	21.3734	15.5354	0	0.869039	-0.494743	0	None	None
ChainingRodShaped	5268	2.43308	0.5	19.0266	40.9842	0	-0.225411	-0.974264	0	5269	4621
ChainingRodShaped	5512	2.00112	0.5	-1.16976	56.4806	0	0.75758	-0.652743	0	5513	5149
ChainingRodShaped	5218	2.9762	0.5	24.7278	57.5165	0	-0.55523	0.831697	0	None	None
ChainingRodShaped	5066	2.94354	0.5	2.31321	36.0823	0	-0.530746	-0.847531	0	5067	4857
ChainingRodShaped	4978	4.20036	0.5	-17.2499	48.7223	0	-0.99804	-0.0625731	0	None	None
ChainingRodShaped	5250	2.90824	0.5	-30.5003	50.4175	0	0.973026	0.230697	0	None	None
ChainingRodShaped	4862	3.76937	0.5	-18.9094	22.2622	0	-0.868635	-0.495452	0	4863	5455
ChainingRodShaped	5334	2.37309	0.5	-2.43115	24.6279	0	0.767548	0.640992	0	5335	5121
ChainingRodShaped	4836	4.58157	0.5	6.27555	29.1755	0	-0.785707	-0.618598	0	5376	5101
ChainingRodShaped	4616	4.81047	0.5	44.1218	45.9692	0	-0.635052	0.772469	0	5104	4577
ChainingRodShaped	4568	4.64398	0.5	21.681	58.9333	0	-0.347082	-0.937835	0	5364	4567
ChainingRodShaped	5144	4.3018	0.5	6.85873	21.0964	0	-0.943667	0.330898	0	None	None
ChainingRodShaped	5340	2.58662	0.5	19.7287	50.6937	0	-0.337946	-0.941166	0	5341	4611
ChainingRodShaped	4944	4.05901	0.5	9.83242	35.3399	0	0.903233	-0.429151	0	None	None
ChainingRodShaped	5232	3.57395	0.5	32.0601	44.8263	0	0.947855	-0.318702	0	None	None
ChainingRodShaped	4818	4.80387	0.5	28.831	28.474	0	-0.834017	-0.551739	0	None	None
ChainingRodShaped	5434	2.36109	0.5	38.0297	35.0026	0	0.974602	0.223945	0	None	None
ChainingRodShaped	4734	3.89328	0.5	6.13856	13.9469	0	-0.990551	0.137145	0	5438	4841
ChainingRodShaped	5388	2.39207	0.5	29.7954	50.2444	0	-0.63638	0.771376	0	None	None
ChainingRodShaped	5504	2.03857	0.5	23.6722	20.0371	0	-0.0967587	-0.995308	0	None	None
ChainingRodShaped	4538	4.51012	0.5	6.33454	52.647	0	-0.231402	0.972858	0	5214	5287
ChainingRodShaped	4874	4.1884	0.5	-29.5309	49.6483	0	-0.971949	-0.235192	0	None	None
ChainingRodShaped	5496	2.07922	0.5	-26.164	49.3853	0	0.350591	-0.936529	0	None	None
ChainingRodShaped	5182	2.96815	0.5	-9.04354	24.3458	0	0.33598	0.941869	0	5183	5277
ChainingRodShaped	5314	3.16368	0.5	-19.6363	31.0228	0	0.99616	-0.0875565	0	None	None
ChainingRodShaped	4962	4.37326	0.5	-1.35248	35.5569	0	0.439747	0.898122	0	4963	4933
ChainingRodShaped	4758	4.64276	0.5	12.0046	49.9475	0	-0.216452	0.976293	0	5308	5087
ChainingRodShaped	4806	4.62249	0.5	-12.1748	20.3146	0	-0.208299	-0.978065	0	4807	4859
ChainingRodShaped	4868	4.49757	0.5	2.6788	41.7913	0	-0.418358	-0.908282	0	5494	5431
ChainingRodShaped	4772	4.74807	0.5	-14.039	32.5267	0	-0.992636	-0.121136	0	None	None
ChainingRodShaped	4812	3.39652	0.5	32.3842	29.6362	0	0.834307	0.551301	0	4813	5201
ChainingRodShaped	5288	2.65609	0.5	8.9763	42.7331	0	0.99965	0.0264653	0	None	None
ChainingRodShaped	5284	2.88994	0.5	-25.0608	43.1488	0	0.783818	-0.620991	0	None	None
ChainingRodShaped	5098	2.9482	0.5	-5.41924	20.8226	0	0.762651	0.64681	0	5099	5065
ChainingRodShaped	5466	2.13005	0.5	-4.90848	48.5739	0	-0.628612	-0.777719	0	None	None
ChainingRodShaped	4974	3.52864	0.5	9.02974	25.1309	0	-0.942991	-0.332818	0	None	None
ChainingRodShaped	5048	4.989	0.5	-18.147	26.2795	0	0.585538	0.810645	0	None	None
ChainingRodShaped	5226	2.76153	0.5	-39.5188	31.3934	0	0.772131	0.635464	0	5227	5247
ChainingRodShaped	5088	3.34663	0.5	13.8666	52.0297	0	0.0846096	-0.996414	0	5089	4769
ChainingRodShaped	5124	3.59244	0.5	-24.0253	37.8623	0	0.854686	0.519146	0	5125	4937
ChainingRodShaped	5472	2.18133	0.5	17.8334	31.1418	0	-0.453946	-0.891029	0	None	None
ChainingRodShaped	4940	3.29801	0.5	-28.3281	36.3727	0	0.854701	0.519121	0	4941	4997
ChainingRodShaped	5266	2.73676	0.5	-10.598	28.6382	0	0.906751	0.421667	0	None	None
ChainingRodShaped	4780	3.78346	0.5	-17.2152	47.214	0	0.973728	-0.227716	0	4781	5175
ChainingRodShaped	5030	4.83927	0.5	-41.4857	51.7131	0	-0.884342	0.46684	0	None	None
ChainingRodShaped	5028	4.67867	0.5	18.8446	44.5918	0	0.225878	0.974155	0	None	None
ChainingRodShaped	5440	2.23	0.5	-23.9366	26.089	0	0.993071	-0.117519	0	None	None
ChainingRodShaped	4742	4.51414	0.5	22.0785	41.0119	0	0.00662406	-0.999978	0	5272	4811
ChainingRodShaped	5106	4.1141	0.5	37.1329	48.8915	0	-0.375214	0.926938	0	None	None
ChainingRodShaped	5176	3.12897	0.5	11.4552	47.9221	0	0.217381	-0.976087	0	None	None
ChainingRodShaped	5378	2.77485	0.5	-11.6268	52.1894	0	0.903255	-0.429103	0	None	None
ChainingRodShaped	4778	4.27991	0.5	13.8957	32.0861	0	-0.221143	-0.975241	0	None	None
ChainingRodShaped	5022	4.63794	0.5	26.2532	25.1831	0	-0.226289	0.97406	0	None	None
ChainingRodShaped	4782	4.95706	0.5	-29.3126	44.6521	0	0.911191	-0.411984	0	None	None
ChainingRodShaped	4994	4.88643	0.5	-18.9279	34.8682	0	0.222985	-0.974822	0	None	None
ChainingRodShaped	5234	3.66715	0.5	-46.2622	55.0175	0	-0.979882	0.199577	0	None	None
ChainingRodShaped	4916	4.29872	0.5	-26.7427	30.1274	0	0.952279	0.305229	0	None	None
ChainingRodShaped	5036	3.29978	0.5	27.3343	53.4211	0	-0.985105	0.171956	0	None	None
ChainingRodShaped	5360	2.43529	0.5	-29.9862	24.4609	0	0.970849	-0.239691	0	None	None
ChainingRodShaped	5178	4.42605	0.5	0.78482	42.2769	0	0.424495	0.90543	0	None	None
ChainingRodShaped	5188	3.61607	0.5	20.8002	14.7213	0	0.865833	-0.500333	0	None	None
ChainingRodShaped	4728	4.98684	0.5	-1.06719	52.7062	0	-0.994999	-0.0998891	0	None	None
ChainingRodShaped	4942	4.10169	0.5	35.2905	38.3197	0	0.901421	-0.432944	0	None	None
ChainingRodShaped	5222	3.65713	0.5	14.1965	36.3595	0	0.907277	-0.420534	0	None	None
ChainingRodShaped	4926	3.59007	0.5	-23.8443	46.5093	0	-0.883489	0.468452	0	None	None
ChainingRodShaped	5382	2.66373	0.5	25.9864	30.7905	0	-0.112973	-0.993598	0	None	None
ChainingRodShaped	5486	2.15316	0.5	33.2992	34.6766	0	0.826757	-0.562559	0	None	None
ChainingRodShaped	5158	3.75297	0.5	-11.432	51.0128	0	0.904737	-0.42597	0	None	None
ChainingRodShaped	5118	3.73687	0.5	-14.7293	33.4105	0	-0.993528	-0.113589	0	None	None
ChainingRodShaped	5420	2.5279	0.5	5.03496	20.3765	0	-0.775241	0.631666	0	None	None
ChainingRodShaped	5038	3.31176	0.5	29.0649	56.8744	0	-0.630952	-0.775822	0	None	None
ChainingRodShaped	5116	4.16105	0.5	-34.7169	53.2965	0	0.452243	-0.891895	0	None	None
ChainingRodShaped	5044	4.91982	0.5	-41.1311	56.2772	0	-0.896132	-0.443787	0	None	None
ChainingRodShaped	5368	2.53079	0.5	-19.2555	27.1048	0	0.278264	0.960505	0	None	None
ChainingRodShaped	5282	2.63979	0.5	4.80873	25.5067	0	-0.781205	-0.624275	0	None	None
ChainingRodShaped	4774	4.57848	0.5	-24.9177	57.281	0	-0.904405	0.426676	0	None	None
ChainingRodShaped	5004	4.1328	0.5	25.2487	36.1054	0	0.0559822	-0.998432	0	None	None
ChainingRodShaped	5468	2.14859	0.5	-21.1227	38.4815	0	-0.850941	-0.525262	0	None	None
ChainingRodShaped	5244	3.1004	0.5	-15.5188	35.2756	0	-0.995086	-0.0990189	0	None	None
ChainingRodShaped	5406	2.63087	0.5	12.8537	29.0849	0	-0.56378	0.825925	0	None	None
ChainingRodShaped	5160	4.00862	0.5	9.33684	24.2242	0	-0.941519	-0.33696	0	None	None
ChainingRodShaped	5060	4.69495	0.5	31.9467	49.1606	0	-0.628934	0.777459	0	None	None
ChainingRodShaped	5510	2.01248	0.5	-7.3953	54.3745	0	-0.631037	-0.775753	0	None	None
ChainingRodShaped	4808	4.26041	0.5	-17.1815	51.5049	0	0.9081	-0.418754	0	4809	5051
ChainingRodShaped	5430	2.2836	0.5	-0.540275	34.9711	0	-0.441391	-0.897315	0	5431	4787
ChainingRodShaped	5396	2.22384	0.5	21.9045	27.888	0	-0.0326991	-0.999465	0	5397	4861
ChainingRodShaped	5294	2.42002	0.5	35.4845	50.3075	0	0.377621	-0.92596	0	5295	5167
ChainingRodShaped	4986	4.41354	0.5	46.1648	41.929	0	0.636998	-0.770866	0	4987	4899
ChainingRodShaped	5002	4.9979	0.5	-5.51983	41.2276	0	-0.673499	0.739188	0	None	None
ChainingRodShaped	5214	2.47306	0.5	7.36746	48.2822	0	-0.228569	0.973528	0	5215	4538
ChainingRodShaped	4846	4.03221	0.5	13.3049	21.5132	0	-0.846052	0.5331	0	None	None
ChainingRodShaped	4856	3.37905	0.5	-2.18942	28.8862	0	-0.531427	-0.847104	0	4857	4542
ChainingRodShaped	5154	4.01439	0.5	-16.2453	29.6331	0	-0.895218	-0.445628	0	None	None
ChainingRodShaped	5458	2.21934	0.5	-10.5761	29.7182	0	0.910923	0.412577	0	None	None
ChainingRodShaped	4992	4.44747	0.5	3.57195	41.5319	0	-0.425968	-0.904738	0	None	None
ChainingRodShaped	4848	3.62576	0.5	-28.9147	43.4134	0	-0.914991	0.403475	0	4849	5375
ChainingRodShaped	5126	3.10316	0.5	26.1451	43.1851	0	0.0728271	-0.997345	0	None	None
ChainingRodShaped	5032	3.81888	0.5	-44.4962	41.2911	0	0.598982	-0.800762	0	5033	5213
ChainingRodShaped	4840	3.71695	0.5	-3.62565	15.2043	0	-0.992974	0.118331	0	4841	4556
ChainingRodShaped	4858	3.96046	0.5	-14.1053	10.7311	0	-0.187353	-0.982293	0	4859	4558
ChainingRodShaped	5164	4.20117	0.5	12.6189	18.1926	0	-0.384111	0.923287	0	None	None
ChainingRodShaped	5454	2.10141	0.5	-25.0936	18.7556	0	-0.871198	-0.490932	0	5455	5147
ChainingRodShaped	5442	2.3139	0.5	-33.7022	49.3429	0	0.999596	-0.0284203	0	None	None
ChainingRodShaped	4567	4.50485	0.5	19.7628	53.7055	0	-0.341743	-0.939793	0	4568	4893
ChainingRodShaped	5364	2.46661	0.5	23.265	63.2006	0	-0.349421	-0.936966	0	5365	4568
ChainingRodShaped	5056	4.97884	0.5	-18.0785	45.339	0	-0.776747	0.629813	0	None	None
ChainingRodShaped	5390	2.72373	0.5	4.48238	32.7326	0	0.993955	-0.109792	0	None	None
ChainingRodShaped	5200	2.83647	0.5	39.1662	34.0846	0	0.838056	0.545584	0	5201	4949
ChainingRodShaped	4577	4.09771	0.5	40.6664	50.1858	0	-0.632418	0.774628	0	4616	4921
ChainingRodShaped	4894	4.1235	0.5	-5.82342	26.8668	0	0.472127	0.881531	0	4895	4963
ChainingRodShaped	5302	2.66342	0.5	10.569	38.1971	0	0.886389	-0.46294	0	None	None
ChainingRodShaped	5246	2.94643	0.5	-33.9006	36.1093	0	0.762102	0.647457	0	5247	5237
ChainingRodShaped	4912	3.52499	0.5	-48.8052	53.4664	0	-0.872046	0.489424	0	4913	5445
ChainingRodShaped	5064	3.08007	0.5	1.33496	26.4592	0	0.774547	0.632516	0	5065	5123
ChainingRodShaped	5304	2.79103	0.5	-45.6024	26.455	0	0.779023	0.626996	0	5305	5227
ChainingRodShaped	5140	4.09568	0.5	10.8242	43.9092	0	0.421889	-0.906648	0	None	None
ChainingRodShaped	4972	4.92226	0.5	14.0776	38.3847	0	0.865473	-0.500956	0	None	None
ChainingRodShaped	5240	3.0291	0.5	32.0125	42.7707	0	-0.951427	0.307876	0	None	None
ChainingRodShaped	5476	2.19708	0.5	-26.9947	40.5191	0	0.844496	0.535562	0	None	None
ChainingRodShaped	5174	3.42369	0.5	-9.10598	45.4014	0	0.978491	-0.20629	0	5175	5151
ChainingRodShaped	4964	3.3914	0.5	30.4461	62.4729	0	0.384942	-0.922941	0	4965	4600
ChainingRodShaped	5196	4.35326	0.5	32.6349	28.6221	0	-0.835613	-0.549319	0	None	None
ChainingRodShaped	4922	3.72454	0.5	-22.0549	22.7953	0	0.856639	0.515916	0	None	None
ChainingRodShaped	5300	2.89398	0.5	-8.31859	38.2598	0	-0.0347639	-0.999396	0	None	None
ChainingRodShaped	5078	4.08838	0.5	17.2365	15.6855	0	0.856603	-0.515976	0	None	None
ChainingRodShaped	4611	4.53606	0.5	18.1986	46.403	0	-0.334546	-0.942379	0	5340	4610
ChainingRodShaped	5026	3.70592	0.5	20.6648	48.275	0	-0.213829	-0.976871	0	5027	5269
ChainingRodShaped	5074	4.6669	0.5	-26.2025	33.4606	0	0.947173	0.320723	0	None	None
ChainingRodShaped	5104	3.5029	0.5	47.3971	41.9891	0	-0.635893	0.771777	0	5105	4616
ChainingRodShaped	4790	4.69827	0.5	29.2374	32.7614	0	-0.236414	-0.971653	0	None	None
ChainingRodShaped	4621	3.92293	0.5	18.0746	36.9194	0	-0.229932	-0.973207	0	5268	5097
ChainingRodShaped	5112	4.94888	0.5	-33.7191	53.4753	0	0.450712	-0.89267	0	None	None
ChainingRodShaped	4792	4.38042	0.5	-28.2582	25.0328	0	0.958244	-0.28595	0	None	None
ChainingRodShaped	5090	4.00955	0.5	29.328	54.9587	0	-0.958963	-0.283532	0	None	None
ChainingRodShaped	4822	4.08405	0.5	-31.2008	27.6994	0	0.996687	-0.081333	0	None	None
ChainingRodShaped	4938	4.21193	0.5	-22.2063	25.2061	0	0.823429	0.56742	0	None	None
ChainingRodShaped	5280	3.26414	0.5	-30.13	54.0822	0	0.779411	-0.626513	0	None	None
ChainingRodShaped	4635	4.29611	0.5	-55.8143	55.8774	0	0.623721	-0.781647	0	None	5043
ChainingRodShaped	5274	2.85723	0.5	-25.0428	56.2508	0	-0.904521	0.426429	0	None	None
ChainingRodShaped	5172	3.19095	0.5	11.5598	15.5787	0	-0.373781	0.927517	0	None	None
ChainingRodShaped	5168	3.9432	0.5	4.11469	23.6963	0	-0.778848	-0.627212	0	None	None
ChainingRodShaped	4643	4.61697	0.5	-43.6081	25.9521	0	0.929044	0.36997	0	None	5311
ChainingRodShaped	5216	2.86898	0.5	-7.90913	19.9954	0	0.760579	0.649245	0	5217	5335
ChainingRodShaped	5248	2.99714	0.5	-4.34453	45.377	0	-0.977335	0.211699	0	None	None
ChainingRodShaped	5264	2.86904	0.5	-29.3047	31.3577	0	0.943296	0.331952	0	5265	4648
ChainingRodShaped	5130	4.77884	0.5	-21.1768	44.8592	0	0.143299	-0.989679	0	None	None
ChainingRodShaped	5356	2.8412	0.5	-14.2929	21.6663	0	0.554723	0.832035	0	None	None
ChainingRodShaped	5312	3.05763	0.5	36.8403	36.5103	0	0.95722	-0.289362	0	None	None
ChainingRodShaped	5086	3.2013	0.5	9.98085	58.774	0	-0.229791	0.97324	0	5087	5199
ChainingRodShaped	5482	2.07099	0.5	-10.8845	39.6835	0	-0.56285	-0.826559	0	None	None
ChainingRodShaped	4852	4.98017	0.5	26.0359	57.5821	0	-0.416055	0.909339	0	None	None
ChainingRodShaped	5120	3.42691	0.5	3.56728	29.5294	0	0.780438	0.625233	0	5121	5457
ChainingRodShaped	4876	4.90418	0.5	27.0539	38.3118	0	0.2207	-0.975342	0	None	None
ChainingRodShaped	5330	3.15039	0.5	24.5729	33.3482	0	0.355082	-0.934835	0	None	None
ChainingRodShaped	5184	3.38023	0.5	28.0149	45.16	0	-0.562318	-0.826921	0	None	None
ChainingRodShaped	4928	3.88721	0.5	4.23276	19.7658	0	-0.775189	0.631729	0	None	None
ChainingRodShaped	5010	3.95855	0.5	-23.6226	27.0439	0	0.991859	-0.127342	0	None	None
ChainingRodShaped	5100	3.8376	0.5	-1.17212	23.1221	0	-0.76659	-0.642136	0	5101	5225
ChainingRodShaped	5292	2.7331	0.5	22.6268	20.2441	0	-0.0371745	-0.999309	0	None	None
ChainingRodShaped	5260	3.28124	0.5	0.415326	19.297	0	-0.174366	-0.984681	0	None	None
ChainingRodShaped	4886	4.05226	0.5	15.565	30.5869	0	-0.225081	-0.97434	0	None	None
ChainingRodShaped	5092	3.80941	0.5	33.085	52.3859	0	-0.153507	0.988148	0	None	None
ChainingRodShaped	4904	3.65993	0.5	22.8897	28.3757	0	-0.0362299	-0.999343	0	None	None
ChainingRodShaped	5488	2.08666	0.5	-4.24036	33.9504	0	0.459421	0.888219	0	None	None
ChainingRodShaped	5372	2.28278	0.5	21.084	33.5991	0	-0.0117313	-0.999931	0	None	None
ChainingRodShaped	4691	3.84639	0.5	34.9332	55.6508	0	0.629049	-0.777365	0	None	5229
ChainingRodShaped	5484	2.11564	0.5	-10.599	46.9044	0	-0.999968	-0.00805881	0	None	None
ChainingRodShaped	4695	4.73458	0.5	-32.3636	32.7673	0	0.852906	0.522065	0	None	5125
ChainingRodShaped	5262	3.45127	0.5	10.7961	35.9175	0	0.899532	-0.436855	0	None	None
ChainingRodShaped	4699	4.0704	0.5	-6.50234	61.0639	0	0.758737	-0.651397	0	None	5513
ChainingRodShaped	5108	4.9208	0.5	-14.0073	38.3719	0	-0.525786	-0.850617	0	None	None
ChainingRodShaped	5210	3.93256	0.5	23.6497	46.6315	0	0.327522	-0.944843	0	None	None
ChainingRodShaped	5480	2.12078	0.5	-9.13451	32.4047	0	-0.935526	-0.353257	0	None	None
ChainingRodShaped	4998	3.42585	0.5	25.313	24.9329	0	-0.231052	0.972941	0	None	None
ChainingRodShaped	5398	2.54026	0.5	-6.56969	48.1231	0	-0.0364725	-0.999335	0	None	None
ChainingRodShaped	5142	3.81161	0.5	-24.5083	36.4433	0	0.859834	0.510574	0	None	None
ChainingRodShaped	5102	4.75712	0.5	17.4539	26.2535	0	-0.459114	-0.888378	0	None	None
ChainingRodShaped	5506	2.02237	0.5	18.4892	34.4137	0	-0.245155	-0.969484	0	None	None
ChainingRodShaped	5490	2.09301	0.5	16.841	22.7306	0	-0.742465	-0.669885	0	None	None
ChainingRodShaped	4719	4.8343	0.5	4.06773	37.0483	0	-0.527276	-0.849694	0	None	None
ChainingRodShaped	5024	3.26602	0.5	-14.6131	55.8597	0	0.396615	-0.917985	0	None	None
ChainingRodShaped	5094	3.78365	0.5	-5.01359	51.0741	0	-0.297179	-0.954822	0	None	None
ChainingRodShaped	5318	2.88171	0.5	-36.3226	57.3397	0	-0.661806	-0.749675	0	None	None
ChainingRodShaped	5068	3.69968	0.5	29.2628	49.3552	0	0.63605	-0.771648	0	None	None
ChainingRodShaped	5346	2.76346	0.5	2.24484	50.976	0	0.0491726	0.99879	0	None	None
ChainingRodShaped	5414	2.40175	0.5	-22.7486	51.887	0	0.910477	-0.413559	0	None	None
ChainingRodShaped	5324	2.79072	0.5	-2.12147	40.3797	0	-0.203999	0.978971	0	None	None
ChainingRodShaped	5438	2.20388	0.5	10.1428	13.3809	0	-0.989558	0.144134	0	5439	4734
ChainingRodShaped	4988	4.66239	0.5	-8.57149	33.6855	0	-0.927064	-0.374904	0	None	None
ChainingRodShaped	5016	3.46341	0.5	32.5011	43.6441	0	0.950296	-0.311347	0	None	None
ChainingRodShaped	5128	3.68789	0.5	29.0045	25.7852	0	-0.932745	-0.360536	0	None	None
ChainingRodShaped	5272	2.58499	0.5	22.0486	45.5569	0	0.0062423	-0.999981	0	5273	4742
ChainingRodShaped	5186	2.8524	0.5	9.84601	23.3883	0	-0.94052	-0.339739	0	None	None
ChainingRodShaped	5306	3.30903	0.5	9.27621	48.7344	0	0.221895	-0.975071	0	None	None
ChainingRodShaped	4749	4.85309	0.5	-20.9446	22.2418	0	0.869758	0.493479	0	None	None
ChainingRodShaped	5156	3.96429	0.5	-37.7503	53.4976	0	0.0579011	-0.998322	0	None	None
ChainingRodShaped	5402	2.62221	0.5	-11.9569	53.7401	0	0.79148	-0.611196	0	None	None
ChainingRodShaped	4755	4.75236	0.5	18.1687	19.2705	0	0.65442	-0.756131	0	None	None
ChainingRodShaped	5354	2.53564	0.5	-3.10445	40.4422	0	-0.213793	0.976879	0	None	None
ChainingRodShaped	5308	2.74702	0.5	12.9949	45.3689	0	-0.203802	0.979012	0	5309	4758
ChainingRodShaped	5344	2.48535	0.5	0.974505	50.7675	0	0.271455	0.962451	0	None	None
ChainingRodShaped	4763	4.64042	0.5	-16.9236	26.0969	0	0.634253	0.773125	0	None	None
ChainingRodShaped	5502	2.0185	0.5	21.9952	56.9251	0	-0.345792	-0.938311	0	5503	5341
ChainingRodShaped	5046	3.34894	0.5	-11.8109	42.9687	0	0.340015	0.94042	0	None	None
ChainingRodShaped	4769	4.61957	0.5	14.2941	47.0677	0	0.0868308	-0.996223	0	5088	4768
ChainingRodShaped	5070	4.44965	0.5	36.975	38.7425	0	0.811924	-0.583763	0	None	None
ChainingRodShaped	5180	3.88587	0.5	-9.36166	34.3897	0	-0.930632	-0.365956	0	None	None
ChainingRodShaped	5316	2.72399	0.5	-24.2405	58.0571	0	-0.903644	0.428285	0	None	None
ChainingRodShaped	5162	3.11844	0.5	39.132	46.6045	0	-0.37442	0.927259	0	None	None
ChainingRodShaped	5054	3.31001	0.5	9.22111	37.7637	0	-0.899457	0.437009	0	None	None
ChainingRodShaped	4781	4.36103	0.5	-22.1421	48.3758	0	0.97296	-0.230972	0	None	4780
ChainingRodShaped	4783	4.65015	0.5	-34.5586	47.0618	0	0.904539	-0.42639	0	None	None
ChainingRodShaped	4785	4.79409	0.5	7.88729	40.6799	0	0.893507	-0.44905	0	None	None
ChainingRodShaped	4787	3.85375	0.5	-2.37546	31.3454	0	-0.458551	-0.888668	0	5430	4786
ChainingRodShaped	5190	4.46736	0.5	-21.3419	32.1405	0	0.995234	-0.0975182	0	None	None
ChainingRodShaped	5206	3.85718	0.5	28.3389	34.0595	0	-0.126141	-0.992012	0	None	None
ChainingRodShaped	5428	2.41678	0.5	-31.2362	26.7144	0	0.996998	-0.077425	0	None	None
ChainingRodShaped	5204	3.49081	0.5	-42.488	54.4908	0	-0.903094	-0.429442	0	None	None
ChainingRodShaped	5136	4.09516	0.5	-18.7028	44.6146	0	-0.77073	0.637162	0	None	None
ChainingRodShaped	4799	4.87177	0.5	-7.32403	39.3081	0	-0.0301066	-0.999547	0	None	None
ChainingRodShaped	5230	2.97082	0.5	-26.3046	39.8391	0	0.849814	0.527083	0	None	None
ChainingRodShaped	5238	3.00767	0.5	15.3545	11.6883	0	0.739067	0.673632	0	None	None
ChainingRodShaped	5384	2.35222	0.5	-32.0905	56.8526	0	-0.0902248	-0.995921	0	None	None
ChainingRodShaped	4807	4.09387	0.5	-11.0524	25.5507	0	-0.210894	-0.977509	0	None	4806
ChainingRodShaped	4809	3.5768	0.5	-21.6367	53.5701	0	0.906284	-0.42267	0	5020	4808
ChainingRodShaped	4811	4.42932	0.5	22.0688	35.5368	0	-0.0104774	-0.999945	0	4742	5397
ChainingRodShaped	4813	3.76525	0.5	28.5765	27.1128	0	0.832903	0.553419	0	None	4812
ChainingRodShaped	5290	3.39323	0.5	-29.2139	52.1041	0	0.785637	-0.618687	0	None	None
ChainingRodShaped	5338	2.83196	0.5	12.2137	16.5975	0	-0.374958	0.927042	0	None	None
ChainingRodShaped	5134	4.65028	0.5	31.5658	32.6579	0	0.041542	-0.999137	0	None	None
ChainingRodShaped	5352	2.70491	0.5	-9.70072	37.7689	0	0.318359	-0.94797	0	None	None
ChainingRodShaped	5462	2.2542	0.5	-33.586	28.7734	0	0.939768	0.341812	0	None	None
ChainingRodShaped	5326	2.74	0.5	18.9129	23.7533	0	-0.489406	-0.872056	0	None	None
ChainingRodShaped	4827	4.9148	0.5	-18.848	54.8868	0	0.98666	0.162794	0	None	None
ChainingRodShaped	5362	2.5111	0.5	-21.3454	27.8429	0	0.916831	-0.399275	0	None	None
ChainingRodShaped	5138	4.22358	0.5	4.96668	42.371	0	0.440588	0.897709	0	None	None
ChainingRodShaped	5374	2.32527	0.5	-35.4623	46.4144	0	-0.90012	0.435641	0	5375	4832
ChainingRodShaped	5416	2.24543	0.5	-41.6332	48.4256	0	0.889555	-0.456828	0	None	None
ChainingRodShaped	5376	2.35801	0.5	9.7971	31.908	0	-0.797048	-0.603916	0	5377	4836
ChainingRodShaped	4839	4.75146	0.5	-1.71079	47.0382	0	-0.94649	-0.322734	0	None	None
ChainingRodShaped	4841	4.05095	0.5	1.21547	14.6039	0	-0.991834	0.127533	0	4734	4840
ChainingRodShaped	4843	4.73893	0.5	13.735	20.1189	0	0.85134	-0.524615	0	None	None
ChainingRodShaped	5424	2.46377	0.5	34.2577	45.1513	0	-0.6807	0.732563	0	None	None
ChainingRodShaped	5208	2.72594	0.5	18.6023	21.4433	0	-0.964948	0.26244	0	None	None
ChainingRodShaped	4849	3.34753	0.5	-24.8093	41.6011	0	-0.914588	0.404387	0	None	4848
ChainingRodShaped	5328	2.96071	0.5	24.1935	50.4469	0	0.438795	-0.898587	0	None	None
ChainingRodShaped	5252	2.74373	0.5	27.1256	57.9	0	0.323718	-0.946154	0	None	None
ChainingRodShaped	4855	3.9221	0.5	-14.9999	22.3753	0	0.56038	0.828236	0	None	None
ChainingRodShaped	4857	3.34123	0.5	0.120422	32.5761	0	-0.529844	-0.848095	0	5066	4856
ChainingRodShaped	4859	3.49056	0.5	-13.2009	15.3666	0	-0.196232	-0.980558	0	4806	4858
ChainingRodShaped	4861	3.2616	0.5	21.7763	24.1512	0	-0.035392	-0.999374	0	5396	4860
ChainingRodShaped	4863	3.91293	0.5	-14.7111	24.6661	0	-0.867008	-0.498294	0	None	4862
ChainingRodShaped	5320	2.53743	0.5	12.5858	42.4933	0	0.200784	-0.979635	0	None	None
ChainingRodShaped	4867	3.8459	0.5	-17.6979	52.8168	0	0.908431	-0.418035	0	None	None
ChainingRodShaped	5494	2.04753	0.5	4.4569	45.671	0	-0.413545	-0.910483	0	5495	4868
ChainingRodShaped	5242	3.64422	0.5	23.6287	39.5682	0	0.316358	-0.94864	0	None	None
ChainingRodShaped	5446	2.31702	0.5	-39.5025	49.5601	0	0.889477	-0.456981	0	None	None
ChainingRodShaped	5270	2.89251	0.5	-27.6744	48.2095	0	-0.91205	0.410078	0	None	None
ChainingRodShaped	5464	2.18985	0.5	25.1747	43.1177	0	0.0818141	-0.996648	0	None	None
ChainingRodShaped	5432	2.47297	0.5	10.0593	28.7118	0	-0.09126	-0.995827	0	None	None
ChainingRodShaped	4881	3.89125	0.5	-36.5455	52.2021	0	-0.15751	-0.987517	0	None	None
ChainingRodShaped	4883	4.12144	0.5	0.127871	45.099	0	-0.99537	-0.0961134	0	None	None
ChainingRodShaped	4885	4.28091	0.5	-36.1847	25.7422	0	0.927357	-0.374177	0	None	None
ChainingRodShaped	5336	2.78973	0.5	16.6107	34.8653	0	-0.241806	-0.970325	0	None	None
ChainingRodShaped	5258	3.63634	0.5	-1.21654	21.8119	0	-0.764793	-0.644276	0	None	None
ChainingRodShaped	4891	4.07072	0.5	5.21953	37.0934	0	0.524398	0.851473	0	None	None
ChainingRodShaped	4893	3.64729	0.5	18.0473	48.9363	0	-0.334548	-0.942379	0	4567	4892
ChainingRodShaped	4895	4.95551	0.5	-8.44543	21.9911	0	0.474861	0.880061	0	None	4894
ChainingRodShaped	5380	2.62332	0.5	5.26661	27.1283	0	-0.780689	-0.62492	0	None	None
ChainingRodShaped	4899	3.37021	0.5	49.2757	38.1529	0	0.634434	-0.772977	0	4986	4898
ChainingRodShaped	4901	4.61276	0.5	40.4457	40.684	0	-0.985172	-0.17157	0	None	None
ChainingRodShaped	4903	3.91521	0.5	-27.2102	25.7803	0	0.950659	-0.310237	0	None	None
ChainingRodShaped	4905	4.8534	0.5	23.0169	33.6063	0	-0.00886222	-0.999961	0	None	None
ChainingRodShaped	4907	3.69305	0.5	5.91486	36.4027	0	0.519887	0.854235	0	None	None
ChainingRodShaped	5358	2.63675	0.5	-31.0425	46.526	0	0.913585	-0.406648	0	None	None
ChainingRodShaped	5256	3.44952	0.5	-17.5841	39.4966	0	0.847489	0.530813	0	None	None
ChainingRodShaped	4913	4.63717	0.5	-44.3616	51.0188	0	-0.879037	0.476753	0	4832	4912
ChainingRodShaped	4915	4.51652	0.5	17.4777	28.4076	0	-0.462893	-0.886414	0	None	None
ChainingRodShaped	5342	2.59157	0.5	-26.8812	31.1231	0	0.952283	0.305216	0	None	None
ChainingRodShaped	5400	2.45896	0.5	-16.8835	22.2723	0	0.860858	0.508844	0	None	None
ChainingRodShaped	4921	4.66593	0.5	37.2731	54.3599	0	-0.629344	0.777127	0	4577	4920
ChainingRodShaped	5366	2.39837	0.5	-25.1839	20.5758	0	0.958522	0.285019	0	None	None
ChainingRodShaped	5450	2.15134	0.5	-8.69776	28.2238	0	-0.339442	-0.940627	0	None	None
ChainingRodShaped	4927	3.87804	0.5	-22.3741	43.3973	0	-0.461198	0.887297	0	None	None
ChainingRodShaped	5426	2.28441	0.5	7.32248	17.9594	0	-0.472999	0.881063	0	None	None
ChainingRodShaped	4931	3.86315	0.5	29.5575	39.4415	0	0.956285	-0.292435	0	None	None
ChainingRodShaped	4933	2.98239	0.5	0.674448	39.7678	0	0.425719	0.904856	0	4962	4932
ChainingRodShaped	4935	4.01052	0.5	4.85202	23.0561	0	-0.781666	-0.623697	0	None	None
ChainingRodShaped	4937	3.94827	0.5	-19.9492	40.3339	0	0.855462	0.517865	0	5124	4936
ChainingRodShaped	4939	4.86718	0.5	-27.2215	23.3203	0	0.996077	0.0884959	0	None	None
ChainingRodShaped	4941	3.10203	0.5	-31.9171	34.193	0	0.854769	0.519009	0	None	4940
ChainingRodShaped	4943	4.19014	0.5	30.5191	40.1586	0	0.954704	-0.297557	0	None	None
ChainingRodShaped	4945	3.66327	0.5	5.19995	33.6427	0	0.99347	-0.114097	0	None	None
ChainingRodShaped	4947	4.20529	0.5	-26.3438	52.3172	0	0.503754	-0.863847	0	None	None
ChainingRodShaped	4949	3.05552	0.5	42.4648	36.227	0	0.839201	0.543822	0	5200	4948
ChainingRodShaped	4951	4.27588	0.5	-15.2564	38.1831	0	-0.525496	-0.850796	0	None	None
ChainingRodShaped	4953	4.49511	0.5	-3.74527	32.8513	0	0.450521	0.892766	0	None	None
ChainingRodShaped	4955	4.0588	0.5	3.88555	48.7035	0	0.0285244	0.999593	0	None	None
ChainingRodShaped	5412	2.39529	0.5	23.4522	17.9564	0	-0.95521	-0.29593	0	None	None
ChainingRodShaped	4959	4.86374	0.5	25.9792	38.7124	0	0.22024	-0.975446	0	None	None
ChainingRodShaped	5492	2.0821	0.5	4.21259	18.5039	0	-0.773747	0.633495	0	None	None
ChainingRodShaped	4963	3.53426	0.5	-3.57354	31.1345	0	0.459426	0.888216	0	4894	4962
ChainingRodShaped	4965	2.95655	0.5	28.8397	66.3238	0	0.385071	-0.922887	0	None	4964
ChainingRodShaped	4967	4.75186	0.5	23.7996	26.7692	0	-0.0321856	-0.999482	0	None	None
ChainingRodShaped	5394	2.39194	0.5	33.3186	36.6667	0	0.992292	-0.123924	0	None	None
ChainingRodShaped	4971	4.32636	0.5	31.7552	41.8227	0	0.952469	-0.304636	0	None	None
ChainingRodShaped	4973	3.62408	0.5	9.50578	40.9426	0	0.896555	-0.442933	0	None	None
ChainingRodShaped	5474	2.12064	0.5	12.5826	25.6112	0	-0.915608	0.402073	0	None	None
ChainingRodShaped	4977	4.69118	0.5	-28.1289	47.359	0	0.910466	-0.413584	0	None	None
ChainingRodShaped	5418	2.32366	0.5	-14.2461	48.1727	0	-0.937686	-0.347485	0	None	None
ChainingRodShaped	5348	2.38449	0.5	27.4077	49.6046	0	0.81635	-0.577557	0	None	None
ChainingRodShaped	4983	3.4991	0.5	9.51774	16.6367	0	-0.62589	0.779912	0	None	None
ChainingRodShaped	4985	3.94978	0.5	-25.3414	29.5495	0	0.951717	0.306976	0	None	None
ChainingRodShaped	4987	3.88622	0.5	42.8901	45.8983	0	0.635651	-0.771976	0	5228	4986
ChainingRodShaped	4989	4.68395	0.5	-5.47894	37.3301	0	-0.0400764	-0.999197	0	None	None
ChainingRodShaped	4991	4.45341	0.5	33.0517	49.3539	0	-0.629233	0.777217	0	None	None
ChainingRodShaped	4993	3.56722	0.5	5.69748	46.0608	0	-0.432372	-0.901695	0	None	None
ChainingRodShaped	5508	2.01692	0.5	-20.0166	33.8367	0	0.516503	-0.856285	0	None	None
ChainingRodShaped	4997	2.83669	0.5	-24.8538	38.4844	0	0.854365	0.519673	0	4940	4996
ChainingRodShaped	5500	2.04557	0.5	27.9048	22.6098	0	-0.741069	-0.671429	0	None	None
ChainingRodShaped	5001	3.80563	0.5	-12.8775	56.8625	0	0.399534	-0.916719	0	None	None
ChainingRodShaped	5003	3.47302	0.5	-4.05788	36.8433	0	0.33447	0.942406	0	None	None
ChainingRodShaped	5005	4.70141	0.5	24.3942	41.4315	0	0.171855	-0.985122	0	None	None
ChainingRodShaped	5007	3.98743	0.5	-9.12009	53.622	0	0.405596	-0.914053	0	None	None
ChainingRodShaped	5009	4.20335	0.5	-17.9154	56.4837	0	0.990488	-0.137601	0	None	None
ChainingRodShaped	5011	3.81296	0.5	-28.4115	28.2978	0	0.941389	-0.337324	0	None	None
ChainingRodShaped	5013	4.49622	0.5	-4.44065	53.8547	0	-0.997328	-0.0730486	0	None	None
ChainingRodShaped	5015	4.63275	0.5	20.2522	37.9281	0	-0.243645	-0.969864	0	None	None
ChainingRodShaped	5017	4.34867	0.5	28.6916	42.7375	0	0.570757	0.821119	0	None	None
ChainingRodShaped	5470	2.22301	0.5	19.3713	27.6271	0	-0.550983	-0.834517	0	None	None
ChainingRodShaped	5021	3.34908	0.5	-29.4974	57.2661	0	0.904255	-0.426994	0	None	5020
ChainingRodShaped	5023	4.92608	0.5	30.1059	25.1516	0	-0.932304	-0.361677	0	None	None
ChainingRodShaped	5025	3.78752	0.5	-15.7255	58.4325	0	-0.837705	-0.546123	0	None	None
ChainingRodShaped	5027	2.95129	0.5	21.5945	52.5009	0	-0.216228	-0.976343	0	None	5026
ChainingRodShaped	5029	3.73328	0.5	16.9168	39.977	0	0.332659	0.943047	0	None	None
ChainingRodShaped	5031	4.01258	0.5	-38.7095	51.4487	0	-0.486709	0.873564	0	None	None
ChainingRodShaped	5033	3.95407	0.5	-47.4354	45.1805	0	0.606708	-0.794924	0	5042	5032
ChainingRodShaped	5035	4.95264	0.5	-27.4893	55.233	0	0.90523	-0.424923	0	None	None
ChainingRodShaped	5037	3.34249	0.5	31.167	54.1312	0	-0.743826	-0.668374	0	None	None
ChainingRodShaped	5039	3.4525	0.5	28.725	59.1813	0	-0.242822	-0.970071	0	None	None
ChainingRodShaped	5041	4.48512	0.5	-1.97204	49.4976	0	-0.850361	-0.526199	0	None	None
ChainingRodShaped	5043	3.22175	0.5	-52.8558	52.1553	0	0.620307	-0.784359	0	4635	5042
ChainingRodShaped	5045	4.34241	0.5	-38.3328	58.6866	0	-0.924286	-0.3817	0	None	None
ChainingRodShaped	5047	3.4672	0.5	-13.1741	37.8899	0	0.524988	0.85111	0	None	None
ChainingRodShaped	5049	3.54418	0.5	-24.7026	22.3088	0	0.829062	0.559157	0	None	None
ChainingRodShaped	5051	3.19874	0.5	-12.8946	49.5289	0	0.90823	-0.418472	0	4808	5050
ChainingRodShaped	5053	4.65976	0.5	13.5362	26.66	0	-0.6715	0.741005	0	None	None
ChainingRodShaped	5055	4.29152	0.5	13.521	35.6655	0	-0.903854	0.427841	0	None	None
ChainingRodShaped	5057	4.99617	0.5	-15.4531	45.8102	0	-0.972973	0.230918	0	None	None
ChainingRodShaped	5059	3.62809	0.5	-32.3595	36.1267	0	0.763407	0.645918	0	None	None
ChainingRodShaped	5061	4.46913	0.5	35.6897	45.0509	0	-0.681975	0.731376	0	None	None
ChainingRodShaped	5063	3.78142	0.5	-13.1735	20.3278	0	0.209793	0.977746	0	5202	5062
ChainingRodShaped	5065	3.78731	0.5	-2.07924	23.6344	0	0.767019	0.641625	0	5098	5064
ChainingRodShaped	5067	3.21114	0.5	4.47659	39.53	0	-0.532168	-0.846639	0	None	5066
ChainingRodShaped	5069	3.54971	0.5	25.8406	52.2467	0	0.719555	-0.694435	0	None	None
ChainingRodShaped	5452	2.18339	0.5	33.1497	40.3469	0	0.951453	-0.307793	0	None	None
ChainingRodShaped	5073	3.82183	0.5	-16.0364	25.6523	0	0.638096	0.769957	0	None	None
ChainingRodShaped	5075	4.69744	0.5	-31.0684	32.3199	0	0.866373	0.499397	0	None	None
ChainingRodShaped	5077	3.57305	0.5	-14.1139	29.2947	0	0.957301	0.289094	0	None	None
ChainingRodShaped	5079	3.86793	0.5	13.9926	17.5891	0	0.423516	-0.905889	0	None	None
ChainingRodShaped	5081	3.29984	0.5	-15.3146	42.0161	0	-0.856727	-0.51577	0	None	None
ChainingRodShaped	5083	3.85179	0.5	-3.79592	54.8941	0	-0.997316	-0.0732144	0	None	None
ChainingRodShaped	5085	4.62331	0.5	-10.9948	42.4003	0	-0.333164	-0.942869	0	None	None
ChainingRodShaped	5087	3.14813	0.5	10.9288	54.7151	0	-0.224951	0.97437	0	4758	5086
ChainingRodShaped	5089	2.81273	0.5	13.5226	56.0934	0	0.0840641	-0.99646	0	None	5088
ChainingRodShaped	5091	4.9061	0.5	31.0668	58.4127	0	0.386356	-0.92235	0	None	None
ChainingRodShaped	5093	4.87581	0.5	35.2773	48.1981	0	-0.377465	0.926024	0	None	None
ChainingRodShaped	5095	3.34473	0.5	-1.56291	50.9089	0	-0.847926	-0.530114	0	None	None
ChainingRodShaped	5097	3.25357	0.5	17.0158	32.4586	0	-0.232088	-0.972695	0	4621	5096
ChainingRodShaped	5099	2.70991	0.5	-8.33563	18.343	0	0.76107	0.64867	0	None	5098
ChainingRodShaped	5101	3.40997	0.5	2.38299	26.0626	0	-0.77495	-0.632023	0	4836	5100
ChainingRodShaped	5103	3.98966	0.5	19.6614	31.0386	0	-0.235826	-0.971795	0	None	None
ChainingRodShaped	5105	3.61194	0.5	50.2941	38.4727	0	-0.635821	0.771837	0	None	5104
ChainingRodShaped	5107	4.20729	0.5	39.0655	44.1108	0	-0.373993	0.927432	0	None	None
ChainingRodShaped	5109	4.44555	0.5	-12.8452	42.9354	0	-0.346854	-0.937919	0	None	None
ChainingRodShaped	5111	3.19603	0.5	-29.6021	54.9183	0	0.778687	-0.627413	0	None	None
ChainingRodShaped	5113	3.30813	0.5	-33.2725	57.8164	0	-0.537772	-0.843091	0	None	None
ChainingRodShaped	5115	3.09045	0.5	19.9747	40.823	0	-0.235145	-0.97196	0	None	None
ChainingRodShaped	5117	4.27703	0.5	-35.449	56.8441	0	-0.662922	-0.748688	0	None	None
ChainingRodShaped	5119	4.73853	0.5	-9.9929	35.1641	0	-0.934125	-0.356946	0	None	None
ChainingRodShaped	5121	2.88328	0.5	0.352629	26.9281	0	0.77382	0.633405	0	5334	5120
ChainingRodShaped	5123	3.73137	0.5	4.763	29.2229	0	0.781817	0.623508	0	5064	5122
ChainingRodShaped	5125	3.61372	0.5	-27.9526	35.4676	0	0.852876	0.522113	0	4695	5124
ChainingRodShaped	5127	3.41094	0.5	26.0767	46.7304	0	0.465187	-0.885212	0	None	None
ChainingRodShaped	5129	3.2601	0.5	33.1222	27.7562	0	-0.835926	-0.548843	0	None	None
ChainingRodShaped	5131	4.38296	0.5	-20.0122	49.5257	0	-0.998007	-0.0630959	0	None	None
ChainingRodShaped	5133	4.10725	0.5	17.4785	14.3988	0	0.857617	-0.514289	0	None	None
ChainingRodShaped	5135	4.54352	0.5	34.2905	32.8309	0	-0.73773	-0.675095	0	None	None
ChainingRodShaped	5137	3.07539	0.5	-19.2261	43.5007	0	-0.648331	0.761359	0	None	None
ChainingRodShaped	5139	3.21835	0.5	1.8143	37.1763	0	0.540798	0.841153	0	None	None
ChainingRodShaped	5141	3.65429	0.5	9.0242	45.5095	0	0.230564	-0.973057	0	None	None
ChainingRodShaped	5143	3.26466	0.5	-26.5529	34.354	0	0.94969	0.313191	0	None	None
ChainingRodShaped	5145	3.26496	0.5	9.95215	19.1298	0	-0.0808732	0.996724	0	None	None
ChainingRodShaped	5147	3.02635	0.5	-28.197	17.0093	0	-0.871726	-0.489993	0	5454	5146
ChainingRodShaped	5149	2.86387	0.5	1.42431	54.2386	0	0.755768	-0.654839	0	5512	5148
ChainingRodShaped	5151	2.9024	0.5	-5.04504	44.5545	0	0.979404	-0.201912	0	5174	5150
ChainingRodShaped	5153	4.07887	0.5	-3.33072	42.6591	0	-0.996939	-0.0781865	0	None	None
ChainingRodShaped	5155	4.34684	0.5	-13.2583	31.6508	0	-0.99271	-0.120529	0	None	None
ChainingRodShaped	5157	3.63563	0.5	-38.0574	56.8648	0	-0.662098	-0.749418	0	None	None
ChainingRodShaped	5159	4.44041	0.5	-16.0331	53.1312	0	0.911789	-0.41066	0	None	None
ChainingRodShaped	5161	3.5834	0.5	13.6542	23.5777	0	-0.838956	0.544199	0	None	None
ChainingRodShaped	5163	3.87284	0.5	41.6436	43.0911	0	-0.806601	0.591096	0	None	None
ChainingRodShaped	5165	3.53988	0.5	15.2959	14.4751	0	-0.881921	0.471397	0	None	None
ChainingRodShaped	5167	3.04889	0.5	36.8883	46.8525	0	0.37544	-0.926846	0	5294	5166
ChainingRodShaped	5169	3.2835	0.5	7.70274	26.579	0	-0.773918	-0.633286	0	None	None
ChainingRodShaped	5171	4.29494	0.5	17.4002	18.6084	0	0.666648	-0.745373	0	None	None
ChainingRodShaped	5173	2.93926	0.5	12.555	12.0213	0	0.989329	-0.145698	0	None	None
ChainingRodShaped	5175	2.73506	0.5	-13.0772	46.2629	0	0.975721	-0.219019	0	4780	5174
ChainingRodShaped	5177	3.12123	0.5	10.1532	49.2781	0	0.217388	-0.976085	0	None	None
ChainingRodShaped	5179	3.10344	0.5	-1.13566	40.3203	0	-0.194204	0.980961	0	None	None
ChainingRodShaped	5181	4.50138	0.5	-6.41506	37.8804	0	-0.0397229	-0.999211	0	None	None
ChainingRodShaped	5183	2.81915	0.5	-10.3539	20.6807	0	0.337273	0.941407	0	None	5182
ChainingRodShaped	5185	4.41136	0.5	26.4739	48.0878	0	0.459822	-0.888011	0	None	None
ChainingRodShaped	5187	4.27664	0.5	13.8534	22.2984	0	-0.84182	0.539758	0	None	None
ChainingRodShaped	5189	4.31287	0.5	16.5456	17.2511	0	0.855166	-0.518354	0	None	None
ChainingRodShaped	5191	4.26659	0.5	-22.4179	34.2944	0	0.816594	-0.577212	0	None	None
ChainingRodShaped	5193	4.40997	0.5	-17.7245	50.6927	0	-0.909721	0.41522	0	None	None
ChainingRodShaped	5195	3.90563	0.5	30.0765	32.0723	0	-0.234549	-0.972104	0	None	None
ChainingRodShaped	5197	3.2366	0.5	36.638	31.2473	0	-0.836093	-0.548588	0	None	None
ChainingRodShaped	5199	3.26388	0.5	9.00473	62.8877	0	-0.231892	0.972742	0	5086	5198
ChainingRodShaped	5201	3.02061	0.5	35.8884	31.9431	0	0.836285	0.548294	0	4812	5200
ChainingRodShaped	5203	2.76911	0.5	-14.852	12.4483	0	0.207371	0.978262	0	None	5202
ChainingRodShaped	5205	3.95472	0.5	-40.6677	53.995	0	-0.949638	-0.313348	0	None	None
ChainingRodShaped	5207	3.42263	0.5	28.8016	37.4674	0	0.525289	-0.850924	0	None	None
ChainingRodShaped	5209	3.4106	0.5	20.0386	23.7739	0	-0.481806	-0.876278	0	None	None
ChainingRodShaped	5211	4.12346	0.5	23.3305	50.0155	0	0.43794	-0.899004	0	None	None
ChainingRodShaped	5213	3.23537	0.5	-41.8053	37.6665	0	0.592852	-0.805311	0	5032	5212
ChainingRodShaped	5215	2.50661	0.5	8.16372	44.8923	0	-0.2287	0.973497	0	None	5214
ChainingRodShaped	5217	3.03195	0.5	-10.8967	17.4309	0	0.757075	0.653328	0	None	5216
ChainingRodShaped	5219	4.0502	0.5	24.7151	55.6519	0	-0.845039	0.534704	0	None	None
ChainingRodShaped	5221	3.84527	0.5	7.64273	22.1043	0	0.976044	-0.217574	0	None	None
ChainingRodShaped	5223	3.48669	0.5	12.416	38.3113	0	0.870438	-0.492277	0	None	None
ChainingRodShaped	5225	2.83467	0.5	-4.48293	20.3337	0	-0.762837	-0.64659	0	5100	5224
ChainingRodShaped	5227	3.07297	0.5	-42.5475	28.9216	0	0.77705	0.629439	0	5304	5226
ChainingRodShaped	5229	2.61305	0.5	37.5953	52.3672	0	0.63076	-0.775978	0	4691	5228
ChainingRodShaped	5231	3.51149	0.5	-30.2535	36.6257	0	0.770143	0.637872	0	None	None
ChainingRodShaped	5233	3.88242	0.5	28.2878	43.8485	0	0.566945	0.823756	0	None	None
ChainingRodShaped	5235	2.826	0.5	-45.3421	53.0711	0	-0.736261	0.676697	0	None	None
ChainingRodShaped	5237	2.41481	0.5	-31.1035	38.4774	0	0.764662	0.644432	0	5246	5236
ChainingRodShaped	5239	3.81354	0.5	15.8336	10.7092	0	0.716991	0.697082	0	None	None
ChainingRodShaped	5241	2.73076	0.5	36.0785	41.7915	0	-0.88154	0.47211	0	None	None
ChainingRodShaped	5243	3.36049	0.5	23.0223	43.9465	0	0.0166253	-0.999862	0	None	None
ChainingRodShaped	5245	3.18104	0.5	-12.0128	37.0568	0	-0.749258	-0.662278	0	None	None
ChainingRodShaped	5247	2.50427	0.5	-36.7328	33.712	0	0.764815	0.644251	0	5226	5246
ChainingRodShaped	5249	2.99531	0.5	-0.819135	46.0469	0	-0.989196	-0.146597	0	None	None
ChainingRodShaped	5251	2.94268	0.5	-34.3209	50.5742	0	0.980879	-0.194617	0	None	None
ChainingRodShaped	5253	3.266	0.5	28.134	60.9148	0	-0.245463	-0.969406	0	None	None
ChainingRodShaped	5255	2.63256	0.5	40.0001	37.4036	0	0.557207	0.830374	0	None	None
ChainingRodShaped	5257	2.8559	0.5	-21.1104	37.3493	0	0.846915	0.531729	0	None	None
ChainingRodShaped	5259	3.28396	0.5	2.20435	24.6526	0	-0.771632	-0.636069	0	None	None
ChainingRodShaped	5261	3.60322	0.5	1.64275	22.9267	0	-0.7716	-0.636108	0	None	None
ChainingRodShaped	5263	3.39857	0.5	6.78095	35.9908	0	0.515414	0.856941	0	None	None
ChainingRodShaped	5265	2.60558	0.5	-32.8158	30.1025	0	0.939772	0.341802	0	5310	5264
ChainingRodShaped	5267	2.6004	0.5	-13.6697	26.7432	0	0.724058	0.689739	0	None	None
ChainingRodShaped	5269	2.41198	0.5	19.7876	44.3162	0	-0.219836	-0.975537	0	5026	5268
ChainingRodShaped	5271	2.72252	0.5	-23.6567	47.4988	0	-0.887656	0.460507	0	None	None
ChainingRodShaped	5273	2.59603	0.5	22.0319	49.1433	0	0.00318006	-0.999995	0	None	5272
ChainingRodShaped	5275	3.18713	0.5	-21.2768	55.4858	0	-0.987131	-0.159917	0	None	None
ChainingRodShaped	5277	2.94305	0.5	-7.72237	28.0717	0	0.332335	0.943162	0	5182	5276
ChainingRodShaped	5279	3.14927	0.5	-13.6197	50.9474	0	0.907106	-0.420903	0	None	None
ChainingRodShaped	5281	2.96798	0.5	-32.487	54.6704	0	0.794975	-0.606642	0	None	None
ChainingRodShaped	5283	3.27356	0.5	7.86879	27.9673	0	-0.774923	-0.632055	0	None	None
ChainingRodShaped	5285	3.36658	0.5	-27.3349	45.2374	0	0.98277	-0.184832	0	None	None
ChainingRodShaped	5287	2.87776	0.5	5.24705	57.2091	0	-0.232527	0.97259	0	4538	5286
ChainingRodShaped	5289	3.36493	0.5	6.81825	44.0622	0	0.0938461	0.995587	0	None	None
ChainingRodShaped	5291	3.40385	0.5	-31.3964	52.5775	0	0.782069	-0.623192	0	None	None
ChainingRodShaped	5293	2.96131	0.5	22.7442	24.0804	0	-0.02834	-0.999598	0	None	None
ChainingRodShaped	5295	2.37514	0.5	34.1983	53.4469	0	0.380647	-0.92472	0	4600	5294
ChainingRodShaped	5297	3.20278	0.5	-11.689	36.0473	0	-0.752917	-0.658115	0	None	None
ChainingRodShaped	5299	3.2589	0.5	-10.9152	55.0558	0	0.445814	-0.895126	0	None	None
ChainingRodShaped	5301	2.59242	0.5	-8.2158	41.956	0	-0.0239353	-0.999714	0	None	None
ChainingRodShaped	5303	2.87265	0.5	7.20617	39.6095	0	0.971129	-0.238555	0	None	None
ChainingRodShaped	5305	2.79098	0.5	-48.5529	24.0797	0	0.778866	0.62719	0	None	5304
ChainingRodShaped	5307	2.66852	0.5	7.93578	50.1835	0	0.224499	-0.974474	0	None	None
ChainingRodShaped	5309	2.45926	0.5	13.7134	41.8482	0	-0.196093	0.980585	0	None	5308
ChainingRodShaped	5311	2.60911	0.5	-39.3228	27.6459	0	0.931511	0.363712	0	4643	5310
ChainingRodShaped	5313	2.45853	0.5	33.4667	38.059	0	0.910909	-0.412607	0	None	None
ChainingRodShaped	5315	3.21173	0.5	-23.3354	31.1945	0	0.896946	-0.442139	0	None	None
ChainingRodShaped	5317	3.12816	0.5	-21.1339	58.0625	0	-0.975657	0.219301	0	None	None
ChainingRodShaped	5319	3.00339	0.5	-33.9768	60.464	0	-0.492989	-0.870035	0	None	None
ChainingRodShaped	5321	2.58314	0.5	11.1072	45.6032	0	0.426268	-0.904597	0	None	None
ChainingRodShaped	5323	2.53498	0.5	-24.1305	50.1948	0	0.784813	0.619733	0	None	None
ChainingRodShaped	5325	2.47338	0.5	-1.92833	36.9209	0	0.341609	0.939842	0	None	None
ChainingRodShaped	5327	2.77135	0.5	20.5212	27.1566	0	-0.319906	-0.947449	0	None	None
ChainingRodShaped	5329	2.96055	0.5	22.8902	54.1843	0	0.0202076	-0.999796	0	None	None
ChainingRodShaped	5331	2.82838	0.5	23.602	37.0005	0	0.481382	-0.876511	0	None	None
ChainingRodShaped	5333	2.64591	0.5	-18.1993	36.5413	0	0.133486	-0.991051	0	None	None
ChainingRodShaped	5335	2.58423	0.5	-5.08102	22.3992	0	0.763304	0.64604	0	5216	5334
ChainingRodShaped	5337	2.59345	0.5	17.482	38.4403	0	-0.239664	-0.970856	0	None	None
ChainingRodShaped	5339	2.64076	0.5	14.417	13.8405	0	-0.88659	0.462556	0	None	None
ChainingRodShaped	5341	2.33648	0.5	20.9036	53.9446	0	-0.342048	-0.939683	0	5502	5340
ChainingRodShaped	5343	2.74804	0.5	-30.3144	29.9545	0	0.939662	0.342104	0	None	None
ChainingRodShaped	5345	2.7873	0.5	1.52908	47.6032	0	-0.0758007	0.997123	0	None	None
ChainingRodShaped	5347	2.8056	0.5	2.7576	47.5822	0	0.114895	0.993378	0	None	None
ChainingRodShaped	5349	2.58339	0.5	24.8149	51.8886	0	0.715075	-0.699047	0	None	None
ChainingRodShaped	5351	2.81657	0.5	-0.622113	19.7388	0	-0.0954961	-0.99543	0	None	None
ChainingRodShaped	5353	2.50263	0.5	-9.20745	40.6442	0	-0.0339334	-0.999424	0	None	None
ChainingRodShaped	5355	2.64068	0.5	-2.94051	37.0323	0	0.33769	0.941258	0	None	None
ChainingRodShaped	5357	2.60503	0.5	-16.5484	19.4252	0	0.998163	0.0605882	0	None	None
ChainingRodShaped	5359	2.89974	0.5	-34.431	48.0775	0	0.90462	-0.426218	0	None	None
ChainingRodShaped	5361	2.50563	0.5	-32.5979	25.7994	0	0.998466	-0.0553747	0	None	None
ChainingRodShaped	5363	2.54493	0.5	-24.6588	28.1626	0	0.990536	-0.137254	0	None	None
ChainingRodShaped	5365	2.34286	0.5	24.4551	66.3885	0	-0.350005	-0.936748	0	None	5364
ChainingRodShaped	5367	2.63244	0.5	-27.6157	22.2924	0	0.995673	0.0929285	0	None	None
ChainingRodShaped	5369	2.56062	0.5	-21.2893	24.4452	0	0.849152	0.528148	0	None	None
ChainingRodShaped	5371	2.67688	0.5	20.7025	17.7761	0	-0.558723	0.829355	0	None	None
ChainingRodShaped	5373	2.81993	0.5	20.9448	36.9228	0	-0.233936	-0.972252	0	None	None
ChainingRodShaped	5375	2.24963	0.5	-32.4985	45.0183	0	-0.909103	0.416571	0	4848	5374
ChainingRodShaped	5377	2.41515	0.5	12.4966	33.9339	0	-0.802144	-0.597131	0	None	5376
ChainingRodShaped	5379	2.69529	0.5	-15.0075	53.7516	0	0.911007	-0.41239	0	None	None
ChainingRodShaped	5381	2.59543	0.5	8.08085	29.3755	0	-0.7812	-0.624281	0	None	None
ChainingRodShaped	5383	2.30806	0.5	26.3709	34.2329	0	-0.114037	-0.993477	0	None	None
ChainingRodShaped	5385	2.78007	0.5	-31.6068	59.9854	0	0.646646	-0.76279	0	None	None
ChainingRodShaped	5387	2.43276	0.5	28.5785	47.7849	0	0.917259	-0.398291	0	None	None
ChainingRodShaped	5389	2.39453	0.5	31.9229	47.6284	0	-0.623777	0.781602	0	None	None
ChainingRodShaped	5391	2.54463	0.5	2.15979	32.6957	0	0.125863	-0.992048	0	None	None
ChainingRodShaped	5393	2.36333	0.5	-24.6962	44.9503	0	0.301578	-0.953441	0	None	None
ChainingRodShaped	5395	2.63365	0.5	30.5581	38.1219	0	0.956156	-0.292858	0	None	None
ChainingRodShaped	5397	2.3333	0.5	21.9988	31.1607	0	-0.0248032	-0.999692	0	4811	5396
ChainingRodShaped	5399	2.38385	0.5	-6.30059	51.551	0	-0.0990019	-0.995087	0	None	None
ChainingRodShaped	5401	2.69237	0.5	-19.9787	20.5055	0	0.868738	0.495273	0	None	None
ChainingRodShaped	5403	2.52354	0.5	-13.8604	56.6241	0	0.398017	-0.917378	0	None	None
ChainingRodShaped	5405	2.27167	0.5	12.9001	32.0965	0	-0.223361	-0.974736	0	None	None
ChainingRodShaped	5407	2.57491	0.5	15.1805	26.459	0	-0.588973	0.808153	0	None	None
ChainingRodShaped	5409	2.62942	0.5	-1.1	48.4003	0	-0.971049	-0.23888	0	None	None
ChainingRodShaped	5411	2.62391	0.5	-41.6873	47.3335	0	0.890411	-0.455157	0	None	None
ChainingRodShaped	5413	2.38371	0.5	25.2152	20.8596	0	-0.463285	-0.886209	0	None	None
ChainingRodShaped	5415	2.54143	0.5	-25.148	52.2497	0	0.508667	-0.860963	0	None	None
ChainingRodShaped	5417	2.37092	0.5	-44.5465	49.9845	0	0.879039	-0.47675	0	None	None
ChainingRodShaped	5419	2.32035	0.5	-12.504	47.6494	0	-0.97256	-0.232653	0	None	None
ChainingRodShaped	5421	2.47647	0.5	7.92876	19.4389	0	-0.86231	0.506381	0	None	None
ChainingRodShaped	5423	2.23508	0.5	-15.0243	40.4156	0	-0.506876	-0.862019	0	None	None
ChainingRodShaped	5425	2.29142	0.5	36.3573	42.7587	0	-0.882331	0.470629	0	None	None
ChainingRodShaped	5427	2.17691	0.5	9.23623	15.4	0	-0.625539	0.780193	0	None	None
ChainingRodShaped	5429	2.44954	0.5	-34.6446	26.7886	0	0.995899	0.0904736	0	None	None
ChainingRodShaped	5431	2.16155	0.5	0.856769	37.8692	0	-0.426925	-0.904287	0	4868	5430
ChainingRodShaped	5433	2.40692	0.5	10.9938	31.6019	0	-0.802211	-0.597041	0	None	None
ChainingRodShaped	5435	2.35847	0.5	34.8318	35.4918	0	0.993606	-0.112903	0	None	None
ChainingRodShaped	5437	2.38993	0.5	35.8109	40.8195	0	0.87892	-0.476969	0	None	None
ChainingRodShaped	5439	2.26404	0.5	13.3382	12.9087	0	-0.988986	0.148009	0	None	5438
ChainingRodShaped	5441	2.37717	0.5	-27.1306	26.7895	0	0.947965	-0.318375	0	None	None
ChainingRodShaped	5443	2.26394	0.5	-36.671	49.2242	0	0.826073	0.563563	0	None	None
ChainingRodShaped	5445	2.23213	0.5	-52.1762	55.3734	0	-0.868117	0.49636	0	4912	5444
ChainingRodShaped	5447	2.3202	0.5	-42.4199	51.0905	0	0.881873	-0.471488	0	None	None
ChainingRodShaped	5449	2.36805	0.5	1.65157	20.6256	0	-0.169763	-0.985485	0	None	None
ChainingRodShaped	5451	2.17133	0.5	-7.65181	31.1836	0	-0.319953	-0.947434	0	None	None
ChainingRodShaped	5453	2.16199	0.5	30.1397	41.3044	0	0.954104	-0.299476	0	None	None
ChainingRodShaped	5455	2.18129	0.5	-22.3615	20.2988	0	-0.870163	-0.492765	0	4862	5454
ChainingRodShaped	5457	2.06085	0.5	6.48222	31.8495	0	0.785162	0.61929	0	5120	5456
ChainingRodShaped	5459	2.16559	0.5	-13.4741	28.4261	0	0.940586	0.339555	0	None	None
ChainingRodShaped	5461	2.15446	0.5	10.8925	41.3363	0	0.901104	-0.433602	0	None	None
ChainingRodShaped	5463	2.15559	0.5	-36.4556	27.5595	0	0.979501	0.201437	0	None	None
ChainingRodShaped	5465	2.20949	0.5	24.9222	46.2431	0	0.236087	-0.971732	0	None	None
ChainingRodShaped	5467	2.16142	0.5	-3.29038	50.9895	0	-0.837219	-0.546868	0	None	None
ChainingRodShaped	5469	2.1195	0.5	-18.4587	40.0983	0	-0.8504	-0.526137	0	None	None
ChainingRodShaped	5471	2.16512	0.5	20.6624	30.4822	0	-0.334155	-0.942518	0	None	None
ChainingRodShaped	5473	2.08935	0.5	19.4342	33.7599	0	-0.398157	-0.917317	0	None	None
ChainingRodShaped	5475	2.16272	0.5	15.0464	23.8271	0	-0.841226	0.540684	0	None	None
ChainingRodShaped	5477	2.07316	0.5	-29.4256	38.5929	0	0.770321	0.637656	0	None	None
ChainingRodShaped	5479	2.07827	0.5	24.8263	28.6357	0	0.0398896	0.999204	0	None	None
ChainingRodShaped	5481	2.14402	0.5	-6.27335	33.5996	0	-0.92326	-0.384175	0	None	None
ChainingRodShaped	5483	2.12486	0.5	-9.9351	42.5197	0	-0.341483	-0.939888	0	None	None
ChainingRodShaped	5485	2.06425	0.5	-7.77216	46.1094	0	-0.97672	0.214518	0	None	None
ChainingRodShaped	5487	2.07891	0.5	30.8693	36.5958	0	0.770651	-0.637258	0	None	None
ChainingRodShaped	5489	2.05883	0.5	-5.60576	31.2274	0	0.331197	0.943562	0	None	None
ChainingRodShaped	5491	2.07874	0.5	18.3443	25.107	0	-0.732046	-0.681255	0	None	None
ChainingRodShaped	5493	2.06466	0.5	6.66443	16.8057	0	-0.665948	0.745998	0	None	None
ChainingRodShaped	5495	2.04527	0.5	5.71002	48.4432	0	-0.410476	-0.911871	0	None	5494
ChainingRodShaped	5497	2.04121	0.5	-27.3798	52.1547	0	0.498992	-0.866606	0	None	None
ChainingRodShaped	5499	2.07813	0.5	15.066	32.7955	0	-0.227273	-0.973831	0	None	None
ChainingRodShaped	5501	2.07298	0.5	30.4992	24.169	0	-0.908873	-0.417073	0	None	None
ChainingRodShaped	5503	2.03157	0.5	23.0423	59.7612	0	-0.346777	-0.937947	0	None	5502
ChainingRodShaped	5505	2.02974	0.5	24.3513	22.947	0	-0.210847	-0.977519	0	None	None
ChainingRodShaped	5507	2.03642	0.5	19.1431	37.3642	0	-0.236818	-0.971554	0	None	None
ChainingRodShaped	5509	2.01807	0.5	-22.3994	35.4761	0	0.822125	-0.569307	0	None	None
ChainingRodShaped	5511	2.01014	0.5	-5.3533	56.5678	0	-0.673997	-0.738734	0	None	None
ChainingRodShaped	5513	2.00108	0.5	-3.44234	58.4359	0	0.758442	-0.65174	0	4699	5512
