cell_type	cell_id	length	radius	pos_x	pos_y	pos_z	ori_x	ori_y	ori_z	lower_link	upper_link
ChainingRodShaped	487	2.98313	0.5	96.6631	-18.52	0	0.821296	-0.570503	0	488	None
ChainingRodShaped	699	3.18126	0.5	19.5347	30.5371	0	-0.433007	-0.90139	0	None	None
ChainingRodShaped	649	3.66843	0.5	14.2132	25.2124	0	0.911775	0.410691	0	None	None
ChainingRodShaped	645	2.93948	0.5	-13.5268	69.9767	0	0.99007	-0.140575	0	646	414
ChainingRodShaped	493	4.69065	0.5	18.0966	37.9157	0	0.993121	0.11709	0	None	None
ChainingRodShaped	769	2.27618	0.5	40.9337	28.4175	0	0.624279	-0.781202	0	770	840
ChainingRodShaped	287	4.96804	0.5	9.55599	23.3347	0	0.99343	0.11444	0	None	None
ChainingRodShaped	295	4.93968	0.5	15.4788	35.6692	0	0.994843	0.101423	0	None	None
ChainingRodShaped	545	4.26006	0.5	-11.6551	50.8467	0	0.245692	0.969348	0	None	None
ChainingRodShaped	669	3.40069	0.5	4.85421	27.0297	0	0.896821	-0.442395	0	None	None
ChainingRodShaped	439	4.54725	0.5	-58.266	74.8864	0	0.98093	-0.194363	0	440	434
ChainingRodShaped	491	3.27391	0.5	23.144	51.1293	0	0.673837	-0.73888	0	492	580
ChainingRodShaped	677	3.61226	0.5	-3.8387	54.9326	0	0.998345	0.0575037	0	None	None
ChainingRodShaped	661	3.0169	0.5	3.49157	52.7565	0	0.999657	0.0261892	0	None	None
ChainingRodShaped	655	2.67052	0.5	-15.3131	60.6985	0	-0.81179	0.58395	0	None	None
ChainingRodShaped	781	2.66237	0.5	13.9464	33.3264	0	0.952248	0.305326	0	None	None
ChainingRodShaped	231	4.51358	0.5	60.9262	7.91316	0	0.758834	-0.651284	0	627	346
ChainingRodShaped	417	4.29213	0.5	-7.16621	23.331	0	0.90471	-0.426028	0	None	None
ChainingRodShaped	605	3.35889	0.5	-6.12238	33.2289	0	0.0711076	-0.997469	0	None	None
ChainingRodShaped	335	4.35862	0.5	-0.814728	26.1638	0	0.612447	-0.790512	0	None	None
ChainingRodShaped	615	2.82275	0.5	-83.3805	81.239	0	0.958998	-0.283414	0	616	464
ChainingRodShaped	591	4.10143	0.5	20.9813	36.558	0	0.459231	0.888317	0	None	None
ChainingRodShaped	395	4.18213	0.5	15.4512	45.224	0	0.660182	0.751106	0	None	None
ChainingRodShaped	821	2.18956	0.5	-1.08848	56.1892	0	0.98879	0.14931	0	None	None
ChainingRodShaped	715	2.66584	0.5	9.77946	62.623	0	0.845824	-0.533461	0	716	322
ChainingRodShaped	747	2.34471	0.5	7.99792	55.8486	0	0.995117	-0.0987004	0	None	None
ChainingRodShaped	427	3.35078	0.5	34.1581	37.3179	0	0.596979	-0.802257	0	428	388
ChainingRodShaped	831	2.07096	0.5	4.93993	24.8887	0	0.959335	-0.282272	0	None	None
ChainingRodShaped	453	3.5749	0.5	1.54071	23.8	0	0.86577	0.500443	0	None	None
ChainingRodShaped	807	2.26887	0.5	16.4846	34.7931	0	0.995576	0.0939558	0	None	None
ChainingRodShaped	389	3.61404	0.5	-40.7145	72.2901	0	0.995341	-0.0964217	0	390	304
ChainingRodShaped	539	4.55186	0.5	-11.9209	30.7248	0	0.952124	-0.305712	0	None	None
ChainingRodShaped	639	3.62577	0.5	-1.21958	39.8702	0	0.789729	-0.613456	0	None	None
ChainingRodShaped	679	3.21946	0.5	-23.8668	40.0242	0	-0.124748	-0.992189	0	None	None
ChainingRodShaped	503	3.56664	0.5	-13.1435	53.012	0	0.225464	0.974251	0	None	None
ChainingRodShaped	673	2.64229	0.5	9.60604	32.2284	0	0.79208	-0.610417	0	None	None
ChainingRodShaped	825	2.07484	0.5	-8.37672	36.4866	0	0.531335	-0.847162	0	None	None
ChainingRodShaped	675	2.67526	0.5	82.7116	-8.79491	0	0.817606	-0.575778	0	676	634
ChainingRodShaped	735	2.848	0.5	-6.26016	21.7005	0	0.869242	-0.494387	0	None	None
ChainingRodShaped	843	2.04077	0.5	20.0889	43.1267	0	0.998919	0.0464891	0	None	None
ChainingRodShaped	791	2.42359	0.5	17.8333	31.9559	0	0.548469	0.836171	0	None	None
ChainingRodShaped	479	4.49344	0.5	51.3065	16.8677	0	0.702151	-0.712028	0	480	628
ChainingRodShaped	571	3.59054	0.5	14.0534	48.9403	0	0.282641	-0.959226	0	None	None
ChainingRodShaped	567	4.96781	0.5	3.17579	22.4848	0	0.860596	0.509288	0	None	None
ChainingRodShaped	599	4.22735	0.5	-22.2812	54.5522	0	0.052933	0.998598	0	None	None
ChainingRodShaped	463	2.98276	0.5	-74.6286	78.7331	0	0.964216	-0.265119	0	464	734
ChainingRodShaped	635	2.66502	0.5	-100.786	86.5361	0	0.955721	-0.294276	0	636	496
ChainingRodShaped	527	4.17605	0.5	18.1031	36.931	0	0.993779	0.111366	0	None	None
ChainingRodShaped	553	4.28013	0.5	-18.3994	57.9017	0	0.74269	0.669635	0	None	None
ChainingRodShaped	555	3.32163	0.5	3.48399	41.1405	0	0.805129	-0.593099	0	None	None
ChainingRodShaped	775	2.51717	0.5	0.992706	44.5003	0	0.953384	-0.301758	0	None	None
ChainingRodShaped	587	3.48215	0.5	-10.516	28.6861	0	0.926831	0.375479	0	None	None
ChainingRodShaped	413	4.48423	0.5	-3.36852	68.0139	0	0.970912	-0.239437	0	414	754
ChainingRodShaped	531	4.29251	0.5	-12.5096	51.441	0	0.239303	0.970945	0	None	None
ChainingRodShaped	565	3.74997	0.5	-22.8291	40.431	0	-0.127829	-0.991796	0	None	None
ChainingRodShaped	365	4.70913	0.5	-11.4702	39.2996	0	0.116531	-0.993187	0	None	None
ChainingRodShaped	593	3.95632	0.5	-4.96725	28.8778	0	0.5076	-0.861593	0	None	None
ChainingRodShaped	513	4.44943	0.5	16.1102	27.2552	0	-0.893616	-0.448832	0	None	None
ChainingRodShaped	355	4.42354	0.5	-23.7963	31.9743	0	0.911174	0.412021	0	None	None
ChainingRodShaped	451	4.20849	0.5	2.7734	35.6626	0	0.819675	-0.572829	0	None	None
ChainingRodShaped	371	4.36488	0.5	-16.7485	30.5336	0	0.815946	0.578129	0	None	None
ChainingRodShaped	579	2.67234	0.5	28.5137	44.7669	0	0.618345	-0.785906	0	580	428
ChainingRodShaped	443	3.80076	0.5	-14.307	57.8983	0	0.521664	0.853151	0	None	None
ChainingRodShaped	749	2.62777	0.5	-1.25092	52.1929	0	0.98794	0.154839	0	None	None
ChainingRodShaped	697	2.70545	0.5	3.88546	56.0919	0	0.770129	0.637888	0	None	None
ChainingRodShaped	647	3.61846	0.5	-2.63493	22.0874	0	0.984055	0.177866	0	None	None
ChainingRodShaped	349	4.44847	0.5	-16.9012	57.9227	0	0.741331	0.67114	0	None	None
ChainingRodShaped	543	4.93663	0.5	-3.47051	31.1484	0	0.312684	-0.949857	0	None	None
ChainingRodShaped	755	2.46597	0.5	-27.9825	71.3026	0	0.997855	-0.0654599	0	756	598
ChainingRodShaped	803	2.16902	0.5	7.66047	24.4327	0	0.89855	0.43887	0	None	None
ChainingRodShaped	713	2.44666	0.5	71.1431	-0.380183	0	0.795166	-0.606392	0	714	696
ChainingRodShaped	321	4.62272	0.5	16.8653	57.2367	0	0.754135	-0.656719	0	322	492
ChainingRodShaped	767	2.55715	0.5	1.86389	33.0717	0	0.998653	0.0518802	0	None	None
ChainingRodShaped	421	3.97734	0.5	-2.76472	46.5977	0	0.932494	-0.361185	0	None	None
ChainingRodShaped	631	3.15496	0.5	15.304	46.5631	0	0.660632	0.75071	0	None	None
ChainingRodShaped	437	4.14069	0.5	-25.6873	29.9147	0	0.891988	-0.452059	0	None	None
ChainingRodShaped	633	2.4709	0.5	89.0906	-13.257	0	0.820715	-0.571338	0	634	488
ChainingRodShaped	423	4.6938	0.5	1.9879	47.3425	0	0.762619	-0.646848	0	None	None
ChainingRodShaped	357	4.4577	0.5	-4.31819	58.158	0	0.917762	-0.39713	0	None	None
ChainingRodShaped	819	2.07306	0.5	11.8005	30.056	0	0.926472	-0.376363	0	None	None
ChainingRodShaped	707	3.01858	0.5	-14.2503	48.9002	0	0.306907	0.95174	0	None	None
ChainingRodShaped	779	2.55293	0.5	-16.2588	48.984	0	0.301234	0.95355	0	None	None
ChainingRodShaped	407	4.42864	0.5	5.15877	30.6831	0	0.971097	0.238684	0	None	None
ChainingRodShaped	657	3.50475	0.5	-9.59841	33.0379	0	0.923807	-0.382859	0	None	None
ChainingRodShaped	609	3.48532	0.5	-9.60539	31.9973	0	0.926652	-0.375921	0	None	None
ChainingRodShaped	823	2.17395	0.5	4.91675	36.4909	0	0.770495	-0.637446	0	None	None
ChainingRodShaped	519	4.68198	0.5	-26.0336	34.6072	0	0.40714	-0.913366	0	None	None
ChainingRodShaped	551	3.95457	0.5	-18.1731	34.5573	0	0.963955	0.266067	0	None	None
ChainingRodShaped	481	4.30528	0.5	10.6542	53.0889	0	0.944898	-0.327364	0	None	None
ChainingRodShaped	429	4.68754	0.5	-1.70746	37.8287	0	0.791466	-0.611213	0	None	None
ChainingRodShaped	653	3.36663	0.5	-19.8187	37.1558	0	0.973992	0.22658	0	None	None
ChainingRodShaped	737	2.6545	0.5	-3.23915	36.5689	0	0.787154	-0.616756	0	None	None
ChainingRodShaped	621	4.1064	0.5	-2.91807	25.6901	0	0.918172	-0.396182	0	None	None
ChainingRodShaped	815	2.20812	0.5	-13.686	28.3994	0	0.889363	0.457202	0	None	None
ChainingRodShaped	541	3.74217	0.5	2.6011	40.5899	0	0.80099	-0.598678	0	None	None
ChainingRodShaped	811	2.27231	0.5	-14.5309	22.776	0	0.999852	0.0171974	0	None	None
ChainingRodShaped	433	3.29755	0.5	-49.2184	73.3127	0	0.989526	-0.144358	0	434	390
ChainingRodShaped	309	4.70475	0.5	13.0377	39.2007	0	0.952172	-0.305561	0	None	None
ChainingRodShaped	733	2.55349	0.5	-67.9835	77.0097	0	0.972047	-0.234788	0	734	440
ChainingRodShaped	637	3.87259	0.5	5.32805	41.0356	0	0.81807	-0.575119	0	None	None
ChainingRodShaped	793	2.19543	0.5	-26.8262	33.9617	0	0.411541	-0.911391	0	None	None
ChainingRodShaped	595	4.1337	0.5	-24.1849	51.6046	0	-0.389372	0.921081	0	None	None
ChainingRodShaped	529	4.23963	0.5	8.98688	45.8115	0	0.81883	-0.574036	0	None	None
ChainingRodShaped	561	3.34034	0.5	-24.5885	44.111	0	0.306507	-0.951869	0	None	None
ChainingRodShaped	685	2.61723	0.5	-11.1563	48.8673	0	0.248834	0.968546	0	None	None
ChainingRodShaped	577	3.78796	0.5	-5.5509	57.6286	0	0.918544	-0.395319	0	None	None
ChainingRodShaped	339	4.65455	0.5	-18.3005	45.8791	0	0.309211	0.950994	0	None	None
ChainingRodShaped	785	2.45593	0.5	3.91375	26.41	0	0.899127	-0.437688	0	None	None
ChainingRodShaped	721	2.81274	0.5	10.1902	25.3228	0	0.916896	-0.399126	0	None	None
ChainingRodShaped	619	3.70665	0.5	-16.5747	29.4681	0	0.816277	0.57766	0	None	None
ChainingRodShaped	425	3.81197	0.5	16.7487	41.9869	0	0.998917	0.0465316	0	None	None
ChainingRodShaped	381	4.34197	0.5	-14.531	38.4943	0	0.964761	0.263128	0	None	None
ChainingRodShaped	585	4.12981	0.5	-18.4758	51.9424	0	0.253333	0.967379	0	None	None
ChainingRodShaped	627	3.10509	0.5	57.3676	11.0367	0	0.741565	-0.670881	0	628	231
ChainingRodShaped	725	2.53161	0.5	-25.4383	26.8725	0	0.708722	-0.705488	0	None	None
ChainingRodShaped	401	4.43096	0.5	-17.8618	61.3002	0	-0.814272	0.580483	0	None	None
ChainingRodShaped	829	2.17229	0.5	7.95893	48.0498	0	0.648872	-0.760898	0	None	None
ChainingRodShaped	461	3.63285	0.5	-2.44053	24.4296	0	0.920198	-0.391454	0	None	None
ChainingRodShaped	469	4.32456	0.5	5.20376	50.8266	0	0.999752	0.02228	0	None	None
ChainingRodShaped	839	2.03228	0.5	44.7944	23.8066	0	0.661244	-0.750171	0	840	480
ChainingRodShaped	517	4.76219	0.5	14.3208	29.7615	0	0.643832	0.765167	0	None	None
ChainingRodShaped	495	4.1957	0.5	-91.3677	83.646	0	0.956405	-0.292044	0	496	616
ChainingRodShaped	703	2.76258	0.5	0.602289	58.3504	0	0.949311	-0.314338	0	None	None
ChainingRodShaped	399	4.51485	0.5	-17.4674	31.1989	0	0.818989	0.573809	0	None	None
ChainingRodShaped	563	3.68698	0.5	10.0782	28.6237	0	0.925701	-0.378257	0	None	None
ChainingRodShaped	827	2.06914	0.5	0.0132991	46.3308	0	0.706029	-0.708183	0	None	None
ChainingRodShaped	611	4.05686	0.5	8.24342	40.049	0	0.756957	-0.653465	0	None	None
ChainingRodShaped	475	3.57132	0.5	2.50709	23.2281	0	0.863243	0.504788	0	None	None
ChainingRodShaped	743	2.39441	0.5	-4.06785	35.9767	0	0.781701	-0.623653	0	None	None
ChainingRodShaped	419	4.50044	0.5	8.11828	41.4408	0	0.756565	-0.653919	0	None	None
ChainingRodShaped	719	2.75027	0.5	-20.0777	35.1042	0	0.973993	0.226579	0	None	None
ChainingRodShaped	731	2.67301	0.5	6.2527	33.3395	0	0.98388	-0.17883	0	None	None
ChainingRodShaped	511	4.7047	0.5	-5.80482	46.8463	0	0.880742	-0.473596	0	None	None
ChainingRodShaped	525	4.89449	0.5	4.44121	55.277	0	0.770836	0.637033	0	None	None
ChainingRodShaped	659	3.72921	0.5	11.0258	50.5819	0	0.472885	-0.881124	0	None	None
ChainingRodShaped	597	2.58286	0.5	-20.6895	70.7747	0	0.996442	-0.084276	0	598	646
ChainingRodShaped	753	2.38125	0.5	3.74615	65.767	0	0.923098	-0.384566	0	754	716
ChainingRodShaped	789	2.25436	0.5	12.7057	31.8835	0	0.949643	0.313333	0	None	None
ChainingRodShaped	477	4.55223	0.5	-5.64903	42.9895	0	0.544205	-0.838952	0	None	None
ChainingRodShaped	765	2.70939	0.5	-24.9917	38.9504	0	-0.124598	-0.992207	0	None	None
ChainingRodShaped	449	4.77419	0.5	-19.5983	53.4271	0	0.52304	0.852308	0	None	None
ChainingRodShaped	288	4.95872	0.5	4.39655	20.9051	0	0.858625	0.512604	0	None	None
ChainingRodShaped	695	2.76243	0.5	76.7919	-4.57107	0	0.809713	-0.586826	0	696	676
ChainingRodShaped	687	3.26652	0.5	-13.3276	56.6342	0	0.222494	0.974934	0	None	None
ChainingRodShaped	523	4.59815	0.5	-7.1743	54.235	0	0.966563	-0.25643	0	None	None
ChainingRodShaped	757	2.34124	0.5	11.1577	36.2831	0	0.764934	-0.644108	0	None	None
ChainingRodShaped	717	3.17683	0.5	-4.08269	52.795	0	0.992212	0.124564	0	None	None
ChainingRodShaped	817	2.14284	0.5	0.768952	25.6996	0	0.620324	-0.784346	0	None	None
ChainingRodShaped	559	3.13184	0.5	-23.2252	51.8826	0	-0.389275	0.921122	0	None	None
ChainingRodShaped	304	4.76029	0.5	-35.638	71.8507	0	0.996936	-0.0782183	0	389	756
ChainingRodShaped	569	4.04728	0.5	-0.424864	48.1595	0	0.698914	-0.715205	0	None	None
ChainingRodShaped	308	4.57862	0.5	-109.317	89.1648	0	0.955637	-0.294548	0	None	636
ChainingRodShaped	641	3.63691	0.5	8.98696	41.9749	0	0.759183	-0.650877	0	None	None
ChainingRodShaped	723	2.53609	0.5	-16.4536	45.2571	0	0.305113	0.952316	0	None	None
ChainingRodShaped	509	4.07388	0.5	-13.2025	24.9332	0	0.993397	0.114729	0	None	None
ChainingRodShaped	316	4.59686	0.5	-15.0663	53.3789	0	0.217567	0.976045	0	None	None
ChainingRodShaped	751	2.40893	0.5	-23.5906	44.206	0	0.31162	-0.950207	0	None	None
ChainingRodShaped	683	3.16233	0.5	-17.8015	32.1335	0	0.82007	0.572263	0	None	None
ChainingRodShaped	322	3.46617	0.5	13.0351	60.3612	0	0.800073	-0.599902	0	715	321
ChainingRodShaped	324	4.48939	0.5	-29.22	37.0657	0	0.379126	-0.925345	0	None	None
ChainingRodShaped	847	2.0209	0.5	20.2226	39.1695	0	0.993244	0.116042	0	None	None
ChainingRodShaped	741	2.39212	0.5	-10.1178	34.3293	0	0.912402	-0.409295	0	None	None
ChainingRodShaped	805	2.29367	0.5	2.70287	39.2902	0	0.806774	-0.59086	0	None	None
ChainingRodShaped	332	4.84813	0.5	-14.8776	62.0808	0	0.962538	-0.271146	0	None	None
ChainingRodShaped	787	2.52035	0.5	-15.3657	42.2915	0	0.304096	0.952641	0	None	None
ChainingRodShaped	547	3.86867	0.5	-3.48727	28.2621	0	0.500385	-0.865803	0	None	None
ChainingRodShaped	623	3.54738	0.5	-1.29178	57.9533	0	0.924048	-0.382276	0	None	None
ChainingRodShaped	739	2.37265	0.5	-20.0192	43.1475	0	0.101342	0.994852	0	None	None
ChainingRodShaped	681	2.6764	0.5	-9.1475	26.4049	0	0.917051	-0.39877	0	None	None
ChainingRodShaped	549	4.7379	0.5	-7.70497	39.0358	0	0.540504	-0.841341	0	None	None
ChainingRodShaped	346	4.35253	0.5	65.0357	4.46487	0	0.773334	-0.633999	0	231	714
ChainingRodShaped	603	3.10305	0.5	19.4295	40.0793	0	0.993199	0.116433	0	None	None
ChainingRodShaped	581	3.81811	0.5	-16.4839	56.4224	0	0.574369	0.818596	0	None	None
ChainingRodShaped	352	4.6295	0.5	-14.686	40.8927	0	0.604758	0.796409	0	None	None
ChainingRodShaped	667	2.652	0.5	13.1346	41.538	0	0.925294	-0.37925	0	None	None
ChainingRodShaped	711	2.8975	0.5	-27.4068	32.7779	0	0.501426	-0.8652	0	None	None
ChainingRodShaped	589	3.05959	0.5	-8.5954	60.3164	0	0.779337	-0.626605	0	None	None
ChainingRodShaped	360	4.37944	0.5	-1.51226	31.3644	0	0.331346	-0.943509	0	None	None
ChainingRodShaped	783	2.48436	0.5	-11.3088	58.5524	0	-0.913546	0.406735	0	None	None
ChainingRodShaped	364	4.436	0.5	-7.43935	29.4662	0	0.796688	-0.604391	0	None	None
ChainingRodShaped	573	3.90149	0.5	-10.0731	40.9019	0	-0.554188	0.832392	0	None	None
ChainingRodShaped	575	3.33965	0.5	-5.95458	19.6033	0	0.59083	-0.806796	0	None	None
ChainingRodShaped	709	3.02259	0.5	-26.8996	44.0804	0	0.598811	0.80089	0	None	None
ChainingRodShaped	613	4.63697	0.5	-20.7165	26.427	0	0.950082	-0.311999	0	None	None
ChainingRodShaped	583	3.63282	0.5	-11.5264	36.0528	0	0.902202	-0.431314	0	None	None
ChainingRodShaped	376	4.15189	0.5	-21.1485	43.3985	0	0.273549	0.961858	0	None	None
ChainingRodShaped	651	3.14237	0.5	-5.74618	45.7037	0	0.879983	-0.475005	0	None	None
ChainingRodShaped	380	4.5234	0.5	14.9607	32.0572	0	0.686814	0.726833	0	None	None
ChainingRodShaped	629	3.47581	0.5	-13.9716	37.641	0	0.966458	0.256824	0	None	None
ChainingRodShaped	607	4.57755	0.5	-18.6307	33.4075	0	0.959616	0.281314	0	None	None
ChainingRodShaped	386	4.71173	0.5	-19.2795	41.4773	0	0.533491	0.845806	0	None	None
ChainingRodShaped	388	3.29786	0.5	36.6985	33.9165	0	0.60001	-0.799993	0	427	770
ChainingRodShaped	390	3.28688	0.5	-45.0502	72.7584	0	0.992864	-0.119251	0	433	389
ChainingRodShaped	601	4.13934	0.5	11.9672	47.7488	0	0.853245	-0.52151	0	None	None
ChainingRodShaped	833	2.06685	0.5	-19.9726	25.0198	0	0.972849	-0.231439	0	None	None
ChainingRodShaped	617	4.41277	0.5	12.5192	43.9715	0	0.640265	-0.768154	0	None	None
ChainingRodShaped	398	4.55342	0.5	3.08327	57.3034	0	0.934237	0.356654	0	None	None
ChainingRodShaped	400	4.42164	0.5	-21.6069	28.4615	0	0.977272	0.211988	0	None	None
ChainingRodShaped	705	2.68789	0.5	-18.8796	58.8052	0	0.742605	0.66973	0	None	None
ChainingRodShaped	625	3.41824	0.5	2.33173	34.8179	0	0.825361	-0.564605	0	None	None
ChainingRodShaped	406	4.26414	0.5	-13.0748	41.366	0	0.551762	0.834002	0	None	None
ChainingRodShaped	408	3.96157	0.5	0.536071	31.8825	0	0.816098	-0.577913	0	None	None
ChainingRodShaped	689	2.58652	0.5	-7.46134	42.2337	0	0.545839	-0.83789	0	None	None
ChainingRodShaped	795	2.41355	0.5	-16.6314	41.9848	0	0.43155	0.902089	0	None	None
ChainingRodShaped	414	4.83696	0.5	-8.80414	69.1826	0	0.983149	-0.182804	0	645	413
ChainingRodShaped	693	2.66018	0.5	4.27232	28.4038	0	0.899266	-0.437401	0	None	None
ChainingRodShaped	671	3.3458	0.5	-9.41739	25.4592	0	0.91483	-0.40384	0	None	None
ChainingRodShaped	420	3.88196	0.5	5.04357	45.4988	0	0.469935	-0.882701	0	None	None
ChainingRodShaped	643	2.81034	0.5	-5.83787	49.0329	0	0.871098	-0.491108	0	None	None
ChainingRodShaped	424	4.21981	0.5	-0.989156	50.3193	0	0.931938	-0.362618	0	None	None
ChainingRodShaped	663	3.35743	0.5	10.9573	41.5815	0	0.757641	-0.652671	0	None	None
ChainingRodShaped	428	4.51086	0.5	31.2488	41.1997	0	0.602039	-0.798467	0	579	427
ChainingRodShaped	430	4.42038	0.5	-5.72162	41.3327	0	0.543394	-0.839478	0	None	None
ChainingRodShaped	729	2.57391	0.5	10.8757	27.2234	0	0.925089	-0.37975	0	None	None
ChainingRodShaped	434	3.4286	0.5	-53.4434	73.9859	0	0.985459	-0.169915	0	439	433
ChainingRodShaped	665	3.76197	0.5	10.1505	35.8572	0	0.762315	-0.647207	0	None	None
ChainingRodShaped	438	3.73606	0.5	-28.6135	31.3947	0	0.16756	-0.985862	0	None	None
ChainingRodShaped	440	4.54709	0.5	-63.619	76.0093	0	0.976359	-0.216154	0	733	439
ChainingRodShaped	691	2.54853	0.5	8.64277	51.3499	0	0.901347	-0.433098	0	None	None
ChainingRodShaped	759	2.79297	0.5	-15.9271	54.0021	0	0.21636	0.976314	0	None	None
ChainingRodShaped	701	2.66252	0.5	-8.16541	41.5458	0	0.547174	-0.837019	0	None	None
ChainingRodShaped	448	4.27444	0.5	2.83846	36.7875	0	0.813903	-0.581001	0	None	None
ChainingRodShaped	801	2.37496	0.5	-19.8567	50.4993	0	0.251997	0.967728	0	None	None
ChainingRodShaped	452	3.74946	0.5	-2.42803	37.1813	0	0.791609	-0.611028	0	None	None
ChainingRodShaped	809	2.3315	0.5	-3.06326	23.6356	0	0.922663	-0.385608	0	None	None
ChainingRodShaped	456	4.94404	0.5	-1.66055	38.9943	0	0.791526	-0.611136	0	None	None
ChainingRodShaped	458	4.5906	0.5	1.30887	20.218	0	0.858208	0.513302	0	None	None
ChainingRodShaped	460	4.85257	0.5	-6.13821	61.4126	0	0.998254	-0.059059	0	None	None
ChainingRodShaped	797	2.28877	0.5	-6.03808	26.0424	0	0.898403	-0.439171	0	None	None
ChainingRodShaped	464	4.31071	0.5	-79.0412	79.9775	0	0.961143	-0.276052	0	615	463
ChainingRodShaped	466	4.05078	0.5	-26.4378	38.9426	0	0.206445	-0.978458	0	None	None
ChainingRodShaped	468	3.92166	0.5	-29.7935	32.2272	0	0.185532	-0.982638	0	None	None
ChainingRodShaped	813	2.23175	0.5	5.0181	51.8073	0	0.9997	0.0244866	0	None	None
ChainingRodShaped	472	4.86806	0.5	1.42011	50.3817	0	0.928266	-0.371918	0	None	None
ChainingRodShaped	474	4.95964	0.5	-29.549	41.9294	0	0.9998	-0.0199937	0	None	None
ChainingRodShaped	476	4.86164	0.5	-2.12634	20.9687	0	0.950179	0.311703	0	None	None
ChainingRodShaped	478	4.96296	0.5	-8.8806	46.054	0	0.567385	-0.823453	0	None	None
ChainingRodShaped	480	4.42838	0.5	47.587	20.7485	0	0.681475	-0.731842	0	839	479
ChainingRodShaped	482	4.15778	0.5	7.82226	54.8679	0	0.994997	-0.0999091	0	None	None
ChainingRodShaped	727	2.59348	0.5	-19.5982	39.1492	0	0.541234	0.840872	0	None	None
ChainingRodShaped	486	3.93032	0.5	-5.5696	49.9879	0	0.868464	-0.495752	0	None	None
ChainingRodShaped	488	4.52215	0.5	92.7668	-15.8131	0	0.821225	-0.570604	0	633	487
ChainingRodShaped	745	2.77625	0.5	-9.05333	52.5002	0	0.827515	-0.561444	0	None	None
ChainingRodShaped	492	3.01433	0.5	20.3427	54.0474	0	0.712102	-0.702076	0	321	491
ChainingRodShaped	494	4.27716	0.5	12.7544	38.2651	0	0.949861	-0.312673	0	None	None
ChainingRodShaped	496	4.47876	0.5	-96.4394	85.1996	0	0.955901	-0.293688	0	635	495
ChainingRodShaped	761	2.37968	0.5	-15.1524	28.911	0	0.934685	0.355476	0	None	None
ChainingRodShaped	799	2.35407	0.5	8.33345	36.124	0	0.760077	-0.649833	0	None	None
ChainingRodShaped	502	3.57831	0.5	-2.55498	31.4368	0	0.322159	-0.946686	0	None	None
ChainingRodShaped	504	3.44664	0.5	-15.223	49.0294	0	0.304037	0.95266	0	None	None
ChainingRodShaped	506	4.42293	0.5	-11.5707	23.0691	0	0.703542	0.710654	0	None	None
ChainingRodShaped	508	4.78215	0.5	-8.56091	56.6103	0	0.965593	-0.260059	0	None	None
ChainingRodShaped	763	2.8055	0.5	-13.3102	23.9319	0	0.992757	0.120139	0	None	None
ChainingRodShaped	777	2.6451	0.5	-6.65368	48.3917	0	0.875963	-0.482379	0	None	None
ChainingRodShaped	845	2.01028	0.5	18.2123	30.1237	0	-0.405296	-0.914186	0	None	None
ChainingRodShaped	516	3.76464	0.5	15.0386	39.9729	0	0.993625	-0.112732	0	None	None
ChainingRodShaped	518	3.49486	0.5	10.6245	29.4582	0	0.928153	-0.372198	0	None	None
ChainingRodShaped	520	3.87408	0.5	-28.2459	39.3251	0	0.551002	-0.834504	0	None	None
ChainingRodShaped	771	2.66348	0.5	15.4076	29.5291	0	0.643458	0.765481	0	None	None
ChainingRodShaped	524	3.72746	0.5	-11.1533	55.8498	0	0.523466	-0.852047	0	None	None
ChainingRodShaped	773	2.68745	0.5	0.70592	54.4664	0	0.988938	0.148332	0	None	None
ChainingRodShaped	835	2.05726	0.5	14.0106	36.5787	0	0.999251	0.0387037	0	None	None
ChainingRodShaped	837	2.03898	0.5	5.43192	47.8781	0	0.890802	-0.454392	0	None	None
ChainingRodShaped	532	4.23246	0.5	-14.0274	46.4373	0	0.308354	0.951272	0	None	None
ChainingRodShaped	534	4.33148	0.5	5.12076	31.6649	0	0.970989	0.239123	0	None	None
ChainingRodShaped	536	4.98754	0.5	6.3772	36.5085	0	0.764082	-0.64512	0	None	None
ChainingRodShaped	841	2.02437	0.5	-0.0768542	40.2049	0	0.791335	-0.611382	0	None	None
ChainingRodShaped	540	3.43963	0.5	-12.1191	31.82	0	0.952121	-0.305722	0	None	None
ChainingRodShaped	542	4.9686	0.5	-1.67178	43.2988	0	0.95636	-0.29219	0	None	None
ChainingRodShaped	544	3.31207	0.5	-4.63063	35.154	0	0.76474	-0.644339	0	None	None
ChainingRodShaped	546	4.80633	0.5	-13.2918	45.608	0	0.306354	0.951918	0	None	None
ChainingRodShaped	548	3.68221	0.5	-5.11588	32.6073	0	0.083763	-0.996486	0	None	None
ChainingRodShaped	550	3.57551	0.5	-10.5237	43.3227	0	0.559578	-0.828778	0	None	None
ChainingRodShaped	552	4.02954	0.5	-22.9753	34.1351	0	0.978152	-0.207889	0	None	None
ChainingRodShaped	554	4.00766	0.5	-20.3643	54.0437	0	0.523355	0.852115	0	None	None
ChainingRodShaped	556	4.0887	0.5	1.12008	43.4541	0	0.956355	-0.292207	0	None	None
ChainingRodShaped	558	3.69703	0.5	15.9305	44.2748	0	0.662044	0.749465	0	None	None
ChainingRodShaped	560	3.50806	0.5	-21.7172	47.8509	0	-0.319776	0.947493	0	None	None
ChainingRodShaped	562	4.18757	0.5	-27.2692	45.6568	0	0.846734	0.532017	0	None	None
ChainingRodShaped	564	3.92311	0.5	6.17183	29.9368	0	0.971696	0.236233	0	None	None
ChainingRodShaped	566	4.51824	0.5	-22.9445	45.3586	0	0.317028	-0.948416	0	None	None
ChainingRodShaped	568	4.85873	0.5	-2.1099	19.94	0	0.949808	0.312832	0	None	None
ChainingRodShaped	570	3.24496	0.5	-3.10704	49.6039	0	0.666875	-0.745169	0	None	None
ChainingRodShaped	572	3.20392	0.5	12.2906	50.3088	0	0.467575	-0.883953	0	None	None
ChainingRodShaped	574	3.23655	0.5	-7.61295	37.0968	0	-0.538348	0.842723	0	None	None
ChainingRodShaped	576	3.78642	0.5	-9.69511	21.5113	0	0.999305	-0.0372668	0	None	None
ChainingRodShaped	578	4.45317	0.5	-9.90745	60.0614	0	0.744601	-0.66751	0	None	None
ChainingRodShaped	580	3.54925	0.5	25.9797	47.8792	0	0.641933	-0.766761	0	491	579
ChainingRodShaped	582	3.52117	0.5	-17.3089	52.5017	0	0.250894	0.968014	0	None	None
ChainingRodShaped	584	3.81808	0.5	-15.9515	36.1268	0	0.969267	0.246012	0	None	None
ChainingRodShaped	586	4.87765	0.5	-18.7848	47.5474	0	0.315269	0.949002	0	None	None
ChainingRodShaped	588	3.09832	0.5	-12.6257	29.9278	0	0.954194	-0.299187	0	None	None
ChainingRodShaped	590	3.48975	0.5	-11.0395	62.4667	0	0.989107	-0.147197	0	None	None
ChainingRodShaped	592	3.79385	0.5	17.8326	33.6891	0	0.674222	0.738529	0	None	None
ChainingRodShaped	594	4.59949	0.5	-7.04887	32.5708	0	0.0619255	-0.998081	0	None	None
ChainingRodShaped	596	4.17026	0.5	-22.4012	46.7965	0	-0.315611	0.948889	0	None	None
ChainingRodShaped	598	2.96463	0.5	-24.3557	71.0564	0	0.997548	-0.0699839	0	755	597
ChainingRodShaped	600	3.43083	0.5	-21.3481	49.8173	0	-0.325928	0.945395	0	None	None
ChainingRodShaped	602	4.22497	0.5	8.21932	49.8446	0	0.999848	-0.017437	0	None	None
ChainingRodShaped	604	4.61561	0.5	17.647	41.036	0	0.998965	0.0454904	0	None	None
ChainingRodShaped	606	4.212	0.5	-9.22423	36.0112	0	0.525256	-0.850944	0	None	None
ChainingRodShaped	608	4.51519	0.5	-21.6171	31.5129	0	0.95851	0.28506	0	None	None
ChainingRodShaped	610	3.59191	0.5	-13.839	33.3363	0	0.996926	-0.0783548	0	None	None
ChainingRodShaped	612	3.5186	0.5	5.0456	43.4113	0	0.468274	-0.883583	0	None	None
ChainingRodShaped	614	4.30719	0.5	-24.7801	27.6113	0	0.710237	-0.703962	0	None	None
ChainingRodShaped	616	2.91624	0.5	-87.0463	82.3335	0	0.957437	-0.288641	0	495	615
ChainingRodShaped	618	2.99504	0.5	9.61118	47.4903	0	0.419544	-0.907735	0	None	None
ChainingRodShaped	620	3.69895	0.5	-19.2543	27.4818	0	0.998696	-0.0510532	0	None	None
ChainingRodShaped	622	3.42993	0.5	-7.19329	27.6987	0	0.92286	-0.385135	0	None	None
ChainingRodShaped	624	3.66436	0.5	-5.52273	59.7509	0	0.91798	-0.396628	0	None	None
ChainingRodShaped	626	2.89877	0.5	-0.0168309	34.7386	0	0.952662	-0.304033	0	None	None
ChainingRodShaped	628	2.7714	0.5	54.5399	13.6646	0	0.722419	-0.691455	0	479	627
ChainingRodShaped	630	4.11391	0.5	-18.5783	36.466	0	0.971678	0.236307	0	None	None
ChainingRodShaped	632	3.96989	0.5	12.1805	45.9929	0	0.723914	-0.68989	0	None	None
ChainingRodShaped	634	3.26622	0.5	85.9376	-11.0574	0	0.819661	-0.572849	0	675	633
ChainingRodShaped	636	3.33661	0.5	-104.59	87.7082	0	0.955649	-0.294506	0	308	635
ChainingRodShaped	638	3.97866	0.5	3.00911	44.6112	0	0.592267	-0.805742	0	None	None
ChainingRodShaped	640	3.56007	0.5	-4.49107	42.9642	0	0.549533	-0.835472	0	None	None
ChainingRodShaped	642	3.26702	0.5	6.21794	45.3511	0	0.474879	-0.880051	0	None	None
ChainingRodShaped	644	3.09599	0.5	-9.10256	51.1986	0	0.771683	-0.636008	0	None	None
ChainingRodShaped	646	2.64237	0.5	-17.1906	70.4372	0	0.994172	-0.107804	0	597	645
ChainingRodShaped	648	3.48488	0.5	-5.43447	23.6023	0	0.906333	-0.422564	0	None	None
ChainingRodShaped	650	3.84434	0.5	9.75569	26.5987	0	0.917284	-0.398233	0	None	None
ChainingRodShaped	652	3.43798	0.5	-9.04553	47.9917	0	0.559831	-0.828607	0	None	None
ChainingRodShaped	654	3.68995	0.5	-23.3167	36.1998	0	0.974587	-0.22401	0	None	None
ChainingRodShaped	656	3.32897	0.5	-11.903	59.9249	0	-0.901912	0.431921	0	None	None
ChainingRodShaped	658	3.57187	0.5	-13.7751	34.3499	0	0.998599	-0.0529084	0	None	None
ChainingRodShaped	660	3.10057	0.5	7.88557	53.1002	0	0.815149	-0.579252	0	None	None
ChainingRodShaped	662	3.14626	0.5	0.0185259	53.3725	0	0.988712	0.149831	0	None	None
ChainingRodShaped	664	3.41846	0.5	7.92728	44.6855	0	0.584742	-0.811219	0	None	None
ChainingRodShaped	666	3.00854	0.5	6.81479	38.6763	0	0.770075	-0.637954	0	None	None
ChainingRodShaped	668	2.61953	0.5	10.8285	43.5078	0	0.926172	-0.377101	0	None	None
ChainingRodShaped	670	2.8834	0.5	1.25744	29.038	0	0.827077	-0.562089	0	None	None
ChainingRodShaped	672	3.0914	0.5	-13.4574	25.8958	0	0.993042	0.117758	0	None	None
ChainingRodShaped	674	2.9551	0.5	6.74384	34.4173	0	0.942623	-0.333859	0	None	None
ChainingRodShaped	676	2.62779	0.5	79.7605	-6.70458	0	0.814375	-0.580339	0	695	675
ChainingRodShaped	678	3.64878	0.5	-8.34977	55.5507	0	0.966043	-0.258382	0	None	None
ChainingRodShaped	680	2.9862	0.5	-25.1697	42.6966	0	0.306581	-0.951844	0	None	None
ChainingRodShaped	682	2.86827	0.5	-12.7645	26.9902	0	0.995683	0.0928192	0	None	None
ChainingRodShaped	684	3.3616	0.5	-21.4587	30.0767	0	0.851506	0.524346	0	None	None
ChainingRodShaped	686	3.27689	0.5	-12.4237	45.1858	0	0.296819	0.954934	0	None	None
ChainingRodShaped	688	2.53912	0.5	-14.1833	52.8464	0	0.221507	0.975159	0	None	None
ChainingRodShaped	690	3.52382	0.5	-9.70774	45.569	0	0.564405	-0.825498	0	None	None
ChainingRodShaped	692	2.63888	0.5	5.77531	53.4263	0	0.76754	-0.641001	0	None	None
ChainingRodShaped	694	3.35768	0.5	0.871122	30.4757	0	0.821834	-0.569727	0	None	None
ChainingRodShaped	696	2.53444	0.5	73.8895	-2.44463	0	0.803339	-0.595523	0	713	695
ChainingRodShaped	698	3.06795	0.5	0.443925	55.4212	0	0.988434	0.151649	0	None	None
ChainingRodShaped	700	3.1782	0.5	21.196	34.3607	0	-0.340756	-0.940152	0	None	None
ChainingRodShaped	702	3.12107	0.5	-10.3019	44.7371	0	0.558984	-0.829178	0	None	None
ChainingRodShaped	704	2.96023	0.5	-2.98666	59.7415	0	0.921067	-0.389405	0	None	None
ChainingRodShaped	706	3.21945	0.5	-21.0621	55.9837	0	0.149692	0.988733	0	None	None
ChainingRodShaped	708	2.66526	0.5	-15.4295	45.2674	0	0.304058	0.952653	0	None	None
ChainingRodShaped	710	2.71066	0.5	-29.728	43.3207	0	0.962522	0.271204	0	None	None
ChainingRodShaped	712	2.75664	0.5	-29.6391	35.4846	0	0.382739	-0.923856	0	None	None
ChainingRodShaped	714	2.51762	0.5	68.4379	1.71804	0	0.785166	-0.619286	0	346	713
ChainingRodShaped	716	2.48976	0.5	6.76605	64.3553	0	0.887652	-0.460515	0	753	715
ChainingRodShaped	718	2.84054	0.5	-7.90757	53.1261	0	0.894959	-0.446148	0	None	None
ChainingRodShaped	720	3.13195	0.5	-23.9041	35.3357	0	0.976025	-0.21766	0	None	None
ChainingRodShaped	722	2.76526	0.5	7.1815	26.8305	0	0.539768	-0.841814	0	None	None
ChainingRodShaped	724	2.44581	0.5	-17.6862	42.0417	0	0.453908	0.891049	0	None	None
ChainingRodShaped	726	2.96853	0.5	-28.112	28.0432	0	0.739332	-0.673341	0	None	None
ChainingRodShaped	728	2.99117	0.5	-22.7213	37.6142	0	0.99032	0.138802	0	None	None
ChainingRodShaped	730	2.41842	0.5	7.65185	28.5565	0	0.925035	-0.379881	0	None	None
ChainingRodShaped	732	2.75321	0.5	3.50605	32.2602	0	0.970317	0.241835	0	None	None
ChainingRodShaped	734	2.23256	0.5	-71.2079	77.8161	0	0.96795	-0.251142	0	463	733
ChainingRodShaped	736	2.35138	0.5	-9.55439	22.6772	0	0.992711	0.12052	0	None	None
ChainingRodShaped	738	2.563	0.5	-5.54979	39.2554	0	0.535887	-0.84429	0	None	None
ChainingRodShaped	740	2.86277	0.5	-21.3963	39.9399	0	0.47575	0.879581	0	None	None
ChainingRodShaped	742	2.77255	0.5	-13.5082	35.3184	0	0.998733	-0.0503203	0	None	None
ChainingRodShaped	744	2.53794	0.5	-6.25102	38.5575	0	0.538254	-0.842783	0	None	None
ChainingRodShaped	746	2.65102	0.5	-11.7577	55.0018	0	0.524462	-0.851434	0	None	None
ChainingRodShaped	748	2.73345	0.5	6.02926	58.6709	0	0.654616	-0.755962	0	None	None
ChainingRodShaped	750	2.85819	0.5	-4.94269	51.7119	0	0.993231	0.116154	0	None	None
ChainingRodShaped	752	2.62713	0.5	-24.7073	47.5384	0	0.309816	-0.950796	0	None	None
ChainingRodShaped	754	2.23774	0.5	0.738677	66.8837	0	0.950874	-0.309579	0	413	753
ChainingRodShaped	756	2.22019	0.5	-31.2388	71.5209	0	0.997636	-0.0687155	0	304	755
ChainingRodShaped	758	2.4599	0.5	8.57732	38.4787	0	0.763455	-0.645861	0	None	None
ChainingRodShaped	760	2.81773	0.5	-16.8563	50.3512	0	0.291681	0.956516	0	None	None
ChainingRodShaped	762	2.35068	0.5	-16.7584	26.6472	0	0.646168	0.763195	0	None	None
ChainingRodShaped	764	2.53367	0.5	-16.8328	24.3424	0	0.908417	-0.418065	0	None	None
ChainingRodShaped	766	2.6409	0.5	-26.0564	41.8642	0	0.222421	-0.974951	0	None	None
ChainingRodShaped	768	2.59889	0.5	-1.25844	34.1246	0	0.952417	-0.304799	0	None	None
ChainingRodShaped	770	2.33998	0.5	38.9497	30.9481	0	0.609959	-0.792433	0	388	769
ChainingRodShaped	772	2.69658	0.5	13.1819	26.6246	0	0.548163	0.836372	0	None	None
ChainingRodShaped	774	2.41255	0.5	-2.78891	53.9604	0	0.991938	0.126727	0	None	None
ChainingRodShaped	776	2.24548	0.5	-2.28707	44.8915	0	0.998402	0.0565146	0	None	None
ChainingRodShaped	778	2.5071	0.5	-9.60194	50.3543	0	0.765736	-0.643155	0	None	None
ChainingRodShaped	780	2.53876	0.5	-17.3581	45.6244	0	0.307405	0.951579	0	None	None
ChainingRodShaped	782	2.55276	0.5	10.8417	33.8121	0	0.687191	-0.726477	0	None	None
ChainingRodShaped	784	2.34286	0.5	-8.08644	57.4955	0	-0.962944	0.269701	0	None	None
ChainingRodShaped	786	2.33756	0.5	0.973112	28.0658	0	0.827374	-0.561652	0	None	None
ChainingRodShaped	788	2.37728	0.5	-17.0445	39.3677	0	0.581625	0.813457	0	None	None
ChainingRodShaped	790	2.26966	0.5	9.84166	33.4614	0	0.694419	-0.71957	0	None	None
ChainingRodShaped	792	2.54611	0.5	16.2356	28.9822	0	0.644632	0.764493	0	None	None
ChainingRodShaped	794	2.21265	0.5	-28.0924	36.8993	0	0.375175	-0.926954	0	None	None
ChainingRodShaped	796	2.19771	0.5	-18.3561	39.223	0	0.577928	0.816088	0	None	None
ChainingRodShaped	798	2.25087	0.5	-8.98967	27.3949	0	0.918964	-0.394341	0	None	None
ChainingRodShaped	800	2.30288	0.5	5.81028	38.2539	0	0.766358	-0.642414	0	None	None
ChainingRodShaped	802	2.30782	0.5	-19.8331	47.5361	0	0.314909	0.949122	0	None	None
ChainingRodShaped	804	2.30122	0.5	5.11907	22.4916	0	0.858095	0.513491	0	None	None
ChainingRodShaped	806	2.34897	0.5	0.085127	41.301	0	0.789509	-0.613739	0	None	None
ChainingRodShaped	808	2.31869	0.5	13.2735	34.1997	0	0.951398	0.307964	0	None	None
ChainingRodShaped	810	2.23037	0.5	-6.03617	24.9637	0	0.90275	-0.430166	0	None	None
ChainingRodShaped	812	2.1233	0.5	-17.5868	23.4999	0	0.939621	-0.342216	0	None	None
ChainingRodShaped	814	2.17194	0.5	1.82739	51.7306	0	0.999734	0.0230763	0	None	None
ChainingRodShaped	816	2.17627	0.5	-15.862	26.1909	0	0.641593	0.767046	0	None	None
ChainingRodShaped	818	2.19114	0.5	-0.840327	28.1435	0	0.811341	-0.584573	0	None	None
ChainingRodShaped	820	2.16209	0.5	9.04922	31.432	0	0.796918	-0.604087	0	None	None
ChainingRodShaped	822	2.16811	0.5	-4.21698	55.8878	0	0.998476	0.0551849	0	None	None
ChainingRodShaped	824	2.17629	0.5	2.36035	38.3292	0	0.81155	-0.584283	0	None	None
ChainingRodShaped	826	2.08222	0.5	-10.0094	39.0664	0	0.552426	-0.833562	0	None	None
ChainingRodShaped	828	2.16335	0.5	-2.68822	47.6163	0	0.930486	-0.366326	0	None	None
ChainingRodShaped	830	2.18502	0.5	5.46872	49.1549	0	0.800547	-0.59927	0	None	None
ChainingRodShaped	832	2.17486	0.5	2.13627	26.2002	0	0.875388	-0.483421	0	None	None
ChainingRodShaped	834	2.07974	0.5	-23.0035	25.1151	0	0.999083	0.0428046	0	None	None
ChainingRodShaped	836	2.04703	0.5	11.4236	37.6686	0	0.946687	-0.322155	0	None	None
ChainingRodShaped	838	2.06329	0.5	2.64063	48.4595	0	0.910467	-0.413581	0	None	None
ChainingRodShaped	840	2.04179	0.5	42.8745	26.042	0	0.641817	-0.766858	0	769	839
ChainingRodShaped	842	2.03656	0.5	-2.41372	42.0958	0	0.764671	-0.644421	0	None	None
ChainingRodShaped	844	2.02191	0.5	17.068	42.9945	0	0.998527	0.054256	0	None	None
ChainingRodShaped	846	2.01086	0.5	19.51	32.833	0	-0.407606	-0.913158	0	None	None
ChainingRodShaped	848	2.01004	0.5	17.2363	38.8103	0	0.993005	0.118076	0	None	None
