cell_type	cell_id	length	radius	pos_x	pos_y	pos_z	ori_x	ori_y	ori_z	lower_link	upper_link
ChainingRodShaped	5207	3.86504	0.5	-10.4442	29.3899	0	-0.579916	0.814677	0	5208	None
ChainingRodShaped	5343	2.40213	0.5	-9.48782	35.0253	0	-0.0870182	-0.996207	0	5344	None
ChainingRodShaped	4843	4.66303	0.5	21.8959	36.155	0	-0.838577	-0.544782	0	5191	None
ChainingRodShaped	5201	3.55945	0.5	-14.3462	67.2301	0	0.712425	0.701749	0	5202	None
ChainingRodShaped	5225	3.1157	0.5	25.4083	34.816	0	0.882467	0.470374	0	5226	None
ChainingRodShaped	5385	2.46814	0.5	1.3352	9.6393	0	0.584359	-0.811495	0	None	None
ChainingRodShaped	4905	4.68295	0.5	-5.12729	36.5427	0	0.517984	-0.855391	0	None	None
ChainingRodShaped	5251	3.1089	0.5	-1.70652	39.5997	0	-0.963048	-0.269329	0	5252	None
ChainingRodShaped	4937	4.66427	0.5	29.0216	34.6617	0	0.868944	0.49491	0	4938	None
ChainingRodShaped	5037	3.71797	0.5	-37.3576	36.8661	0	0.64099	0.767549	0	None	None
ChainingRodShaped	5285	2.58589	0.5	-10.3455	48.3286	0	0.77514	0.631789	0	5286	None
ChainingRodShaped	5445	2.04294	0.5	0.700681	36.0622	0	0.872218	-0.489118	0	None	None
ChainingRodShaped	5141	2.93087	0.5	-50.908	30.1062	0	-0.722281	-0.6916	0	5142	None
ChainingRodShaped	5361	2.77338	0.5	1.93869	50.2284	0	-0.955648	0.29451	0	None	None
ChainingRodShaped	5259	3.41523	0.5	44.4843	27.3293	0	-0.196766	-0.98045	0	5260	None
ChainingRodShaped	5367	2.60942	0.5	-27.579	43.0808	0	0.182299	-0.983243	0	None	None
ChainingRodShaped	5089	4.08408	0.5	29.2818	-3.26926	0	0.551394	-0.834245	0	5090	None
ChainingRodShaped	5213	3.74113	0.5	38.4638	56.0091	0	0.775664	0.631146	0	5214	None
ChainingRodShaped	5081	4.82401	0.5	-42.1631	27.9322	0	-0.901692	0.432378	0	5082	None
ChainingRodShaped	5359	2.29432	0.5	-10.1413	16.9169	0	0.878289	-0.47813	0	None	None
ChainingRodShaped	4907	4.44998	0.5	-7.51775	13.23	0	0.974564	0.22411	0	None	None
ChainingRodShaped	5061	4.87653	0.5	31.5789	40.2367	0	0.68193	0.731418	0	None	None
ChainingRodShaped	4969	4.00523	0.5	9.99957	13.3636	0	0.117724	0.993046	0	None	None
ChainingRodShaped	5169	4.30401	0.5	-20.3477	41.7067	0	0.799515	0.600647	0	None	None
ChainingRodShaped	5345	2.51555	0.5	14.2401	34.9318	0	-0.766551	-0.642183	0	5346	None
ChainingRodShaped	5107	3.32821	0.5	-31.5193	30.686	0	-0.996029	-0.0890284	0	5108	None
ChainingRodShaped	5451	2.03666	0.5	-9.60955	56.8724	0	0.614324	0.789054	0	5452	None
ChainingRodShaped	5123	4.5288	0.5	28.4214	24.9424	0	-0.454643	-0.890674	0	None	None
ChainingRodShaped	5209	3.32639	0.5	-32.8105	45.1155	0	0.654344	0.756197	0	None	None
ChainingRodShaped	5179	3.57559	0.5	-37.8317	32.5278	0	-0.779604	-0.626273	0	5180	None
ChainingRodShaped	4797	4.88293	0.5	8.86582	36.8403	0	0.951019	0.309134	0	5171	None
ChainingRodShaped	5101	3.23351	0.5	-12.1181	26.003	0	0.476565	-0.879139	0	None	None
ChainingRodShaped	5267	3.23247	0.5	5.22017	17.2595	0	0.122762	-0.992436	0	None	None
ChainingRodShaped	5093	4.75078	0.5	21.946	50.9359	0	0.886457	-0.462811	0	5094	None
ChainingRodShaped	5163	3.29888	0.5	21.5472	13.2284	0	-0.432418	-0.901673	0	5164	None
ChainingRodShaped	5469	2.02337	0.5	10.0734	30.8615	0	-0.975634	-0.219403	0	None	None
ChainingRodShaped	5289	3.07587	0.5	41.2724	55.9166	0	0.762021	0.647553	0	5290	None
ChainingRodShaped	4911	4.84644	0.5	40.4339	51.1706	0	0.98275	0.184938	0	None	None
ChainingRodShaped	5339	2.80045	0.5	-47.2361	27.1692	0	-0.663838	-0.747876	0	5340	None
ChainingRodShaped	5301	2.91874	0.5	17.2075	54.6297	0	-0.871364	0.490636	0	None	None
ChainingRodShaped	5365	2.26254	0.5	-38.7394	33.3569	0	-0.606728	-0.79491	0	5366	None
ChainingRodShaped	5025	4.85981	0.5	-52.7055	39.2324	0	-0.713835	-0.700314	0	5026	None
ChainingRodShaped	5399	2.2048	0.5	39.919	44.4257	0	0.596346	0.802728	0	None	None
ChainingRodShaped	5313	2.7829	0.5	0.269403	30.9057	0	0.998241	0.0592917	0	None	None
ChainingRodShaped	5409	2.16183	0.5	46.913	63.2931	0	0.812768	0.582588	0	5410	None
ChainingRodShaped	5323	2.64534	0.5	-11.9428	29.718	0	-0.48524	0.874381	0	5324	None
ChainingRodShaped	5475	2.01176	0.5	11.66	30.2082	0	0.969111	0.246627	0	None	None
ChainingRodShaped	5239	3.69808	0.5	-25.3118	45.54	0	-0.620719	-0.784033	0	None	None
ChainingRodShaped	5051	4.23635	0.5	22.0847	37.7864	0	-0.742397	-0.66996	0	5052	None
ChainingRodShaped	4977	4.06581	0.5	-8.40644	19.3012	0	0.871306	-0.490741	0	4978	None
ChainingRodShaped	5009	4.92324	0.5	6.60506	21.3659	0	-0.676238	0.736683	0	5010	None
ChainingRodShaped	5299	3.12003	0.5	-19.0971	17.7937	0	0.885455	-0.464724	0	None	None
ChainingRodShaped	5473	2.0261	0.5	-25.8295	43.3144	0	-0.630725	-0.776006	0	5474	None
ChainingRodShaped	5447	2.08452	0.5	20.5942	13.5154	0	-0.424416	-0.905467	0	5448	None
ChainingRodShaped	4877	4.79845	0.5	24.6352	52.6225	0	0.119489	-0.992836	0	5303	None
ChainingRodShaped	4845	4.25765	0.5	-3.38316	36.5094	0	0.239253	-0.970957	0	5233	None
ChainingRodShaped	5147	3.56951	0.5	-6.95292	59.3601	0	0.0547523	-0.9985	0	5148	5130
ChainingRodShaped	4801	4.60237	0.5	23.0736	66.1293	0	0.110177	-0.993912	0	5005	5304
ChainingRodShaped	4823	4.84622	0.5	32.0197	35.6045	0	-0.505625	-0.862754	0	5059	5042
ChainingRodShaped	4863	4.56333	0.5	-13.1858	65.196	0	-0.322048	-0.946723	0	5215	5230
ChainingRodShaped	5453	2.03187	0.5	-20.8838	22.2673	0	0.920401	-0.390976	0	None	None
ChainingRodShaped	5067	3.8659	0.5	17.8128	9.04003	0	-0.666487	0.745517	0	5068	4804
ChainingRodShaped	5401	2.31649	0.5	-16.8259	23.7239	0	0.907393	-0.420284	0	5402	4978
ChainingRodShaped	5185	3.87928	0.5	35.4986	49.7515	0	-0.76198	-0.647601	0	5186	5178
ChainingRodShaped	5375	2.32578	0.5	-25.4878	46.9049	0	-0.618643	-0.785672	0	None	None
ChainingRodShaped	5139	3.50412	0.5	13.0981	29.5723	0	0.892165	0.451709	0	None	None
ChainingRodShaped	4793	4.61438	0.5	-0.97415	8.39621	0	-0.433039	0.901375	0	5065	5206
ChainingRodShaped	5227	3.35808	0.5	23.7275	48.8122	0	0.94091	0.338656	0	5228	4916
ChainingRodShaped	5279	3.45777	0.5	-14.6627	24.3905	0	-0.699104	0.71502	0	None	None
ChainingRodShaped	4951	3.66057	0.5	37.8684	39.8291	0	0.108219	0.994127	0	None	None
ChainingRodShaped	5369	2.22706	0.5	-38.2264	53.4373	0	-0.713837	-0.700312	0	5370	5018
ChainingRodShaped	5427	2.21805	0.5	-25.8415	51.264	0	-0.577689	-0.816257	0	5428	5264
ChainingRodShaped	5217	2.90856	0.5	10.6216	58.9142	0	-0.808272	0.588809	0	None	None
ChainingRodShaped	5425	2.11456	0.5	-36.503	39.3506	0	-0.65715	-0.75376	0	5426	5196
ChainingRodShaped	4959	3.99521	0.5	37.7385	47.9175	0	0.796751	0.604307	0	None	None
ChainingRodShaped	5381	2.46262	0.5	27.1773	43.7349	0	0.739559	0.673091	0	5382	5438
ChainingRodShaped	4875	4.51968	0.5	17.7191	33.9029	0	0.892482	-0.451084	0	None	None
ChainingRodShaped	5291	2.67192	0.5	30.93	31.7357	0	-0.490462	-0.871462	0	5292	5478
ChainingRodShaped	5333	2.91153	0.5	7.69024	59.9191	0	0.776042	-0.630681	0	5334	5270
ChainingRodShaped	5411	2.32781	0.5	8.0689	21.8872	0	-0.911116	0.412149	0	None	None
ChainingRodShaped	4995	4.20806	0.5	-16.5117	29.638	0	0.998554	0.0537572	0	None	None
ChainingRodShaped	5257	3.0524	0.5	-4.68964	33.4463	0	0.990798	0.13535	0	5258	5172
ChainingRodShaped	5255	3.39386	0.5	-25.1181	42.5142	0	-0.76788	-0.640594	0	5256	5420
ChainingRodShaped	5187	3.34361	0.5	-38.1049	43.7519	0	0.716434	0.697655	0	None	None
ChainingRodShaped	5309	2.45182	0.5	32.7334	28.8912	0	-0.467695	-0.88389	0	None	None
ChainingRodShaped	5113	3.05608	0.5	-25.2016	39.3412	0	0.732449	0.680822	0	5114	4998
ChainingRodShaped	5297	3.3048	0.5	-5.70015	32.348	0	-0.993174	-0.116639	0	5298	5460
ChainingRodShaped	5435	2.14279	0.5	33.4246	50.6244	0	-0.774189	-0.632954	0	5436	4918
ChainingRodShaped	5077	4.17776	0.5	-29.0693	27.1777	0	-0.952909	0.303256	0	None	None
ChainingRodShaped	5461	2.04643	0.5	7.95816	13.8308	0	0.349511	0.936932	0	None	None
ChainingRodShaped	5011	3.86566	0.5	27.9937	36.4378	0	0.998476	-0.0551914	0	None	None
ChainingRodShaped	5203	2.72215	0.5	-7.06827	15.2619	0	0.883039	-0.469299	0	None	None
ChainingRodShaped	5189	4.12311	0.5	-15.6187	19.5457	0	0.417935	-0.908477	0	None	None
ChainingRodShaped	5027	4.17203	0.5	-22.8787	18.5719	0	-0.894957	0.446151	0	5028	5054
ChainingRodShaped	5389	2.19871	0.5	18.975	40.1543	0	0.766036	0.642798	0	5390	5350
ChainingRodShaped	5083	3.10651	0.5	20.4986	10.4083	0	0.512375	-0.858762	0	5084	5306
ChainingRodShaped	4987	4.6147	0.5	-22.4728	62.2015	0	0.736132	0.676838	0	None	None
ChainingRodShaped	5337	2.91299	0.5	48.0361	44.7245	0	-0.207381	-0.97826	0	5338	5160
ChainingRodShaped	4919	4.36033	0.5	-2.37736	52.5536	0	-0.999317	0.0369662	0	None	None
ChainingRodShaped	5271	2.84119	0.5	-30.0326	50.3202	0	-0.705869	-0.708342	0	5272	5150
ChainingRodShaped	5097	3.35507	0.5	2.58105	39.7816	0	-0.961452	-0.274973	0	None	None
ChainingRodShaped	5175	2.87495	0.5	-28.754	34.469	0	0.82598	0.563699	0	5176	4924
ChainingRodShaped	5137	4.4414	0.5	-31.6543	35.0372	0	-0.787903	-0.615799	0	None	None
ChainingRodShaped	4873	4.03792	0.5	19.4055	29.2695	0	0.874531	0.48497	0	4874	4938
ChainingRodShaped	5105	3.45107	0.5	14.9162	44.5711	0	-0.948253	-0.317515	0	5106	5238
ChainingRodShaped	5449	2.05821	0.5	-5.51905	35.2816	0	0.517339	-0.855781	0	None	None
ChainingRodShaped	5413	2.25374	0.5	-2.56892	14.3494	0	0.281608	-0.95953	0	None	None
ChainingRodShaped	4979	4.16914	0.5	12.7385	28.2741	0	0.892061	0.451915	0	5397	4898
ChainingRodShaped	5241	3.58847	0.5	-38.6535	46.3668	0	0.799195	0.601072	0	5242	5074
ChainingRodShaped	5439	2.14062	0.5	33.0308	43.4189	0	-0.829098	-0.559103	0	5440	5192
ChainingRodShaped	5153	4.0435	0.5	-8.09189	61.984	0	0.0240502	-0.999711	0	5154	5250
ChainingRodShaped	5103	3.2048	0.5	1.25797	13.1078	0	-0.593322	0.804966	0	5104	5128
ChainingRodShaped	5417	2.13083	0.5	25.7779	24.2559	0	-0.450812	-0.892619	0	5418	4976
ChainingRodShaped	5055	3.8557	0.5	-44.0362	36.6806	0	-0.723171	-0.690669	0	5457	5142
ChainingRodShaped	5173	3.8625	0.5	6.96902	47.9228	0	0.980871	-0.194657	0	5174	5222
ChainingRodShaped	5415	2.15735	0.5	-7.18524	16.4314	0	0.880947	-0.473215	0	None	None
ChainingRodShaped	5245	2.87964	0.5	-15.5956	30.6731	0	0.998563	0.0535929	0	None	None
ChainingRodShaped	5121	4.78868	0.5	8.63475	31.5243	0	0.765162	0.643838	0	5122	4932
ChainingRodShaped	5053	4.0241	0.5	-32.5406	23.3167	0	-0.900437	0.434987	0	5054	5082
ChainingRodShaped	5115	3.82778	0.5	-21.6475	31.36	0	-0.998721	-0.0505639	0	5116	5108
ChainingRodShaped	4929	4.51959	0.5	26.0016	22.3677	0	-0.445886	-0.89509	0	5477	5164
ChainingRodShaped	5363	2.59498	0.5	-9.93933	78.2085	0	-0.182827	-0.983145	0	5364	5216
ChainingRodShaped	4869	4.73634	0.5	-8.47762	48.0932	0	-0.0632809	-0.997996	0	5249	4984
ChainingRodShaped	5181	3.55997	0.5	2.65753	22.8922	0	0.870363	0.49241	0	5182	5398
ChainingRodShaped	5017	4.44577	0.5	-44.5246	47.2584	0	-0.713836	-0.700313	0	5018	5026
ChainingRodShaped	4903	4.58769	0.5	-3.26194	71.3875	0	0.619707	-0.784833	0	4904	5282
ChainingRodShaped	5131	3.66461	0.5	9.22362	25.3003	0	-0.870453	-0.492251	0	None	None
ChainingRodShaped	4841	4.46342	0.5	-26.3883	56.0975	0	0.760748	0.649047	0	5471	5342
ChainingRodShaped	5129	4.61598	0.5	-5.95243	49.2331	0	0.148027	-0.988983	0	5130	5234
ChainingRodShaped	5317	3.03895	0.5	10.145	19.9344	0	-0.927087	0.374845	0	None	None
ChainingRodShaped	5091	3.78338	0.5	9.7508	36.1151	0	-0.937233	-0.348703	0	5092	5312
ChainingRodShaped	5407	2.35664	0.5	-1.09653	51.5233	0	-0.998934	0.0461652	0	None	None
ChainingRodShaped	5205	2.96683	0.5	-5.0993	16.9002	0	-0.44377	0.896141	0	5206	5336
ChainingRodShaped	5379	2.5215	0.5	-34.5113	38.9975	0	-0.58978	-0.807564	0	5380	5366
ChainingRodShaped	5395	2.30613	0.5	-38.2231	38.8952	0	0.6575	0.753455	0	None	None
ChainingRodShaped	4923	4.37667	0.5	-20.878	40.0647	0	0.802203	0.597052	0	4924	4958
ChainingRodShaped	5125	3.26495	0.5	-21.2138	52.8487	0	-0.523872	-0.851797	0	None	None
ChainingRodShaped	5455	2.02286	0.5	-36.9674	31.2648	0	-0.743966	-0.668218	0	None	None
ChainingRodShaped	4925	4.90885	0.5	-32.9847	32.85	0	0.798672	0.601767	0	4926	5114
ChainingRodShaped	4913	4.15935	0.5	-18.9794	52.8143	0	-0.525355	-0.850883	0	5229	5044
ChainingRodShaped	5405	2.22084	0.5	0.889016	54.345	0	0.956101	-0.293037	0	None	None
ChainingRodShaped	5039	3.28289	0.5	-7.85358	17.8972	0	0.876169	-0.482004	0	None	None
ChainingRodShaped	5231	3.79457	0.5	35.8934	55.4258	0	0.820709	0.571347	0	5232	5430
ChainingRodShaped	5133	4.46911	0.5	29.6802	37.4602	0	0.999966	0.00829187	0	None	None
ChainingRodShaped	5275	2.82911	0.5	23.467	42.5934	0	-0.777411	-0.628993	0	5276	4962
ChainingRodShaped	5387	2.5486	0.5	-21.8029	24.7341	0	-0.936689	0.350162	0	None	None
ChainingRodShaped	5167	4.09743	0.5	31.5037	50.3302	0	0.776357	0.630293	0	5168	5214
ChainingRodShaped	5319	2.92806	0.5	-39.5658	43.7177	0	0.715571	0.69854	0	None	None
ChainingRodShaped	4989	4.21567	0.5	-20.4308	26.3799	0	-0.952986	0.303014	0	None	None
ChainingRodShaped	5031	4.36506	0.5	-8.41446	72.1782	0	0.0302913	-0.999541	0	5383	5154
ChainingRodShaped	4927	4.98971	0.5	15.6733	19.0915	0	0.468558	-0.883433	0	5441	5084
ChainingRodShaped	5087	3.07773	0.5	48.1274	60.8252	0	-0.732636	-0.68062	0	5088	5330
ChainingRodShaped	5033	3.88057	0.5	-50.4077	37.5822	0	0.801519	0.597969	0	5034	4884
ChainingRodShaped	5177	2.95492	0.5	28.8559	43.9215	0	-0.741988	-0.670413	0	5178	5052
ChainingRodShaped	5029	3.56662	0.5	-14.2666	53.1725	0	-0.663409	-0.748257	0	5371	5358
ChainingRodShaped	5199	3.52435	0.5	-8.95497	15.154	0	0.881597	-0.472003	0	None	None
ChainingRodShaped	4949	3.80209	0.5	14.3186	58.989	0	-0.949506	0.313748	0	None	None
ChainingRodShaped	4971	4.99494	0.5	8.03903	17.4189	0	0.471345	-0.881949	0	None	None
ChainingRodShaped	5269	3.08121	0.5	14.1413	55.3233	0	0.84763	-0.530587	0	5270	5094
ChainingRodShaped	5145	2.99019	0.5	-12.9822	32.7333	0	0.998795	0.0490721	0	5146	5258
ChainingRodShaped	5377	2.52508	0.5	-15.8588	28.6787	0	0.998386	0.0567852	0	None	None
ChainingRodShaped	5253	3.54938	0.5	-1.86278	15.6901	0	0.5944	-0.804169	0	None	None
ChainingRodShaped	4921	3.92644	0.5	-32.8596	58.7023	0	-0.713838	-0.700311	0	5465	5370
ChainingRodShaped	5151	4.12288	0.5	3.0045	37.9492	0	-0.993299	0.115575	0	None	None
ChainingRodShaped	5421	2.17054	0.5	-16.6293	48.2049	0	0.652652	0.757658	0	5422	5008
ChainingRodShaped	5247	2.84579	0.5	38.419	47.2122	0	-0.808628	-0.58832	0	5248	5440
ChainingRodShaped	5183	2.87719	0.5	38.7144	38.4612	0	0.0986487	0.995122	0	None	None
ChainingRodShaped	5157	3.30038	0.5	26.0705	34.0988	0	0.87772	0.479174	0	None	None
ChainingRodShaped	5277	3.53508	0.5	-20.2475	62.9046	0	0.729098	0.68441	0	None	None
ChainingRodShaped	4963	3.88832	0.5	34.6683	31.182	0	-0.26395	-0.964536	0	None	None
ChainingRodShaped	5021	3.46455	0.5	34.7743	50.4141	0	0.761916	0.647676	0	5437	5290
ChainingRodShaped	5305	2.67585	0.5	24.5897	3.8637	0	0.544529	-0.838742	0	5306	5090
ChainingRodShaped	5099	4.03778	0.5	33.403	46.0476	0	0.88227	0.470743	0	None	None
ChainingRodShaped	5085	4.86469	0.5	37.3026	34.5833	0	0.114769	0.993392	0	None	None
ChainingRodShaped	5265	2.93214	0.5	15.6792	32.7957	0	-0.88468	0.466199	0	None	None
ChainingRodShaped	5079	4.73464	0.5	14.8472	56.732	0	-0.949372	0.314154	0	None	None
ChainingRodShaped	5047	4.052	0.5	-11.6527	27.1958	0	-0.475128	0.879917	0	None	None
ChainingRodShaped	5127	4.68474	0.5	-4.9242	21.5905	0	-0.577666	0.816273	0	5128	5208
ChainingRodShaped	5351	2.48223	0.5	23.3357	2.78889	0	-0.65751	0.753446	0	5352	5068
ChainingRodShaped	5393	2.1712	0.5	-17.2346	19.0131	0	0.881131	-0.472872	0	None	None
ChainingRodShaped	4792	4.71831	0.5	-16.6958	17.6152	0	0.880764	-0.473555	0	None	None
ChainingRodShaped	5065	3.4126	0.5	1.18919	3.88588	0	-0.431765	0.901986	0	5066	4793
ChainingRodShaped	5023	3.4279	0.5	-23.3336	53.1106	0	-0.578673	-0.81556	0	None	None
ChainingRodShaped	5171	3.46115	0.5	3.92561	35.3179	0	0.961604	0.274442	0	5172	4797
ChainingRodShaped	5283	2.85371	0.5	51.046	58.2651	0	-0.22497	-0.974366	0	5284	5404
ChainingRodShaped	5005	3.59959	0.5	22.5166	71.1922	0	0.108409	-0.994106	0	5006	4801
ChainingRodShaped	4804	4.85941	0.5	14.2303	13.018	0	-0.671452	0.741048	0	5067	5010
ChainingRodShaped	4806	4.56086	0.5	43.9197	59.3741	0	-0.764817	-0.644248	0	None	5432
ChainingRodShaped	5019	3.72855	0.5	-7.31109	68.516	0	0.03112	-0.999516	0	5020	5148
ChainingRodShaped	5111	3.79592	0.5	-7.22039	45.3179	0	-0.319152	-0.947704	0	None	None
ChainingRodShaped	5057	3.40572	0.5	4.67746	25.5548	0	0.756081	0.654478	0	None	None
ChainingRodShaped	5135	3.99052	0.5	-0.741211	10.7072	0	0.536329	-0.844009	0	None	None
ChainingRodShaped	5193	3.3972	0.5	6.74416	39.5946	0	-0.996185	0.087268	0	None	None
ChainingRodShaped	5063	3.24427	0.5	6.77235	14.4838	0	0.636935	0.770918	0	None	None
ChainingRodShaped	5325	2.704	0.5	-0.874648	50.136	0	0.938916	-0.344146	0	5326	5174
ChainingRodShaped	5149	3.56041	0.5	-36.2781	44.143	0	-0.715405	-0.69871	0	5150	5458
ChainingRodShaped	5059	4.01518	0.5	34.811	40.2447	0	-0.526947	-0.849898	0	5060	4823
ChainingRodShaped	5221	3.27212	0.5	15.9054	47.2186	0	0.998439	0.0558574	0	5222	5228
ChainingRodShaped	5119	4.05118	0.5	-26.8342	25.1341	0	0.900699	-0.434443	0	None	None
ChainingRodShaped	5219	3.409	0.5	7.69438	28.2364	0	0.959635	0.281248	0	None	None
ChainingRodShaped	5355	2.69405	0.5	-13.4448	25.5757	0	0.206842	-0.978374	0	None	None
ChainingRodShaped	4834	4.9644	0.5	-23.4382	42.4359	0	-0.710009	-0.704192	0	None	None
ChainingRodShaped	5459	2.05205	0.5	-12.311	31.8065	0	-0.998592	-0.0530407	0	5460	5116
ChainingRodShaped	5287	3.10242	0.5	-21.8421	56.7771	0	-0.595066	-0.803677	0	5288	5428
ChainingRodShaped	5197	3.64697	0.5	-13.4823	19.8576	0	0.881437	-0.472301	0	None	None
ChainingRodShaped	5471	2.01733	0.5	-29.6181	53.3818	0	0.773669	0.63359	0	5472	4841
ChainingRodShaped	5191	3.43958	0.5	26.1222	38.8952	0	-0.83969	-0.543066	0	5192	4843
ChainingRodShaped	5233	2.7371	0.5	-4.40673	40.842	0	0.216402	-0.976304	0	5234	4845
ChainingRodShaped	5331	2.61147	0.5	-35.0372	30.1163	0	0.812731	0.58264	0	5332	5176
ChainingRodShaped	5341	2.66803	0.5	-20.2393	61.5559	0	0.73193	0.68138	0	5342	5202
ChainingRodShaped	5161	4.44514	0.5	31.5678	28.8154	0	-0.468685	-0.883366	0	None	None
ChainingRodShaped	5109	3.67139	0.5	6.47629	6.01329	0	-0.591917	0.805999	0	5110	5104
ChainingRodShaped	5293	2.87304	0.5	-23.8646	30.2539	0	0.998145	0.0608895	0	None	None
ChainingRodShaped	5143	3.02556	0.5	24.3889	48.0298	0	-0.927776	-0.373137	0	5144	5106
ChainingRodShaped	5117	3.04546	0.5	0.973811	24.9568	0	0.752729	0.65833	0	5118	5122
ChainingRodShaped	5311	2.82141	0.5	2.30609	33.7809	0	-0.970901	-0.23948	0	5312	5298
ChainingRodShaped	5215	2.87423	0.5	-11.7961	69.691	0	-0.256776	-0.966471	0	5216	4863
ChainingRodShaped	5159	4.39706	0.5	46.2618	36.1451	0	-0.198983	-0.980003	0	5160	5260
ChainingRodShaped	5263	3.05083	0.5	-30.2813	44.9273	0	-0.573845	-0.818964	0	5264	5380
ChainingRodShaped	5249	3.66457	0.5	-8.19272	53.2559	0	-0.0450607	-0.998984	0	5250	4869
ChainingRodShaped	5357	2.48033	0.5	-19.4656	47.6358	0	-0.710747	-0.703447	0	5358	5256
ChainingRodShaped	4874	4.06091	0.5	14.993	26.8254	0	0.874968	0.484181	0	None	4873
ChainingRodShaped	5261	2.74603	0.5	18.5255	37.2201	0	-0.755286	-0.655396	0	None	None
ChainingRodShaped	5303	2.60242	0.5	24.0801	57.2769	0	0.116644	-0.993174	0	5304	4877
ChainingRodShaped	5349	2.72413	0.5	24.2029	44.4584	0	0.777947	0.62833	0	5350	5168
ChainingRodShaped	5155	4.32551	0.5	-31.3381	29.1777	0	0.911947	0.410309	0	None	None
ChainingRodShaped	4884	4.59412	0.5	-46.2175	40.7093	0	0.801337	0.598213	0	5033	5242
ChainingRodShaped	5165	4.26826	0.5	-23.6924	26.4281	0	0.945255	-0.326334	0	5166	5402
ChainingRodShaped	5419	2.25828	0.5	-30.7068	38.1127	0	-0.796274	-0.604936	0	5420	5180
ChainingRodShaped	5329	3.00226	0.5	42.4615	55.6978	0	-0.7526	-0.658478	0	5330	5186
ChainingRodShaped	4892	4.33403	0.5	-19.7796	53.3476	0	-0.522017	-0.852935	0	None	None
ChainingRodShaped	5211	3.02611	0.5	-36.1159	42.7938	0	0.667575	0.744542	0	None	None
ChainingRodShaped	4896	4.63284	0.5	-26.2867	21.9731	0	0.761238	-0.648472	0	None	None
ChainingRodShaped	4898	4.13907	0.5	17.3233	30.5986	0	0.891622	0.45278	0	4979	5226
ChainingRodShaped	5295	2.52971	0.5	-24.3689	56.0764	0	-0.697283	-0.716796	0	5296	5272
ChainingRodShaped	4902	4.73923	0.5	18.749	56.1471	0	-0.858087	0.513505	0	None	None
ChainingRodShaped	4904	3.90745	0.5	-6.45609	75.5198	0	0.602548	-0.798083	0	None	4903
ChainingRodShaped	5223	3.14029	0.5	-5.35742	38.9821	0	0.459524	-0.888165	0	None	None
ChainingRodShaped	4908	4.88237	0.5	-11.2057	14.2351	0	0.993246	-0.116032	0	None	None
ChainingRodShaped	5195	3.40618	0.5	-42.0379	33.0305	0	-0.662451	-0.749105	0	5196	5340
ChainingRodShaped	5235	3.51707	0.5	37.286	48.7608	0	0.790669	0.612244	0	None	None
ChainingRodShaped	5229	3.10814	0.5	-16.6874	56.8213	0	-0.459429	-0.888215	0	5230	4913
ChainingRodShaped	4916	4.69658	0.5	28.2789	50.8312	0	0.890812	0.454373	0	5227	5232
ChainingRodShaped	4918	4.41786	0.5	30.1056	47.9353	0	-0.778582	-0.627543	0	5435	5276
ChainingRodShaped	4920	4.79454	0.5	-1.90498	53.522	0	-0.999272	0.0381435	0	None	None
ChainingRodShaped	5465	2.04098	0.5	-30.0183	61.4898	0	-0.713838	-0.700311	0	5466	4921
ChainingRodShaped	4924	4.05346	0.5	-25.0928	37.0107	0	0.8177	0.575645	0	5175	4923
ChainingRodShaped	4926	4.66051	0.5	-37.6353	29.4197	0	0.810612	0.585583	0	None	4925
ChainingRodShaped	5441	2.08768	0.5	13.5616	23.0891	0	0.464495	-0.885576	0	5442	4927
ChainingRodShaped	5477	2.01065	0.5	27.9193	26.1666	0	-0.45944	-0.888209	0	5478	4929
ChainingRodShaped	4932	4.89289	0.5	13.0897	35.2427	0	0.770166	0.637844	0	5121	5390
ChainingRodShaped	5237	3.57083	0.5	6.77901	42.0241	0	-0.959261	-0.282521	0	5238	5252
ChainingRodShaped	5273	2.88637	0.5	45.1051	52.1319	0	-0.802881	-0.596139	0	5274	5248
ChainingRodShaped	4938	4.68586	0.5	24.0846	31.8756	0	0.872814	0.488053	0	4873	4937
ChainingRodShaped	5315	2.45287	0.5	-26.1165	57.6326	0	0.76085	0.648928	0	None	None
ChainingRodShaped	4942	4.72895	0.5	8.20685	23.1113	0	-0.9787	0.205296	0	None	None
ChainingRodShaped	5243	3.20032	0.5	-41.1802	36.8969	0	0.642496	0.766289	0	None	None
ChainingRodShaped	5281	2.70767	0.5	2.35506	64.8332	0	0.692227	-0.72168	0	5282	5334
ChainingRodShaped	5335	2.84552	0.5	-8.51657	23.4618	0	-0.476247	0.879312	0	5336	5324
ChainingRodShaped	4950	3.82902	0.5	18.941	57.7079	0	-0.954995	0.296621	0	None	None
ChainingRodShaped	4952	4.2776	0.5	36.423	35.5151	0	0.113912	0.993491	0	None	None
ChainingRodShaped	4954	3.94679	0.5	-25.6725	49.091	0	-0.392139	-0.919906	0	None	None
ChainingRodShaped	5307	3.04261	0.5	22.0249	39.0383	0	0.74207	0.670323	0	5308	5382
ChainingRodShaped	4958	3.5881	0.5	-16.9207	43.0727	0	0.788961	0.614443	0	4923	5286
ChainingRodShaped	4960	4.49868	0.5	32.7557	44.4058	0	0.832362	0.554232	0	None	None
ChainingRodShaped	4962	3.71959	0.5	20.1678	39.8838	0	-0.768878	-0.639396	0	5275	5346
ChainingRodShaped	5347	2.64777	0.5	35.1108	35.3543	0	0.125781	-0.992058	0	None	None
ChainingRodShaped	5373	2.42092	0.5	34.658	38.1158	0	-0.51696	-0.856009	0	5374	5292
ChainingRodShaped	5467	2.03732	0.5	-42.4567	42.2985	0	0.795213	0.60633	0	None	None
ChainingRodShaped	5321	3.12628	0.5	8.53601	12.4631	0	0.336516	0.941678	0	None	None
ChainingRodShaped	5391	2.19996	0.5	6.644	17.2185	0	0.185339	-0.982675	0	None	None
ChainingRodShaped	5353	2.80451	0.5	-5.05047	30.4482	0	0.988539	-0.150964	0	None	None
ChainingRodShaped	4976	4.77592	0.5	23.8205	20.2776	0	-0.436483	-0.899713	0	5417	5448
ChainingRodShaped	4978	4.39135	0.5	-12.9681	21.7857	0	0.88475	-0.466067	0	5401	4977
ChainingRodShaped	5397	2.19345	0.5	9.0342	26.3731	0	0.885795	0.464077	0	5398	4979
ChainingRodShaped	4982	4.42743	0.5	-19.3981	22.7093	0	-0.922126	0.386891	0	None	None
ChainingRodShaped	4984	4.25123	0.5	-8.85934	42.6445	0	-0.0769214	-0.997037	0	4869	5344
ChainingRodShaped	4986	3.87109	0.5	39.8113	39.5766	0	0.0906933	0.995879	0	None	None
ChainingRodShaped	5423	2.21763	0.5	-25.7536	59.2591	0	0.756295	0.65423	0	None	None
ChainingRodShaped	4990	4.25405	0.5	-16.8326	27.5905	0	-0.999767	-0.0215932	0	None	None
ChainingRodShaped	5403	2.18954	0.5	49.5538	51.706	0	-0.217852	-0.975982	0	5404	5338
ChainingRodShaped	4994	4.47702	0.5	0.846075	37.1213	0	0.871237	-0.490862	0	None	None
ChainingRodShaped	4996	3.89053	0.5	-21.5388	29.3976	0	0.99887	0.0475301	0	None	None
ChainingRodShaped	4998	4.58259	0.5	-21.7627	42.6961	0	0.703479	0.710716	0	5113	5422
ChainingRodShaped	5000	3.58784	0.5	-23.0294	51.8787	0	-0.570492	-0.821303	0	None	None
ChainingRodShaped	5327	2.53911	0.5	-20.6378	21.0865	0	0.920644	-0.390403	0	None	None
ChainingRodShaped	5004	3.72458	0.5	-31.8857	44.6659	0	-0.654323	-0.756215	0	None	5426
ChainingRodShaped	5006	4.17134	0.5	21.9891	76.0447	0	0.107801	-0.994172	0	None	5005
ChainingRodShaped	5008	4.04564	0.5	-14.0094	51.3496	0	0.632252	0.774763	0	5421	5452
ChainingRodShaped	5010	4.43739	0.5	10.4352	17.1869	0	-0.674994	0.737823	0	4804	5009
ChainingRodShaped	5012	3.9157	0.5	23.4698	34.9071	0	0.884572	0.466405	0	None	None
ChainingRodShaped	5014	4.53397	0.5	-22.1007	27.9246	0	0.965109	-0.26185	0	None	None
ChainingRodShaped	5016	3.85382	0.5	-31.7798	36.0956	0	-0.791273	-0.611463	0	None	None
ChainingRodShaped	5018	3.49842	0.5	-40.9795	50.7363	0	-0.713836	-0.700313	0	5369	5017
ChainingRodShaped	5020	3.57712	0.5	-7.4542	73.1608	0	0.0304981	-0.999535	0	None	5019
ChainingRodShaped	5437	2.09164	0.5	31.9137	47.959	0	0.754293	0.656538	0	5438	5021
ChainingRodShaped	5024	4.89062	0.5	-19.9334	56.9502	0	-0.727907	-0.685676	0	None	None
ChainingRodShaped	5026	4.81614	0.5	-48.5405	43.3186	0	-0.713835	-0.700314	0	5017	5025
ChainingRodShaped	5028	3.50313	0.5	-18.5545	16.4095	0	-0.893805	0.448457	0	None	5027
ChainingRodShaped	5371	2.31613	0.5	-11.6904	56.125	0	-0.649471	-0.760386	0	5372	5029
ChainingRodShaped	5383	2.2512	0.5	-8.51803	76.4716	0	0.0136504	-0.999907	0	5384	5031
ChainingRodShaped	5034	3.60713	0.5	-54.2063	34.7487	0	0.801592	0.597872	0	None	5033
ChainingRodShaped	5463	2.04125	0.5	1.74473	52.839	0	-0.935641	-0.352952	0	None	None
ChainingRodShaped	5038	4.11005	0.5	-40.1538	31.1629	0	-0.220331	0.975425	0	None	None
ChainingRodShaped	5040	3.42193	0.5	-11.6612	19.9858	0	0.880045	-0.474891	0	None	None
ChainingRodShaped	5042	4.36183	0.5	29.2467	30.7554	0	-0.486271	-0.873808	0	4823	5418
ChainingRodShaped	5044	3.64847	0.5	-21.6791	48.7396	0	-0.58129	-0.813696	0	4913	5474
ChainingRodShaped	5046	4.22215	0.5	11.4188	22.9819	0	-0.467501	0.883992	0	None	None
ChainingRodShaped	5443	2.08518	0.5	-9.74211	23.6348	0	-0.475876	0.879513	0	None	None
ChainingRodShaped	5429	2.21171	0.5	41.6831	59.5429	0	0.812489	0.582976	0	5430	5410
ChainingRodShaped	5052	3.55486	0.5	25.7094	41.0686	0	-0.739977	-0.672632	0	5177	5051
ChainingRodShaped	5054	4.67826	0.5	-27.7366	20.9752	0	-0.897548	0.440916	0	5027	5053
ChainingRodShaped	5457	2.03678	0.5	-41.188	39.3995	0	-0.723358	-0.690473	0	5458	5055
ChainingRodShaped	5058	3.49887	0.5	0.717185	22.9304	0	0.871722	0.49	0	None	None
ChainingRodShaped	5060	4.16875	0.5	37.5366	44.5309	0	-0.545628	-0.838027	0	None	5059
ChainingRodShaped	5062	3.24876	0.5	29.2536	39.7441	0	0.83475	0.55063	0	None	None
ChainingRodShaped	5064	4.79163	0.5	1.19251	11.5426	0	0.585148	-0.810926	0	None	None
ChainingRodShaped	5066	4.78271	0.5	3.3857	-0.706352	0	-0.431295	0.902211	0	None	5065
ChainingRodShaped	5068	3.18041	0.5	20.812	5.66421	0	-0.661493	0.749951	0	5351	5067
ChainingRodShaped	5433	2.07552	0.5	-7.4267	39.4996	0	0.10609	-0.994356	0	None	None
ChainingRodShaped	5431	2.0826	0.5	38.1928	54.5651	0	-0.768318	-0.640069	0	5432	5436
ChainingRodShaped	5074	3.67057	0.5	-34.98	49.156	0	0.793614	0.608422	0	5241	5472
ChainingRodShaped	5076	4.65213	0.5	14.4574	32.3345	0	0.887753	-0.460321	0	None	None
ChainingRodShaped	5078	4.57199	0.5	-24.2809	24.92	0	-0.814116	0.580702	0	None	None
ChainingRodShaped	5080	4.51075	0.5	19.8583	54.3045	0	-0.877832	0.478968	0	None	None
ChainingRodShaped	5082	4.26178	0.5	-37.1692	25.5407	0	-0.902185	0.431349	0	5053	5081
ChainingRodShaped	5084	3.91596	0.5	18.2596	14.312	0	0.48508	-0.87447	0	4927	5083
ChainingRodShaped	5086	3.88731	0.5	35.5199	30.5353	0	0.264285	0.964445	0	None	None
ChainingRodShaped	5088	4.25383	0.5	51.5345	64.0065	0	-0.729683	-0.683785	0	None	5087
ChainingRodShaped	5090	3.17179	0.5	26.7346	0.588269	0	0.550554	-0.8348	0	5305	5089
ChainingRodShaped	5092	3.50141	0.5	14.0476	37.8138	0	-0.922232	-0.386637	0	None	5091
ChainingRodShaped	5094	3.12202	0.5	17.634	53.2544	0	0.87228	-0.489006	0	5269	5093
ChainingRodShaped	5096	4.55595	0.5	-27.7822	24.4349	0	0.91138	-0.411565	0	None	None
ChainingRodShaped	5098	4.57112	0.5	5.4007	38.7167	0	-0.996126	0.0879327	0	None	None
ChainingRodShaped	5100	4.39853	0.5	29.2519	42.9608	0	0.735836	0.67716	0	None	None
ChainingRodShaped	5102	3.22242	0.5	-16.2878	26.6116	0	0.999816	0.0191855	0	None	None
ChainingRodShaped	5104	3.39039	0.5	3.79867	9.65686	0	-0.592466	0.805596	0	5109	5103
ChainingRodShaped	5106	4.88651	0.5	19.7722	46.2779	0	-0.939604	-0.342264	0	5143	5105
ChainingRodShaped	5108	4.38354	0.5	-26.7085	31.0584	0	-0.997711	-0.0676205	0	5115	5107
ChainingRodShaped	5110	3.80225	0.5	9.27654	2.19934	0	-0.591743	0.806127	0	None	5109
ChainingRodShaped	5112	4.83208	0.5	-7.37972	50.0323	0	-0.0278212	-0.999613	0	None	None
ChainingRodShaped	5114	4.18264	0.5	-28.6546	36.2946	0	0.763389	0.645939	0	4925	5113
ChainingRodShaped	5116	4.47236	0.5	-16.5356	31.6035	0	-0.998976	-0.0452377	0	5459	5115
ChainingRodShaped	5118	3.45578	0.5	-2.18861	22.177	0	0.749659	0.661824	0	None	5117
ChainingRodShaped	5120	3.2666	0.5	-31.1519	26.8094	0	0.953472	-0.301481	0	None	None
ChainingRodShaped	5122	4.25964	0.5	4.46042	27.9763	0	0.758408	0.651781	0	5117	5121
ChainingRodShaped	5124	3.30884	0.5	30.6991	29.2814	0	-0.474662	-0.880168	0	None	None
ChainingRodShaped	5126	4.55033	0.5	-18.671	56.7779	0	-0.728305	-0.685253	0	None	None
ChainingRodShaped	5128	4.58585	0.5	-1.63656	17.0375	0	-0.592735	0.805397	0	5103	5127
ChainingRodShaped	5130	4.13017	0.5	-6.59707	54.5453	0	0.0909096	-0.995859	0	5147	5129
ChainingRodShaped	5132	4.01074	0.5	12.2203	23.5406	0	-0.466644	0.884445	0	None	None
ChainingRodShaped	5134	4.40222	0.5	25.1997	37.139	0	0.838487	0.544921	0	None	None
ChainingRodShaped	5136	3.60585	0.5	-7.06806	22.7854	0	0.500947	-0.865478	0	None	None
ChainingRodShaped	5138	4.53851	0.5	-27.6912	38.7851	0	-0.675334	-0.737512	0	None	None
ChainingRodShaped	5140	4.23945	0.5	8.77893	27.3423	0	0.886703	0.462339	0	None	None
ChainingRodShaped	5142	4.1264	0.5	-47.6389	33.2357	0	-0.722413	-0.691462	0	5055	5141
ChainingRodShaped	5144	4.1766	0.5	28.61	49.8236	0	-0.914492	-0.404604	0	None	5143
ChainingRodShaped	5146	3.78549	0.5	-17.3606	32.5322	0	0.999053	0.0435182	0	None	5145
ChainingRodShaped	5148	3.54211	0.5	-7.1573	63.8943	0	0.0356477	-0.999364	0	5019	5147
ChainingRodShaped	5150	3.60225	0.5	-33.0178	47.3477	0	-0.710892	-0.703301	0	5271	5149
ChainingRodShaped	5152	4.60881	0.5	5.95269	36.9602	0	-0.956443	-0.29192	0	None	None
ChainingRodShaped	5154	4.03861	0.5	-8.24309	66.9973	0	0.0357561	-0.999361	0	5031	5153
ChainingRodShaped	5156	4.32475	0.5	-34.5745	28.7433	0	0.907798	0.419407	0	None	None
ChainingRodShaped	5158	3.21566	0.5	19.1402	34.2459	0	0.891995	-0.452045	0	None	None
ChainingRodShaped	5160	3.12331	0.5	47.2147	40.8005	0	-0.202573	-0.979267	0	5337	5159
ChainingRodShaped	5162	4.35206	0.5	33.0545	33.4731	0	-0.495369	-0.868683	0	None	None
ChainingRodShaped	5164	4.27233	0.5	23.6244	17.5331	0	-0.436472	-0.899718	0	4929	5163
ChainingRodShaped	5166	4.01418	0.5	-28.543	28.0293	0	0.953827	-0.300357	0	None	5165
ChainingRodShaped	5168	4.00828	0.5	27.5862	47.1747	0	0.781027	0.624497	0	5349	5167
ChainingRodShaped	5170	3.10089	0.5	-24.1026	38.8942	0	0.797756	0.602981	0	None	None
ChainingRodShaped	5172	3.55806	0.5	-0.443907	34.2141	0	0.976547	0.215302	0	5257	5171
ChainingRodShaped	5174	2.97119	0.5	2.72542	48.9487	0	0.959055	-0.283219	0	5325	5173
ChainingRodShaped	5176	2.89543	0.5	-31.9562	32.2772	0	0.82411	0.56643	0	5331	5175
ChainingRodShaped	5178	3.44188	0.5	31.9819	46.7096	0	-0.750191	-0.661221	0	5185	5177
ChainingRodShaped	5180	4.1665	0.5	-34.0244	35.5461	0	-0.787349	-0.616508	0	5419	5179
ChainingRodShaped	5182	3.39189	0.5	-1.21092	20.6841	0	0.866622	0.498966	0	None	5181
ChainingRodShaped	5184	3.79529	0.5	38.2497	34.1546	0	0.114649	0.993406	0	None	None
ChainingRodShaped	5186	3.73703	0.5	39.1568	52.8557	0	-0.762722	-0.646727	0	5329	5185
ChainingRodShaped	5188	2.8711	0.5	-41.0489	40.8937	0	0.723693	0.690122	0	None	None
ChainingRodShaped	5190	2.76555	0.5	-17.9351	20.6917	0	0.807883	-0.589343	0	None	None
ChainingRodShaped	5192	3.50045	0.5	29.8581	41.3213	0	-0.837536	-0.546382	0	5439	5191
ChainingRodShaped	5194	3.87194	0.5	10.6039	38.559	0	-0.999155	-0.0411099	0	None	None
ChainingRodShaped	5196	3.64817	0.5	-39.0522	36.4286	0	-0.657685	-0.753293	0	5425	5195
ChainingRodShaped	5198	2.83104	0.5	-15.2925	21.8996	0	0.891908	-0.452218	0	None	None
ChainingRodShaped	5200	3.70957	0.5	-13.2118	15.498	0	0.999903	-0.0139332	0	None	None
ChainingRodShaped	5202	3.09734	0.5	-17.4347	64.217	0	0.71967	0.694316	0	5341	5201
ChainingRodShaped	5204	2.75821	0.5	-12.5812	17.1311	0	0.873763	-0.486351	0	None	None
ChainingRodShaped	5206	3.69597	0.5	-3.20536	13.0259	0	-0.435494	0.900192	0	4793	5205
ChainingRodShaped	5208	3.33574	0.5	-7.7993	25.66	0	-0.576713	0.816947	0	5127	5207
ChainingRodShaped	5210	3.4445	0.5	-35.6743	41.8039	0	0.661308	0.750115	0	None	None
ChainingRodShaped	5212	2.92056	0.5	-38.8934	39.9957	0	0.794157	0.607712	0	None	None
ChainingRodShaped	5214	3.09065	0.5	35.0514	53.2232	0	0.7735	0.633796	0	5167	5213
ChainingRodShaped	5216	4.00244	0.5	-10.7838	74.0004	0	-0.207267	-0.978284	0	5363	5215
ChainingRodShaped	5218	3.19637	0.5	14.2111	57.9816	0	-0.949352	0.314215	0	None	None
ChainingRodShaped	5220	3.87675	0.5	3.72185	26.0344	0	0.756702	0.65376	0	None	None
ChainingRodShaped	5222	3.52723	0.5	11.5633	47.2772	0	0.996911	-0.0785358	0	5173	5221
ChainingRodShaped	5224	3.89536	0.5	-5.88172	43.0923	0	0.192898	-0.981219	0	None	None
ChainingRodShaped	5226	3.51157	0.5	21.6018	32.8038	0	0.88564	0.464372	0	4898	5225
ChainingRodShaped	5228	2.80313	0.5	19.8561	47.7089	0	0.980132	0.198349	0	5221	5227
ChainingRodShaped	5230	3.2822	0.5	-14.9133	60.6039	0	-0.390703	-0.920517	0	4863	5229
ChainingRodShaped	5232	2.71617	0.5	32.3685	53.0903	0	0.850193	0.526471	0	4916	5231
ChainingRodShaped	5234	2.95262	0.5	-5.1729	44.5609	0	0.187715	-0.982224	0	5129	5233
ChainingRodShaped	5236	3.81648	0.5	35.8518	48.8528	0	0.768417	0.639949	0	None	None
ChainingRodShaped	5238	3.06373	0.5	10.888	43.2671	0	-0.954684	-0.297623	0	5105	5237
ChainingRodShaped	5240	3.58322	0.5	-22.5182	49.2276	0	-0.583677	-0.811986	0	None	None
ChainingRodShaped	5242	3.38292	0.5	-42.2308	43.686	0	0.801236	0.598348	0	4884	5241
ChainingRodShaped	5244	3.24633	0.5	-43.396	35.7574	0	0.65027	0.759703	0	None	None
ChainingRodShaped	5246	3.45777	0.5	-19.7353	30.4675	0	0.998912	0.0466341	0	None	None
ChainingRodShaped	5248	3.4555	0.5	41.7584	49.6577	0	-0.805221	-0.592975	0	5273	5247
ChainingRodShaped	5250	2.92608	0.5	-8.0592	57.5211	0	-0.0144003	-0.999896	0	5153	5249
ChainingRodShaped	5252	3.52956	0.5	2.42943	40.7659	0	-0.961919	-0.273334	0	5237	5251
ChainingRodShaped	5254	3.31827	0.5	-4.44141	19.2635	0	0.585801	-0.810455	0	None	None
ChainingRodShaped	5256	2.74315	0.5	-22.0669	45.1671	0	-0.738749	-0.67398	0	5357	5255
ChainingRodShaped	5258	3.32723	0.5	-8.84148	33.0016	0	0.996793	0.080028	0	5145	5257
ChainingRodShaped	5260	3.09675	0.5	45.322	31.4983	0	-0.197289	-0.980345	0	5159	5259
ChainingRodShaped	5262	3.07266	0.5	21.4775	39.7659	0	-0.748738	-0.662866	0	None	None
ChainingRodShaped	5264	3.12223	0.5	-27.9452	48.2681	0	-0.572483	-0.819916	0	5427	5263
ChainingRodShaped	5266	2.83143	0.5	17.3578	33.0093	0	-0.888668	0.458551	0	None	None
ChainingRodShaped	5268	3.31055	0.5	4.11695	20.8497	0	-0.0208016	-0.999784	0	None	None
ChainingRodShaped	5270	3.01402	0.5	10.8107	57.5465	0	0.814668	-0.579928	0	5333	5269
ChainingRodShaped	5272	3.40374	0.5	-27.1389	53.2453	0	-0.701048	-0.713115	0	5295	5271
ChainingRodShaped	5274	2.87822	0.5	48.2149	54.4459	0	-0.801692	-0.597737	0	None	5273
ChainingRodShaped	5276	2.91474	0.5	26.4762	45.0166	0	-0.780125	-0.625624	0	4918	5275
ChainingRodShaped	5278	2.91949	0.5	-23.3494	60.0498	0	0.746019	0.665925	0	None	None
ChainingRodShaped	5280	3.34165	0.5	-10.9894	22.91	0	-0.731738	0.681586	0	None	None
ChainingRodShaped	5282	3.05468	0.5	-0.227654	67.6819	0	0.652618	-0.757687	0	4903	5281
ChainingRodShaped	5284	2.77829	0.5	51.9077	61.9769	0	-0.227302	-0.973824	0	None	5283
ChainingRodShaped	5286	3.35487	0.5	-13.4234	45.8388	0	0.779528	0.626367	0	4958	5285
ChainingRodShaped	5288	2.98059	0.5	-19.4359	60.0198	0	-0.596573	-0.802559	0	None	5287
ChainingRodShaped	5290	3.25352	0.5	38.0964	53.2273	0	0.764211	0.644967	0	5021	5289
ChainingRodShaped	5292	2.86034	0.5	32.8018	34.9932	0	-0.505469	-0.862845	0	5373	5291
ChainingRodShaped	5294	2.69412	0.5	-27.5508	29.6601	0	0.946685	0.322159	0	None	None
ChainingRodShaped	5296	2.73002	0.5	-21.8448	58.6797	0	-0.695057	-0.718954	0	None	5295
ChainingRodShaped	5298	3.1488	0.5	-1.55705	32.9618	0	-0.984088	-0.17768	0	5311	5297
ChainingRodShaped	5300	2.98434	0.5	-22.4903	19.9453	0	0.766541	-0.642195	0	None	None
ChainingRodShaped	5302	3.29706	0.5	20.7993	52.6578	0	-0.883531	0.468373	0	None	None
ChainingRodShaped	5304	3.33009	0.5	23.6262	61.2047	0	0.113252	-0.993566	0	4801	5303
ChainingRodShaped	5306	2.8539	0.5	22.5693	7.02624	0	0.532242	-0.846592	0	5083	5305
ChainingRodShaped	5308	2.44087	0.5	19.2509	36.5394	0	0.743936	0.668251	0	None	5307
ChainingRodShaped	5310	2.92901	0.5	33.9592	32.3428	0	-0.260176	-0.965561	0	None	None
ChainingRodShaped	5312	2.56498	0.5	5.83333	34.76	0	-0.954853	-0.29708	0	5091	5311
ChainingRodShaped	5314	2.6968	0.5	-3.1173	31.4734	0	0.996985	0.0775884	0	None	None
ChainingRodShaped	5316	2.66626	0.5	-28.8285	55.3362	0	0.765897	0.642963	0	None	None
ChainingRodShaped	5318	3.14067	0.5	13.9278	19.1365	0	-0.738302	0.67447	0	None	None
ChainingRodShaped	5320	2.51898	0.5	-42.2603	41.0822	0	0.730559	0.682849	0	None	None
ChainingRodShaped	5322	2.64897	0.5	7.76737	8.8821	0	0.455327	0.890324	0	None	None
ChainingRodShaped	5324	2.42197	0.5	-10.2452	26.6386	0	-0.480043	0.877245	0	5335	5323
ChainingRodShaped	5326	2.77023	0.5	-4.32113	51.4675	0	0.926975	-0.375124	0	None	5325
ChainingRodShaped	5328	2.67026	0.5	-24.0695	22.0686	0	0.952854	-0.303429	0	None	None
ChainingRodShaped	5330	2.61879	0.5	45.2999	58.2259	0	-0.740358	-0.672213	0	5087	5329
ChainingRodShaped	5332	2.39287	0.5	-37.8718	28.0766	0	0.810833	0.585278	0	None	5331
ChainingRodShaped	5334	2.52776	0.5	4.90688	62.3241	0	0.734409	-0.678707	0	5281	5333
ChainingRodShaped	5336	2.51574	0.5	-6.79253	20.2303	0	-0.464105	0.88578	0	5205	5335
ChainingRodShaped	5338	2.61174	0.5	48.8241	48.3938	0	-0.212757	-0.977105	0	5403	5337
ChainingRodShaped	5340	2.73612	0.5	-44.7357	29.9857	0	-0.663932	-0.747793	0	5195	5339
ChainingRodShaped	5342	2.69503	0.5	-22.9465	59.088	0	0.746002	0.665944	0	4841	5341
ChainingRodShaped	5344	2.37618	0.5	-9.20064	38.3732	0	-0.0837553	-0.996486	0	4984	5343
ChainingRodShaped	5346	2.61241	0.5	16.9713	37.2181	0	-0.766999	-0.641648	0	4962	5345
ChainingRodShaped	5348	2.85958	0.5	36.1784	38.7301	0	-0.514417	-0.85754	0	None	None
ChainingRodShaped	5350	2.37729	0.5	21.478	42.2362	0	0.771599	0.63611	0	5389	5349
ChainingRodShaped	5352	2.74683	0.5	25.7055	0.0643637	0	-0.655199	0.755457	0	None	5351
ChainingRodShaped	5354	2.47183	0.5	-8.53206	31.0454	0	0.996099	0.0882404	0	None	None
ChainingRodShaped	5356	2.43643	0.5	-13.5525	29.0632	0	-0.175836	-0.984419	0	None	None
ChainingRodShaped	5358	2.6225	0.5	-17.0055	50.1619	0	-0.685032	-0.728513	0	5029	5357
ChainingRodShaped	5360	2.75823	0.5	-13.2178	18.6108	0	0.878093	-0.47849	0	None	None
ChainingRodShaped	5362	2.7446	0.5	5.18613	49.7635	0	-0.856444	0.516239	0	None	None
ChainingRodShaped	5364	2.30611	0.5	-9.31942	81.5998	0	-0.17735	-0.984148	0	None	5363
ChainingRodShaped	5366	2.67035	0.5	-36.6489	36.1153	0	-0.601317	-0.79901	0	5379	5365
ChainingRodShaped	5368	2.34342	0.5	-27.2357	46.1168	0	0.178748	-0.983895	0	None	None
ChainingRodShaped	5370	2.45225	0.5	-35.8465	55.7721	0	-0.713837	-0.700312	0	4921	5369
ChainingRodShaped	5372	2.28145	0.5	-9.5722	58.6287	0	-0.6426	-0.766202	0	None	5371
ChainingRodShaped	5374	2.494	0.5	36.4521	41.0644	0	-0.522304	-0.852759	0	None	5373
ChainingRodShaped	5376	2.56189	0.5	-23.4205	49.6406	0	-0.585522	-0.810657	0	None	None
ChainingRodShaped	5378	2.28695	0.5	-19.2417	28.517	0	0.999304	0.0373109	0	None	None
ChainingRodShaped	5380	2.51876	0.5	-32.4584	41.8438	0	-0.58027	-0.814424	0	5263	5379
ChainingRodShaped	5382	2.23705	0.5	24.7109	41.4817	0	0.737224	0.675648	0	5307	5381
ChainingRodShaped	5384	2.24197	0.5	-8.5369	79.7088	0	-0.00119552	-0.999999	0	None	5383
ChainingRodShaped	5386	2.37968	0.5	-0.653207	12.4026	0	0.539821	-0.84178	0	None	None
ChainingRodShaped	5388	2.46179	0.5	-18.5764	23.4269	0	-0.919505	0.393079	0	None	None
ChainingRodShaped	5390	2.18899	0.5	16.5544	38.123	0	0.766407	0.642355	0	4932	5389
ChainingRodShaped	5392	2.48774	0.5	5.54592	20.3427	0	0.339065	-0.940763	0	None	None
ChainingRodShaped	5394	2.17191	0.5	-20.4073	19.9144	0	0.921819	-0.38762	0	None	None
ChainingRodShaped	5396	2.37723	0.5	-40.3817	36.3541	0	0.650115	0.759836	0	None	None
ChainingRodShaped	5398	2.42689	0.5	6.13054	24.8233	0	0.878746	0.477289	0	5181	5397
ChainingRodShaped	5400	2.28805	0.5	38.2978	43.8838	0	0.545075	0.838387	0	None	None
ChainingRodShaped	5402	2.16302	0.5	-19.7665	24.994	0	0.928484	-0.371373	0	5165	5401
ChainingRodShaped	5404	2.22072	0.5	50.2568	54.8246	0	-0.221867	-0.975077	0	5283	5403
ChainingRodShaped	5406	2.16226	0.5	-2.13136	55.3541	0	0.92435	-0.381546	0	None	None
ChainingRodShaped	5408	2.27065	0.5	2.20166	51.3748	0	-0.99062	0.136644	0	None	None
ChainingRodShaped	5410	2.26395	0.5	44.3061	61.4242	0	0.812704	0.582677	0	5429	5409
ChainingRodShaped	5412	2.21837	0.5	10.923	21.0311	0	-0.781098	0.624408	0	None	None
ChainingRodShaped	5414	2.24586	0.5	-4.15227	17.0357	0	0.452742	-0.891641	0	None	None
ChainingRodShaped	5416	2.2871	0.5	-10.0108	17.9627	0	0.877019	-0.480456	0	None	None
ChainingRodShaped	5418	2.1604	0.5	27.2134	27.0328	0	-0.467625	-0.883927	0	5042	5417
ChainingRodShaped	5420	2.32895	0.5	-28.1058	40.1039	0	-0.791043	-0.61176	0	5255	5419
ChainingRodShaped	5422	2.18629	0.5	-18.7317	45.842	0	0.676748	0.736214	0	4998	5421
ChainingRodShaped	5424	2.13623	0.5	-28.1639	57.201	0	0.763146	0.646226	0	None	None
ChainingRodShaped	5426	2.12673	0.5	-34.4557	41.7016	0	-0.656192	-0.754594	0	5004	5425
ChainingRodShaped	5428	2.16652	0.5	-23.9881	53.8525	0	-0.586798	-0.809733	0	5287	5427
ChainingRodShaped	5430	2.13412	0.5	39.1169	57.7005	0	0.812124	0.583485	0	5231	5429
ChainingRodShaped	5432	2.16666	0.5	40.5844	56.5667	0	-0.76552	-0.643412	0	4806	5431
ChainingRodShaped	5434	2.16622	0.5	-6.81473	42.1868	0	0.0753094	-0.99716	0	None	None
ChainingRodShaped	5436	2.08871	0.5	35.8245	52.5985	0	-0.77042	-0.637537	0	5431	5435
ChainingRodShaped	5438	2.08803	0.5	29.6028	45.9223	0	0.746136	0.665794	0	5381	5437
ChainingRodShaped	5440	2.12803	0.5	35.5976	45.1879	0	-0.817542	-0.575868	0	5247	5439
ChainingRodShaped	5442	2.05126	0.5	12.1453	25.7922	0	0.463757	-0.885962	0	None	5441
ChainingRodShaped	5444	2.12712	0.5	-8.26827	20.9468	0	-0.485016	0.874505	0	None	None
ChainingRodShaped	5446	2.06509	0.5	-1.90999	37.5909	0	0.783276	-0.621675	0	None	None
ChainingRodShaped	5448	2.09561	0.5	21.9045	16.2958	0	-0.428409	-0.903585	0	4976	5447
ChainingRodShaped	5450	2.08889	0.5	-7.62771	37.2158	0	0.583215	-0.812317	0	None	None
ChainingRodShaped	5452	2.04473	0.5	-11.479	54.4885	0	0.620185	0.784456	0	5008	5451
ChainingRodShaped	5454	2.05741	0.5	-23.765	23	0	0.951662	-0.307148	0	None	None
ChainingRodShaped	5456	2.05573	0.5	-34.8761	33.4442	0	-0.668785	-0.743456	0	None	None
ChainingRodShaped	5458	2.04758	0.5	-38.9993	41.4989	0	-0.719856	-0.694123	0	5149	5457
ChainingRodShaped	5460	2.03147	0.5	-9.31241	31.9925	0	-0.997377	-0.0723801	0	5297	5459
ChainingRodShaped	5462	2.01801	0.5	6.94845	10.9777	0	0.328582	0.944475	0	None	None
ChainingRodShaped	5464	2.04083	0.5	4.53278	54.0245	0	-0.923338	-0.383988	0	None	None
ChainingRodShaped	5466	2.04912	0.5	-27.8461	63.6209	0	-0.713838	-0.700311	0	None	5465
ChainingRodShaped	5468	2.01703	0.5	-44.8444	40.4426	0	0.794882	0.606764	0	None	None
ChainingRodShaped	5470	2.02574	0.5	12.985	31.46	0	-0.999988	0.00486651	0	None	None
ChainingRodShaped	5472	2.02414	0.5	-31.956	51.5016	0	0.784686	0.619894	0	5074	5471
ChainingRodShaped	5474	2.01686	0.5	-23.9522	45.6691	0	-0.614958	-0.788559	0	5044	5473
ChainingRodShaped	5476	2.00761	0.5	8.72089	29.5802	0	0.981372	0.192118	0	None	None
ChainingRodShaped	5478	2.00956	0.5	29.3202	28.8196	0	-0.474498	-0.880256	0	5291	5477
