cell_type	cell_id	length	radius	pos_x	pos_y	pos_z	ori_x	ori_y	ori_z	lower_link	upper_link
ChainingRodShaped	5699	3.99263	0.5	-19.731	28.4004	0	-0.863317	0.504663	0	5700	None
ChainingRodShaped	5343	4.00931	0.5	-23.3056	33.0944	0	-0.567716	-0.823224	0	5344	None
ChainingRodShaped	5609	3.64643	0.5	13.9926	30.837	0	-0.907573	-0.419893	0	5610	None
ChainingRodShaped	5829	3.74597	0.5	-9.57877	87.5762	0	0.392162	0.919896	0	5830	None
ChainingRodShaped	6113	2.36601	0.5	38.8294	39.5577	0	0.802643	0.59646	0	6114	None
ChainingRodShaped	6045	2.24378	0.5	6.30012	4.33013	0	0.605635	-0.795743	0	None	None
ChainingRodShaped	5579	4.24516	0.5	-12.6111	35.6906	0	0.286411	-0.958107	0	None	None
ChainingRodShaped	6015	2.29677	0.5	-8.79666	40.7124	0	-0.99879	-0.0491757	0	6016	None
ChainingRodShaped	5573	3.24026	0.5	35.7617	36.1272	0	0.805524	0.592563	0	5574	None
ChainingRodShaped	5975	2.37895	0.5	-38.2364	39.3092	0	0.640609	0.767867	0	None	None
ChainingRodShaped	5285	4.06614	0.5	-12.7774	56.3908	0	0.480333	0.877086	0	5785	None
ChainingRodShaped	5445	3.35731	0.5	-2.74431	35.6266	0	0.974963	0.222366	0	None	None
ChainingRodShaped	5141	4.22471	0.5	-62.3596	20.5895	0	-0.698688	-0.715427	0	5665	None
ChainingRodShaped	5869	2.7552	0.5	1.76509	50.8461	0	-0.980723	0.195402	0	None	None
ChainingRodShaped	5795	2.96873	0.5	35.343	13.3599	0	-0.434195	-0.900819	0	5796	None
ChainingRodShaped	5973	2.73652	0.5	-34.8991	39.1951	0	-0.741615	-0.670826	0	None	None
ChainingRodShaped	5713	4.25573	0.5	38.7519	-24.9242	0	0.618566	-0.785733	0	5714	None
ChainingRodShaped	5743	3.52289	0.5	65.6214	74.0101	0	0.750441	0.660937	0	5744	None
ChainingRodShaped	5503	3.31533	0.5	-56.8165	18.5159	0	-0.98921	0.146502	0	6163	None
ChainingRodShaped	5359	3.68802	0.5	-7.66127	9.6498	0	0.824549	-0.56579	0	None	None
ChainingRodShaped	5673	3.99458	0.5	-3.87347	5.75922	0	0.809979	-0.586459	0	None	None
ChainingRodShaped	5491	3.49237	0.5	36.0994	40.7318	0	0.881637	0.471929	0	None	None
ChainingRodShaped	5867	3.43602	0.5	9.29354	11.6626	0	-0.647073	0.762428	0	None	None
ChainingRodShaped	5595	3.4175	0.5	-18.9227	48.02	0	0.54813	0.836393	0	None	None
ChainingRodShaped	5345	4.58025	0.5	4.77241	32.8881	0	-0.936472	-0.350743	0	6201	None
ChainingRodShaped	6221	2.0112	0.5	-44.884	23.9127	0	-0.93507	-0.354463	0	6222	None
ChainingRodShaped	5451	3.77051	0.5	-9.46726	71.5329	0	0.309664	0.950846	0	5452	None
ChainingRodShaped	5555	3.22385	0.5	28.4275	16.0936	0	-0.351606	-0.936148	0	None	None
ChainingRodShaped	5967	2.45858	0.5	-30.52	51.6921	0	0.610126	0.792305	0	None	None
ChainingRodShaped	5853	3.47151	0.5	-54.7125	21.3188	0	-0.83415	-0.551537	0	5854	None
ChainingRodShaped	5519	3.50487	0.5	12.4586	39.1237	0	0.944251	0.329227	0	5520	None
ChainingRodShaped	5101	4.78408	0.5	-16.08	22.2838	0	0.791521	-0.611142	0	None	None
ChainingRodShaped	5875	3.41364	0.5	2.88774	13.5285	0	0.723563	-0.690258	0	None	None
ChainingRodShaped	5515	3.29952	0.5	28.2708	50.1598	0	0.929995	-0.367573	0	5516	None
ChainingRodShaped	6109	2.25605	0.5	22.7285	-0.612597	0	-0.210509	-0.977592	0	6110	None
ChainingRodShaped	5469	4.38763	0.5	3.35153	30.2415	0	-0.753307	0.657669	0	None	None
ChainingRodShaped	5957	2.45195	0.5	55.2827	62.3038	0	0.755033	0.655686	0	5958	None
ChainingRodShaped	5517	4.86043	0.5	47.2228	51.6487	0	0.795888	0.605444	0	None	None
ChainingRodShaped	5955	2.64468	0.5	-57.6231	20.6597	0	-0.707895	-0.706318	0	5956	None
ChainingRodShaped	6081	2.40057	0.5	16.4676	57.0058	0	-0.988363	0.152111	0	None	None
ChainingRodShaped	5365	3.57586	0.5	-50.8434	25.2829	0	-0.755433	-0.655226	0	5951	None
ChainingRodShaped	5501	4.18059	0.5	-63.969	28.6813	0	-0.727074	-0.686559	0	5502	None
ChainingRodShaped	5399	3.81614	0.5	46.5818	44.1183	0	0.648051	0.761597	0	None	None
ChainingRodShaped	6189	2.11674	0.5	1.48867	33.6345	0	0.940304	0.340336	0	None	None
ChainingRodShaped	5409	3.74626	0.5	71.0513	80.0235	0	0.771167	0.636633	0	5410	None
ChainingRodShaped	5323	4.85731	0.5	-20.5263	27.7876	0	-0.830089	0.557631	0	5324	None
ChainingRodShaped	5475	4.12833	0.5	6.96495	27.9358	0	0.998831	0.0483454	0	None	None
ChainingRodShaped	5727	3.06033	0.5	-32.0588	41.8394	0	-0.721555	-0.692357	0	None	None
ChainingRodShaped	5679	3.64312	0.5	13.1612	32.6111	0	-0.900973	-0.433875	0	5680	None
ChainingRodShaped	5825	2.59997	0.5	-0.927838	8.45685	0	0.800275	-0.599633	0	5826	None
ChainingRodShaped	6131	2.31784	0.5	-2.37536	24.4478	0	-0.760981	0.648775	0	6132	None
ChainingRodShaped	5903	2.67841	0.5	-20.6605	11.2866	0	0.954527	-0.298124	0	None	None
ChainingRodShaped	6063	2.21788	0.5	-39.7002	33.6108	0	-0.755465	-0.655189	0	6064	None
ChainingRodShaped	6213	2.04418	0.5	21.9109	0.29222	0	-0.202738	-0.979233	0	6214	None
ChainingRodShaped	5537	3.70442	0.5	29.9386	51.8113	0	0.353061	-0.9356	0	5538	None
ChainingRodShaped	5839	2.85908	0.5	-10.9844	35.1134	0	-0.0479788	-0.998848	0	5840	None
ChainingRodShaped	5911	2.72583	0.5	-6.942	73.9291	0	-0.137772	-0.990464	0	5912	5670
ChainingRodShaped	5663	3.41513	0.5	21.4808	75.2032	0	0.323204	-0.946329	0	5664	5780
ChainingRodShaped	5529	3.8063	0.5	38.8195	37.7744	0	-0.618271	-0.785965	0	6205	5638
ChainingRodShaped	5643	4.26806	0.5	-13.3213	66.6613	0	-0.363754	-0.931495	0	5644	5936
ChainingRodShaped	5453	3.72708	0.5	-23.7957	17.7024	0	0.94974	-0.313041	0	None	None
ChainingRodShaped	5833	2.97191	0.5	18.7481	0.56085	0	-0.553974	0.832534	0	5834	5526
ChainingRodShaped	5401	4.9936	0.5	-16.7236	18.0695	0	0.913511	-0.406815	0	5402	5668
ChainingRodShaped	5717	3.30433	0.5	37.2351	46.6422	0	-0.816367	-0.577533	0	5718	5946
ChainingRodShaped	5375	4.32796	0.5	-29.82	45.6787	0	-0.591736	-0.806131	0	None	None
ChainingRodShaped	5987	2.89258	0.5	8.48225	27.1245	0	0.994918	0.100685	0	None	None
ChainingRodShaped	5655	4.2828	0.5	5.24901	2.3682	0	-0.58483	0.811156	0	5656	5764
ChainingRodShaped	5893	3.35074	0.5	34.266	51.3765	0	0.829914	0.557891	0	5894	5568
ChainingRodShaped	5755	2.75364	0.5	-16.1526	18.868	0	-0.909397	0.41593	0	None	None
ChainingRodShaped	4951	4.96512	0.5	44.0673	39.6188	0	0.635628	0.771995	0	None	None
ChainingRodShaped	5369	3.56185	0.5	-36.6388	55.1273	0	-0.707343	-0.706871	0	6181	5018
ChainingRodShaped	6173	2.16978	0.5	-24.9853	55.9115	0	-0.567803	-0.823164	0	6174	5970
ChainingRodShaped	5217	4.54414	0.5	9.59883	62.8104	0	-0.656687	0.754164	0	None	None
ChainingRodShaped	5425	3.62238	0.5	-35.2764	44.1975	0	-0.646273	-0.763107	0	5426	5792
ChainingRodShaped	5905	3.009	0.5	44.0673	48.2493	0	0.768099	0.640331	0	None	None
ChainingRodShaped	6089	2.53113	0.5	30.3778	43.2138	0	0.843829	0.536613	0	6090	5438
ChainingRodShaped	5661	3.59276	0.5	15.7815	29.2249	0	0.944609	0.328197	0	None	None
ChainingRodShaped	5291	4.39194	0.5	37.0491	33.8103	0	-0.58789	-0.808941	0	6197	5478
ChainingRodShaped	5909	2.47297	0.5	4.24351	65.5572	0	0.577225	-0.816585	0	5910	6048
ChainingRodShaped	6033	2.75314	0.5	2.90014	21.4006	0	-0.602415	0.798183	0	None	None
ChainingRodShaped	5739	3.22057	0.5	-22.1389	26.5485	0	0.99922	0.0394942	0	None	None
ChainingRodShaped	6053	2.47611	0.5	-10.7832	32.908	0	0.983736	0.179621	0	6054	5878
ChainingRodShaped	5815	3.3805	0.5	-29.5705	41.4983	0	-0.709083	-0.705125	0	5816	5980
ChainingRodShaped	6001	2.57912	0.5	-38.0626	46.9812	0	0.707694	0.706519	0	None	None
ChainingRodShaped	5309	3.74628	0.5	35.0166	25.3276	0	-0.510232	-0.860037	0	None	None
ChainingRodShaped	5113	4.42893	0.5	-28.9143	37.709	0	0.725261	0.688474	0	5657	5588
ChainingRodShaped	5801	3.23221	0.5	1.23217	34.6111	0	-0.967783	-0.251785	0	5802	5460
ChainingRodShaped	6199	2.06351	0.5	39.4821	50.5675	0	-0.801548	-0.597931	0	6200	5694
ChainingRodShaped	5691	3.71702	0.5	-41.2531	22.2041	0	-0.999723	0.0235197	0	None	None
ChainingRodShaped	6099	2.29634	0.5	5.91031	13.0028	0	-0.389949	0.920837	0	None	None
ChainingRodShaped	5913	3.09376	0.5	30.2162	35.2311	0	0.885658	0.464339	0	None	None
ChainingRodShaped	5203	3.99019	0.5	-3.72437	6.86967	0	0.810351	-0.585945	0	None	None
ChainingRodShaped	5629	4.70897	0.5	-15.5579	11.6344	0	0.954261	-0.298975	0	None	None
ChainingRodShaped	5731	3.17983	0.5	-20.0603	10.074	0	-0.953719	0.300698	0	5732	5540
ChainingRodShaped	5389	3.54093	0.5	30.1961	45.5248	0	0.862869	0.505428	0	5390	5350
ChainingRodShaped	5083	4.3847	0.5	22.5058	-3.35888	0	0.554323	-0.832302	0	5793	6130
ChainingRodShaped	5575	4.11121	0.5	-22.0348	68.2902	0	0.602102	0.798419	0	None	None
ChainingRodShaped	5859	2.60376	0.5	49.8211	42.4531	0	-0.471418	-0.88191	0	5860	5160
ChainingRodShaped	5715	3.35796	0.5	-3.88667	57.3958	0	-0.815045	0.579398	0	None	None
ChainingRodShaped	5271	4.85664	0.5	-27.572	57.069	0	-0.661266	-0.750151	0	5781	5888
ChainingRodShaped	6215	2.02778	0.5	0.0967341	39.9604	0	-0.992292	-0.123919	0	None	None
ChainingRodShaped	5175	4.24351	0.5	-37.6426	29.3689	0	0.855958	0.517045	0	5176	5900
ChainingRodShaped	5577	4.11503	0.5	-34.8313	33.9326	0	-0.780262	-0.625453	0	None	None
ChainingRodShaped	5981	2.45546	0.5	21.4733	25.8643	0	0.819905	0.572499	0	5982	5566
ChainingRodShaped	6077	2.50022	0.5	21.9654	43.8567	0	-0.95041	-0.310999	0	6078	6124
ChainingRodShaped	5449	4.24619	0.5	-13.5627	35.5246	0	0.287139	-0.957889	0	None	None
ChainingRodShaped	5413	4.93729	0.5	-0.930201	11.7047	0	0.674926	-0.737885	0	None	None
ChainingRodShaped	5767	3.74833	0.5	17.1971	28.048	0	0.954586	0.297936	0	5768	5862
ChainingRodShaped	5759	3.44444	0.5	-43.4115	45.1173	0	0.764567	0.644544	0	5760	5966
ChainingRodShaped	6049	2.58103	0.5	35.6971	41.527	0	-0.87685	-0.480765	0	6050	5872
ChainingRodShaped	5681	2.84339	0.5	-8.0762	72.8772	0	-0.144091	-0.989564	0	5682	5250
ChainingRodShaped	5103	4.71993	0.5	9.69042	5.45208	0	-0.70042	0.71373	0	6137	5544
ChainingRodShaped	5417	3.55858	0.5	28.5583	21.575	0	-0.426114	-0.90467	0	5418	5528
ChainingRodShaped	5855	3.24902	0.5	-52.4627	30.7152	0	-0.699551	-0.714583	0	5856	5666
ChainingRodShaped	5735	3.59989	0.5	6.72876	45.0598	0	0.929273	-0.369394	0	5736	5814
ChainingRodShaped	5415	3.84557	0.5	-2.01582	8.03792	0	0.801956	-0.597384	0	None	None
ChainingRodShaped	5245	4.71564	0.5	-23.9586	28.0173	0	0.973388	-0.229161	0	None	None
ChainingRodShaped	5505	4.90457	0.5	11.9371	36.7449	0	0.92474	0.380599	0	5506	5500
ChainingRodShaped	5777	3.01723	0.5	-36.4883	14.7408	0	-0.97252	0.23282	0	5778	5652
ChainingRodShaped	5797	2.72032	0.5	-28.2089	28.9841	0	-0.976316	-0.216351	0	5798	5604
ChainingRodShaped	5635	3.88801	0.5	27.3883	16.1457	0	-0.351828	-0.936065	0	5636	5612
ChainingRodShaped	6057	2.33964	0.5	-7.85829	89.8054	0	-0.084489	-0.996424	0	6058	5648
ChainingRodShaped	5561	3.32126	0.5	-13.8062	49.5257	0	-0.390246	-0.920711	0	5562	5730
ChainingRodShaped	5857	3.35229	0.5	-2.29657	26.0252	0	0.998342	-0.0575591	0	5858	6022
ChainingRodShaped	5617	4.74319	0.5	-48.0096	43.9304	0	-0.71747	-0.69659	0	5618	5510
ChainingRodShaped	5615	4.45625	0.5	-3.93125	90.4493	0	0.0906645	-0.995881	0	5616	5994
ChainingRodShaped	5863	3.11075	0.5	0.621597	24.4714	0	-0.952025	0.306019	0	None	None
ChainingRodShaped	5721	3.1314	0.5	-23.5401	63.2656	0	0.659501	0.751704	0	5722	6068
ChainingRodShaped	6211	2.02345	0.5	-10.0043	53.1637	0	-0.0752186	-0.997167	0	6212	5234
ChainingRodShaped	5885	3.40744	0.5	6.8854	17.1497	0	-0.690162	0.723655	0	None	None
ChainingRodShaped	5845	3.33071	0.5	26.4207	44.5443	0	-0.88268	-0.469975	0	5846	5312
ChainingRodShaped	6035	2.3211	0.5	-2.86358	55.0645	0	-0.630889	0.775873	0	None	None
ChainingRodShaped	5205	4.66568	0.5	-3.01202	12.543	0	-0.677344	0.735667	0	5763	5336
ChainingRodShaped	5999	2.73841	0.5	-42.3161	33.2788	0	-0.691395	-0.722477	0	6000	5952
ChainingRodShaped	5395	4.60014	0.5	-40.9921	39.1886	0	0.670116	0.742257	0	None	None
ChainingRodShaped	5705	4.31964	0.5	-24.4719	39.5197	0	0.689692	0.724103	0	5706	4958
ChainingRodShaped	5125	4.95426	0.5	-21.4677	55.5516	0	-0.574401	-0.818574	0	None	None
ChainingRodShaped	5455	3.32554	0.5	-42.1255	29.1651	0	-0.795468	-0.605996	0	None	None
ChainingRodShaped	6209	2.03067	0.5	-39.3118	29.5719	0	0.842847	0.538154	0	6210	5658
ChainingRodShaped	5837	3.60234	0.5	-25.3371	47.4412	0	-0.65761	-0.753359	0	5838	6026
ChainingRodShaped	5405	4.09243	0.5	1.77369	56.3083	0	0.601023	-0.799232	0	None	None
ChainingRodShaped	5039	4.61106	0.5	-6.25434	11.059	0	0.826651	-0.562715	0	None	None
ChainingRodShaped	5697	3.36576	0.5	54.2565	66.2974	0	0.781416	0.624011	0	5698	5430
ChainingRodShaped	5569	4.73462	0.5	34.4688	37.6319	0	0.844471	0.535601	0	None	None
ChainingRodShaped	5275	4.83886	0.5	21.4151	39.8618	0	-0.905575	-0.424185	0	6159	6136
ChainingRodShaped	5927	2.58267	0.5	-30.2304	21.2674	0	-0.988591	0.150626	0	None	None
ChainingRodShaped	5653	3.90813	0.5	54.3387	64.1197	0	0.755327	0.655348	0	5654	6208
ChainingRodShaped	5959	2.95444	0.5	-38.3061	48.1393	0	0.759006	0.651083	0	None	None
ChainingRodShaped	5737	3.74202	0.5	-24.3555	22.0561	0	-0.935451	0.353457	0	None	None
ChainingRodShaped	5639	3.88005	0.5	-6.67044	90.6112	0	-0.0323612	-0.999476	0	5640	5688
ChainingRodShaped	6061	2.34707	0.5	16.2462	7.56964	0	0.453992	-0.891006	0	6062	5794
ChainingRodShaped	5087	4.36227	0.5	62.8716	68.1385	0	-0.719561	-0.69443	0	5649	5330
ChainingRodShaped	5865	3.36783	0.5	-62.9146	28.2044	0	0.750418	0.660964	0	5866	5622
ChainingRodShaped	5177	4.45397	0.5	26.975	39.9811	0	-0.85743	-0.514601	0	5945	6118
ChainingRodShaped	6133	2.14209	0.5	-13.9711	62.5359	0	-0.417379	-0.908732	0	6134	6070
ChainingRodShaped	5843	2.79609	0.5	-7.43766	8.29739	0	0.823871	-0.566777	0	None	None
ChainingRodShaped	6079	2.50476	0.5	13.3499	62.1976	0	-0.898694	0.438576	0	None	None
ChainingRodShaped	5479	4.64406	0.5	5.6555	15.049	0	0.832343	-0.55426	0	None	None
ChainingRodShaped	5995	2.92196	0.5	14.3263	56.5486	0	0.863216	-0.504835	0	5996	5094
ChainingRodShaped	5145	4.38199	0.5	-26.9072	30.2605	0	0.984833	0.173505	0	5789	5842
ChainingRodShaped	5997	2.39138	0.5	-20.2188	24.5288	0	0.297785	-0.954633	0	None	None
ChainingRodShaped	5749	3.52331	0.5	2.84313	10.7734	0	0.754266	-0.656569	0	None	None
ChainingRodShaped	6009	2.67545	0.5	-29.3612	62.4897	0	-0.698679	-0.715435	0	6010	6182
ChainingRodShaped	5659	4.20442	0.5	-1.2173	38.6703	0	-0.759147	0.650919	0	None	None
ChainingRodShaped	5421	4.24186	0.5	-16.2885	54.4488	0	0.466382	0.884583	0	5422	5806
ChainingRodShaped	5247	4.62663	0.5	47.4494	50.0382	0	-0.724144	-0.689649	0	5807	6128
ChainingRodShaped	5183	4.2741	0.5	44.7269	38.8732	0	0.634971	0.772536	0	None	None
ChainingRodShaped	6125	2.25004	0.5	26.8307	30.818	0	0.817901	0.575359	0	None	None
ChainingRodShaped	5733	3.75057	0.5	-19.5409	70.0777	0	0.552471	0.833532	0	None	None
ChainingRodShaped	5977	2.99034	0.5	36.2059	25.2245	0	-0.560221	-0.828343	0	None	None
ChainingRodShaped	5021	4.89836	0.5	42.8594	51.9703	0	0.790816	0.612054	0	5437	5836
ChainingRodShaped	5305	4.54471	0.5	29.4374	-12.9844	0	0.60793	-0.793991	0	6129	5090
ChainingRodShaped	5725	3.35272	0.5	36.9992	44.2481	0	0.997743	0.067142	0	None	None
ChainingRodShaped	6105	2.19114	0.5	42.5728	35.3539	0	0.193796	0.981042	0	None	None
ChainingRodShaped	6167	2.14082	0.5	9.05759	30.5212	0	-0.750916	0.660398	0	None	None
ChainingRodShaped	5521	4.19261	0.5	13.5823	59.2936	0	-0.847999	0.529999	0	None	None
ChainingRodShaped	5769	3.57883	0.5	-17.0343	24.2044	0	-0.797592	0.603197	0	None	None
ChainingRodShaped	5523	3.50064	0.5	-5.23897	19.3748	0	-0.792908	0.609341	0	5524	5964
ChainingRodShaped	5351	4.57988	0.5	27.1169	-11.7353	0	-0.575722	0.817645	0	5949	5068
ChainingRodShaped	5393	3.44096	0.5	-19.9514	14.6981	0	0.995186	-0.0980055	0	None	None
ChainingRodShaped	5607	4.262	0.5	-18.9893	12.0113	0	0.585759	-0.810485	0	None	None
ChainingRodShaped	5065	4.96472	0.5	11.1138	-6.1186	0	-0.555905	0.831246	0	5513	5656
ChainingRodShaped	5023	4.83122	0.5	-24.5282	54.746	0	-0.590374	-0.80713	0	None	None
ChainingRodShaped	5941	2.55877	0.5	4.36857	36.4898	0	0.959702	0.28102	0	5942	5520
ChainingRodShaped	6225	2.0141	0.5	61.3189	62.1481	0	-0.530779	-0.84751	0	6226	5404
ChainingRodShaped	6177	2.14203	0.5	18.6272	83.6795	0	0.315379	-0.948966	0	6178	5664
ChainingRodShaped	5525	4.01033	0.5	13.3581	8.20348	0	-0.605265	0.796024	0	5526	5628
ChainingRodShaped	5677	3.24258	0.5	56.2144	64.4115	0	-0.757702	-0.652601	0	5678	5432
ChainingRodShaped	6007	2.61994	0.5	-5.68728	89.4943	0	-0.0340166	-0.999421	0	6008	5932
ChainingRodShaped	5819	2.64496	0.5	-15.0056	44.0187	0	-0.66393	-0.747794	0	None	None
ChainingRodShaped	5057	4.91282	0.5	-1.74226	28.7926	0	0.99966	0.0260603	0	None	None
ChainingRodShaped	5723	3.70495	0.5	5.19312	4.14987	0	0.602513	-0.798109	0	None	None
ChainingRodShaped	5943	2.75772	0.5	6.78899	40.5791	0	-0.997102	-0.0760799	0	None	None
ChainingRodShaped	5063	4.6049	0.5	4.96221	12.8216	0	-0.380724	0.924689	0	None	None
ChainingRodShaped	6169	2.0712	0.5	-3.22294	52.9136	0	0.604267	-0.796782	0	6170	5174
ChainingRodShaped	5917	2.72589	0.5	-38.5131	45.063	0	-0.686061	-0.727544	0	5918	6188
ChainingRodShaped	5771	2.94	0.5	45.4162	45.8342	0	-0.651711	-0.758467	0	5772	6206
ChainingRodShaped	5971	2.44504	0.5	22.4567	45.0391	0	0.94017	0.340707	0	5972	5228
ChainingRodShaped	5703	2.93299	0.5	-29.1939	18.1152	0	0.889569	0.456801	0	None	None
ChainingRodShaped	5891	2.5066	0.5	2.6902	27.9874	0	0.990561	-0.137072	0	None	None
ChainingRodShaped	5991	2.71167	0.5	-14.1688	19.0125	0	0.906728	-0.421715	0	None	None
ChainingRodShaped	6055	2.23628	0.5	-23.8824	44.5566	0	-0.611793	-0.791018	0	None	None
ChainingRodShaped	6095	2.20994	0.5	-10.5962	31.9783	0	-0.983606	-0.180331	0	6096	5572
ChainingRodShaped	5933	2.52081	0.5	-18.2718	65.6021	0	-0.575372	-0.817892	0	5934	5428
ChainingRodShaped	5783	3.7149	0.5	-9.53756	12.0243	0	0.854134	-0.520054	0	None	None
ChainingRodShaped	5471	4.05854	0.5	-30.0439	56.6456	0	0.733193	0.680021	0	5472	5722
ChainingRodShaped	5915	2.8696	0.5	22.0521	34.5895	0	-0.904609	-0.426242	0	5916	5610
ChainingRodShaped	5233	4.21061	0.5	-10.5862	43.3084	0	-0.0530351	-0.998593	0	5234	5840
ChainingRodShaped	5331	4.78237	0.5	-46.9175	23.8562	0	0.856805	0.51564	0	5332	5176
ChainingRodShaped	6107	2.38165	0.5	-15.5815	74.71	0	0.479171	0.877721	0	6108	6228
ChainingRodShaped	5563	4.12582	0.5	32.2004	22.1554	0	-0.444193	-0.895931	0	None	None
ChainingRodShaped	5889	3.38054	0.5	17.6522	-2.86998	0	-0.681045	0.732242	0	5890	6138
ChainingRodShaped	6171	2.13661	0.5	-31.1438	25.726	0	0.723948	0.689854	0	None	None
ChainingRodShaped	5143	4.46639	0.5	39.4526	53.8017	0	-0.81592	-0.578164	0	5641	6084
ChainingRodShaped	5117	4.40959	0.5	-8.33671	29.5828	0	0.972568	0.232618	0	6039	5626
ChainingRodShaped	6139	2.14447	0.5	15.5304	39.3044	0	-0.920999	-0.389565	0	6140	5884
ChainingRodShaped	5215	4.44376	0.5	-10.1279	76.627	0	-0.244931	-0.969541	0	5647	5644
ChainingRodShaped	5583	4.75615	0.5	42.5311	28.1548	0	-0.442612	-0.896713	0	5584	6012
ChainingRodShaped	6029	2.5455	0.5	-33.1275	44.4143	0	-0.58917	-0.808009	0	6030	6004
ChainingRodShaped	5709	3.61836	0.5	-10.713	58.8333	0	-0.241051	-0.970512	0	5710	5562
ChainingRodShaped	5357	4.67459	0.5	-19.7833	52.7899	0	-0.589282	-0.807927	0	6069	5256
ChainingRodShaped	5953	2.84099	0.5	15.3991	21.6386	0	0.821309	0.570484	0	5954	5982
ChainingRodShaped	5261	4.45525	0.5	13.3135	34.9127	0	-0.904542	-0.426384	0	None	None
ChainingRodShaped	5303	4.21965	0.5	26.2118	61.8206	0	0.343448	-0.939172	0	5779	5538
ChainingRodShaped	6005	2.30684	0.5	40.4441	52.5117	0	0.786606	0.617455	0	6006	5686
ChainingRodShaped	5599	4.62372	0.5	-35.5201	26.0042	0	0.956722	0.291004	0	None	None
ChainingRodShaped	5621	3.49391	0.5	-56.1854	34.1178	0	0.752321	0.658797	0	5622	5852
ChainingRodShaped	5613	4.37494	0.5	-26.3059	21.3985	0	0.971702	-0.236212	0	5614	5402
ChainingRodShaped	6165	2.18091	0.5	-40.0117	32.0974	0	-0.775244	-0.631662	0	6166	5624
ChainingRodShaped	5847	3.48716	0.5	51.6768	57.8476	0	-0.760106	-0.649799	0	5848	5776
ChainingRodShaped	5753	2.86947	0.5	-20.7634	54.7764	0	-0.588132	-0.808765	0	None	None
ChainingRodShaped	5211	4.85006	0.5	-36.3408	45.9625	0	0.672553	0.740049	0	None	None
ChainingRodShaped	5605	4.27759	0.5	-28.9766	13.7862	0	0.962467	-0.271399	0	None	None
ChainingRodShaped	5861	3.50961	0.5	25.4492	31.3392	0	0.89966	0.43659	0	5862	5818
ChainingRodShaped	5295	3.89242	0.5	-19.0728	67.0386	0	-0.635304	-0.772262	0	5296	5782
ChainingRodShaped	5553	4.95816	0.5	19.1137	58.178	0	-0.844355	0.535785	0	None	None
ChainingRodShaped	6059	2.34097	0.5	-4.57725	100.516	0	0.0475615	-0.998868	0	6060	5616
ChainingRodShaped	6087	2.38988	0.5	-11.8204	37.8272	0	-0.0557517	-0.998445	0	None	None
ChainingRodShaped	5507	3.33058	0.5	-7.45202	7.09442	0	0.81966	-0.572851	0	None	None
ChainingRodShaped	5929	3.21645	0.5	-47.1038	31.2671	0	-0.699861	-0.714279	0	5930	6028
ChainingRodShaped	5787	2.67687	0.5	42.7955	48.4048	0	0.774478	0.632601	0	None	None
ChainingRodShaped	6103	2.30908	0.5	-20.1823	53.8805	0	-0.583802	-0.811896	0	6104	5838
ChainingRodShaped	5567	3.8233	0.5	42.4121	57.1562	0	0.804097	0.594498	0	5568	5232
ChainingRodShaped	5693	3.90027	0.5	31.7114	45.306	0	-0.852352	-0.522968	0	5694	6160
ChainingRodShaped	5531	3.17822	0.5	-3.91838	58.6514	0	-0.818616	0.574341	0	None	None
ChainingRodShaped	6183	2.12626	0.5	-24.4706	67.5202	0	-0.695858	-0.718179	0	6184	6010
ChainingRodShaped	5899	2.53274	0.5	-30.884	33.8071	0	0.803	0.595979	0	5900	5706
ChainingRodShaped	5585	3.18759	0.5	-50.3965	22.8908	0	0.851977	0.52358	0	5586	6144
ChainingRodShaped	5441	4.51191	0.5	9.937	19.5766	0	0.493602	-0.869688	0	5442	5482
ChainingRodShaped	5477	3.98975	0.5	31.6905	25.4765	0	-0.48429	-0.874908	0	5478	5636
ChainingRodShaped	5499	3.95516	0.5	22.1439	41.2696	0	0.901221	0.43336	0	5500	5390
ChainingRodShaped	5773	3.21194	0.5	7.7973	41.6173	0	-0.997736	-0.0672588	0	5774	5758
ChainingRodShaped	6219	2.02371	0.5	56.5479	59.5117	0	-0.67206	-0.740497	0	6220	5808
ChainingRodShaped	5565	4.52784	0.5	28.4526	30.8055	0	0.812108	0.583507	0	5566	5574
ChainingRodShaped	5315	3.81871	0.5	-29.4565	58.5804	0	0.722986	0.690863	0	None	None
ChainingRodShaped	5545	3.13446	0.5	3.69145	21.9928	0	-0.601443	0.798916	0	None	None
ChainingRodShaped	5989	2.53593	0.5	-43.058	38.374	0	0.671518	0.740988	0	None	None
ChainingRodShaped	5281	4.47691	0.5	-1.61738	78.1755	0	0.293863	-0.955847	0	5993	5334
ChainingRodShaped	5925	2.72477	0.5	-12.7852	22.0851	0	-0.769764	0.638329	0	5926	5324
ChainingRodShaped	6043	2.3619	0.5	19.0806	59.8435	0	-0.617761	0.786366	0	None	None
ChainingRodShaped	5741	2.96492	0.5	41.5951	35.4721	0	0.191825	0.981429	0	None	None
ChainingRodShaped	5937	2.81321	0.5	-28.5882	49.0657	0	-0.574639	-0.818407	0	None	None
ChainingRodShaped	5923	3.23598	0.5	20.2182	37.2462	0	0.883329	0.468754	0	5924	5382
ChainingRodShaped	4958	4.85151	0.5	-20.8492	43.7358	0	0.615766	0.787929	0	5705	5786
ChainingRodShaped	5633	4.73331	0.5	34.8177	42.2406	0	0.897567	0.440877	0	None	None
ChainingRodShaped	6135	2.17469	0.5	14.483	36.7304	0	-0.91964	-0.392763	0	6136	6202
ChainingRodShaped	6115	2.30358	0.5	39.1872	31.4347	0	-0.407042	-0.91341	0	None	None
ChainingRodShaped	5373	4.95646	0.5	44.3486	43.0202	0	-0.645072	-0.764122	0	6075	6198
ChainingRodShaped	6085	2.37707	0.5	-43.3103	43.3476	0	0.47962	0.877476	0	None	None
ChainingRodShaped	5823	2.63237	0.5	7.77305	11.9228	0	-0.605138	0.79612	0	None	None
ChainingRodShaped	5391	3.61472	0.5	2.68316	16.1831	0	0.320809	-0.947144	0	None	None
ChainingRodShaped	5897	3.32733	0.5	-7.45231	30.7219	0	0.97485	0.222863	0	None	None
ChainingRodShaped	5527	3.22502	0.5	25.239	13.2525	0	-0.315135	-0.949047	0	5528	6098
ChainingRodShaped	5667	4.55888	0.5	-8.19542	13.5041	0	0.844154	-0.5361	0	5668	5826
ChainingRodShaped	5397	3.68186	0.5	8.83562	26.2803	0	0.993864	0.110611	0	6021	5768
ChainingRodShaped	5645	3.92531	0.5	-23.4251	18.5943	0	-0.951143	0.308749	0	None	None
ChainingRodShaped	5729	3.65483	0.5	-18.0793	41.1598	0	-0.508863	-0.860848	0	5730	5344
ChainingRodShaped	5939	2.59671	0.5	46.5623	39.5448	0	0.632735	0.774369	0	None	None
ChainingRodShaped	5423	4.88039	0.5	-28.8089	60.6288	0	0.711843	0.702339	0	None	None
ChainingRodShaped	5719	3.70714	0.5	-23.1332	24.6018	0	-0.999801	-0.0199413	0	None	None
ChainingRodShaped	5403	3.79543	0.5	56.6474	54.4904	0	-0.511033	-0.859561	0	5404	5338
ChainingRodShaped	5619	4.02035	0.5	-1.49497	37.6247	0	0.758586	-0.651573	0	None	None
ChainingRodShaped	5919	2.7327	0.5	-28.5723	25.415	0	0.989005	0.147883	0	None	None
ChainingRodShaped	5587	4.39359	0.5	-22.0022	45.418	0	0.602759	0.797923	0	5588	5422
ChainingRodShaped	6217	2.0397	0.5	-24.0837	53.6611	0	-0.595986	-0.802995	0	None	None
ChainingRodShaped	5327	4.39701	0.5	-23.1241	16.4524	0	0.949356	-0.314204	0	None	None
ChainingRodShaped	6041	2.65969	0.5	-29.6836	51.1439	0	-0.6102	-0.792247	0	6042	5426
ChainingRodShaped	5747	3.76859	0.5	16.4161	90.3803	0	0.312137	-0.950037	0	5748	6178
ChainingRodShaped	5805	3.41968	0.5	-12.6818	62.3601	0	0.361979	0.932186	0	5806	5452
ChainingRodShaped	5627	3.52732	0.5	6.7661	15.9074	0	-0.69094	0.722912	0	5628	5486
ChainingRodShaped	5873	3.09924	0.5	25.591	34.0928	0	0.899693	0.436524	0	None	None
ChainingRodShaped	5593	4.77665	0.5	-24.0828	22.9836	0	0.933281	-0.359147	0	None	None
ChainingRodShaped	5921	2.51078	0.5	-33.6323	36.1974	0	-0.770772	-0.637111	0	None	None
ChainingRodShaped	5018	4.94973	0.5	-40.3515	51.4373	0	-0.710751	-0.703444	0	5369	5618
ChainingRodShaped	6149	2.14588	0.5	-5.53324	96.7448	0	-0.00999978	-0.99995	0	6150	6008
ChainingRodShaped	5437	4.34575	0.5	38.3685	48.6187	0	0.812817	0.582519	0	5438	5021
ChainingRodShaped	6157	2.13577	0.5	-22.0209	58.4436	0	-0.573649	-0.819101	0	None	None
ChainingRodShaped	6161	2.15492	0.5	-57.5047	34.8002	0	-0.724719	-0.689045	0	6162	5502
ChainingRodShaped	5028	4.98877	0.5	-11.4469	7.29138	0	-0.950163	0.311755	0	None	5732
ChainingRodShaped	5371	4.20639	0.5	-11.2584	69.3584	0	-0.337812	-0.941214	0	5372	6134
ChainingRodShaped	5383	3.90669	0.5	-6.45483	100.946	0	-0.0123013	-0.999924	0	5384	5640
ChainingRodShaped	6093	2.2135	0.5	-68.4602	23.3211	0	0.750595	0.660762	0	6094	5866
ChainingRodShaped	6185	2.08662	0.5	1.83577	53.2021	0	-0.994326	-0.106374	0	None	None
ChainingRodShaped	5745	3.93183	0.5	-43.431	33.5681	0	0.696246	0.717803	0	None	None
ChainingRodShaped	5040	4.89406	0.5	-11.0939	14.0995	0	0.86289	-0.505391	0	None	None
ChainingRodShaped	5637	4.67104	0.5	33.4281	30.2585	0	-0.54333	-0.839519	0	5638	5418
ChainingRodShaped	6025	2.72607	0.5	-30.6176	41.8431	0	-0.716174	-0.697922	0	6026	5474
ChainingRodShaped	5695	3.27066	0.5	5.62537	22.7089	0	-0.607669	0.79419	0	None	None
ChainingRodShaped	5443	4.5476	0.5	-9.85216	18.1465	0	-0.72171	0.692195	0	None	None
ChainingRodShaped	6151	2.23203	0.5	63.4853	73.7845	0	0.772535	0.634972	0	6152	5410
ChainingRodShaped	6117	2.19709	0.5	20.5721	36.3227	0	-0.882949	-0.469469	0	6118	5680
ChainingRodShaped	5539	3.26943	0.5	-28.5612	12.6449	0	-0.961344	0.275349	0	5540	5778
ChainingRodShaped	5457	4.40953	0.5	-45.9298	37.3794	0	-0.700292	-0.713857	0	6187	5856
ChainingRodShaped	6155	2.1327	0.5	-4.69949	27.162	0	0.996156	-0.0875952	0	None	None
ChainingRodShaped	5701	3.9799	0.5	51.4505	52.5761	0	-0.679611	-0.733573	0	5702	5772
ChainingRodShaped	5062	4.60939	0.5	31.557	38.1993	0	0.878148	0.478388	0	None	None
ChainingRodShaped	5511	4.44915	0.5	7.16952	6.46093	0	0.652622	-0.757684	0	None	None
ChainingRodShaped	5513	4.92938	0.5	14.3989	-11.0634	0	-0.550863	0.834596	0	5514	5065
ChainingRodShaped	5068	4.4897	0.5	23.963	-7.2074	0	-0.567164	0.823605	0	5351	5834
ChainingRodShaped	5433	3.51644	0.5	-15.7187	41.7503	0	-0.664368	-0.747406	0	None	None
ChainingRodShaped	5431	3.38146	0.5	48.5572	57.8665	0	-0.765212	-0.643778	0	5432	5436
ChainingRodShaped	5965	2.65502	0.5	-37.6599	49.9611	0	0.763918	0.645314	0	5966	5472
ChainingRodShaped	5541	4.91789	0.5	9.26348	29.1143	0	0.747088	-0.664726	0	None	None
ChainingRodShaped	5559	4.59497	0.5	-31.4914	20.3094	0	-0.809264	0.587446	0	None	None
ChainingRodShaped	5581	3.92597	0.5	20.3473	56.2089	0	-0.843218	0.537571	0	None	None
ChainingRodShaped	5651	4.0697	0.5	-46.0145	16.7484	0	-0.983113	0.183	0	5652	6164
ChainingRodShaped	5793	2.68508	0.5	20.1004	0.437126	0	0.506876	-0.862019	0	5794	5083
ChainingRodShaped	5811	2.61447	0.5	38.795	28.085	0	-0.00076895	1	0	None	None
ChainingRodShaped	5649	3.12946	0.5	66.2704	71.4293	0	-0.717083	-0.696988	0	5650	5087
ChainingRodShaped	5090	4.58292	0.5	32.8249	-17.3677	0	0.61494	-0.788574	0	5305	5714
ChainingRodShaped	6065	2.42527	0.5	32.9135	48.2918	0	-0.845466	-0.53403	0	6066	5846
ChainingRodShaped	5094	4.48444	0.5	18.4435	54.3903	0	0.900357	-0.435151	0	5995	5516
ChainingRodShaped	5557	3.83151	0.5	-32.7601	18.4474	0	0.702626	-0.711559	0	None	None
ChainingRodShaped	6193	2.0445	0.5	0.987178	39.068	0	-0.992868	-0.119221	0	None	None
ChainingRodShaped	5597	3.82972	0.5	29.268	40.2304	0	0.874822	0.484444	0	None	None
ChainingRodShaped	5102	4.75905	0.5	-18.6884	20.9757	0	0.940278	-0.340409	0	None	None
ChainingRodShaped	6137	2.26996	0.5	12.8114	2.25093	0	-0.693945	0.720028	0	6138	5103
ChainingRodShaped	5487	4.914	0.5	29.2116	47.1962	0	-0.870374	-0.492391	0	6083	6078
ChainingRodShaped	5603	4.37167	0.5	-38.1087	26.2574	0	-0.952604	-0.304214	0	5604	6222
ChainingRodShaped	5821	2.85581	0.5	23.1886	-8.90789	0	-0.670962	0.741491	0	5822	5890
ChainingRodShaped	5497	3.24657	0.5	-12.4199	48.1786	0	-0.719353	-0.694644	0	None	None
ChainingRodShaped	5657	3.69434	0.5	-32.6783	34.3763	0	0.774629	0.632416	0	5658	5113
ChainingRodShaped	5571	3.39108	0.5	-19.867	30.4978	0	-0.988866	-0.148809	0	5572	5798
ChainingRodShaped	6039	2.47564	0.5	-12.6366	28.6515	0	0.983694	0.17985	0	6040	5117
ChainingRodShaped	5120	4.92096	0.5	-37.3315	21.032	0	0.99817	-0.0604658	0	None	None
ChainingRodShaped	5625	4.28531	0.5	1.88135	32.797	0	0.936837	0.349765	0	5626	5506
ChainingRodShaped	6203	2.09243	0.5	32.1773	24.331	0	-0.480041	-0.877246	0	None	None
ChainingRodShaped	5547	4.58188	0.5	-19.5876	59.3387	0	-0.733865	-0.679295	0	None	None
ChainingRodShaped	5543	4.85699	0.5	2.05729	13.0185	0	-0.723447	0.69038	0	5544	5524
ChainingRodShaped	5669	3.52666	0.5	-8.5324	64.5473	0	-0.180743	-0.98353	0	5670	5536
ChainingRodShaped	5711	4.09247	0.5	7.16049	22.4218	0	-0.516597	0.856228	0	None	None
ChainingRodShaped	5589	4.67856	0.5	26.5389	35.6498	0	0.899719	0.43647	0	None	None
ChainingRodShaped	5907	3.14082	0.5	-9.07088	20.7551	0	0.906286	-0.422664	0	None	None
ChainingRodShaped	5549	4.40523	0.5	-28.4266	40.5221	0	-0.463342	-0.88618	0	None	None
ChainingRodShaped	5631	3.29896	0.5	0.935707	27.3566	0	0.944707	-0.327915	0	None	None
ChainingRodShaped	5665	3.58592	0.5	-58.937	24.0937	0	-0.698792	-0.715324	0	5666	5141
ChainingRodShaped	5641	4.15771	0.5	43.7502	56.8971	0	-0.806728	-0.590923	0	5642	5143
ChainingRodShaped	5789	3.25474	0.5	-31.6373	29.4105	0	0.983479	0.181023	0	5790	5145
ChainingRodShaped	5931	3.20536	0.5	-6.09508	82.0001	0	-0.0754876	-0.997147	0	5932	5912
ChainingRodShaped	5887	3.07473	0.5	-33.4022	50.5709	0	-0.675206	-0.737629	0	5888	5918
ChainingRodShaped	5533	4.41728	0.5	3.1226	37.1418	0	-0.963836	-0.266497	0	None	None
ChainingRodShaped	5687	3.03356	0.5	-7.1355	81.5722	0	-0.0758406	-0.99712	0	5688	5682
ChainingRodShaped	5601	4.20989	0.5	-47.0508	22.1284	0	0.950363	0.311144	0	None	None
ChainingRodShaped	5158	4.9804	0.5	15.6208	30.2254	0	0.944403	0.328789	0	None	None
ChainingRodShaped	5160	4.76329	0.5	47.6569	38.3205	0	-0.459263	-0.8883	0	5859	5584
ChainingRodShaped	5591	4.08874	0.5	35.8403	30.3699	0	-0.558878	-0.82925	0	None	None
ChainingRodShaped	5611	3.99398	0.5	24.4284	6.62336	0	-0.249233	-0.968444	0	5612	6110
ChainingRodShaped	5683	4.2651	0.5	-37.0415	22.982	0	0.997926	-0.0643757	0	5684	5614
ChainingRodShaped	5685	4.20892	0.5	47.0304	57.883	0	0.767225	0.641379	0	5686	5654
ChainingRodShaped	5170	4.78458	0.5	-24.8199	40.5383	0	0.678394	0.734698	0	None	None
ChainingRodShaped	5877	2.94928	0.5	-2.80358	34.6085	0	0.973259	0.229711	0	5878	5942
ChainingRodShaped	5174	4.46343	0.5	-0.390768	49.8311	0	0.714723	-0.699407	0	6169	5736
ChainingRodShaped	5176	4.29603	0.5	-42.162	26.6806	0	0.862683	0.505746	0	5331	5175
ChainingRodShaped	5945	2.97166	0.5	30.9439	42.4189	0	-0.844524	-0.535518	0	5946	5177
ChainingRodShaped	5623	3.50732	0.5	-47.6348	26.2282	0	-0.806792	-0.590836	0	5624	5854
ChainingRodShaped	5985	2.84385	0.5	-10.6291	26.6684	0	0.995603	-0.0936689	0	5986	5858
ChainingRodShaped	5751	3.91846	0.5	43.3477	34.2026	0	0.198421	0.980117	0	None	None
ChainingRodShaped	5775	3.43973	0.5	44.7535	52.2125	0	-0.790622	-0.612305	0	5776	5718
ChainingRodShaped	5188	4.30476	0.5	-43.6346	41.1451	0	0.696332	0.717719	0	None	None
ChainingRodShaped	5190	4.03721	0.5	-19.2579	16.0291	0	0.917801	-0.39704	0	None	None
ChainingRodShaped	5871	3.26402	0.5	29.0304	37.996	0	-0.890741	-0.45451	0	5872	5916
ChainingRodShaped	5707	3.50911	0.5	12.3844	40.1278	0	-0.944003	-0.329936	0	None	None
ChainingRodShaped	5791	3.85425	0.5	-41.4928	37.1681	0	-0.676964	-0.736016	0	5792	5930
ChainingRodShaped	5198	4.26664	0.5	-15.986	16.6787	0	0.910743	-0.412973	0	None	None
ChainingRodShaped	5761	3.47029	0.5	-11.1397	9.42189	0	0.911706	-0.410844	0	None	None
ChainingRodShaped	6227	2.00518	0.5	-12.8214	80.2002	0	0.420847	0.907132	0	6228	5830
ChainingRodShaped	5204	4.08955	0.5	-14.9972	12.4826	0	0.954694	-0.29759	0	None	None
ChainingRodShaped	5763	3.00929	0.5	0.184157	8.94552	0	-0.64494	0.764233	0	5764	5205
ChainingRodShaped	5963	2.51309	0.5	-11.8811	23.8881	0	-0.857747	0.514072	0	5964	5700
ChainingRodShaped	5881	3.2471	0.5	-35.4221	45.5463	0	0.665118	0.746738	0	None	None
ChainingRodShaped	5212	4.55689	0.5	-40.1874	41.7969	0	0.710097	0.704104	0	None	None
ChainingRodShaped	6207	2.03642	0.5	59.5821	68.6957	0	0.751435	0.659808	0	6208	5744
ChainingRodShaped	5647	4.10358	0.5	-8.99201	81.7502	0	-0.185969	-0.982556	0	5648	5215
ChainingRodShaped	6071	2.53195	0.5	12.8756	61.3198	0	-0.899282	0.43737	0	None	None
ChainingRodShaped	5689	3.85117	0.5	-2.23381	29.7415	0	0.999794	0.0202896	0	None	None
ChainingRodShaped	5813	3.06623	0.5	15.0553	43.5821	0	0.999426	0.0338831	0	5814	5972
ChainingRodShaped	5671	3.44058	0.5	-12.2483	41.6505	0	0.306466	-0.951882	0	None	None
ChainingRodShaped	5817	3.71369	0.5	32.7121	35.374	0	0.847227	0.531231	0	5818	6114
ChainingRodShaped	5228	4.35913	0.5	26.4125	46.7897	0	0.896053	0.443948	0	5971	5894
ChainingRodShaped	5935	2.56736	0.5	-16.5557	59.6096	0	-0.482275	-0.87602	0	5936	6104
ChainingRodShaped	5232	4.13372	0.5	46.3469	60.1146	0	0.794774	0.606905	0	5567	5698
ChainingRodShaped	5234	4.85697	0.5	-10.2824	48.7859	0	-0.0575514	-0.998343	0	6211	5233
ChainingRodShaped	5675	3.44338	0.5	41.3753	48.5011	0	0.79751	0.603306	0	None	None
ChainingRodShaped	6123	2.32573	0.5	15.5948	42.3815	0	-0.989224	-0.146412	0	6124	5774
ChainingRodShaped	5765	4.01659	0.5	-25.9499	48.2086	0	-0.656331	-0.754473	0	None	None
ChainingRodShaped	5851	2.98584	0.5	-49.787	39.6829	0	0.757299	0.653068	0	5852	5760
ChainingRodShaped	5947	2.8871	0.5	-48.1611	33.5351	0	0.623216	0.78205	0	None	None
ChainingRodShaped	5809	3.00554	0.5	-28.2893	27.2454	0	0.757844	0.652435	0	None	None
ChainingRodShaped	5807	3.10557	0.5	50.8943	53.4407	0	-0.694168	-0.719813	0	5808	5247
ChainingRodShaped	5250	4.97636	0.5	-8.85966	68.0772	0	-0.171569	-0.985172	0	5681	5710
ChainingRodShaped	5757	3.26831	0.5	-1.2532	41.0931	0	-0.998658	-0.0517885	0	5758	6016
ChainingRodShaped	5849	3.52805	0.5	-3.23034	16.2066	0	0.842212	-0.539147	0	None	None
ChainingRodShaped	5256	4.41256	0.5	-23.1773	48.4479	0	-0.642778	-0.766053	0	5357	5816
ChainingRodShaped	5841	2.98243	0.5	-17.9783	31.759	0	0.988468	0.151432	0	5842	6054
ChainingRodShaped	6011	2.83733	0.5	38.9335	20.7978	0	-0.435832	-0.900028	0	6012	5796
ChainingRodShaped	6023	2.76565	0.5	17.4306	36.9477	0	-0.908214	-0.418507	0	None	None
ChainingRodShaped	5969	2.66021	0.5	-29.0536	50.0982	0	-0.577757	-0.816209	0	5970	6030
ChainingRodShaped	5266	4.77739	0.5	11.3831	29.6707	0	-0.760207	0.649681	0	None	None
ChainingRodShaped	5831	2.88206	0.5	-1.06053	18.122	0	0.340135	-0.940377	0	None	None
ChainingRodShaped	6047	2.37115	0.5	8.63507	60.633	0	0.745714	-0.666266	0	6048	5996
ChainingRodShaped	5781	3.07607	0.5	-24.3179	60.7959	0	-0.652515	-0.757776	0	5782	5271
ChainingRodShaped	5274	4.99572	0.5	61.569	65.1199	0	-0.664393	-0.747383	0	None	6220
ChainingRodShaped	6159	2.18377	0.5	25.4527	41.7992	0	-0.893722	-0.448621	0	6160	5275
ChainingRodShaped	6153	2.20403	0.5	-24.5247	63.6477	0	0.659757	0.751479	0	None	None
ChainingRodShaped	5803	3.21044	0.5	-12.2649	19.0879	0	-0.736049	0.676929	0	None	None
ChainingRodShaped	5993	2.39721	0.5	-2.77823	82.4169	0	0.215492	-0.976506	0	5994	5281
ChainingRodShaped	5284	4.74268	0.5	65.2792	68.366	0	-0.540638	-0.841256	0	None	6226
ChainingRodShaped	5785	3.75162	0.5	-15.1857	52.1279	0	0.504623	0.86334	0	5786	5285
ChainingRodShaped	6037	2.45485	0.5	-14.1918	71.3796	0	-0.576695	-0.81696	0	6038	5934
ChainingRodShaped	5835	3.11252	0.5	49.5567	57.3844	0	0.763724	0.645543	0	5836	5958
ChainingRodShaped	6197	2.08322	0.5	39.5682	37.1854	0	-0.615248	-0.788334	0	6198	5291
ChainingRodShaped	5294	4.47313	0.5	-34.3369	25.2752	0	0.94168	0.336511	0	None	None
ChainingRodShaped	5296	4.60804	0.5	-15.7558	71.0993	0	-0.630351	-0.77631	0	None	5295
ChainingRodShaped	5883	3.29922	0.5	8.76039	36.8041	0	-0.950583	-0.31047	0	5884	5802
ChainingRodShaped	6013	2.82189	0.5	-24.4403	14.1925	0	0.914987	-0.403483	0	None	None
ChainingRodShaped	5799	2.74939	0.5	22.163	53.8613	0	-0.941087	0.338165	0	None	None
ChainingRodShaped	5779	3.86462	0.5	24.5076	66.5348	0	0.33626	-0.941769	0	5780	5303
ChainingRodShaped	6129	2.32851	0.5	26.7829	-9.47371	0	0.594814	-0.803863	0	6130	5305
ChainingRodShaped	5308	3.69561	0.5	12.471	33.357	0	0.899812	0.436278	0	None	5924
ChainingRodShaped	6017	2.62151	0.5	36.8283	28.7397	0	0.00369425	-0.999993	0	None	None
ChainingRodShaped	5312	4.19079	0.5	22.2009	42.3909	0	-0.897183	-0.441658	0	5845	6140
ChainingRodShaped	5314	4.7472	0.5	-5.71501	32.0086	0	0.977075	0.212895	0	None	None
ChainingRodShaped	5316	4.67566	0.5	-33.311	55.046	0	0.749131	0.662422	0	None	None
ChainingRodShaped	5827	2.71287	0.5	11.48	14.743	0	-0.456334	0.889809	0	None	None
ChainingRodShaped	5320	4.16296	0.5	-46.0264	40.1038	0	0.701602	0.712569	0	None	None
ChainingRodShaped	5322	4.70499	0.5	11.0225	7.10791	0	-0.275841	0.961203	0	None	None
ChainingRodShaped	5324	3.86831	0.5	-16.1555	24.7136	0	-0.802501	0.596651	0	5925	5323
ChainingRodShaped	6073	2.40499	0.5	-6.38215	58.2198	0	0.434719	-0.900566	0	6074	6170
ChainingRodShaped	5328	4.98012	0.5	-28.3483	16.3675	0	0.892575	0.450898	0	None	None
ChainingRodShaped	5330	4.78296	0.5	58.8556	64.3119	0	-0.728143	-0.685425	0	5087	5848
ChainingRodShaped	5332	3.78768	0.5	-51.4278	21.1094	0	0.850965	0.525222	0	None	5331
ChainingRodShaped	5334	4.40757	0.5	0.211513	73.1005	0	0.384187	-0.923255	0	5281	5910
ChainingRodShaped	5336	4.49853	0.5	-6.84862	16.563	0	-0.703629	0.710568	0	5205	5926
ChainingRodShaped	5338	4.98516	0.5	53.9398	49.8486	0	-0.498073	-0.867135	0	5403	5860
ChainingRodShaped	6027	2.65537	0.5	-52.4541	25.8389	0	-0.704435	-0.709769	0	6028	5956
ChainingRodShaped	6067	2.5866	0.5	-19.0996	68.9549	0	0.565119	0.825009	0	6068	6108
ChainingRodShaped	5344	3.87965	0.5	-20.5735	37.1579	0	-0.547488	-0.836814	0	5729	5343
ChainingRodShaped	6201	2.09831	0.5	8.8058	34.4186	0	-0.932096	-0.362211	0	6202	5345
ChainingRodShaped	5879	2.96302	0.5	41.1245	37.5648	0	-0.621713	-0.783245	0	None	None
ChainingRodShaped	5350	3.9478	0.5	34.1828	48.0023	0	0.836353	0.548192	0	5389	6006
ChainingRodShaped	5949	3.0733	0.5	29.8937	-15.6711	0	-0.577472	0.81641	0	5950	5351
ChainingRodShaped	5354	4.53357	0.5	-11.2291	30.901	0	0.981753	0.190158	0	None	None
ChainingRodShaped	5356	4.40596	0.5	-19.062	23.9912	0	0.291906	-0.956447	0	None	None
ChainingRodShaped	6069	2.59158	0.5	-17.1765	56.5836	0	-0.529125	-0.848544	0	6070	5357
ChainingRodShaped	5895	3.14475	0.5	-11.3763	11.9847	0	0.852657	-0.522472	0	None	None
ChainingRodShaped	5901	3.16647	0.5	5.25573	51.4861	0	-0.998509	-0.0545895	0	None	None
ChainingRodShaped	5364	3.81121	0.5	-7.47085	97.4711	0	-0.0304138	-0.999537	0	None	6058
ChainingRodShaped	5951	2.80351	0.5	-47.7102	28.0495	0	-0.742069	-0.670323	0	5952	5365
ChainingRodShaped	5368	4.21293	0.5	-31.2014	45.4141	0	-0.586328	-0.810074	0	None	None
ChainingRodShaped	6181	2.14063	0.5	-33.9346	57.8397	0	-0.704146	-0.710055	0	6182	5369
ChainingRodShaped	5372	3.96434	0.5	-9.56585	74.1462	0	-0.328996	-0.944331	0	None	5371
ChainingRodShaped	6075	2.36035	0.5	47.358	46.5544	0	-0.653836	-0.756637	0	6076	5373
ChainingRodShaped	5961	2.70701	0.5	-26.7317	48.7997	0	-0.660033	-0.751236	0	None	None
ChainingRodShaped	5378	4.1037	0.5	-26.4264	24.9921	0	0.832721	0.553693	0	None	None
ChainingRodShaped	6003	2.41191	0.5	-37.4438	38.778	0	-0.632894	-0.774238	0	6004	6000
ChainingRodShaped	5382	3.75247	0.5	24.1258	39.4232	0	0.864763	0.502181	0	5923	6090
ChainingRodShaped	5384	3.83665	0.5	-6.39686	105.809	0	-0.0115647	-0.999933	0	None	5383
ChainingRodShaped	5386	4.89487	0.5	1.49202	10.508	0	0.685319	-0.728243	0	None	None
ChainingRodShaped	6051	2.27601	0.5	-23.0289	19.4949	0	-0.947655	0.319296	0	None	None
ChainingRodShaped	5390	3.46554	0.5	26.3059	43.361	0	0.884599	0.466352	0	5499	5389
ChainingRodShaped	5983	2.95859	0.5	1.37416	17.0568	0	0.315412	-0.948955	0	None	None
ChainingRodShaped	5394	3.44693	0.5	-26.1699	15.6951	0	0.994672	0.10309	0	None	None
ChainingRodShaped	6147	2.20866	0.5	-43.9524	35.9702	0	0.690776	0.723069	0	None	None
ChainingRodShaped	6021	2.42906	0.5	4.81314	25.9436	0	0.998894	0.0470141	0	6022	5397
ChainingRodShaped	5400	4.55443	0.5	52.5081	52.262	0	0.678292	0.734792	0	None	None
ChainingRodShaped	5402	3.54198	0.5	-21.5793	20.0251	0	0.944415	-0.328755	0	5613	5401
ChainingRodShaped	5404	4.09082	0.5	59.195	58.7096	0	-0.522331	-0.852743	0	6225	5403
ChainingRodShaped	5406	3.53741	0.5	-1.44173	58.106	0	0.799867	-0.600177	0	None	None
ChainingRodShaped	5408	4.75312	0.5	3.66717	52.4007	0	-0.993869	-0.110563	0	None	None
ChainingRodShaped	5410	4.84827	0.5	66.9733	76.6583	0	0.771397	0.636354	0	6151	5409
ChainingRodShaped	5412	4.44702	0.5	8.79862	16.5147	0	-0.690008	0.723801	0	None	None
ChainingRodShaped	5414	4.84607	0.5	-4.93741	15.987	0	0.708015	-0.706198	0	None	None
ChainingRodShaped	6111	2.2144	0.5	-3.61303	8.00274	0	0.806047	-0.591852	0	None	None
ChainingRodShaped	5418	3.91082	0.5	30.7089	25.7566	0	-0.485912	-0.874008	0	5637	5417
ChainingRodShaped	5979	2.37266	0.5	-35.2154	36.186	0	-0.747464	-0.664302	0	5980	6166
ChainingRodShaped	5422	4.44885	0.5	-18.9455	49.8497	0	0.532256	0.846583	0	5587	5421
ChainingRodShaped	5424	3.80306	0.5	-32.6736	56.961	0	0.743215	0.669052	0	None	None
ChainingRodShaped	5426	3.79465	0.5	-32.2918	47.8269	0	-0.624319	-0.781169	0	6041	5425
ChainingRodShaped	5428	4.39857	0.5	-20.8142	61.9569	0	-0.569808	-0.821778	0	5933	6174
ChainingRodShaped	5430	4.03329	0.5	57.8911	69.2218	0	0.777141	0.629327	0	5697	6152
ChainingRodShaped	5432	4.78718	0.5	52.4181	61.1502	0	-0.759193	-0.650866	0	5677	5431
ChainingRodShaped	6121	2.27117	0.5	-14.3648	41.8219	0	-0.656854	-0.754018	0	None	None
ChainingRodShaped	5436	3.91473	0.5	44.9948	54.9147	0	-0.774313	-0.632803	0	5431	6200
ChainingRodShaped	5438	4.25354	0.5	34.0308	45.611	0	0.83064	0.55681	0	6089	5437
ChainingRodShaped	6127	2.285	0.5	41.5941	45.1203	0	-0.819049	-0.573724	0	6128	6050
ChainingRodShaped	5442	3.46865	0.5	7.45674	23.8387	0	0.51402	-0.857778	0	None	5441
ChainingRodShaped	6019	2.45186	0.5	-6.87861	14.936	0	-0.806777	0.590856	0	None	None
ChainingRodShaped	5446	4.0576	0.5	-5.58491	37.0345	0	0.115965	-0.993253	0	None	None
ChainingRodShaped	6097	2.41962	0.5	23.2563	6.34208	0	-0.236667	-0.971591	0	6098	6214
ChainingRodShaped	6101	2.4552	0.5	-14.2918	34.5431	0	0.285841	-0.958277	0	None	None
ChainingRodShaped	5452	4.1601	0.5	-11.045	66.8399	0	0.327291	0.944923	0	5805	5451
ChainingRodShaped	6191	2.11929	0.5	-27.4588	17.9277	0	0.884956	0.465674	0	None	None
ChainingRodShaped	6145	2.25696	0.5	-39.1248	31.469	0	-0.80222	-0.597028	0	None	None
ChainingRodShaped	6187	2.06709	0.5	-42.9827	40.3936	0	-0.696941	-0.717129	0	6188	5457
ChainingRodShaped	5460	4.09084	0.5	-3.25674	33.5179	0	-0.974601	-0.223948	0	5801	6096
ChainingRodShaped	5462	3.33321	0.5	7.7111	8.83112	0	-0.7057	0.708511	0	None	None
ChainingRodShaped	6195	2.10653	0.5	4.08779	55.5963	0	-0.871962	0.489574	0	None	None
ChainingRodShaped	6031	2.54502	0.5	-19.9983	72.1309	0	-0.697105	-0.716969	0	6032	6184
ChainingRodShaped	5468	3.60717	0.5	-48.4654	38.9604	0	0.580074	0.814564	0	None	None
ChainingRodShaped	5470	4.62982	0.5	6.20266	29.8056	0	-0.908604	0.41766	0	None	None
ChainingRodShaped	5472	4.86656	0.5	-34.0813	53.0334	0	0.755312	0.655365	0	5965	5471
ChainingRodShaped	5474	4.34031	0.5	-33.9107	38.7553	0	-0.738443	-0.674315	0	6025	6064
ChainingRodShaped	5476	3.37697	0.5	2.26586	29.9802	0	0.746708	-0.665152	0	None	None
ChainingRodShaped	5478	3.78632	0.5	34.1817	29.643	0	-0.542497	-0.840057	0	5291	5477
ChainingRodShaped	5480	4.46368	0.5	2.93638	18.4105	0	0.732733	-0.680516	0	None	None
ChainingRodShaped	5482	4.77039	0.5	12.6065	14.6738	0	0.46344	-0.886128	0	5441	6062
ChainingRodShaped	5484	4.15811	0.5	-21.4093	47.9356	0	-0.563061	-0.826416	0	None	None
ChainingRodShaped	5486	4.43644	0.5	3.24815	19.395	0	-0.725891	0.68781	0	5627	6132
ChainingRodShaped	6083	2.36541	0.5	33.1749	49.5414	0	-0.843327	-0.5374	0	6084	5487
ChainingRodShaped	6091	2.37451	0.5	-18.4723	61.9987	0	-0.569226	-0.822181	0	None	None
ChainingRodShaped	6141	2.11238	0.5	36.8899	40.1271	0	0.88633	0.463055	0	None	None
ChainingRodShaped	5494	3.32951	0.5	40.3448	28.7392	0	0.337552	0.941307	0	None	None
ChainingRodShaped	6143	2.18883	0.5	-44.54	26.4075	0	0.86188	0.507113	0	6144	6210
ChainingRodShaped	6119	2.22408	0.5	-11.9702	49.986	0	-0.725287	-0.688446	0	None	None
ChainingRodShaped	5500	4.84305	0.5	17.2887	39.0326	0	0.913978	0.405763	0	5505	5499
ChainingRodShaped	5502	3.75108	0.5	-60.3651	32.0881	0	-0.726265	-0.687415	0	6161	5501
ChainingRodShaped	6163	2.19486	0.5	-53.1082	17.9585	0	-0.988394	0.151914	0	6164	5503
ChainingRodShaped	5506	4.31246	0.5	6.7824	34.6724	0	0.93112	0.364713	0	5625	5505
ChainingRodShaped	5508	4.26474	0.5	-11.7113	8.60587	0	0.915769	-0.401706	0	None	None
ChainingRodShaped	5510	4.66904	0.5	-52.0987	39.9768	0	-0.720379	-0.693581	0	5617	6162
ChainingRodShaped	6175	2.08801	0.5	6.75245	5.42087	0	0.650245	-0.759725	0	None	None
ChainingRodShaped	5514	3.56728	0.5	17.2848	-15.441	0	-0.549857	0.835259	0	None	5513
ChainingRodShaped	5516	4.91005	0.5	23.5917	52.0745	0	0.922004	-0.387179	0	5094	5515
ChainingRodShaped	5518	4.12066	0.5	45.3912	51.481	0	0.792949	0.609288	0	None	None
ChainingRodShaped	5520	3.49892	0.5	8.20276	37.6853	0	0.950538	0.310608	0	5941	5519
ChainingRodShaped	5522	3.96396	0.5	16.1748	58.8488	0	-0.848041	0.529931	0	None	None
ChainingRodShaped	5524	3.57136	0.5	-1.75861	16.5216	0	-0.753547	0.657394	0	5543	5523
ChainingRodShaped	5526	3.92019	0.5	16.2602	4.21249	0	-0.570702	0.821158	0	5833	5525
ChainingRodShaped	5528	3.63604	0.5	26.7467	17.385	0	-0.367811	-0.9299	0	5417	5527
ChainingRodShaped	6205	2.04013	0.5	41.2518	40.8348	0	-0.627705	-0.778451	0	6206	5529
ChainingRodShaped	5532	4.88249	0.5	0.133519	55.6837	0	-0.802676	0.596415	0	None	None
ChainingRodShaped	5534	3.80757	0.5	7.99081	38.6295	0	-0.952755	-0.303741	0	None	None
ChainingRodShaped	5536	3.82241	0.5	-9.26621	59.9645	0	-0.136463	-0.990645	0	5669	6212
ChainingRodShaped	5538	4.77926	0.5	28.1082	56.6907	0	0.349672	-0.936872	0	5303	5537
ChainingRodShaped	5540	3.67808	0.5	-24.2821	11.38	0	-0.956793	0.29077	0	5731	5539
ChainingRodShaped	6179	2.13139	0.5	7.22742	31.9083	0	0.944974	0.327146	0	None	None
ChainingRodShaped	5544	4.02201	0.5	5.93077	9.24553	0	-0.70809	0.706122	0	5103	5543
ChainingRodShaped	5546	4.59992	0.5	4.83652	22.1044	0	-0.60109	0.799181	0	None	None
ChainingRodShaped	5548	4.05169	0.5	-16.0384	62.8257	0	-0.434391	-0.900724	0	None	None
ChainingRodShaped	5550	4.43681	0.5	-26.4628	42.2049	0	-0.472177	-0.881504	0	None	None
ChainingRodShaped	5552	3.35109	0.5	7.39323	39.4524	0	-0.955744	-0.294199	0	None	None
ChainingRodShaped	5554	3.46925	0.5	23.6015	55.5526	0	-0.898992	0.437964	0	None	None
ChainingRodShaped	5556	4.46542	0.5	30.2986	20.5334	0	-0.417165	-0.908831	0	None	None
ChainingRodShaped	5558	3.48933	0.5	-36.831	20.0142	0	0.998334	-0.0576959	0	None	None
ChainingRodShaped	5560	3.53229	0.5	-27.9665	19.7988	0	-0.973465	0.228837	0	None	None
ChainingRodShaped	5562	4.46048	0.5	-12.1183	54.0539	0	-0.316402	-0.948625	0	5709	5561
ChainingRodShaped	5564	4.44318	0.5	34.7256	26.7745	0	-0.512064	-0.858947	0	None	None
ChainingRodShaped	5566	3.08128	0.5	24.5484	28.0228	0	0.817226	0.576317	0	5981	5565
ChainingRodShaped	5568	4.5242	0.5	38.2703	54.1561	0	0.814852	0.579669	0	5893	5567
ChainingRodShaped	6223	2.02641	0.5	31.4451	37.0087	0	0.879474	0.475946	0	None	None
ChainingRodShaped	5572	4.66478	0.5	-14.9321	31.2568	0	-0.987903	-0.155075	0	6095	5571
ChainingRodShaped	5574	3.1705	0.5	32.3745	33.6439	0	0.807505	0.589861	0	5565	5573
ChainingRodShaped	5576	3.7765	0.5	-25.134	64.4606	0	0.66038	0.750931	0	None	None
ChainingRodShaped	5578	3.10682	0.5	-31.3111	36.8689	0	-0.744848	-0.667234	0	None	None
ChainingRodShaped	5580	3.62326	0.5	-14.4445	39.1773	0	0.940485	-0.339834	0	None	None
ChainingRodShaped	5582	3.5713	0.5	24.5179	53.9833	0	-0.896012	0.44403	0	None	None
ChainingRodShaped	5584	4.65856	0.5	45.0699	33.2494	0	-0.449526	-0.893267	0	5160	5583
ChainingRodShaped	5586	4.07925	0.5	-54.3167	20.4471	0	0.84591	0.533325	0	None	5585
ChainingRodShaped	5588	4.02545	0.5	-25.2864	41.4241	0	0.668698	0.743534	0	5113	5587
ChainingRodShaped	5590	4.98049	0.5	21.2921	33.1406	0	0.905001	0.425409	0	None	None
ChainingRodShaped	5592	3.48613	0.5	38.5708	34.2469	0	-0.587353	-0.809331	0	None	None
ChainingRodShaped	5594	3.85534	0.5	-28.9771	23.005	0	0.988682	-0.150024	0	None	None
ChainingRodShaped	5596	3.45798	0.5	-21.5259	44.4414	0	0.609425	0.792843	0	None	None
ChainingRodShaped	5598	4.81445	0.5	24.7356	37.4914	0	0.861151	0.508349	0	None	None
ChainingRodShaped	5600	3.01765	0.5	-45.5004	21.6011	0	0.948088	0.318009	0	None	None
ChainingRodShaped	5602	3.87129	0.5	-42.6915	21.0308	0	-0.995886	-0.0906183	0	None	None
ChainingRodShaped	5604	4.78643	0.5	-32.7847	27.8285	0	-0.964778	-0.263066	0	5797	5603
ChainingRodShaped	5606	3.71676	0.5	-33.4015	17.6833	0	0.701997	-0.71218	0	None	None
ChainingRodShaped	5608	4.57301	0.5	-21.9608	13.8141	0	0.711003	-0.703189	0	None	None
ChainingRodShaped	5610	3.67485	0.5	18.2024	32.7892	0	-0.906808	-0.421545	0	5915	5609
ChainingRodShaped	5612	4.09725	0.5	25.7906	11.4506	0	-0.293647	-0.955914	0	5635	5611
ChainingRodShaped	5614	4.61274	0.5	-31.6651	22.4219	0	0.990047	-0.140734	0	5683	5613
ChainingRodShaped	5616	4.72157	0.5	-4.33777	96.0017	0	0.0565268	-0.998401	0	6059	5615
ChainingRodShaped	5618	3.91855	0.5	-44.2073	47.638	0	-0.714189	-0.699953	0	5018	5617
ChainingRodShaped	5620	4.33718	0.5	-3.77115	38.312	0	0.685812	-0.727779	0	None	None
ChainingRodShaped	5622	3.57209	0.5	-59.574	31.1442	0	0.750999	0.660303	0	5865	5621
ChainingRodShaped	5624	4.81976	0.5	-43.5286	29.3282	0	-0.791259	-0.611482	0	6165	5623
ChainingRodShaped	5626	4.46921	0.5	-3.14862	31.0441	0	0.951226	0.308495	0	5117	5625
ChainingRodShaped	5628	4.42485	0.5	10.0855	12.2341	0	-0.652849	0.757488	0	5525	5627
ChainingRodShaped	5630	3.76177	0.5	-17.0895	14.2388	0	-0.761866	-0.647735	0	None	None
ChainingRodShaped	5632	3.07802	0.5	-1.54721	27.2597	0	0.941381	-0.337345	0	None	None
ChainingRodShaped	5634	4.75368	0.5	29.8207	39.4822	0	0.879624	0.475669	0	None	None
ChainingRodShaped	5636	4.4131	0.5	29.3661	20.8632	0	-0.4177	-0.908585	0	5477	5635
ChainingRodShaped	5638	3.06504	0.5	36.1507	34.2608	0	-0.588331	-0.80862	0	5529	5637
ChainingRodShaped	5640	4.4854	0.5	-6.53839	95.7666	0	-0.0196927	-0.999806	0	5383	5639
ChainingRodShaped	5642	3.25386	0.5	47.5324	59.6848	0	-0.802968	-0.596023	0	None	5641
ChainingRodShaped	5644	4.17581	0.5	-11.5801	71.5506	0	-0.306391	-0.951906	0	5215	5643
ChainingRodShaped	5646	4.40474	0.5	-18.6246	16.7915	0	-0.918418	0.395611	0	None	None
ChainingRodShaped	5648	2.95356	0.5	-8.25907	86.1978	0	-0.132443	-0.991191	0	6057	5647
ChainingRodShaped	5650	3.89354	0.5	69.4981	74.5685	0	-0.7167	-0.697382	0	None	5649
ChainingRodShaped	5652	4.21821	0.5	-40.9815	15.7463	0	-0.978294	0.20722	0	5777	5651
ChainingRodShaped	5654	3.6105	0.5	50.7537	61.0297	0	0.759815	0.650139	0	5685	5653
ChainingRodShaped	5656	3.72868	0.5	8.12386	-1.70582	0	-0.567382	0.823455	0	5065	5655
ChainingRodShaped	5658	3.39219	0.5	-36.2649	31.6404	0	0.815904	0.578188	0	6209	5657
ChainingRodShaped	5660	3.90745	0.5	2.9431	38.3255	0	-0.989673	-0.143344	0	None	None
ChainingRodShaped	5662	4.01826	0.5	10.0568	31.9709	0	0.758963	-0.651134	0	None	None
ChainingRodShaped	5664	4.20694	0.5	19.9457	79.7385	0	0.318432	-0.947946	0	6177	5663
ChainingRodShaped	5666	3.87121	0.5	-55.6403	27.467	0	-0.699084	-0.715039	0	5855	5665
ChainingRodShaped	5668	2.96229	0.5	-12.265	15.9221	0	0.880364	-0.474298	0	5401	5667
ChainingRodShaped	5670	4.49197	0.5	-7.66062	69.4299	0	-0.171065	-0.98526	0	5911	5669
ChainingRodShaped	5672	3.76325	0.5	-11.489	44.5522	0	-0.0454082	-0.998969	0	None	None
ChainingRodShaped	5674	3.91526	0.5	-7.69897	5.34315	0	0.992219	-0.124505	0	None	None
ChainingRodShaped	5676	2.89662	0.5	38.0239	46.0516	0	0.811852	0.583863	0	None	None
ChainingRodShaped	5678	3.18557	0.5	59.4026	67.1587	0	-0.75745	-0.652893	0	None	5677
ChainingRodShaped	5680	3.47293	0.5	17.2074	34.596	0	-0.8943	-0.447467	0	6117	5679
ChainingRodShaped	5682	3.89323	0.5	-7.54485	77.1682	0	-0.106415	-0.994322	0	5687	5681
ChainingRodShaped	5684	4.06611	0.5	-42.1748	23.2085	0	0.999719	-0.0237097	0	None	5683
ChainingRodShaped	5686	3.32345	0.5	43.3869	54.872	0	0.775206	0.631708	0	6005	5685
ChainingRodShaped	5688	3.66299	0.5	-6.86648	85.8754	0	-0.0509124	-0.998703	0	5639	5687
ChainingRodShaped	5690	3.71972	0.5	-6.84117	28.8505	0	0.975582	0.219636	0	None	None
ChainingRodShaped	5692	4.15621	0.5	-36.3631	21.9568	0	-0.998008	0.0630855	0	None	None
ChainingRodShaped	5694	4.46919	0.5	36.0258	48.1189	0	-0.824069	-0.566489	0	6199	5693
ChainingRodShaped	5696	3.36566	0.5	8.00844	19.1555	0	-0.522834	0.852434	0	None	None
ChainingRodShaped	5698	4.37943	0.5	50.4641	63.3004	0	0.787167	0.61674	0	5232	5697
ChainingRodShaped	5700	3.85683	0.5	-15.4797	25.9634	0	-0.871727	0.489991	0	5963	5699
ChainingRodShaped	5702	3.22224	0.5	54.5786	55.9406	0	-0.682234	-0.731134	0	None	5701
ChainingRodShaped	5704	4.07849	0.5	-32.264	19.6765	0	0.807331	-0.590099	0	None	None
ChainingRodShaped	5706	3.21541	0.5	-27.8859	36.2279	0	0.755773	0.654833	0	5899	5705
ChainingRodShaped	5708	3.55517	0.5	16.5193	41.0276	0	-0.899241	-0.437453	0	None	None
ChainingRodShaped	5710	3.23504	0.5	-9.76588	63.1029	0	-0.190569	-0.981674	0	5250	5709
ChainingRodShaped	5712	3.46059	0.5	9.57228	18.3305	0	-0.499733	0.86618	0	None	None
ChainingRodShaped	5714	3.21068	0.5	35.8321	-21.2118	0	0.617707	-0.786408	0	5090	5713
ChainingRodShaped	5716	2.99443	0.5	-0.678419	54.8365	0	-0.86388	0.503697	0	None	None
ChainingRodShaped	5718	4.08893	0.5	40.9938	49.3689	0	-0.803503	-0.5953	0	5775	5717
ChainingRodShaped	5720	3.97645	0.5	-21.4009	22.9735	0	-0.936826	0.349795	0	None	None
ChainingRodShaped	5722	3.77741	0.5	-26.5471	60.0394	0	0.700502	0.713651	0	5471	5721
ChainingRodShaped	5724	3.44641	0.5	2.41972	7.77501	0	0.606893	-0.794783	0	None	None
ChainingRodShaped	5726	3.37358	0.5	33.1457	42.6349	0	0.849519	0.527557	0	None	None
ChainingRodShaped	5728	3.47471	0.5	-29.1815	44.9305	0	-0.59728	-0.802033	0	None	None
ChainingRodShaped	5730	4.02288	0.5	-15.7733	45.3514	0	-0.456549	-0.889698	0	5561	5729
ChainingRodShaped	5732	2.97945	0.5	-16.1806	8.83558	0	-0.951525	0.307573	0	5028	5731
ChainingRodShaped	5734	3.20828	0.5	-22.1563	66.4667	0	0.614767	0.788709	0	None	None
ChainingRodShaped	5736	2.78959	0.5	3.08193	46.9201	0	0.833614	-0.552347	0	5174	5735
ChainingRodShaped	5738	3.62085	0.5	-19.991	20.4566	0	-0.941081	0.338182	0	None	None
ChainingRodShaped	5740	3.27778	0.5	-26.0569	26.842	0	0.981047	0.193772	0	None	None
ChainingRodShaped	5742	3.49327	0.5	40.3056	31.4772	0	0.366035	0.930601	0	None	None
ChainingRodShaped	5744	3.288	0.5	62.3212	71.1043	0	0.750637	0.660715	0	6207	5743
ChainingRodShaped	5746	3.12621	0.5	-46.6253	30.3781	0	0.715275	0.698843	0	None	None
ChainingRodShaped	5748	2.78805	0.5	15.0831	94.4391	0	0.31189	-0.950118	0	None	5747
ChainingRodShaped	5750	3.69506	0.5	-0.655426	13.6078	0	0.883662	-0.468125	0	None	None
ChainingRodShaped	5752	3.41162	0.5	41.8212	29.8481	0	0.351197	0.936302	0	None	None
ChainingRodShaped	5754	3.95514	0.5	-18.3792	58.4333	0	-0.52011	-0.854099	0	None	None
ChainingRodShaped	5756	3.54846	0.5	-12.4214	17.1066	0	-0.892208	0.451624	0	None	None
ChainingRodShaped	5758	3.9039	0.5	3.2901	41.3401	0	-0.998399	-0.0565552	0	5773	5757
ChainingRodShaped	5760	3.23195	0.5	-46.6934	42.3353	0	0.760914	0.648853	0	5851	5759
ChainingRodShaped	5762	2.95694	0.5	-15.7126	10.6551	0	0.953587	-0.301119	0	None	None
ChainingRodShaped	5764	2.70357	0.5	2.58949	5.96221	0	-0.6092	0.793016	0	5655	5763
ChainingRodShaped	5766	3.02391	0.5	-23.1051	51.6583	0	-0.621351	-0.783532	0	None	None
ChainingRodShaped	5768	2.93511	0.5	13.0467	26.9417	0	0.978159	0.207857	0	5397	5767
ChainingRodShaped	5770	3.41277	0.5	-13.5132	21.4698	0	-0.770191	0.637813	0	None	None
ChainingRodShaped	5772	3.62652	0.5	48.227	49.0367	0	-0.666351	-0.745638	0	5701	5771
ChainingRodShaped	5774	3.15354	0.5	11.9241	41.9496	0	-0.995575	-0.0939724	0	6123	5773
ChainingRodShaped	5776	3.55597	0.5	48.2383	54.98	0	-0.775627	-0.631191	0	5847	5775
ChainingRodShaped	5778	3.08264	0.5	-32.5744	13.7529	0	-0.966588	0.256335	0	5539	5777
ChainingRodShaped	5780	3.5953	0.5	22.9424	70.9688	0	0.329275	-0.944234	0	5663	5779
ChainingRodShaped	5782	2.69784	0.5	-21.8085	63.7437	0	-0.643488	-0.765456	0	5295	5781
ChainingRodShaped	5784	3.2451	0.5	-13.3671	14.2719	0	0.874638	-0.484777	0	None	None
ChainingRodShaped	5786	3.87009	0.5	-17.7172	48.058	0	0.551226	0.834356	0	4958	5785
ChainingRodShaped	5788	2.84569	0.5	39.8005	46.1593	0	0.814186	0.580604	0	None	None
ChainingRodShaped	5790	3.39231	0.5	-35.8796	28.6195	0	0.982663	0.185403	0	None	5789
ChainingRodShaped	5792	3.67201	0.5	-38.3108	40.6937	0	-0.66275	-0.74884	0	5425	5791
ChainingRodShaped	5794	3.69607	0.5	18.0861	4.05371	0	0.470905	-0.882184	0	6061	5793
ChainingRodShaped	5796	3.36912	0.5	37.1519	17.111	0	-0.434509	-0.900667	0	6011	5795
ChainingRodShaped	5798	3.49172	0.5	-24.2131	29.7783	0	-0.9841	-0.177614	0	5571	5797
ChainingRodShaped	5800	2.87356	0.5	25.6209	52.3074	0	-0.922287	0.386507	0	None	None
ChainingRodShaped	5802	2.65557	0.5	4.99777	35.6406	0	-0.960638	-0.277802	0	5883	5801
ChainingRodShaped	5804	3.06931	0.5	-9.44457	16.0912	0	-0.611201	0.791475	0	None	None
ChainingRodShaped	5806	2.92227	0.5	-14.2751	58.5326	0	0.409587	0.912271	0	5421	5805
ChainingRodShaped	5808	3.7657	0.5	53.9233	56.6535	0	-0.679167	-0.733984	0	6219	5807
ChainingRodShaped	5810	3.11627	0.5	-30.6308	27.3985	0	0.966713	0.255863	0	None	None
ChainingRodShaped	5812	3.13714	0.5	37.1489	24.8418	0	0.56231	0.826927	0	None	None
ChainingRodShaped	5814	3.37491	0.5	10.9458	43.8695	0	0.986171	-0.165734	0	5735	5813
ChainingRodShaped	5816	3.60957	0.5	-26.4666	44.7101	0	-0.681013	-0.732271	0	5256	5815
ChainingRodShaped	5818	2.77782	0.5	29.0955	33.2233	0	0.874226	0.48552	0	5861	5817
ChainingRodShaped	5820	3.05347	0.5	-12.397	46.8247	0	-0.71244	-0.701733	0	None	None
ChainingRodShaped	5822	2.74381	0.5	25.7291	-11.7249	0	-0.668535	0.743681	0	None	5821
ChainingRodShaped	5824	2.72085	0.5	9.57642	8.82508	0	-0.24987	0.968279	0	None	None
ChainingRodShaped	5826	3.305	0.5	-4.11081	10.7766	0	0.815139	-0.579265	0	5667	5825
ChainingRodShaped	5828	2.85249	0.5	13.1913	11.3804	0	-0.455638	0.890165	0	None	None
ChainingRodShaped	5830	3.21553	0.5	-11.3507	83.4753	0	0.401924	0.915673	0	6227	5829
ChainingRodShaped	5832	2.88889	0.5	-1.7836	21.7501	0	0.374527	-0.927216	0	None	None
ChainingRodShaped	5834	3.66983	0.5	21.1268	-3.01952	0	-0.553316	0.832971	0	5068	5833
ChainingRodShaped	5836	2.6338	0.5	46.5878	54.9156	0	0.774847	0.632148	0	5021	5835
ChainingRodShaped	5838	3.35404	0.5	-22.4859	50.8572	0	-0.62257	-0.782564	0	6103	5837
ChainingRodShaped	5840	2.76697	0.5	-10.8083	38.8686	0	-0.0457652	-0.998952	0	5233	5839
ChainingRodShaped	5842	3.37682	0.5	-22.0947	31.0942	0	0.985981	0.166856	0	5145	5841
ChainingRodShaped	5844	3.35079	0.5	-10.8659	10.4298	0	0.89173	-0.452568	0	None	None
ChainingRodShaped	5846	2.64915	0.5	29.8962	46.4685	0	-0.865296	-0.501261	0	6065	5845
ChainingRodShaped	5848	3.60023	0.5	55.0639	60.816	0	-0.744112	-0.668055	0	5330	5847
ChainingRodShaped	5850	3.50805	0.5	-6.70637	18.7142	0	0.928879	-0.370382	0	None	None
ChainingRodShaped	5852	3.30035	0.5	-52.8944	36.9907	0	0.754419	0.656393	0	5621	5851
ChainingRodShaped	5854	3.14668	0.5	-51.1478	23.7253	0	-0.822618	-0.568594	0	5623	5853
ChainingRodShaped	5856	3.54285	0.5	-49.3996	33.8417	0	-0.700072	-0.714072	0	5457	5855
ChainingRodShaped	5858	3.323	0.5	-6.59056	26.3195	0	0.996864	-0.0791289	0	5985	5857
ChainingRodShaped	5860	2.70735	0.5	51.5599	45.6477	0	-0.484536	-0.874771	0	5338	5859
ChainingRodShaped	5862	3.35086	0.5	21.4412	29.5563	0	0.927282	0.374364	0	5767	5861
ChainingRodShaped	5864	3.07623	0.5	4.08659	24.9475	0	-0.998949	-0.0458452	0	None	None
ChainingRodShaped	5866	2.62375	0.5	-65.9021	25.5733	0	0.750506	0.660863	0	6093	5865
ChainingRodShaped	5868	2.56865	0.5	11.6189	8.37655	0	-0.28546	0.958391	0	None	None
ChainingRodShaped	5870	3.31846	0.5	4.67376	49.7036	0	-0.996699	-0.0811845	0	None	None
ChainingRodShaped	5872	2.67965	0.5	32.5281	39.8161	0	-0.882889	-0.469581	0	6049	5871
ChainingRodShaped	5874	3.40005	0.5	21.7695	32.2703	0	0.904985	0.425443	0	None	None
ChainingRodShaped	5876	3.1973	0.5	0.364727	17.0139	0	0.315695	-0.948861	0	None	None
ChainingRodShaped	5878	3.47685	0.5	-6.89956	33.6883	0	0.977731	0.209863	0	6053	5877
ChainingRodShaped	5880	3.19725	0.5	43.6837	40.6988	0	-0.638152	-0.76991	0	None	None
ChainingRodShaped	5882	2.58439	0.5	-37.961	42.5937	0	0.659804	0.751438	0	None	None
ChainingRodShaped	5884	2.56777	0.5	12.4416	38.0816	0	-0.937175	-0.34886	0	6139	5883
ChainingRodShaped	5886	3.03448	0.5	9.7835	14.0921	0	-0.682737	0.730665	0	None	None
ChainingRodShaped	5888	2.80902	0.5	-30.7673	53.4734	0	-0.668841	-0.743405	0	5271	5887
ChainingRodShaped	5890	3.10174	0.5	20.5179	-5.97435	0	-0.675367	0.737482	0	5821	5889
ChainingRodShaped	5892	3.09826	0.5	0.814567	30.0401	0	0.74945	-0.662061	0	None	None
ChainingRodShaped	5894	3.38281	0.5	30.6357	49.0716	0	0.858425	0.512939	0	5228	5893
ChainingRodShaped	5896	2.55252	0.5	-14.8186	13.5522	0	0.973837	-0.227247	0	None	None
ChainingRodShaped	5898	3.08371	0.5	-11.539	29.8596	0	0.980875	0.194638	0	None	None
ChainingRodShaped	5900	2.73213	0.5	-33.8498	31.7403	0	0.835873	0.548922	0	5175	5899
ChainingRodShaped	5902	3.32389	0.5	8.30313	49.573	0	-0.792415	0.609983	0	None	None
ChainingRodShaped	5904	2.92838	0.5	-23.6451	12.654	0	0.999935	-0.0114309	0	None	None
ChainingRodShaped	5906	3.22616	0.5	40.8445	45.7506	0	0.81889	0.573951	0	None	None
ChainingRodShaped	5908	3.02023	0.5	-12.2831	23.0613	0	0.852543	-0.522657	0	None	None
ChainingRodShaped	5910	3.2338	0.5	2.24858	68.7897	0	0.481172	-0.876626	0	5334	5909
ChainingRodShaped	5912	3.24236	0.5	-6.47055	77.8361	0	-0.104128	-0.994564	0	5931	5911
ChainingRodShaped	5914	2.4683	0.5	26.8294	33.59	0	0.899236	0.437463	0	None	None
ChainingRodShaped	5916	2.75372	0.5	25.4672	36.2212	0	-0.899792	-0.436319	0	5871	5915
ChainingRodShaped	5918	2.65976	0.5	-36.0067	47.7431	0	-0.679924	-0.733283	0	5887	5917
ChainingRodShaped	5920	2.76516	0.5	-31.7965	24.017	0	0.957558	0.288242	0	None	None
ChainingRodShaped	5922	2.9926	0.5	-30.901	38.7444	0	-0.685662	-0.72792	0	None	None
ChainingRodShaped	5924	3.24294	0.5	16.4663	35.3181	0	0.895145	0.445774	0	5308	5923
ChainingRodShaped	5926	2.55069	0.5	-10.0682	19.7064	0	-0.73378	0.679387	0	5336	5925
ChainingRodShaped	5928	3.09881	0.5	-26.529	20.4674	0	-0.973775	0.227512	0	None	None
ChainingRodShaped	5930	2.63674	0.5	-44.3821	34.0774	0	-0.690627	-0.723211	0	5791	5929
ChainingRodShaped	5932	2.66	0.5	-5.84311	85.8881	0	-0.052391	-0.998627	0	6007	5931
ChainingRodShaped	5934	2.60767	0.5	-16.2243	68.5039	0	-0.577531	-0.816369	0	6037	5933
ChainingRodShaped	5936	2.41226	0.5	-14.9885	62.6901	0	-0.42284	-0.906204	0	5643	5935
ChainingRodShaped	5938	2.44051	0.5	-26.0526	51.1213	0	-0.626502	-0.77942	0	None	None
ChainingRodShaped	5940	2.62325	0.5	44.8346	36.4904	0	0.206587	0.978428	0	None	None
ChainingRodShaped	5942	2.68998	0.5	0.889115	35.526	0	0.967346	0.25346	0	5877	5941
ChainingRodShaped	5944	2.41117	0.5	10.7576	40.8649	0	-0.994713	-0.102694	0	None	None
ChainingRodShaped	5946	2.54929	0.5	34.0489	44.4412	0	-0.83043	-0.557123	0	5717	5945
ChainingRodShaped	5948	3.16429	0.5	-48.9258	31.3111	0	0.838425	0.545017	0	None	None
ChainingRodShaped	5950	2.89073	0.5	32.1909	-18.9171	0	-0.577887	0.816117	0	None	5949
ChainingRodShaped	5952	2.77698	0.5	-44.9524	30.6278	0	-0.718446	-0.695583	0	5999	5951
ChainingRodShaped	5954	2.43653	0.5	12.4206	19.5691	0	0.821149	0.570714	0	None	5953
ChainingRodShaped	5956	2.68177	0.5	-55.0364	23.2452	0	-0.70662	-0.707593	0	6027	5955
ChainingRodShaped	5958	2.77837	0.5	52.5519	59.9408	0	0.757382	0.652972	0	5835	5957
ChainingRodShaped	5960	2.55432	0.5	-40.8853	45.4478	0	0.686738	0.726905	0	None	None
ChainingRodShaped	5962	2.77204	0.5	-24.3577	51.664	0	-0.618676	-0.785646	0	None	None
ChainingRodShaped	5964	3.09697	0.5	-8.69937	21.8654	0	-0.831275	0.555862	0	5523	5963
ChainingRodShaped	5966	2.54523	0.5	-40.384	47.666	0	0.765479	0.64346	0	5759	5965
ChainingRodShaped	5968	3.04742	0.5	-32.8176	48.747	0	0.618424	0.785845	0	None	None
ChainingRodShaped	5970	2.7254	0.5	-26.9408	53.0988	0	-0.573607	-0.819131	0	6173	5969
ChainingRodShaped	5972	2.98453	0.5	18.9591	44.0568	0	0.978225	0.207545	0	5813	5971
ChainingRodShaped	5974	2.81298	0.5	-33.5742	41.7652	0	-0.726049	-0.687643	0	None	None
ChainingRodShaped	5976	2.61885	0.5	-40.5324	36.6876	0	0.66214	0.74938	0	None	None
ChainingRodShaped	5978	2.89056	0.5	37.8099	28.5481	0	0.000609444	-1	0	None	None
ChainingRodShaped	5980	2.93412	0.5	-32.5391	38.6307	0	-0.730293	-0.683134	0	5815	5979
ChainingRodShaped	5982	2.77536	0.5	18.5165	23.8046	0	0.821109	0.570772	0	5953	5981
ChainingRodShaped	5984	2.70424	0.5	-0.121196	20.5445	0	0.453796	-0.891105	0	None	None
ChainingRodShaped	5986	2.86317	0.5	-14.4409	27.0411	0	0.99492	-0.100666	0	None	5985
ChainingRodShaped	5988	2.63329	0.5	4.77292	26.8844	0	0.999238	0.0390273	0	None	None
ChainingRodShaped	5990	2.68879	0.5	-45.5683	35.9988	0	0.556093	0.83112	0	None	None
ChainingRodShaped	5992	2.84738	0.5	-16.4291	21.3773	0	0.792765	-0.609527	0	None	None
ChainingRodShaped	5994	2.75748	0.5	-3.41286	85.902	0	0.146552	-0.989203	0	5615	5993
ChainingRodShaped	5996	2.47985	0.5	11.2642	58.5263	0	0.811597	-0.584217	0	6047	5995
ChainingRodShaped	5998	2.4615	0.5	-22.7543	25.5604	0	0.999552	0.0299333	0	None	None
ChainingRodShaped	6000	2.81974	0.5	-39.7731	36.0444	0	-0.662371	-0.749176	0	6003	5999
ChainingRodShaped	6002	2.65654	0.5	-40.5409	44.3682	0	0.688745	0.725003	0	None	None
ChainingRodShaped	6004	2.67251	0.5	-35.2681	41.541	0	-0.605713	-0.795683	0	6029	6003
ChainingRodShaped	6006	2.68401	0.5	37.6965	50.4248	0	0.805353	0.592796	0	5350	6005
ChainingRodShaped	6008	2.90764	0.5	-5.58757	93.2328	0	-0.0199873	-0.9998	0	6149	6007
ChainingRodShaped	6010	2.64866	0.5	-26.8186	65.1002	0	-0.696802	-0.717263	0	6183	6009
ChainingRodShaped	6012	2.41662	0.5	40.5139	24.05	0	-0.438498	-0.898732	0	5583	6011
ChainingRodShaped	6014	2.82069	0.5	-27.8015	14.4753	0	0.96225	-0.272169	0	None	None
ChainingRodShaped	6016	2.83884	0.5	-5.26661	40.888	0	-0.99874	-0.0501738	0	5757	6015
ChainingRodShaped	6018	2.396	0.5	38.0524	31.8507	0	-0.575585	-0.817742	0	None	None
ChainingRodShaped	6020	2.40046	0.5	-4.91046	12.6261	0	-0.861056	0.50851	0	None	None
ChainingRodShaped	6022	2.29661	0.5	1.49098	25.8819	0	0.999941	-0.0108443	0	5857	6021
ChainingRodShaped	6024	2.39464	0.5	20.6282	38.4987	0	-0.901272	-0.433254	0	None	None
ChainingRodShaped	6026	2.57975	0.5	-28.0662	44.4271	0	-0.688205	-0.725516	0	5837	6025
ChainingRodShaped	6028	2.70852	0.5	-49.8724	28.4492	0	-0.701972	-0.712204	0	5929	6027
ChainingRodShaped	6030	2.43693	0.5	-31.0971	47.2258	0	-0.581864	-0.813286	0	5969	6029
ChainingRodShaped	6032	2.75605	0.5	-17.4568	74.7436	0	-0.697404	-0.716678	0	None	6031
ChainingRodShaped	6034	2.48211	0.5	5.73233	19.3927	0	-0.960358	0.278769	0	None	None
ChainingRodShaped	6036	2.36402	0.5	-0.424197	53.0335	0	-0.619235	0.785205	0	None	None
ChainingRodShaped	6038	2.50579	0.5	-12.1927	74.2208	0	-0.574292	-0.818651	0	None	6037
ChainingRodShaped	6040	2.5051	0.5	-16.0401	28.0718	0	0.987538	0.157383	0	None	6039
ChainingRodShaped	6042	2.68704	0.5	-27.4565	54.0602	0	-0.60396	-0.797014	0	None	6041
ChainingRodShaped	6044	2.38899	0.5	21.6921	57.8245	0	-0.809036	0.58776	0	None	None
ChainingRodShaped	6046	2.32718	0.5	4.29129	6.91431	0	0.614809	-0.788676	0	None	None
ChainingRodShaped	6048	2.29922	0.5	6.31435	62.9491	0	0.66671	-0.745317	0	5909	6047
ChainingRodShaped	6050	2.53616	0.5	38.7574	43.2828	0	-0.856774	-0.515693	0	6127	6049
ChainingRodShaped	6052	2.42228	0.5	-19.9244	18.3861	0	-0.928073	0.372399	0	None	None
ChainingRodShaped	6054	2.58247	0.5	-14.2505	32.3287	0	0.98845	0.151547	0	5841	6053
ChainingRodShaped	6056	2.25207	0.5	-23.9818	46.014	0	-0.635074	-0.772451	0	None	None
ChainingRodShaped	6058	2.62143	0.5	-7.63085	93.2657	0	-0.0487852	-0.998809	0	5364	6057
ChainingRodShaped	6060	2.34052	0.5	-4.73715	103.847	0	0.0482688	-0.998834	0	None	6059
ChainingRodShaped	6062	2.52699	0.5	14.7128	10.593	0	0.451311	-0.892367	0	5482	6061
ChainingRodShaped	6064	2.48206	0.5	-37.1816	35.8117	0	-0.750442	-0.660936	0	5474	6063
ChainingRodShaped	6066	2.36578	0.5	35.7596	50.1324	0	-0.834376	-0.551195	0	None	6065
ChainingRodShaped	6068	2.44363	0.5	-21.1469	66.1468	0	0.613606	0.789612	0	5721	6067
ChainingRodShaped	6070	2.4472	0.5	-15.4278	59.6069	0	-0.470722	-0.882281	0	6133	6069
ChainingRodShaped	6072	2.41864	0.5	16.2079	60.6249	0	-0.990521	0.137359	0	None	None
ChainingRodShaped	6074	2.31962	0.5	-7.75973	61.2226	0	0.400287	-0.91639	0	None	6073
ChainingRodShaped	6076	2.29075	0.5	49.5312	49.056	0	-0.657669	-0.753307	0	None	6075
ChainingRodShaped	6078	2.37669	0.5	25.1316	45.0716	0	-0.913702	-0.406384	0	5487	6077
ChainingRodShaped	6080	2.43653	0.5	16.6827	61.6978	0	-0.999509	0.0313376	0	None	None
ChainingRodShaped	6082	2.55991	0.5	19.016	55.4663	0	-0.957384	0.288819	0	None	None
ChainingRodShaped	6084	2.22172	0.5	35.9063	51.3332	0	-0.828836	-0.559491	0	5143	6083
ChainingRodShaped	6086	2.46971	0.5	-45.7237	41.8722	0	0.755342	0.655331	0	None	None
ChainingRodShaped	6088	2.22814	0.5	-12.9233	40.5831	0	0.3022	-0.953245	0	None	None
ChainingRodShaped	6090	2.21693	0.5	27.534	41.4419	0	0.853994	0.520283	0	5382	6089
ChainingRodShaped	6092	2.45746	0.5	-16.3816	64.4572	0	-0.409913	-0.912125	0	None	None
ChainingRodShaped	6094	2.43212	0.5	-70.9499	21.1294	0	0.750622	0.660732	0	None	6093
ChainingRodShaped	6096	2.43316	0.5	-7.37768	32.6084	0	-0.979156	-0.203108	0	5460	6095
ChainingRodShaped	6098	2.42706	0.5	24.1178	9.62593	0	-0.271153	-0.962536	0	5527	6097
ChainingRodShaped	6100	2.38422	0.5	7.75079	10.3226	0	-0.609254	0.792975	0	None	None
ChainingRodShaped	6102	2.29623	0.5	-15.2731	37.2078	0	-0.245694	-0.969348	0	None	None
ChainingRodShaped	6104	2.41089	0.5	-18.3167	56.6363	0	-0.537352	-0.843358	0	5935	6103
ChainingRodShaped	6106	2.25981	0.5	41.6833	32.2766	0	0.365902	0.930653	0	None	None
ChainingRodShaped	6108	2.33264	0.5	-17.2405	71.8291	0	0.51926	0.854616	0	6067	6107
ChainingRodShaped	6110	2.35713	0.5	23.4391	2.59321	0	-0.222761	-0.974873	0	5611	6109
ChainingRodShaped	6112	2.24685	0.5	-6.23276	9.85983	0	0.825361	-0.564605	0	None	None
ChainingRodShaped	6114	2.43916	0.5	36.0926	37.5887	0	0.821389	0.570369	0	5817	6113
ChainingRodShaped	6116	2.33292	0.5	40.0563	34.4839	0	-0.479428	-0.877581	0	None	None
ChainingRodShaped	6118	2.15802	0.5	23.3101	37.826	0	-0.869919	-0.493195	0	5177	6117
ChainingRodShaped	6120	2.37903	0.5	-11.0179	52.9285	0	-0.0737607	-0.997276	0	None	None
ChainingRodShaped	6122	2.14455	0.5	-13.0846	44.5249	0	-0.600723	-0.799457	0	None	None
ChainingRodShaped	6124	2.22458	0.5	18.7707	42.9704	0	-0.975496	-0.220016	0	6077	6123
ChainingRodShaped	6126	2.20894	0.5	23.9279	29.5115	0	0.912582	0.408894	0	None	None
ChainingRodShaped	6128	2.25788	0.5	44.1747	47.0803	0	-0.77225	-0.635319	0	5247	6127
ChainingRodShaped	6130	2.18781	0.5	24.8954	-6.86612	0	0.577272	-0.816552	0	5083	6129
ChainingRodShaped	6132	2.23416	0.5	0.0815495	22.3174	0	-0.749295	0.662236	0	5486	6131
ChainingRodShaped	6134	2.20503	0.5	-12.7276	65.4343	0	-0.371963	-0.928247	0	5371	6133
ChainingRodShaped	6136	2.16133	0.5	17.3574	37.9891	0	-0.912355	-0.409401	0	5275	6135
ChainingRodShaped	6138	2.26469	0.5	15.0524	-0.0955149	0	-0.68741	0.726269	0	5889	6137
ChainingRodShaped	6140	2.24524	0.5	18.4237	40.5808	0	-0.909008	-0.416779	0	5312	6139
ChainingRodShaped	6142	2.23984	0.5	34.1514	38.5414	0	0.84978	0.527138	0	None	None
ChainingRodShaped	6144	2.18056	0.5	-47.2632	24.7932	0	0.858345	0.513073	0	5585	6143
ChainingRodShaped	6146	2.2347	0.5	-36.715	33.6128	0	-0.765923	-0.642932	0	None	None
ChainingRodShaped	6148	2.21089	0.5	-46.1444	33.6647	0	0.700096	0.714049	0	None	None
ChainingRodShaped	6150	2.15224	0.5	-5.51292	99.8854	0	-0.00319433	-0.999995	0	None	6149
ChainingRodShaped	6152	2.1397	0.5	61.0405	71.7809	0	0.774421	0.632671	0	5430	6151
ChainingRodShaped	6154	2.10834	0.5	-26.6533	61.3504	0	0.701535	0.712635	0	None	None
ChainingRodShaped	6156	2.12248	0.5	-7.75652	27.4938	0	0.998729	0.0504028	0	None	None
ChainingRodShaped	6158	2.13081	0.5	-20.2895	61.0448	0	-0.561562	-0.827435	0	None	None
ChainingRodShaped	6160	2.2029	0.5	28.249	43.2696	0	-0.875985	-0.482339	0	5693	6159
ChainingRodShaped	6162	2.10135	0.5	-55.2504	36.9496	0	-0.722738	-0.691122	0	5510	6161
ChainingRodShaped	6164	2.08157	0.5	-50.0171	17.4639	0	-0.986352	0.164651	0	5651	6163
ChainingRodShaped	6166	2.07871	0.5	-37.6272	34.085	0	-0.760954	-0.648806	0	5979	6165
ChainingRodShaped	6168	2.14356	0.5	11.4003	28.4523	0	-0.753701	0.657217	0	None	None
ChainingRodShaped	6170	2.08089	0.5	-4.89282	55.4116	0	0.506782	-0.862074	0	6073	6169
ChainingRodShaped	6172	2.07831	0.5	-33.849	24.3997	0	0.94045	0.339932	0	None	None
ChainingRodShaped	6174	2.10066	0.5	-23.2192	58.4768	0	-0.566526	-0.824044	0	5428	6173
ChainingRodShaped	6176	2.10751	0.5	4.80327	7.80818	0	0.613423	-0.789755	0	None	None
ChainingRodShaped	6178	2.12991	0.5	17.6466	86.6412	0	0.313318	-0.949648	0	5747	6177
ChainingRodShaped	6180	2.05511	0.5	4.48869	31.8332	0	0.939947	0.341321	0	None	None
ChainingRodShaped	6182	2.15464	0.5	-31.7374	60.0645	0	-0.701216	-0.712949	0	6009	6181
ChainingRodShaped	6184	2.11088	0.5	-22.3097	69.7503	0	-0.695991	-0.71805	0	6031	6183
ChainingRodShaped	6186	2.05276	0.5	4.88191	53.5531	0	-0.995139	-0.098477	0	None	None
ChainingRodShaped	6188	2.11433	0.5	-40.8525	42.6006	0	-0.691949	-0.721947	0	5917	6187
ChainingRodShaped	6190	2.11319	0.5	-1.44241	32.6495	0	0.945844	0.324622	0	None	None
ChainingRodShaped	6192	2.13267	0.5	-30.2173	16.5101	0	0.894092	0.447884	0	None	None
ChainingRodShaped	6194	2.06171	0.5	3.99887	39.4473	0	-0.991058	-0.133435	0	None	None
ChainingRodShaped	6196	2.10119	0.5	6.88199	54.2761	0	-0.891	0.454004	0	None	None
ChainingRodShaped	6198	2.07056	0.5	41.472	39.5717	0	-0.631702	-0.775211	0	5373	6197
ChainingRodShaped	6200	2.08513	0.5	41.8999	52.4214	0	-0.785871	-0.61839	0	5436	6199
ChainingRodShaped	6202	2.04967	0.5	11.6371	35.5438	0	-0.926358	-0.376644	0	6135	6201
ChainingRodShaped	6204	2.06433	0.5	33.6814	26.9669	0	-0.51044	-0.859914	0	None	None
ChainingRodShaped	6206	2.07183	0.5	43.1684	43.178	0	-0.638639	-0.769506	0	5771	6205
ChainingRodShaped	6208	2.02642	0.5	57.3156	66.71	0	0.752927	0.658105	0	5653	6207
ChainingRodShaped	6210	2.04876	0.5	-41.8754	27.9877	0	0.857741	0.514082	0	6143	6209
ChainingRodShaped	6212	2.02321	0.5	-9.74222	56.1228	0	-0.101656	-0.99482	0	5536	6211
ChainingRodShaped	6214	2.01639	0.5	22.536	3.23264	0	-0.213813	-0.976875	0	6097	6213
ChainingRodShaped	6216	2.03959	0.5	3.10593	40.3054	0	-0.992705	-0.120568	0	None	None
ChainingRodShaped	6218	2.02654	0.5	-22.3078	56.0885	0	-0.575926	-0.817502	0	None	None
ChainingRodShaped	6220	2.03898	0.5	58.5696	61.7543	0	-0.667237	-0.744846	0	5274	6219
ChainingRodShaped	6222	2.01615	0.5	-42.0699	24.9438	0	-0.942877	-0.333142	0	5603	6221
ChainingRodShaped	6224	2.01891	0.5	28.7805	35.6142	0	0.875767	0.482734	0	None	None
ChainingRodShaped	6226	2.01023	0.5	62.9223	64.687	0	-0.537009	-0.843577	0	5284	6225
ChainingRodShaped	6228	2.00513	0.5	-14.1137	77.5142	0	0.446556	0.894755	0	6107	6227
