cell_type	cell_id	length	radius	pos_x	pos_y	pos_z	ori_x	ori_y	ori_z	lower_link	upper_link
ChainingRodShaped	1020	4.61038	0.5	180.791	253.246	0	0.87503	0.484069	0	1674	None
ChainingRodShaped	1556	3.87699	0.5	-59.9208	28.0791	0	-0.47954	0.87752	0	None	None
ChainingRodShaped	1780	2.8874	0.5	-58.852	41.9455	0	-0.929909	-0.36779	0	None	None
ChainingRodShaped	728	4.91632	0.5	108.542	46.8206	0	-0.157914	0.987453	0	1568	1683
ChainingRodShaped	1574	4.30651	0.5	-61.457	34.5147	0	-0.237695	0.97134	0	None	None
ChainingRodShaped	2142	2.27783	0.5	90.3714	154.128	0	-0.96704	-0.254623	0	2143	1599
ChainingRodShaped	1544	3.33622	0.5	2.35859	-19.9853	0	-0.467306	-0.884096	0	1545	733
ChainingRodShaped	1356	3.72944	0.5	-56.3559	52.7526	0	-0.1775	0.984121	0	None	None
ChainingRodShaped	1330	3.69551	0.5	-61.9344	32.3354	0	-0.244722	0.969593	0	None	None
ChainingRodShaped	1868	2.58903	0.5	-47.1188	60.2804	0	-0.987326	0.158708	0	None	None
ChainingRodShaped	990	4.36054	0.5	-12.9859	131.203	0	0.734198	0.678935	0	1532	1189
ChainingRodShaped	1830	2.58848	0.5	-47.9025	39.117	0	-0.899573	-0.436771	0	None	None
ChainingRodShaped	1622	2.78333	0.5	-38.8326	65.6631	0	-0.833694	-0.552227	0	None	None
ChainingRodShaped	1996	2.55405	0.5	25.4909	-97.921	0	0.999224	-0.0393839	0	1997	2099
ChainingRodShaped	1818	2.63487	0.5	-37.808	11.1383	0	-0.930526	-0.366227	0	None	None
ChainingRodShaped	1644	3.37303	0.5	49.0222	227.107	0	0.956348	0.292229	0	1645	1503
ChainingRodShaped	1268	4.09454	0.5	-52.6889	57.1544	0	-0.595474	-0.803374	0	None	None
ChainingRodShaped	1024	4.97319	0.5	-32.7441	63.4191	0	-0.827152	0.561979	0	None	None
ChainingRodShaped	1720	3.73634	0.5	49.4564	54.953	0	0.43874	-0.898614	0	1721	1585
ChainingRodShaped	1216	4.44788	0.5	58.0753	91.2088	0	0.576858	-0.816844	0	1217	999
ChainingRodShaped	1284	4.79025	0.5	-31.7186	68.181	0	-0.996858	-0.079207	0	None	None
ChainingRodShaped	1190	3.68023	0.5	-39.7493	11.327	0	-0.920896	-0.389808	0	None	None
ChainingRodShaped	1082	3.92136	0.5	-59.4731	34.3927	0	-0.662257	0.749277	0	None	None
ChainingRodShaped	2080	2.40833	0.5	-61.6975	40.1787	0	-0.919912	0.392125	0	None	None
ChainingRodShaped	1008	4.14182	0.5	-58.813	-103.051	0	-0.986554	0.163435	0	2134	1421
ChainingRodShaped	1600	4.15919	0.5	-4.00256	46.9665	0	0.998741	0.0501666	0	None	None
ChainingRodShaped	1990	2.35754	0.5	-36.9357	33.2147	0	-0.905811	-0.423683	0	None	None
ChainingRodShaped	924	4.86279	0.5	-26.0978	26.4005	0	-0.97899	0.20391	0	None	None
ChainingRodShaped	814	4.78713	0.5	63.2848	-19.2055	0	-0.872557	0.488512	0	1616	981
ChainingRodShaped	1482	4.42392	0.5	-7.27756	46.222	0	0.956174	-0.292799	0	None	None
ChainingRodShaped	1718	3.24795	0.5	25.9504	62.0834	0	-0.829954	-0.557832	0	1719	1637
ChainingRodShaped	1808	3.3484	0.5	-9.3406	44.8344	0	0.950797	-0.309815	0	None	None
ChainingRodShaped	1104	3.83151	0.5	-34.3558	46.0528	0	0.775894	-0.630864	0	None	None
ChainingRodShaped	2272	2.00568	0.5	106.701	221.195	0	0.999654	-0.0263061	0	2273	1167
ChainingRodShaped	1988	2.44113	0.5	-26.5751	41.5103	0	0.85106	-0.525068	0	None	None
ChainingRodShaped	1034	3.88133	0.5	127.556	92.7357	0	0.520189	0.854051	0	1035	1275
ChainingRodShaped	1596	3.48662	0.5	-38.9662	52.8338	0	-0.862914	0.50535	0	None	None
ChainingRodShaped	868	4.26372	0.5	-41.7823	22.1151	0	-0.997691	-0.0679238	0	None	None
ChainingRodShaped	1260	4.79441	0.5	-56.8679	-20.7268	0	-0.841829	0.539744	0	1261	1951
ChainingRodShaped	1876	2.41206	0.5	-34.9857	-30.0122	0	0.966923	-0.255068	0	1877	1465
ChainingRodShaped	1618	2.78251	0.5	-55.8572	33.0765	0	-0.998051	0.0623987	0	None	None
ChainingRodShaped	1068	4.24711	0.5	34.8382	148.2	0	-0.809812	0.58669	0	1704	1451
ChainingRodShaped	1332	3.36343	0.5	-14.9184	30.6067	0	-0.83451	-0.550993	0	None	None
ChainingRodShaped	1370	3.44687	0.5	-45.1467	12.6055	0	-0.983279	-0.182105	0	None	None
ChainingRodShaped	1164	4.62713	0.5	-16.3442	18.7606	0	-0.591673	-0.806178	0	None	None
ChainingRodShaped	1376	4.1915	0.5	69.9156	-71.4071	0	0.704782	0.709424	0	1377	1341
ChainingRodShaped	1388	4.76109	0.5	-32.7894	20.0689	0	-0.476147	-0.879366	0	None	None
ChainingRodShaped	1344	3.89673	0.5	-12.1564	-120.972	0	-0.454197	0.890901	0	1345	1961
ChainingRodShaped	1214	3.79915	0.5	77.5993	-20.3116	0	0.995508	0.0946806	0	1215	1241
ChainingRodShaped	1684	2.91891	0.5	-40.8561	61.7769	0	-0.994974	-0.100134	0	None	None
ChainingRodShaped	1918	2.96189	0.5	-1.31996	49.0008	0	0.999332	0.0365585	0	None	None
ChainingRodShaped	1292	4.30568	0.5	-44.7482	47.7929	0	0.907507	-0.420037	0	None	None
ChainingRodShaped	896	4.32949	0.5	-55.353	52.7367	0	-0.176346	0.984328	0	None	None
ChainingRodShaped	1970	2.67501	0.5	-28.7867	13.4374	0	-0.933495	-0.358589	0	None	None
ChainingRodShaped	1892	2.60708	0.5	-20.6229	59.0226	0	-0.791467	0.611212	0	None	None
ChainingRodShaped	1820	2.60029	0.5	-21.8876	72.025	0	-0.716301	0.697791	0	1821	867
ChainingRodShaped	2252	2.02962	0.5	-48.5571	31.2212	0	-0.889562	-0.456814	0	None	None
ChainingRodShaped	1076	4.35278	0.5	64.9135	80.9378	0	-0.980744	0.195297	0	2014	1745
ChainingRodShaped	1662	2.81718	0.5	-13.0263	60.8389	0	-0.222918	0.974837	0	None	None
ChainingRodShaped	1872	3.20777	0.5	-58.3343	38.4464	0	-0.89828	0.439423	0	None	None
ChainingRodShaped	1898	3.12209	0.5	-6.75257	24.138	0	0.598644	0.801016	0	1899	1791
ChainingRodShaped	1796	3.26983	0.5	-45.4345	39.2478	0	-0.897414	-0.44119	0	None	None
ChainingRodShaped	1412	4.01441	0.5	-17.2851	-31.9586	0	-0.999884	-0.0152601	0	1413	1375
ChainingRodShaped	1522	4.42897	0.5	-41.2511	17.7975	0	-0.821296	-0.570502	0	None	None
ChainingRodShaped	1992	2.85113	0.5	-90.0588	-42.7535	0	0.382045	0.924144	0	1993	1397
ChainingRodShaped	1086	4.50705	0.5	38.751	138.248	0	0.768701	-0.639608	0	1087	2039
ChainingRodShaped	1212	4.29598	0.5	-22.2213	45.436	0	-0.845691	0.533674	0	None	None
ChainingRodShaped	1042	4.326	0.5	-48.4098	59.4538	0	-0.935684	0.352838	0	None	None
ChainingRodShaped	1460	4.95878	0.5	20.1548	194.037	0	0.215932	0.976408	0	1461	1959
ChainingRodShaped	880	4.5974	0.5	-21.9762	66.283	0	-0.950325	0.31126	0	None	None
ChainingRodShaped	1924	2.73016	0.5	123.355	147.626	0	-0.756773	0.653678	0	1925	1347
ChainingRodShaped	1080	4.32169	0.5	-36.9203	39.7441	0	-0.884854	0.465869	0	None	None
ChainingRodShaped	1646	2.96318	0.5	86.9572	75.2292	0	0.972061	-0.234728	0	1647	1045
ChainingRodShaped	2096	2.27432	0.5	-21.8667	-178.265	0	0.314342	0.94931	0	2097	1309
ChainingRodShaped	1146	3.95476	0.5	-32.8034	65.7528	0	-0.83263	0.553829	0	None	None
ChainingRodShaped	1436	3.37414	0.5	40.1868	3.17366	0	0.473519	-0.880783	0	1437	1391
ChainingRodShaped	1362	3.36479	0.5	66.5713	145.286	0	-0.943446	-0.331527	0	1363	1949
ChainingRodShaped	1944	2.85107	0.5	-17.4269	33.0042	0	-0.712612	0.701558	0	None	None
ChainingRodShaped	822	4.89133	0.5	-35.312	19.9938	0	-0.569978	-0.82166	0	None	None
ChainingRodShaped	2062	2.62872	0.5	-10.3369	24.7358	0	-0.148164	-0.988963	0	None	None
ChainingRodShaped	1798	2.74376	0.5	155.946	239.164	0	0.860868	0.508828	0	1799	759
ChainingRodShaped	2218	2.07065	0.5	-52.9974	58.3924	0	-0.595314	-0.803493	0	None	None
ChainingRodShaped	1336	3.79587	0.5	-17.8105	57.7709	0	-0.693071	0.720869	0	None	None
ChainingRodShaped	870	4.42657	0.5	83.1782	-49.8592	0	0.217186	0.97613	0	1540	2005
ChainingRodShaped	1542	3.28288	0.5	-53.7404	31.0472	0	-0.999415	0.0341915	0	None	None
ChainingRodShaped	1408	4.3951	0.5	-41.0927	16.765	0	-0.823226	-0.567713	0	None	None
ChainingRodShaped	1730	2.56373	0.5	-26.0473	115.476	0	0.498971	0.866619	0	1731	2007
ChainingRodShaped	1462	4.32909	0.5	-49.1879	31.9655	0	-0.891756	-0.452517	0	None	None
ChainingRodShaped	1936	2.47404	0.5	-40.2869	58.7449	0	-0.999527	0.0307479	0	None	None
ChainingRodShaped	1230	3.86827	0.5	1.71505	-64.51	0	-0.0230414	-0.999735	0	1902	893
ChainingRodShaped	1588	4.3002	0.5	109.079	17.3221	0	0.111405	0.993775	0	1589	1753
ChainingRodShaped	2092	2.3642	0.5	35.3541	6.49417	0	-0.74841	0.663236	0	2093	2045
ChainingRodShaped	1548	4.02792	0.5	-53.0491	59.9877	0	-0.593897	-0.804541	0	None	None
ChainingRodShaped	2064	2.3313	0.5	5.64949	49.657	0	0.973876	0.227078	0	None	None
ChainingRodShaped	1040	4.65913	0.5	6.971	48.7537	0	-0.66757	-0.744547	0	None	None
ChainingRodShaped	1554	3.94437	0.5	-61.6161	1.68203	0	0.608995	0.793174	0	1555	1807
ChainingRodShaped	1236	4.20004	0.5	-58.3898	47.6614	0	-0.424948	0.905218	0	None	None
ChainingRodShaped	1180	4.38409	0.5	68.5073	228.582	0	0.989865	-0.142013	0	2210	1129
ChainingRodShaped	2136	2.31471	0.5	-36.1114	-105.22	0	-0.984519	0.17528	0	2137	1813
ChainingRodShaped	1518	4.14634	0.5	-16.8682	35.0781	0	-0.710684	0.703511	0	None	None
ChainingRodShaped	1848	2.54417	0.5	90.871	72.4976	0	-0.918106	0.396334	0	1849	865
ChainingRodShaped	2076	2.47391	0.5	-36.7929	57.1684	0	-0.896297	0.443454	0	None	None
ChainingRodShaped	1440	4.90718	0.5	12.8256	145.353	0	0.989485	0.144634	0	2238	1607
ChainingRodShaped	1572	3.19997	0.5	-21.6154	54.9504	0	0.263733	-0.964596	0	None	None
ChainingRodShaped	1628	3.40485	0.5	47.7875	124.584	0	0.319865	-0.947463	0	1629	1457
ChainingRodShaped	1810	2.87951	0.5	-25.1512	38.1355	0	-0.989154	-0.146879	0	None	None
ChainingRodShaped	1156	3.78564	0.5	-88.3349	-82.6511	0	-0.459426	0.888216	0	2240	1255
ChainingRodShaped	1052	4.53365	0.5	-26.1887	42.3508	0	0.84578	-0.533531	0	None	None
ChainingRodShaped	2220	2.10582	0.5	-41.0958	49.473	0	0.941768	-0.336263	0	None	None
ChainingRodShaped	1368	4.65444	0.5	51.493	-87.282	0	0.807837	0.589405	0	1369	1661
ChainingRodShaped	2266	2.00803	0.5	16.3868	55.0691	0	0.802663	0.596433	0	2267	1349
ChainingRodShaped	1762	3.41432	0.5	-25.3295	67.7369	0	-0.22925	0.973368	0	None	None
ChainingRodShaped	1986	2.72576	0.5	-52.1684	25.9024	0	-0.984521	0.175266	0	None	None
ChainingRodShaped	2032	2.34964	0.5	-42.3831	24.0601	0	-0.758936	-0.651166	0	None	None
ChainingRodShaped	1264	4.24474	0.5	-20.6326	17.5421	0	-0.999434	0.0336437	0	None	None
ChainingRodShaped	1746	2.74866	0.5	-24.619	55.4254	0	-0.268765	0.963206	0	None	None
ChainingRodShaped	1842	3.2688	0.5	42.2385	75.6092	0	-0.797286	-0.603601	0	1843	2165
ChainingRodShaped	1566	4.24491	0.5	-27.56	-202.143	0	0.177874	0.984053	0	1567	1387
ChainingRodShaped	2118	2.20873	0.5	135.065	126.976	0	-0.1808	0.98352	0	2119	1155
ChainingRodShaped	1966	2.90698	0.5	-28.1312	29.0657	0	-0.994028	-0.109122	0	None	None
ChainingRodShaped	2010	2.61888	0.5	-27.9155	48.097	0	-0.813163	0.582037	0	None	None
ChainingRodShaped	1512	3.4015	0.5	-51.4753	20.0206	0	-0.484547	0.874765	0	None	None
ChainingRodShaped	1576	3.83671	0.5	-40.2316	15.1026	0	-0.834246	-0.551393	0	None	None
ChainingRodShaped	1666	2.72146	0.5	-11.3682	-151.627	0	0.339835	0.940485	0	1667	2201
ChainingRodShaped	2028	2.36459	0.5	130.942	225.433	0	0.926535	0.376208	0	2029	1789
ChainingRodShaped	1664	3.89215	0.5	-4.46125	57.6448	0	-0.868387	0.495887	0	None	None
ChainingRodShaped	1092	4.19037	0.5	-48.7734	33.2338	0	-0.892633	-0.450785	0	None	None
ChainingRodShaped	1138	4.84086	0.5	-26.7535	27.5015	0	-0.978263	0.207368	0	None	None
ChainingRodShaped	1038	4.7781	0.5	-75.9459	-26.0502	0	0.902422	0.430853	0	2110	1479
ChainingRodShaped	950	4.01419	0.5	-1.22533	48.0561	0	0.999104	0.0423138	0	None	None
ChainingRodShaped	898	4.93348	0.5	-31.6147	50.9893	0	-0.781323	0.624127	0	None	None
ChainingRodShaped	778	4.48513	0.5	-19.1096	29.1076	0	-0.172158	0.985069	0	None	None
ChainingRodShaped	1884	3.00249	0.5	-29.7005	82.1296	0	-0.441674	0.897176	0	1885	2107
ChainingRodShaped	2018	2.60232	0.5	-20.7146	57.9492	0	-0.777889	0.628402	0	None	None
ChainingRodShaped	1860	2.5136	0.5	-14.1605	42.1497	0	-0.329484	0.944161	0	None	None
ChainingRodShaped	1964	2.78252	0.5	-18.2693	37.8222	0	-0.702857	0.711331	0	None	None
ChainingRodShaped	1934	2.97053	0.5	-19.4059	60.2182	0	-0.996207	0.0870098	0	None	None
ChainingRodShaped	1454	3.86353	0.5	-29.9493	11.9321	0	-0.94593	-0.324371	0	None	None
ChainingRodShaped	1458	3.35318	0.5	-56.6147	36.5901	0	-0.92965	0.368444	0	None	None
ChainingRodShaped	1316	3.66856	0.5	-43.5727	26.8976	0	-0.777865	-0.628431	0	None	None
ChainingRodShaped	968	4.93265	0.5	-31.6819	70.3731	0	-0.827802	-0.56102	0	None	None
ChainingRodShaped	1814	2.85411	0.5	-45.381	30.6446	0	-0.910356	-0.413827	0	None	None
ChainingRodShaped	1834	3.04919	0.5	-31.8803	39.0148	0	-0.986018	-0.166639	0	None	None
ChainingRodShaped	1528	3.03385	0.5	-26.1285	57.3341	0	-0.257899	0.966172	0	None	None
ChainingRodShaped	2206	2.1194	0.5	36.1071	220.289	0	0.773106	0.634277	0	2207	2003
ChainingRodShaped	1228	4.68008	0.5	97.196	-10.8665	0	0.705118	0.70909	0	2274	1033
ChainingRodShaped	1426	3.17421	0.5	-15.143	53.3929	0	-0.967632	0.252367	0	None	None
ChainingRodShaped	1562	2.96537	0.5	-27.0538	24.7085	0	-0.664105	0.747639	0	None	None
ChainingRodShaped	1768	3.39072	0.5	-51.5017	18.0865	0	-0.493272	0.869875	0	None	None
ChainingRodShaped	1658	3.03085	0.5	68.2286	81.9935	0	0.873013	-0.487697	0	1659	1911
ChainingRodShaped	1448	4.2935	0.5	-39.4728	16.7387	0	-0.828859	-0.559458	0	None	None
ChainingRodShaped	790	4.78173	0.5	-47.7143	64.801	0	-0.959236	-0.282605	0	None	None
ChainingRodShaped	1446	4.20047	0.5	-47.9518	45.8934	0	-0.992457	0.122595	0	None	None
ChainingRodShaped	1474	4.67616	0.5	-4.23084	-41.6129	0	0.699154	-0.714971	0	1475	2203
ChainingRodShaped	1010	4.58559	0.5	-11.0754	29.6344	0	-0.602657	-0.798	0	None	None
ChainingRodShaped	1294	3.77729	0.5	-16.2107	22.2402	0	-0.604842	-0.796345	0	None	None
ChainingRodShaped	1916	2.73881	0.5	-38.9206	46.9322	0	-0.89303	0.449996	0	None	None
ChainingRodShaped	2174	2.13423	0.5	-38.5859	-27.968	0	-0.959647	0.281208	0	2175	1539
ChainingRodShaped	1954	2.58198	0.5	-42.9472	29.0465	0	-0.987308	-0.158814	0	None	None
ChainingRodShaped	1676	3.16023	0.5	-31.2821	10.3692	0	0.992605	0.121386	0	1677	1681
ChainingRodShaped	1816	3.00042	0.5	-40.041	59.7206	0	-0.999811	0.0194456	0	None	None
ChainingRodShaped	1930	3.02946	0.5	-50.5434	40.1735	0	-0.809341	-0.587339	0	None	None
ChainingRodShaped	1776	3.44685	0.5	-36.9255	49.1793	0	0.817265	-0.576262	0	None	None
ChainingRodShaped	1604	3.97341	0.5	-23.2031	57.2274	0	0.254087	-0.967181	0	None	None
ChainingRodShaped	930	4.85824	0.5	-17.0162	45.4896	0	-0.853172	0.52163	0	None	None
ChainingRodShaped	1688	2.87182	0.5	110.548	76.303	0	0.915037	0.40337	0	1689	1537
ChainingRodShaped	2184	2.1932	0.5	-31.613	56.6426	0	-0.942346	0.334639	0	None	None
ChainingRodShaped	2114	2.3029	0.5	-51.0133	41.5654	0	-0.524392	-0.851477	0	None	None
ChainingRodShaped	1858	2.85492	0.5	51.3095	108.429	0	0.189084	-0.981961	0	1859	1703
ChainingRodShaped	2224	2.09469	0.5	-4.26655	30.8182	0	-0.446531	-0.894768	0	None	None
ChainingRodShaped	1710	2.96715	0.5	-36.9208	29.7958	0	-0.858919	-0.512111	0	None	None
ChainingRodShaped	2176	2.10192	0.5	14.0721	8.16866	0	-0.784195	-0.620515	0	2177	1947
ChainingRodShaped	1938	2.78047	0.5	-16.9332	58.1879	0	-0.700229	0.713918	0	None	None
ChainingRodShaped	1716	2.92822	0.5	9.6208	-91.304	0	0.740873	-0.671645	0	1717	1511
ChainingRodShaped	1486	4.74845	0.5	22.5131	163.81	0	-0.400277	0.916394	0	1487	1385
ChainingRodShaped	1182	4.34925	0.5	1.51214	56.7149	0	-0.969509	0.245058	0	1183	1621
ChainingRodShaped	1400	4.21969	0.5	-17.7135	64.929	0	-0.744164	0.667997	0	None	None
ChainingRodShaped	2012	2.5705	0.5	41.8454	28.6642	0	-0.532699	-0.846305	0	2013	1671
ChainingRodShaped	1714	2.90269	0.5	-58.5824	40.9877	0	-0.930126	-0.367241	0	None	None
ChainingRodShaped	2246	2.02475	0.5	-31.0452	38.2108	0	-0.987632	-0.156788	0	None	None
ChainingRodShaped	1354	4.19825	0.5	32.9761	62.7143	0	0.99264	0.121103	0	1355	895
ChainingRodShaped	1982	2.34508	0.5	-31.6144	48.6129	0	-0.785829	0.618444	0	None	None
ChainingRodShaped	1726	3.29415	0.5	3.94321	41.5301	0	0.547333	0.836915	0	1727	2101
ChainingRodShaped	1274	3.63109	0.5	131.815	101.303	0	0.366536	0.930404	0	1275	1491
ChainingRodShaped	1624	3.34685	0.5	-93.6361	-62.065	0	-0.0251538	0.999684	0	1625	2167
ChainingRodShaped	1484	3.16785	0.5	-18.2475	42.9266	0	-0.840312	0.542103	0	None	None
ChainingRodShaped	1476	3.09748	0.5	-57.2508	27.2992	0	-0.47548	0.879727	0	None	None
ChainingRodShaped	1244	4.13057	0.5	-32.6204	31.3513	0	-0.848665	-0.528931	0	None	None
ChainingRodShaped	1418	4.00238	0.5	52.926	-11.3428	0	0.781339	-0.624107	0	1419	1785
ChainingRodShaped	2060	2.48499	0.5	-38.0286	62.8062	0	-0.99743	0.0716441	0	None	None
ChainingRodShaped	1928	2.64862	0.5	-42.4771	54.8047	0	0.874877	-0.484346	0	None	None
ChainingRodShaped	1926	3.03691	0.5	-59.2936	32.7236	0	-0.661377	0.750053	0	None	None
ChainingRodShaped	1886	2.65085	0.5	-44.5254	57.3753	0	-0.815265	0.579088	0	None	None
ChainingRodShaped	1974	2.63491	0.5	45.6637	143.123	0	-0.974487	0.224442	0	1975	1705
ChainingRodShaped	1738	3.60669	0.5	-39.8084	14.2562	0	-0.831626	-0.555336	0	None	None
ChainingRodShaped	1196	4.87304	0.5	-19.8812	61.1631	0	-0.996099	0.0882468	0	None	None
ChainingRodShaped	1942	2.39193	0.5	-51.7357	-24.7174	0	0.958467	-0.285203	0	1943	1405
ChainingRodShaped	1732	2.89205	0.5	-7.36234	-29.9462	0	-0.907678	-0.419667	0	1733	1413
ChainingRodShaped	1754	3.29967	0.5	-37.9783	48.7739	0	0.822988	-0.568059	0	None	None
ChainingRodShaped	2154	2.13901	0.5	-17.834	-167.409	0	0.379219	0.925307	0	2155	1335
ChainingRodShaped	2204	2.11869	0.5	-29.963	14.0496	0	-0.931563	-0.36358	0	None	None
ChainingRodShaped	1520	3.62114	0.5	168.129	246.197	0	0.871072	0.491155	0	1521	1675
ChainingRodShaped	1706	3.07364	0.5	-38.1989	42.445	0	-0.905332	0.424704	0	None	None
ChainingRodShaped	2258	2.0216	0.5	-23.5091	63.654	0	-0.944593	0.328244	0	None	None
ChainingRodShaped	2208	2.09253	0.5	100.154	66.3132	0	-0.702522	0.711662	0	2209	1171
ChainingRodShaped	1498	4.12588	0.5	49.6197	-9.86111	0	-0.741669	0.670766	0	1499	1879
ChainingRodShaped	2138	2.12973	0.5	-25.0044	21.3323	0	-0.438059	0.898946	0	None	None
ChainingRodShaped	1764	2.83216	0.5	-8.53747	-138.37	0	0.0483144	0.998832	0	1765	1553
ChainingRodShaped	1602	3.95614	0.5	-31.3858	101.487	0	0.200544	0.979685	0	1603	1847
ChainingRodShaped	2182	2.19007	0.5	92.0885	223.145	0	0.978013	-0.208543	0	2183	1559
ChainingRodShaped	1526	3.05361	0.5	-47.4913	50.7673	0	0.989396	-0.145241	0	None	None
ChainingRodShaped	2036	2.43808	0.5	-31.3743	53.2142	0	-0.770571	0.637354	0	None	None
ChainingRodShaped	1472	3.77941	0.5	2.09348	51.9621	0	-0.99971	-0.0241009	0	None	None
ChainingRodShaped	1242	4.71735	0.5	75.6855	-27.6344	0	-0.734862	0.678217	0	1243	1617
ChainingRodShaped	808	4.69874	0.5	-20.6718	26.6887	0	-0.912584	0.40889	0	None	None
ChainingRodShaped	1590	3.51018	0.5	-25.0897	35.2453	0	-0.989801	-0.14246	0	None	None
ChainingRodShaped	1906	2.88256	0.5	-7.89029	37.5203	0	-0.608342	-0.793675	0	None	None
ChainingRodShaped	2132	2.17672	0.5	78.363	-61.4773	0	0.543012	0.839725	0	2133	1541
ChainingRodShaped	874	4.5909	0.5	-73.6585	-97.7304	0	-0.847865	0.530212	0	2196	1489
ChainingRodShaped	2180	2.11804	0.5	-51.1102	14.9909	0	-0.855649	0.517557	0	None	None
ChainingRodShaped	1546	3.65487	0.5	-23.6672	23.7111	0	-0.944908	0.327337	0	None	None
ChainingRodShaped	786	4.51912	0.5	27.7422	210.975	0	0.587726	0.80906	0	2124	1435
ChainingRodShaped	1428	3.76438	0.5	-23.9674	-109.481	0	-0.882815	0.46972	0	1429	1383
ChainingRodShaped	1396	4.56414	0.5	-85.0681	-33.7924	0	0.579668	0.814853	0	1397	2111
ChainingRodShaped	788	4.45562	0.5	-28.3075	72.1259	0	-0.866113	0.499848	0	None	None
ChainingRodShaped	1612	3.96675	0.5	-31.1675	67.2549	0	-0.997471	-0.0710757	0	None	None
ChainingRodShaped	1748	3.10145	0.5	-9.23161	53.8322	0	-0.963073	0.26924	0	None	None
ChainingRodShaped	1248	3.44962	0.5	-27.6537	30.086	0	-0.994292	-0.10669	0	None	None
ChainingRodShaped	834	4.46172	0.5	109.755	30.7518	0	-0.00643235	0.999979	0	1752	1569
ChainingRodShaped	2074	2.36753	0.5	118.895	221.962	0	0.984377	0.176076	0	2075	1283
ChainingRodShaped	1442	3.9926	0.5	76.1771	77.5899	0	-0.944166	0.329471	0	1443	2015
ChainingRodShaped	1792	3.45458	0.5	-45.5089	22.1013	0	-0.750177	0.661237	0	None	None
ChainingRodShaped	878	4.33335	0.5	-27.2375	67.4718	0	-0.242569	0.970134	0	None	None
ChainingRodShaped	1090	4.99456	0.5	-2.11015	43.0731	0	-0.420154	-0.907453	0	None	None
ChainingRodShaped	2222	2.08662	0.5	-15.2238	29.2457	0	-0.84411	-0.536169	0	None	None
ChainingRodShaped	2072	2.47142	0.5	-39.4031	63.8782	0	-0.997965	0.0637666	0	None	None
ChainingRodShaped	1598	3.008	0.5	83.4113	151.881	0	-0.937811	-0.347147	0	1599	1495
ChainingRodShaped	1350	3.71249	0.5	103.841	155.475	0	-0.998275	0.0587131	0	2056	2085
ChainingRodShaped	820	4.66064	0.5	-14.8513	28.3313	0	-0.84943	-0.527702	0	None	None
ChainingRodShaped	1994	2.70003	0.5	-30.7129	30.2524	0	-0.870169	-0.492753	0	None	None
ChainingRodShaped	1392	4.7002	0.5	-4.90338	35.1207	0	-0.598706	-0.800969	0	None	None
ChainingRodShaped	1880	2.63201	0.5	-23.2473	68.8611	0	-0.927107	-0.374796	0	None	None
ChainingRodShaped	1072	4.69926	0.5	36.2468	-95.919	0	0.938827	0.344388	0	2098	2041
ChainingRodShaped	1386	3.46637	0.5	-25.7227	-192.764	0	0.210361	0.977624	0	1387	1829
ChainingRodShaped	2126	2.13874	0.5	-36.1886	12.8809	0	-0.907504	-0.420043	0	None	None
ChainingRodShaped	1912	2.45741	0.5	-38.6791	60.6974	0	-0.987905	0.155062	0	None	None
ChainingRodShaped	1648	3.27889	0.5	-33.7762	36.221	0	-0.835707	-0.549175	0	None	None
ChainingRodShaped	1640	3.36126	0.5	-46.5057	9.22834	0	0.992787	0.11989	0	1641	1985
ChainingRodShaped	1882	2.95704	0.5	-29.8405	64.8279	0	-0.770746	0.637143	0	None	None
ChainingRodShaped	2054	2.45749	0.5	32.2138	66.8813	0	-0.757023	-0.653388	0	2055	1719
ChainingRodShaped	1492	3.0134	0.5	-45.7444	38.0259	0	-0.900244	-0.435386	0	None	None
ChainingRodShaped	1694	3.82481	0.5	-1.02611	37.9528	0	-0.366433	-0.930444	0	None	None
ChainingRodShaped	1750	3.02993	0.5	-10.3635	41.1318	0	-0.999834	-0.0182181	0	None	None
ChainingRodShaped	2068	2.2489	0.5	-53.733	29.142	0	-0.999251	0.038706	0	None	None
ChainingRodShaped	1394	3.65946	0.5	18.8017	184.007	0	0.0357286	0.999362	0	1395	1461
ChainingRodShaped	886	4.45244	0.5	-31.3182	60.1298	0	-0.847023	0.531556	0	None	None
ChainingRodShaped	830	4.83311	0.5	-19.1563	49.4039	0	0.714881	-0.699246	0	None	None
ChainingRodShaped	962	4.6677	0.5	-47.866	27.38	0	-0.877452	0.479664	0	None	None
ChainingRodShaped	876	4.53867	0.5	121.19	84.3148	0	0.679891	0.733313	0	1536	1035
ChainingRodShaped	1516	4.00466	0.5	-43.588	17.3401	0	-0.823668	-0.567072	0	None	None
ChainingRodShaped	1324	3.93963	0.5	-16.1543	47.7176	0	0.707844	-0.706369	0	None	None
ChainingRodShaped	1852	2.72044	0.5	-11.9924	62.3516	0	-0.794223	0.607627	0	None	None
ChainingRodShaped	1678	3.71401	0.5	-8.41044	54.6064	0	-0.964858	0.262772	0	None	None
ChainingRodShaped	1614	3.3716	0.5	-53.9889	39.3667	0	-0.356001	-0.934486	0	None	None
ChainingRodShaped	1114	3.80967	0.5	-47.5664	-104.149	0	-0.998646	0.0520271	0	1812	2135
ChainingRodShaped	1140	4.60573	0.5	-37.9113	43.3275	0	-0.906113	0.423035	0	None	None
ChainingRodShaped	1608	3.06868	0.5	-39.0283	41.8141	0	-0.907888	0.419212	0	None	None
ChainingRodShaped	906	4.61228	0.5	-21.547	-32.9674	0	0.977056	-0.21298	0	1464	1425
ChainingRodShaped	1962	2.69802	0.5	-58.1709	34.892	0	-0.825385	0.56457	0	None	None
ChainingRodShaped	1950	2.94622	0.5	-62.9905	-14.7295	0	-0.497825	0.867277	0	1951	1509
ChainingRodShaped	992	4.80453	0.5	-16.4442	24.1397	0	-0.896105	-0.443842	0	None	None
ChainingRodShaped	2094	2.20284	0.5	-41.3387	23.7171	0	-0.76541	-0.643543	0	None	None
ChainingRodShaped	1466	4.53281	0.5	-7.05525	58.1797	0	-0.739655	0.672987	0	None	None
ChainingRodShaped	2242	2.06109	0.5	-48.0408	35.7617	0	-0.883438	-0.468548	0	None	None
ChainingRodShaped	2050	2.44822	0.5	104.757	-0.550085	0	0.417409	0.908719	0	2051	1669
ChainingRodShaped	1188	3.52863	0.5	-4.75057	137.945	0	0.816051	0.57798	0	1189	1773
ChainingRodShaped	2168	2.28902	0.5	49.2915	40.1952	0	-0.430165	-0.902751	0	2169	1969
ChainingRodShaped	892	4.22395	0.5	2.14992	-75.3523	0	0.13205	-0.991243	0	893	1595
ChainingRodShaped	1044	4.79886	0.5	96.6109	73.9592	0	0.999576	-0.0291126	0	1045	885
ChainingRodShaped	894	4.18703	0.5	43.5074	60.9469	0	0.88964	-0.456662	0	895	1721
ChainingRodShaped	1800	2.58342	0.5	11.4712	55.8356	0	-0.993399	-0.11471	0	1801	1183
ChainingRodShaped	1208	4.9555	0.5	-2.85928	39.5513	0	-0.58342	-0.81217	0	None	None
ChainingRodShaped	1524	4.30569	0.5	-42.4131	34.4293	0	-0.726754	-0.686898	0	None	None
ChainingRodShaped	1326	4.40267	0.5	-48.8674	48.0049	0	-0.987411	0.158174	0	None	None
ChainingRodShaped	2234	2.02972	0.5	-17.331	14.3998	0	0.874126	0.4857	0	2235	2001
ChainingRodShaped	936	4.79803	0.5	-13.5424	49.9792	0	0.863424	-0.504479	0	None	None
ChainingRodShaped	928	4.65455	0.5	-16.8148	37.6777	0	-0.709937	0.704266	0	None	None
ChainingRodShaped	1736	3.67646	0.5	6.86148	-5.67063	0	-0.235735	-0.971817	0	1737	2067
ChainingRodShaped	1430	3.88768	0.5	-11.5137	42.5215	0	-0.976685	0.214678	0	None	None
ChainingRodShaped	1712	3.25392	0.5	29.7069	143.807	0	0.924257	-0.38177	0	1713	1087
ChainingRodShaped	1794	2.8286	0.5	48.8633	79.591	0	-0.916788	-0.399373	0	1795	1843
ChainingRodShaped	944	4.74742	0.5	135.127	114.703	0	0.119046	0.992889	0	1490	1315
ChainingRodShaped	1822	3.27882	0.5	-27.2739	44.1724	0	-0.842102	0.539319	0	None	None
ChainingRodShaped	1120	4.2015	0.5	-7.06352	37.0665	0	-0.605271	-0.79602	0	None	None
ChainingRodShaped	1200	4.55459	0.5	25.4196	10.7502	0	-0.994174	0.107791	0	2044	1271
ChainingRodShaped	1838	2.56352	0.5	-30.113	33.6308	0	-0.991113	-0.13302	0	None	None
ChainingRodShaped	1708	3.30806	0.5	-46.0239	64.2676	0	-0.957893	-0.287125	0	None	None
ChainingRodShaped	1610	4.08313	0.5	37.4695	12.1355	0	0.0967938	-0.995304	0	1611	1437
ChainingRodShaped	2002	2.79276	0.5	41.9756	224.195	0	0.880049	0.474883	0	2003	1645
ChainingRodShaped	1328	4.06928	0.5	-38.4951	34.607	0	-0.913032	-0.407889	0	None	None
ChainingRodShaped	1976	2.3044	0.5	-12.2958	63.7877	0	-0.789625	0.61359	0	1977	1015
ChainingRodShaped	2020	2.65824	0.5	2.77784	51.0082	0	-0.999871	-0.0160642	0	None	None
ChainingRodShaped	1174	3.99833	0.5	78.7554	77.6869	0	0.948407	-0.317055	0	1910	1647
ChainingRodShaped	1854	2.90747	0.5	-56.9447	25.0558	0	-0.830785	0.556594	0	None	None
ChainingRodShaped	974	4.31136	0.5	62.1877	-78.6565	0	0.749985	0.661455	0	1660	1377
ChainingRodShaped	1246	4.08107	0.5	-29.1725	54.5314	0	-0.900367	0.435132	0	None	None
ChainingRodShaped	1914	2.79515	0.5	-38.573	55.9561	0	-0.887251	0.461286	0	None	None
ChainingRodShaped	2006	2.35615	0.5	-22.4132	120.947	0	0.605646	0.795734	0	2007	1533
ChainingRodShaped	1952	2.91091	0.5	-50.2399	33.5675	0	-0.888794	-0.458307	0	None	None
ChainingRodShaped	1240	4.53549	0.5	87.9469	-17.3898	0	0.909014	0.416766	0	1241	2275
ChainingRodShaped	1734	3.3378	0.5	-32.2634	30.4572	0	-0.851811	-0.523849	0	None	None
ChainingRodShaped	1900	2.78037	0.5	-92.7545	-70.2823	0	-0.195115	0.98078	0	1901	1625
ChainingRodShaped	1048	4.70713	0.5	11.0338	50.2668	0	0.700916	0.713244	0	2100	2267
ChainingRodShaped	1698	3.81679	0.5	-56.0274	29.4572	0	-0.432785	0.901497	0	None	None
ChainingRodShaped	2248	2.0472	0.5	-30.9194	35.4276	0	-0.991139	-0.132832	0	None	None
ChainingRodShaped	1922	2.73245	0.5	-35.0462	48.9875	0	0.801828	-0.597555	0	None	None
ChainingRodShaped	2172	2.23911	0.5	-22.8924	50.2526	0	-0.807567	0.589775	0	None	None
ChainingRodShaped	1564	3.44126	0.5	-54.1681	21.5068	0	-0.748037	0.663656	0	None	None
ChainingRodShaped	1098	4.34472	0.5	-42.3424	45.0474	0	-0.991045	-0.133527	0	None	None
ChainingRodShaped	1074	4.62901	0.5	2.30411	41.4027	0	-0.657604	-0.753364	0	None	None
ChainingRodShaped	2148	2.29335	0.5	-16.3967	50.592	0	0.716036	-0.698063	0	None	None
ChainingRodShaped	1310	3.89272	0.5	-51.579	52.6594	0	0.959799	-0.280687	0	None	None
ChainingRodShaped	1692	3.54892	0.5	-46.0454	31.3826	0	-0.90684	-0.421474	0	None	None
ChainingRodShaped	1470	4.87803	0.5	-49.9081	23.8768	0	-0.906674	0.421832	0	None	None
ChainingRodShaped	2128	2.2209	0.5	-9.19096	58.8151	0	-0.734164	0.678973	0	None	None
ChainingRodShaped	1118	4.36488	0.5	-0.361497	34.3489	0	0.492629	0.870239	0	1790	1727
ChainingRodShaped	1070	4.62766	0.5	-34.8562	24.2802	0	-0.518108	-0.855315	0	None	None
ChainingRodShaped	1258	4.85114	0.5	-31.764	49.9375	0	-0.782808	0.622263	0	None	None
ChainingRodShaped	1940	2.78093	0.5	144.307	232.251	0	0.864169	0.503202	0	1941	1203
ChainingRodShaped	1250	4.88419	0.5	-23.5409	44.0388	0	-0.845775	0.53354	0	None	None
ChainingRodShaped	1582	3.29684	0.5	-8.59022	25.874	0	-0.480958	-0.876744	0	None	None
ChainingRodShaped	1686	2.71681	0.5	-7.36843	50.3454	0	0.974615	-0.223887	0	None	None
ChainingRodShaped	1870	2.88401	0.5	-30.6367	36.4151	0	-0.990353	-0.138564	0	None	None
ChainingRodShaped	1186	4.49287	0.5	-25.6471	17.2278	0	0.162998	-0.986626	0	None	None
ChainingRodShaped	2192	2.11237	0.5	1.53611	-53.2868	0	0.125822	-0.992053	0	2193	1903
ChainingRodShaped	2038	2.70307	0.5	44.1104	132.408	0	0.544777	-0.838581	0	2039	1629
ChainingRodShaped	1078	3.83616	0.5	-9.05336	52.7783	0	-0.961833	0.273638	0	None	None
ChainingRodShaped	1290	4.41495	0.5	-38.047	56.7573	0	-0.891819	0.452393	0	None	None
ChainingRodShaped	1782	2.90144	0.5	-29.2414	-211.877	0	0.163896	0.986478	0	1783	1567
ChainingRodShaped	1456	3.21251	0.5	49.901	116.231	0	0.185525	-0.98264	0	1457	1859
ChainingRodShaped	1342	3.69964	0.5	-42.7005	47.8995	0	0.909944	-0.414731	0	None	None
ChainingRodShaped	1728	3.62304	0.5	67.8674	-19.4817	0	0.966418	-0.256976	0	1729	1215
ChainingRodShaped	1552	3.62205	0.5	-9.13574	-129.858	0	-0.18456	0.982821	0	1553	1345
ChainingRodShaped	1756	3.0261	0.5	81.4549	-34.8124	0	-0.469007	0.883195	0	1757	1243
ChainingRodShaped	1374	3.61913	0.5	-26.1744	-31.0486	0	-0.980795	0.195043	0	1375	2265
ChainingRodShaped	1502	3.45518	0.5	57.7779	228.88	0	0.994422	0.105475	0	1503	2211
ChainingRodShaped	1496	4.17677	0.5	-24.7048	17.4851	0	0.163546	-0.986536	0	None	None
ChainingRodShaped	1652	3.61795	0.5	-62.9686	37.1596	0	0.0201228	-0.999798	0	None	None
ChainingRodShaped	1488	3.84003	0.5	-82.036	-91.1853	0	-0.714545	0.69959	0	1489	2241
ChainingRodShaped	1702	3.59676	0.5	53.5094	100.062	0	0.332344	-0.943158	0	1703	1217
ChainingRodShaped	1444	4.9112	0.5	-36.3859	13.8609	0	-0.904952	-0.425513	0	None	None
ChainingRodShaped	1478	4.90736	0.5	-65.1913	-23.2275	0	0.997371	0.0724679	0	1479	1173
ChainingRodShaped	1908	2.91176	0.5	131.063	138.064	0	-0.492733	0.870181	0	1909	1267
ChainingRodShaped	1878	2.65189	0.5	43.8398	-3.76256	0	-0.625427	0.780283	0	1879	2121
ChainingRodShaped	2140	2.25745	0.5	80.3012	226.151	0	0.966987	-0.254827	0	2141	2231
ChainingRodShaped	2042	2.4667	0.5	52.4062	142.405	0	-0.999921	-0.0125654	0	2043	1975
ChainingRodShaped	1198	4.71034	0.5	-34.2487	32.564	0	-0.847415	-0.53093	0	None	None
ChainingRodShaped	1372	4.96842	0.5	-51.9151	45.6595	0	-0.403643	0.914917	0	None	None
ChainingRodShaped	1568	4.41729	0.5	109.25	41.3039	0	-0.0940177	0.995571	0	1569	728
ChainingRodShaped	1538	4.14854	0.5	-47.6367	-25.0728	0	-0.944539	0.3284	0	1539	1261
ChainingRodShaped	733	4.99868	0.5	-0.472553	-24.1839	0	-0.621619	-0.78332	0	1544	1733
ChainingRodShaped	1152	3.8806	0.5	-29.2596	15.6382	0	-0.881513	-0.472161	0	None	None
ChainingRodShaped	1272	3.59776	0.5	-14.6566	40.8426	0	-0.338916	0.940817	0	None	None
ChainingRodShaped	1410	4.44383	0.5	-0.111046	52.8607	0	-0.999419	-0.0340967	0	None	None
ChainingRodShaped	1592	3.06625	0.5	-22.6162	46.7784	0	-0.850988	0.525185	0	None	None
ChainingRodShaped	1638	4.02614	0.5	-46.0036	52.5333	0	0.990178	-0.139809	0	None	None
ChainingRodShaped	1856	2.67522	0.5	-45.9867	21.2768	0	-0.746128	0.665802	0	None	None
ChainingRodShaped	1550	3.79844	0.5	-7.56704	34.8549	0	-0.617516	-0.786558	0	None	None
ChainingRodShaped	1184	4.51998	0.5	-22.6269	33.6962	0	-0.987302	-0.158858	0	None	None
ChainingRodShaped	1414	4.76853	0.5	-24.9885	49.4997	0	-0.814988	0.579477	0	None	None
ChainingRodShaped	1288	4.97374	0.5	-92.439	-50.6914	0	0.214747	0.97667	0	2166	1993
ChainingRodShaped	1450	4.07742	0.5	27.8205	154.892	0	-0.622914	0.78229	0	1451	1487
ChainingRodShaped	1206	3.84596	0.5	-48.6072	40.3881	0	-0.708737	-0.705472	0	None	None
ChainingRodShaped	759	4.64839	0.5	159.95	241.509	0	0.864192	0.503162	0	1798	1521
ChainingRodShaped	1252	4.29543	0.5	-32.1599	92.8259	0	-0.0250876	0.999685	0	2106	1603
ChainingRodShaped	1286	4.83202	0.5	-33.1881	25.2231	0	-0.50953	-0.860453	0	None	None
ChainingRodShaped	1402	3.14555	0.5	-36.289	17.1429	0	-0.888095	-0.459659	0	None	None
ChainingRodShaped	1404	4.69818	0.5	-43.0081	-27.5951	0	0.950277	-0.311406	0	1405	1877
ChainingRodShaped	2052	2.55899	0.5	-32.8446	57.9426	0	-0.997552	-0.0699335	0	None	None
ChainingRodShaped	2160	2.29979	0.5	-33.7326	56.5281	0	-0.873651	0.486553	0	None	None
ChainingRodShaped	1634	3.37888	0.5	-42.1257	11.3324	0	-0.916952	-0.398997	0	None	None
ChainingRodShaped	1682	3.20255	0.5	106.288	55.8982	0	-0.348842	0.937182	0	1683	1305
ChainingRodShaped	1232	4.63639	0.5	-47.6045	61.7162	0	-0.963687	-0.267035	0	None	None
ChainingRodShaped	1422	3.17397	0.5	-18.4807	31.1758	0	-0.162574	0.986696	0	None	None
ChainingRodShaped	2236	2.07551	0.5	-39.1743	70.0025	0	-0.971321	-0.237772	0	None	None
ChainingRodShaped	1406	4.49113	0.5	-55.8748	44.2213	0	0.34785	-0.93755	0	None	None
ChainingRodShaped	2268	2.00575	0.5	-17.3897	19.0993	0	-0.588152	-0.80875	0	None	None
ChainingRodShaped	2124	2.25147	0.5	25.3152	207.422	0	0.522135	0.852863	0	2125	786
ChainingRodShaped	1758	2.55344	0.5	-24.2117	71.5396	0	-0.992079	-0.125616	0	None	None
ChainingRodShaped	2198	2.11369	0.5	-43.4206	65.8911	0	-0.98892	-0.148449	0	None	None
ChainingRodShaped	2152	2.16153	0.5	-24.3739	40.1344	0	-0.986012	-0.166676	0	None	None
ChainingRodShaped	1534	3.32768	0.5	-36.8735	65.5281	0	-0.901689	-0.432386	0	None	None
ChainingRodShaped	1888	3.07756	0.5	-8.82922	29.1217	0	-0.676449	-0.73649	0	None	None
ChainingRodShaped	2130	2.28322	0.5	-0.694427	40.9083	0	-0.575268	-0.817965	0	None	None
ChainingRodShaped	1438	4.98548	0.5	-9.5177	49.909	0	0.959466	-0.281824	0	None	None
ChainingRodShaped	1560	2.86825	0.5	-48.3394	62.5309	0	-0.963846	-0.26646	0	None	None
ChainingRodShaped	1632	3.67626	0.5	-44.0167	29.865	0	-0.970935	-0.239341	0	None	None
ChainingRodShaped	807	4.97369	0.5	-21.1536	62.2032	0	-0.995304	0.0967993	0	None	None
ChainingRodShaped	1626	2.76043	0.5	-19.295	25.0263	0	-0.908446	0.418002	0	None	None
ChainingRodShaped	1378	4.69004	0.5	-49.1094	56.3619	0	0.99244	0.122732	0	None	None
ChainingRodShaped	1334	3.39042	0.5	-14.6156	-159.761	0	0.388966	0.921252	0	1335	1667
ChainingRodShaped	1616	4.04285	0.5	67.9062	-21.8756	0	-0.857492	0.514497	0	1617	814
ChainingRodShaped	1570	4.0693	0.5	-42.8788	60.5772	0	-0.993923	-0.11008	0	None	None
ChainingRodShaped	2082	2.42975	0.5	-3.80133	45.3715	0	-0.809303	-0.587391	0	None	None
ChainingRodShaped	1302	3.44143	0.5	-14.8141	27.2428	0	-0.852118	-0.523349	0	None	None
ChainingRodShaped	2026	2.65192	0.5	-32.798	23.9834	0	-0.506167	-0.862436	0	None	None
ChainingRodShaped	825	4.86187	0.5	-50.8101	45.534	0	-0.407718	0.913108	0	None	None
ChainingRodShaped	1390	3.89683	0.5	46.0818	-4.90529	0	0.668202	-0.74398	0	1391	1419
ChainingRodShaped	1530	3.25757	0.5	-4.52888	34.0022	0	-0.60243	-0.798172	0	None	None
ChainingRodShaped	1700	2.86297	0.5	-22.06	52.9883	0	0.254075	-0.967185	0	None	None
ChainingRodShaped	2260	2.01607	0.5	-43.4025	53.1464	0	0.877368	-0.479817	0	None	None
ChainingRodShaped	1752	3.17	0.5	109.711	26.0347	0	0.0301156	0.999546	0	1753	834
ChainingRodShaped	1828	2.94895	0.5	-23.8192	-184.824	0	0.258977	0.965884	0	1829	2097
ChainingRodShaped	2070	2.26718	0.5	113.943	153.408	0	-0.931371	0.364072	0	2071	2057
ChainingRodShaped	1494	4.02873	0.5	75.3692	148.698	0	-0.925545	-0.378639	0	1495	1363
ChainingRodShaped	1960	2.47404	0.5	-16.453	-114.873	0	-0.708066	0.706146	0	1961	1429
ChainingRodShaped	1804	2.92232	0.5	-45.5266	13.5448	0	-0.983788	-0.179333	0	None	None
ChainingRodShaped	2040	2.4802	0.5	43.2984	-92.7176	0	0.868287	0.496063	0	2041	1369
ChainingRodShaped	849	4.85151	0.5	-19.9918	48.9551	0	-0.721836	0.692064	0	None	None
ChainingRodShaped	2084	2.36951	0.5	96.6036	155.316	0	-0.993345	-0.115178	0	2085	2143
ChainingRodShaped	2214	2.05411	0.5	-31.0378	40.1199	0	-0.987634	-0.156779	0	None	None
ChainingRodShaped	2216	2.06653	0.5	-51.4357	36.1816	0	-0.88752	-0.46077	0	None	None
ChainingRodShaped	1384	4.00576	0.5	19.508	173.685	0	-0.172657	0.984982	0	1385	1395
ChainingRodShaped	1654	3.23089	0.5	-12.502	45.083	0	0.889697	-0.456551	0	None	None
ChainingRodShaped	861	4.9026	0.5	-12.0999	35.899	0	-0.9751	-0.221766	0	None	None
ChainingRodShaped	1348	4.18202	0.5	23.5099	59.4988	0	0.879913	0.475136	0	1349	1355
ChainingRodShaped	865	4.95388	0.5	86.537	74.1212	0	-0.945949	0.324315	0	1848	1443
ChainingRodShaped	867	4.91472	0.5	-25.0405	75.4173	0	-0.658275	0.752777	0	1820	1885
ChainingRodShaped	2116	2.34084	0.5	-44.1551	23.7169	0	-0.65385	-0.756624	0	None	None
ChainingRodShaped	1540	3.32217	0.5	81.8529	-54.4711	0	0.34857	0.937283	0	1541	870
ChainingRodShaped	1586	3.92587	0.5	-16.9212	33.8388	0	-0.707795	0.706418	0	None	None
ChainingRodShaped	2196	2.08278	0.5	-69.9734	-99.8429	0	-0.900383	0.435097	0	2197	874
ChainingRodShaped	1536	3.93608	0.5	117.469	80.7379	0	0.764248	0.644922	0	1537	876
ChainingRodShaped	2088	2.29637	0.5	-26.1159	63.3642	0	-0.378917	0.925431	0	None	None
ChainingRodShaped	1514	3.5234	0.5	-17.7206	63.6986	0	-0.742299	0.670069	0	None	None
ChainingRodShaped	1904	2.43738	0.5	-40.3904	32.3216	0	-0.77023	-0.637766	0	None	None
ChainingRodShaped	885	4.50986	0.5	102.164	74.1761	0	0.993839	0.11083	0	1044	1689
ChainingRodShaped	1578	4.05703	0.5	-29.6901	62.1334	0	-0.349141	0.93707	0	None	None
ChainingRodShaped	1452	3.29827	0.5	-48.4865	17.5564	0	-0.996672	0.0815163	0	None	None
ChainingRodShaped	1424	4.22462	0.5	-12.1246	-36.008	0	0.905942	-0.423402	0	1425	1475
ChainingRodShaped	893	4.97007	0.5	1.73463	-69.8524	0	0.0261413	-0.999658	0	1230	892
ChainingRodShaped	895	4.86048	0.5	38.3754	62.57	0	0.987482	-0.15773	0	1354	894
ChainingRodShaped	897	4.1631	0.5	-51.9239	50.7289	0	-0.960391	0.278657	0	None	None
ChainingRodShaped	1850	3.22993	0.5	-29.4393	50.4537	0	-0.787514	0.616297	0	None	None
ChainingRodShaped	1690	3.71293	0.5	-28.37	19.2761	0	0.37789	-0.92585	0	None	None
ChainingRodShaped	1432	3.47479	0.5	-22.0769	15.6907	0	-0.867044	-0.498232	0	None	None
ChainingRodShaped	1722	2.88444	0.5	-28.0395	21.0385	0	0.398479	-0.917178	0	None	None
ChainingRodShaped	1464	3.86152	0.5	-26.5735	-31.9167	0	0.980617	-0.195934	0	1465	906
ChainingRodShaped	1866	3.01162	0.5	-54.7211	40.1934	0	-0.356247	-0.934392	0	None	None
ChainingRodShaped	911	4.20194	0.5	-38.3539	45.6072	0	-0.897491	0.441033	0	None	None
ChainingRodShaped	1806	2.8496	0.5	-54.961	7.04435	0	0.909487	0.415732	0	1807	1641
ChainingRodShaped	1744	3.3167	0.5	56.3942	81.5031	0	-0.995747	-0.092132	0	1745	1795
ChainingRodShaped	1772	2.88944	0.5	2.56397	142.325	0	0.899829	0.436242	0	1773	2239
ChainingRodShaped	1480	4.87699	0.5	-13.1261	47.5695	0	0.867629	-0.497211	0	None	None
ChainingRodShaped	1468	3.59317	0.5	-6.94554	51.2331	0	-0.976805	0.214132	0	None	None
ChainingRodShaped	923	4.26644	0.5	-31.0709	46.9799	0	-0.784452	0.620189	0	None	None
ChainingRodShaped	1504	4.55408	0.5	-24.2958	25.044	0	-0.976923	0.21359	0	None	None
ChainingRodShaped	1510	3.96569	0.5	17.9533	-96.2772	0	0.933914	-0.357497	0	1511	1997
ChainingRodShaped	929	4.54338	0.5	-12.0394	36.8795	0	-0.975825	-0.218555	0	None	None
ChainingRodShaped	931	4.64391	0.5	-11.6655	43.5373	0	-0.976374	0.216086	0	None	None
ChainingRodShaped	1786	3.02144	0.5	-12.9428	58.376	0	0.740087	-0.672511	0	None	None
ChainingRodShaped	1500	4.15269	0.5	-52.1129	27.8323	0	-0.985223	0.171276	0	None	None
ChainingRodShaped	2156	2.26256	0.5	-17.0695	52.704	0	0.625317	-0.780371	0	None	None
ChainingRodShaped	2188	2.10251	0.5	-24.1286	30.8079	0	-0.978502	0.206236	0	None	None
ChainingRodShaped	1656	2.77229	0.5	3.14318	55.0046	0	-0.995365	-0.096166	0	None	None
ChainingRodShaped	943	4.48507	0.5	-3.65513	43.9789	0	-0.723398	-0.690431	0	None	None
ChainingRodShaped	1490	3.58687	0.5	134.324	109.662	0	0.205311	0.978697	0	1491	944
ChainingRodShaped	1584	3.13149	0.5	51.0169	46.6168	0	-0.0822201	-0.996614	0	1585	2169
ChainingRodShaped	1650	3.65206	0.5	-27.0916	57.3609	0	-0.248241	0.968698	0	None	None
ChainingRodShaped	1920	3.07605	0.5	-5.73489	48.0624	0	0.994559	-0.10417	0	None	None
ChainingRodShaped	1836	2.744	0.5	-13.6444	37.5015	0	-0.974763	-0.223241	0	None	None
ChainingRodShaped	2046	2.42181	0.5	0.352357	53.8493	0	-0.999068	-0.0431633	0	None	None
ChainingRodShaped	957	4.05799	0.5	-38.4408	23.3835	0	-0.993964	-0.109702	0	None	None
ChainingRodShaped	1558	2.95766	0.5	100.44	221.713	0	0.991709	-0.128508	0	1559	2273
ChainingRodShaped	1620	3.2189	0.5	-6.59088	59.9556	0	-0.869335	0.494223	0	1621	1977
ChainingRodShaped	1580	2.88086	0.5	-44.0754	25.2685	0	-0.775939	-0.630807	0	None	None
ChainingRodShaped	1670	3.73838	0.5	38.4723	21.4588	0	-0.302911	-0.953019	0	1671	1611
ChainingRodShaped	1824	2.49899	0.5	-19.6646	41.507	0	-0.803851	0.594831	0	None	None
ChainingRodShaped	1774	2.63284	0.5	-27.6544	70.6166	0	-0.869292	0.494298	0	None	None
ChainingRodShaped	2200	2.13349	0.5	-9.51591	-145.478	0	0.223536	0.974696	0	2201	1765
ChainingRodShaped	1506	3.00326	0.5	-35.0792	63.8633	0	-0.821484	0.570232	0	None	None
ChainingRodShaped	1660	3.40574	0.5	58.5532	-81.7828	0	0.767832	0.640651	0	1661	974
ChainingRodShaped	977	4.7371	0.5	-25.9696	66.3756	0	0.239204	-0.970969	0	None	None
ChainingRodShaped	1508	3.88732	0.5	-64.7708	-6.61789	0	0.0638699	0.997958	0	1509	1555
ChainingRodShaped	981	4.86183	0.5	58.3252	-16.3054	0	-0.853295	0.521428	0	814	1499
ChainingRodShaped	983	4.7882	0.5	-42.421	37.4649	0	-0.907068	-0.420985	0	None	None
ChainingRodShaped	1864	2.74928	0.5	-47.6077	16.0256	0	-0.911517	0.411263	0	None	None
ChainingRodShaped	1696	3.3993	0.5	-23.5833	22.6554	0	-0.943019	0.332739	0	None	None
ChainingRodShaped	1594	3.44869	0.5	4.86711	-84.8628	0	0.436794	-0.899562	0	1595	1717
ChainingRodShaped	1532	3.65148	0.5	-16.5102	127.764	0	0.693907	0.720064	0	1533	990
ChainingRodShaped	993	4.95573	0.5	-11.8201	27.0663	0	-0.610607	-0.791934	0	None	None
ChainingRodShaped	995	4.99415	0.5	-54.377	25.6563	0	-0.731876	0.681438	0	None	None
ChainingRodShaped	1740	2.69525	0.5	-33.4217	59.9868	0	-0.610466	0.792043	0	None	None
ChainingRodShaped	999	3.97879	0.5	61.3232	87.2873	0	0.700429	-0.713722	0	1216	1659
ChainingRodShaped	1001	4.76467	0.5	-43.3516	43.958	0	-0.990944	-0.134275	0	None	None
ChainingRodShaped	1606	2.78264	0.5	22.2873	145.708	0	0.994533	-0.104422	0	1607	1713
ChainingRodShaped	1005	4.33491	0.5	-33.1107	46.2197	0	0.771905	-0.635738	0	None	None
ChainingRodShaped	1668	3.34907	0.5	107.432	7.47366	0	0.232636	0.972564	0	1669	1589
ChainingRodShaped	2134	2.27107	0.5	-54.7347	-103.634	0	-0.99422	0.107361	0	2135	1008
ChainingRodShaped	1826	2.4693	0.5	-7.99059	32.7876	0	-0.675075	-0.737749	0	None	None
ChainingRodShaped	2066	2.22119	0.5	5.17349	-12.6696	0	-0.260136	-0.965572	0	2067	1545
ChainingRodShaped	1015	4.60544	0.5	-15.6448	66.5149	0	-0.76717	0.641444	0	1976	1821
ChainingRodShaped	1017	4.20881	0.5	-41.634	53.2404	0	0.872518	-0.488581	0	None	None
ChainingRodShaped	1724	3.03503	0.5	-55.3237	21.2112	0	-0.747229	0.664567	0	None	None
ChainingRodShaped	1674	3.77158	0.5	176.262	250.739	0	0.874611	0.484826	0	1675	1020
ChainingRodShaped	1023	3.91517	0.5	-17.3444	30.0358	0	-0.172436	0.985021	0	None	None
ChainingRodShaped	1025	3.92096	0.5	-32.8862	64.6596	0	-0.829712	0.558192	0	None	None
ChainingRodShaped	1832	2.70377	0.5	-24.8167	39.1262	0	-0.987634	-0.156775	0	None	None
ChainingRodShaped	1029	4.75118	0.5	-41.4609	38.9657	0	-0.910508	-0.413492	0	None	None
ChainingRodShaped	1672	3.4525	0.5	-39.1635	55.1909	0	-0.882591	0.470142	0	None	None
ChainingRodShaped	1033	4.26637	0.5	100.783	-6.83978	0	0.619715	0.784827	0	1228	2051
ChainingRodShaped	1035	4.49816	0.5	124.676	88.4995	0	0.598347	0.801237	0	876	1034
ChainingRodShaped	2022	2.36912	0.5	-36.7836	32.1861	0	-0.884722	-0.46612	0	None	None
ChainingRodShaped	2110	2.41702	0.5	-79.8628	-28.2539	0	0.809846	0.586643	0	2111	1038
ChainingRodShaped	1980	2.49574	0.5	6.10526	50.7237	0	0.976098	0.217333	0	None	None
ChainingRodShaped	1043	4.78583	0.5	-43.4925	57.8197	0	-0.821016	0.570905	0	None	None
ChainingRodShaped	1045	4.05806	0.5	91.2974	74.4083	0	0.989159	-0.146849	0	1646	1044
ChainingRodShaped	1636	3.26713	0.5	18.9349	58.1006	0	-0.90567	-0.423983	0	1637	1801
ChainingRodShaped	2100	2.30276	0.5	8.01859	47.0394	0	0.649865	0.76005	0	2101	1048
ChainingRodShaped	1051	4.98202	0.5	-12.5003	48.2801	0	0.86561	-0.500719	0	None	None
ChainingRodShaped	2078	2.31334	0.5	-29.8327	44.7941	0	0.778206	-0.628009	0	None	None
ChainingRodShaped	1984	2.72683	0.5	-39.1672	9.75611	0	0.998996	0.0447957	0	1985	1677
ChainingRodShaped	1057	4.0987	0.5	-52.6546	37.7112	0	-0.881729	-0.471756	0	None	None
ChainingRodShaped	1896	3.12813	0.5	-25.779	44.3299	0	-0.847454	0.530869	0	None	None
ChainingRodShaped	2034	2.28685	0.5	-26.6881	62.2134	0	-0.353265	0.935523	0	None	None
ChainingRodShaped	1680	3.11205	0.5	-23.3123	11.973	0	0.959376	0.282131	0	1681	2235
ChainingRodShaped	1766	2.91842	0.5	-50.3407	23.0027	0	-0.909475	0.415759	0	None	None
ChainingRodShaped	1067	4.89582	0.5	-38.9625	36.9646	0	-0.550101	-0.835098	0	None	None
ChainingRodShaped	1704	2.93685	0.5	38.6421	145.768	0	-0.881858	0.471516	0	1705	1068
ChainingRodShaped	1071	4.48308	0.5	-36.9199	25.1814	0	-0.909828	-0.414987	0	None	None
ChainingRodShaped	2098	2.28054	0.5	32.0311	-97.2691	0	0.972216	0.234084	0	2099	1072
ChainingRodShaped	1630	2.89477	0.5	5.01704	45.1529	0	-0.693979	-0.719996	0	None	None
ChainingRodShaped	2014	2.399	0.5	69.04	79.9721	0	-0.960504	0.278267	0	2015	1076
ChainingRodShaped	2144	2.31273	0.5	-5.11453	51.9549	0	-0.994338	0.106261	0	None	None
ChainingRodShaped	1642	3.23545	0.5	-37.6754	37.2002	0	-0.557286	-0.830321	0	None	None
ChainingRodShaped	2030	2.36267	0.5	-56.3099	32.1287	0	-0.998499	0.0547704	0	None	None
ChainingRodShaped	1846	2.76799	0.5	-29.1991	108.955	0	0.368111	0.929782	0	1847	1731
ChainingRodShaped	1087	4.94825	0.5	34.1518	141.496	0	0.856804	-0.515643	0	1712	1086
ChainingRodShaped	1932	2.47931	0.5	3.13663	44.6084	0	-0.293123	-0.956075	0	None	None
ChainingRodShaped	2250	2.03467	0.5	0.186538	45.2922	0	-0.594647	-0.803987	0	None	None
ChainingRodShaped	2162	2.15012	0.5	-45.0812	35.1151	0	-0.887968	-0.459905	0	None	None
ChainingRodShaped	2190	2.12576	0.5	-32.2192	41.0169	0	-0.999934	-0.0114799	0	None	None
ChainingRodShaped	1097	4.89767	0.5	-34.7409	27.7712	0	-0.844861	-0.534985	0	None	None
ChainingRodShaped	2228	2.08266	0.5	-38.336	44.5569	0	-0.901849	0.432051	0	None	None
ChainingRodShaped	2108	2.22645	0.5	-44.5796	51.2858	0	0.983476	-0.181036	0	None	None
ChainingRodShaped	1946	2.91148	0.5	9.68682	2.547	0	-0.452409	-0.891811	0	1947	1737
ChainingRodShaped	1742	3.24838	0.5	-38.1394	47.5865	0	0.888489	-0.458897	0	None	None
ChainingRodShaped	1107	3.74166	0.5	-22.6064	64.4804	0	-0.965214	0.261461	0	None	None
ChainingRodShaped	1109	4.24702	0.5	-33.4911	43.994	0	-0.990695	0.136104	0	None	None
ChainingRodShaped	1784	3.34541	0.5	60.0151	-16.2056	0	0.868082	-0.496421	0	1785	1729
ChainingRodShaped	1968	2.30715	0.5	45.7783	34.3911	0	-0.574474	-0.818523	0	1969	2013
ChainingRodShaped	1812	2.76477	0.5	-43.37	-104.395	0	-0.997706	0.0676955	0	1813	1114
ChainingRodShaped	2202	2.12198	0.5	-0.00739558	-47.5048	0	0.399252	-0.916841	0	2203	2193
ChainingRodShaped	1790	2.87586	0.5	-2.61872	30.4224	0	0.507042	0.861921	0	1791	1118
ChainingRodShaped	1121	4.31885	0.5	-4.15581	41.4016	0	-0.510516	-0.859868	0	None	None
ChainingRodShaped	1802	3.32268	0.5	-37.9252	53.341	0	-0.858352	0.513062	0	None	None
ChainingRodShaped	2164	2.16943	0.5	37.1107	71.3028	0	-0.73788	-0.674931	0	2165	2055
ChainingRodShaped	2122	2.40852	0.5	-49.3406	25.9595	0	-0.874967	0.484183	0	None	None
ChainingRodShaped	1129	3.84667	0.5	73.4443	227.74	0	0.980468	-0.196677	0	1180	2141
ChainingRodShaped	1131	4.4532	0.5	-13.8224	54.9858	0	-0.968782	0.247914	0	None	None
ChainingRodShaped	1788	3.50858	0.5	137.798	228.655	0	0.887041	0.46169	0	1789	1941
ChainingRodShaped	1998	2.79119	0.5	-10.6337	40.1766	0	-0.999602	-0.0282128	0	None	None
ChainingRodShaped	2004	2.59604	0.5	83.7509	-42.0233	0	-0.118483	0.992956	0	2005	1757
ChainingRodShaped	2170	2.21641	0.5	-22.4704	26.3124	0	-0.860438	0.509556	0	None	None
ChainingRodShaped	1760	3.17775	0.5	-33.3374	41.9308	0	-0.999999	-0.00148996	0	None	None
ChainingRodShaped	1956	2.91764	0.5	-24.3527	28.9347	0	-0.974184	0.225756	0	None	None
ChainingRodShaped	2230	2.06103	0.5	86.1646	224.577	0	0.966602	-0.256283	0	2231	2183
ChainingRodShaped	1147	3.62072	0.5	-27.4185	61.4533	0	-0.343882	0.939013	0	None	None
ChainingRodShaped	1770	2.67059	0.5	-24.6412	36.2664	0	-0.990383	-0.138351	0	None	None
ChainingRodShaped	1874	2.68544	0.5	-24.8874	31.942	0	-0.976779	0.214249	0	None	None
ChainingRodShaped	2270	2.0023	0.5	-29.484	19.4435	0	0.381833	-0.924231	0	None	None
ChainingRodShaped	1155	3.80301	0.5	134.101	130.799	0	-0.286343	0.958127	0	2118	1909
ChainingRodShaped	2240	2.04882	0.5	-86.4378	-85.9847	0	-0.548905	0.835885	0	2241	1156
ChainingRodShaped	2000	2.82281	0.5	-12.014	18.2764	0	0.740266	0.672314	0	2001	1899
ChainingRodShaped	2256	2.0278	0.5	-45.2824	41.7754	0	-0.992685	-0.120729	0	None	None
ChainingRodShaped	2024	2.6213	0.5	-30.4411	-219.204	0	0.160029	0.987112	0	2025	1783
ChainingRodShaped	1890	2.95261	0.5	-13.9837	20.1736	0	-0.63334	-0.773873	0	None	None
ChainingRodShaped	1167	4.92934	0.5	111.068	221.248	0	0.999506	0.0314177	0	2272	2075
ChainingRodShaped	1169	4.15681	0.5	-9.91403	58.188	0	-0.727347	0.68627	0	None	None
ChainingRodShaped	1171	3.68453	0.5	97.2805	68.7456	0	-0.799441	0.600745	0	2208	1849
ChainingRodShaped	1173	4.5593	0.5	-59.5759	-23.2579	0	0.996139	-0.087786	0	1478	1943
ChainingRodShaped	1910	2.76042	0.5	74.7061	79.0895	0	0.939874	-0.341521	0	1911	1174
ChainingRodShaped	1177	4.59109	0.5	-21.9552	37.6185	0	-0.990215	-0.139551	0	None	None
ChainingRodShaped	1179	4.79679	0.5	-33.3262	12.3147	0	-0.991533	-0.129854	0	None	None
ChainingRodShaped	2210	2.06432	0.5	64.4158	229.058	0	0.99772	-0.0674828	0	2211	1180
ChainingRodShaped	1183	4.92105	0.5	6.90055	55.8591	0	-0.99709	0.0762348	0	1800	1182
ChainingRodShaped	2058	2.37032	0.5	-21.4521	31.8449	0	-0.999151	-0.0412052	0	None	None
ChainingRodShaped	1778	3.2036	0.5	-27.2873	21.6765	0	0.407647	-0.91314	0	None	None
ChainingRodShaped	1189	4.86483	0.5	-8.80726	134.827	0	0.774261	0.632866	0	990	1188
ChainingRodShaped	1191	3.6393	0.5	-31.8151	15.338	0	-0.813599	-0.581426	0	None	None
ChainingRodShaped	1193	3.80035	0.5	-27.8306	52.882	0	-0.895962	0.44413	0	None	None
ChainingRodShaped	1195	4.08051	0.5	-21.2604	43.7158	0	-0.844697	0.535245	0	None	None
ChainingRodShaped	1844	3.2535	0.5	-15.0794	59.0447	0	0.715668	-0.69844	0	None	None
ChainingRodShaped	1199	3.69145	0.5	-29.6333	34.6403	0	-0.991379	-0.131028	0	None	None
ChainingRodShaped	2044	2.46122	0.5	29.7294	9.88611	0	-0.941739	0.336346	0	2045	1200
ChainingRodShaped	1203	4.73591	0.5	148.333	234.63	0	0.85885	0.512227	0	1940	1799
ChainingRodShaped	1205	4.28899	0.5	-46.9591	27.9695	0	-0.87626	0.481838	0	None	None
ChainingRodShaped	1972	2.71022	0.5	-45.4359	42.7323	0	-0.992514	-0.122132	0	None	None
ChainingRodShaped	1862	2.65953	0.5	-0.280676	43.3569	0	-0.77052	-0.637415	0	None	None
ChainingRodShaped	1211	3.7097	0.5	-21.9805	34.7588	0	-0.98722	-0.159365	0	None	None
ChainingRodShaped	2244	2.05611	0.5	-19.6265	44.9193	0	-0.845693	0.533669	0	None	None
ChainingRodShaped	1215	4.2954	0.5	72.6558	-20.3002	0	0.995946	-0.0899537	0	1728	1214
ChainingRodShaped	1217	4.19309	0.5	55.3951	95.6667	0	0.447858	-0.894105	0	1702	1216
ChainingRodShaped	2226	2.04777	0.5	-1.05097	49.9617	0	0.99961	0.0279408	0	None	None
ChainingRodShaped	1221	3.90992	0.5	-10.8431	31.5438	0	-0.602726	-0.797948	0	None	None
ChainingRodShaped	1894	3.05364	0.5	-4.46155	54.8084	0	-0.999296	0.0375048	0	None	None
ChainingRodShaped	1225	4.60714	0.5	-9.03898	55.8136	0	-0.977497	0.210947	0	None	None
ChainingRodShaped	2262	2.00918	0.5	-22.3931	67.4802	0	-0.959585	0.281419	0	None	None
ChainingRodShaped	2274	2.0017	0.5	94.0708	-13.7761	0	0.780231	0.625491	0	2275	1228
ChainingRodShaped	1902	2.73223	0.5	1.8057	-60.2754	0	-0.0178363	-0.999841	0	1903	1230
ChainingRodShaped	1233	4.18035	0.5	-42.3143	62.6196	0	-0.995007	-0.0998098	0	None	None
ChainingRodShaped	2120	2.22015	0.5	39.8196	1.53489	0	-0.605223	0.796056	0	2121	2093
ChainingRodShaped	1840	3.27032	0.5	-56.6069	49.0412	0	-0.957346	0.288945	0	None	None
ChainingRodShaped	1239	4.66354	0.5	-46.4296	20.4164	0	-0.742588	0.669748	0	None	None
ChainingRodShaped	1241	4.80686	0.5	82.7047	-19.309	0	0.96234	0.27185	0	1214	1240
ChainingRodShaped	1243	3.55476	0.5	79.1433	-31.3071	0	-0.618094	0.786104	0	1756	1242
ChainingRodShaped	1245	4.20132	0.5	-27.8806	32.969	0	-0.992395	-0.123097	0	None	None
ChainingRodShaped	1247	3.95802	0.5	-24.1514	50.0201	0	-0.813421	0.581676	0	None	None
ChainingRodShaped	2254	2.02671	0.5	-23.987	29.8147	0	-0.976388	0.216026	0	None	None
ChainingRodShaped	1251	3.75727	0.5	-17.4026	40.829	0	-0.709928	0.704274	0	None	None
ChainingRodShaped	2106	2.36139	0.5	-31.8305	88.6221	0	-0.162639	0.986686	0	2107	1252
ChainingRodShaped	1255	4.04809	0.5	-90.3384	-78.2504	0	-0.370788	0.928717	0	1156	1901
ChainingRodShaped	2102	2.29174	0.5	-34.7368	71.8243	0	-0.935392	0.353613	0	None	None
ChainingRodShaped	1259	3.38351	0.5	-27.7769	46.827	0	-0.807658	0.589652	0	None	None
ChainingRodShaped	1261	3.88651	0.5	-52.2468	-23.2562	0	-0.913249	0.407403	0	1538	1260
ChainingRodShaped	1263	4.70176	0.5	-14.0984	54.1063	0	-0.968478	0.2491	0	None	None
ChainingRodShaped	1265	4.79481	0.5	-20.8742	19.9095	0	-0.800497	0.599337	0	None	None
ChainingRodShaped	1267	4.0695	0.5	128.639	141.767	0	-0.588294	0.808647	0	1908	1925
ChainingRodShaped	1269	3.58431	0.5	-49.0127	58.3998	0	-0.884061	0.467372	0	None	None
ChainingRodShaped	1271	3.76551	0.5	20.3843	10.6945	0	-0.988692	-0.149957	0	1200	2177
ChainingRodShaped	1273	4.45494	0.5	-9.91384	39.2537	0	-0.99927	-0.0382083	0	None	None
ChainingRodShaped	1275	3.94874	0.5	129.893	96.9853	0	0.443445	0.896301	0	1034	1274
ChainingRodShaped	1948	2.52962	0.5	59.2913	143.191	0	-0.978806	-0.20479	0	1949	2043
ChainingRodShaped	1279	4.12383	0.5	-12.8885	22.8357	0	-0.723303	-0.69053	0	None	None
ChainingRodShaped	1978	2.39861	0.5	-45.4354	55.2209	0	0.920414	-0.390946	0	None	None
ChainingRodShaped	1283	4.86482	0.5	123.295	222.973	0	0.968024	0.250856	0	2074	2029
ChainingRodShaped	2048	2.25067	0.5	-29.8126	69.4488	0	-0.9862	0.165557	0	None	None
ChainingRodShaped	1287	4.72078	0.5	-32.3617	28.1626	0	-0.85017	-0.526508	0	None	None
ChainingRodShaped	2166	2.2704	0.5	-93.2909	-55.1562	0	0.136606	0.990626	0	2167	1288
ChainingRodShaped	1291	4.95827	0.5	-33.3706	53.6269	0	-0.776904	0.629619	0	None	None
ChainingRodShaped	2008	2.75638	0.5	-49.0312	49.0196	0	0.987962	-0.154698	0	None	None
ChainingRodShaped	2090	2.29266	0.5	-13.481	23.7445	0	-0.780177	-0.625559	0	None	None
ChainingRodShaped	1958	2.3337	0.5	22.4208	201.687	0	0.376184	0.926545	0	1959	2125
ChainingRodShaped	2086	2.35009	0.5	-51.8284	34.8903	0	-0.886184	-0.463333	0	None	None
ChainingRodShaped	2212	2.13152	0.5	-47.6615	29.5334	0	-0.841297	0.540574	0	None	None
ChainingRodShaped	1303	3.91148	0.5	-8.26056	31.1013	0	-0.749455	-0.662056	0	None	None
ChainingRodShaped	1305	4.80954	0.5	104.252	60.3436	0	-0.463697	0.885994	0	1682	2209
ChainingRodShaped	1307	3.73994	0.5	-36.0835	28.0528	0	-0.848512	-0.529176	0	None	None
ChainingRodShaped	1309	4.36428	0.5	-20.4609	-174.255	0	0.340782	0.940143	0	2096	2155
ChainingRodShaped	2146	2.24917	0.5	-54.4699	53.3374	0	0.166494	-0.986042	0	None	None
ChainingRodShaped	2016	2.68884	0.5	-28.6304	50.9814	0	-0.793644	0.608382	0	None	None
ChainingRodShaped	1315	3.81727	0.5	135.527	119.908	0	0.0254956	0.999675	0	944	2119
ChainingRodShaped	1317	4.84614	0.5	-39.1539	29.6011	0	-0.861214	-0.508243	0	None	None
ChainingRodShaped	2264	2.01398	0.5	-32.6985	-29.5763	0	-0.969414	0.245433	0	2265	2175
ChainingRodShaped	2186	2.15823	0.5	-57.4354	35.8546	0	-0.927386	0.374105	0	None	None
ChainingRodShaped	1323	3.45796	0.5	-30.044	18.2706	0	0.384664	-0.923057	0	None	None
ChainingRodShaped	1325	3.81365	0.5	-19.5879	51.137	0	0.708499	-0.705711	0	None	None
ChainingRodShaped	2158	2.16354	0.5	-48.9521	47.0061	0	-0.991181	0.132513	0	None	None
ChainingRodShaped	1329	3.44433	0.5	-34.4169	36.9135	0	-0.835441	-0.549581	0	None	None
ChainingRodShaped	1331	4.26888	0.5	-59.1489	28.7254	0	-0.480683	0.876894	0	None	None
ChainingRodShaped	1333	4.60672	0.5	-10.9249	33.4577	0	-0.853571	-0.520977	0	None	None
ChainingRodShaped	1335	3.66963	0.5	-16.3561	-163.875	0	0.390002	0.920814	0	2154	1334
ChainingRodShaped	1337	4.50417	0.5	-13.3273	55.8086	0	-0.969907	0.243476	0	None	None
ChainingRodShaped	1339	4.5382	0.5	-5.71762	30.1112	0	-0.445444	-0.89531	0	None	None
ChainingRodShaped	1341	4.66897	0.5	73.5961	-67.5038	0	0.66829	0.743901	0	1376	2133
ChainingRodShaped	1343	4.00459	0.5	-46.9772	49.706	0	0.989052	-0.14757	0	None	None
ChainingRodShaped	1345	3.82426	0.5	-10.3084	-125.371	0	-0.317326	0.948316	0	1552	1344
ChainingRodShaped	1347	3.44061	0.5	120.155	150.06	0	-0.826425	0.563047	0	1924	2071
ChainingRodShaped	1349	3.45178	0.5	19.4121	57.113	0	0.844985	0.53479	0	2266	1348
ChainingRodShaped	2056	2.26118	0.5	107.741	155.087	0	-0.98752	0.157496	0	2057	1350
ChainingRodShaped	1353	4.25089	0.5	-0.422982	36.8044	0	-0.369352	-0.92929	0	None	None
ChainingRodShaped	1355	4.04374	0.5	28.0955	61.5589	0	0.94079	0.338989	0	1348	1354
ChainingRodShaped	1357	4.99903	0.5	-54.3716	49.4061	0	-0.959733	0.280913	0	None	None
ChainingRodShaped	2104	2.31993	0.5	-38.847	27.5607	0	-0.871811	-0.489843	0	None	None
ChainingRodShaped	1361	4.10601	0.5	-47.5076	44.8709	0	-0.993624	0.112745	0	None	None
ChainingRodShaped	1363	3.87795	0.5	70.836	146.879	0	-0.930752	-0.365652	0	1494	1362
ChainingRodShaped	2112	2.28085	0.5	-47.664	53.7479	0	0.988731	-0.149706	0	None	None
ChainingRodShaped	1367	4.42489	0.5	-37.9369	68.1926	0	-0.638845	-0.769335	0	None	None
ChainingRodShaped	1369	4.39305	0.5	47.009	-90.3994	0	0.834613	0.550837	0	2040	1368
ChainingRodShaped	1371	4.45228	0.5	-44.9365	11.3022	0	0.93529	0.353883	0	None	None
ChainingRodShaped	2232	2.06721	0.5	-52.1432	42.3564	0	0.1613	0.986905	0	None	None
ChainingRodShaped	1375	3.29541	0.5	-21.8479	-31.7444	0	-0.992993	0.118177	0	1412	1374
ChainingRodShaped	1377	4.47579	0.5	66.1319	-75.0734	0	0.730465	0.68295	0	974	1376
ChainingRodShaped	2178	2.22983	0.5	-50.4434	57.2531	0	0.983717	0.179723	0	None	None
ChainingRodShaped	2150	2.32304	0.5	-19.8354	53.1104	0	0.516446	-0.85632	0	None	None
ChainingRodShaped	1383	4.81702	0.5	-28.7153	-107.361	0	-0.934507	0.355944	0	1428	2137
ChainingRodShaped	1385	4.1242	0.5	20.6553	168.834	0	-0.285578	0.958355	0	1486	1384
ChainingRodShaped	1387	3.80388	0.5	-26.642	-197.252	0	0.191739	0.981446	0	1566	1386
ChainingRodShaped	1389	4.54183	0.5	-32.6839	22.2431	0	-0.497516	-0.867455	0	None	None
ChainingRodShaped	1391	4.57187	0.5	42.8382	-0.913917	0	0.596197	-0.802838	0	1436	1390
ChainingRodShaped	1393	3.38169	0.5	-2.35594	37.5544	0	-0.263319	-0.964709	0	None	None
ChainingRodShaped	1395	4.684	0.5	18.901	178.915	0	-0.0646777	0.997906	0	1384	1394
ChainingRodShaped	1397	4.72925	0.5	-87.9977	-38.5182	0	0.473969	0.880541	0	1992	1396
ChainingRodShaped	2194	2.08543	0.5	-19.069	63.6612	0	-0.739777	0.672852	0	None	None
ChainingRodShaped	1401	4.86881	0.5	-15.6659	65.3785	0	-0.758217	0.652002	0	None	None
ChainingRodShaped	1403	4.87825	0.5	-32.2989	18.8796	0	-0.45851	-0.888689	0	None	None
ChainingRodShaped	1405	3.84691	0.5	-47.9127	-25.956	0	0.946409	-0.32297	0	1942	1404
ChainingRodShaped	1407	3.9036	0.5	-55.02	46.524	0	0.686394	-0.72723	0	None	None
ChainingRodShaped	1409	3.45405	0.5	-37.5705	20.0736	0	-0.568687	-0.822554	0	None	None
ChainingRodShaped	1411	4.26684	0.5	5.16159	53.4216	0	-0.975718	-0.219029	0	None	None
ChainingRodShaped	1413	4.93396	0.5	-11.9535	-31.3331	0	-0.979471	-0.201585	0	1732	1412
ChainingRodShaped	1415	3.14952	0.5	-20.8787	47.03	0	-0.771804	0.63586	0	None	None
ChainingRodShaped	1417	3.33146	0.5	-26.6411	17.2912	0	0.159673	-0.98717	0	None	None
ChainingRodShaped	1419	3.63345	0.5	49.347	-8.2516	0	0.728943	-0.684574	0	1390	1418
ChainingRodShaped	1421	3.64415	0.5	-63.5192	-102.085	0	-0.970033	0.242975	0	1008	2197
ChainingRodShaped	1423	3.46958	0.5	-17.7634	26.9401	0	-0.182001	0.983298	0	None	None
ChainingRodShaped	1425	3.71886	0.5	-16.6496	-34.2387	0	0.954755	-0.297394	0	906	1424
ChainingRodShaped	1427	3.21732	0.5	-11.1379	52.359	0	-0.964363	0.264582	0	None	None
ChainingRodShaped	1429	4.32971	0.5	-19.7778	-112.127	0	-0.808111	0.58903	0	1960	1428
ChainingRodShaped	1431	3.54353	0.5	-7.24875	43.4638	0	-0.801988	-0.597341	0	None	None
ChainingRodShaped	1433	3.50585	0.5	-20.1643	15.629	0	-0.872045	-0.489425	0	None	None
ChainingRodShaped	1435	4.38966	0.5	31.0641	215.193	0	0.649528	0.760337	0	786	2207
ChainingRodShaped	1437	3.91196	0.5	38.4414	7.35605	0	0.302911	-0.953019	0	1610	1436
ChainingRodShaped	1439	3.65987	0.5	-14.355	51.6395	0	0.833268	-0.552869	0	None	None
ChainingRodShaped	2238	2.04938	0.5	8.49923	144.559	0	0.968315	0.249731	0	2239	1440
ChainingRodShaped	1443	4.70051	0.5	81.1253	75.9269	0	-0.951063	0.308997	0	865	1442
ChainingRodShaped	1445	3.44285	0.5	-32.1356	16.6547	0	-0.700953	-0.713207	0	None	None
ChainingRodShaped	1447	3.82369	0.5	-43.0159	45.9096	0	-0.991314	-0.131518	0	None	None
ChainingRodShaped	1449	4.21517	0.5	-36.0769	20.5566	0	-0.568096	-0.822962	0	None	None
ChainingRodShaped	1451	3.71636	0.5	31.0607	151.326	0	-0.722698	0.691164	0	1068	1450
ChainingRodShaped	1453	4.68704	0.5	-44.4606	17.871	0	-0.825208	-0.564829	0	None	None
ChainingRodShaped	1455	4.47883	0.5	-25.1555	12.9184	0	-0.921133	-0.389248	0	None	None
ChainingRodShaped	1457	3.50142	0.5	48.9983	120.398	0	0.236875	-0.97154	0	1628	1456
ChainingRodShaped	1459	4.34991	0.5	-51.848	37.0535	0	-0.884241	-0.467031	0	None	None
ChainingRodShaped	1461	3.98231	0.5	19.2016	188.731	0	0.129452	0.991586	0	1394	1460
ChainingRodShaped	1463	3.68284	0.5	-44.744	34.2044	0	-0.885742	-0.464177	0	None	None
ChainingRodShaped	1465	3.69566	0.5	-31.1468	-30.9429	0	0.97516	-0.221503	0	1876	1464
ChainingRodShaped	1467	3.13205	0.5	-3.36097	55.7286	0	-0.998872	0.0474934	0	None	None
ChainingRodShaped	1469	4.71711	0.5	-1.88167	50.896	0	-0.999809	-0.0195259	0	None	None
ChainingRodShaped	1471	3.14074	0.5	-47.7995	20.3761	0	-0.742623	0.669709	0	None	None
ChainingRodShaped	1473	3.5855	0.5	6.62756	52.7828	0	-0.97647	-0.215653	0	None	None
ChainingRodShaped	1475	3.52019	0.5	-7.99194	-38.3558	0	0.82008	-0.572249	0	1424	1474
ChainingRodShaped	1477	4.39261	0.5	-54.0022	23.9927	0	-0.737739	0.675086	0	None	None
ChainingRodShaped	1479	4.56321	0.5	-70.7335	-24.131	0	0.967294	0.253658	0	1038	1478
ChainingRodShaped	1481	3.42479	0.5	-17.3546	50.2481	0	0.709029	-0.70518	0	None	None
ChainingRodShaped	1483	3.5576	0.5	-8.40489	45.5635	0	0.955968	-0.293472	0	None	None
ChainingRodShaped	1485	3.77971	0.5	-15.3345	40.032	0	-0.346869	0.937914	0	None	None
ChainingRodShaped	1487	4.1477	0.5	24.9549	159.03	0	-0.514105	0.857727	0	1450	1486
ChainingRodShaped	1489	4.60665	0.5	-78.1643	-94.5604	0	-0.785585	0.618754	0	874	1488
ChainingRodShaped	1491	3.25088	0.5	133.256	105.438	0	0.287497	0.957782	0	1274	1490
ChainingRodShaped	1493	4.19588	0.5	-41.6291	40.0101	0	-0.897959	-0.44008	0	None	None
ChainingRodShaped	1495	3.25828	0.5	79.6189	150.419	0	-0.92857	-0.371156	0	1598	1494
ChainingRodShaped	1497	3.06193	0.5	-26.2746	21.7366	0	0.416759	-0.909017	0	None	None
ChainingRodShaped	1499	4.52026	0.5	53.6742	-13.176	0	-0.802659	0.596438	0	981	1498
ChainingRodShaped	1501	3.90197	0.5	-47.4896	26.0796	0	-0.878892	0.477021	0	None	None
ChainingRodShaped	1503	3.73138	0.5	53.3403	228.191	0	0.980168	0.198168	0	1644	1502
ChainingRodShaped	1505	4.12599	0.5	-19.6921	22.6787	0	-0.809429	0.587218	0	None	None
ChainingRodShaped	1507	3.62497	0.5	-31.5487	61.4405	0	-0.828848	0.559473	0	None	None
ChainingRodShaped	1509	3.20187	0.5	-64.4412	-11.0349	0	-0.233627	0.972326	0	1950	1508
ChainingRodShaped	1511	4.46037	0.5	13.3572	-94.0007	0	0.854758	-0.519026	0	1716	1510
ChainingRodShaped	1513	4.16174	0.5	-47.6154	18.4673	0	-0.996192	0.0871904	0	None	None
ChainingRodShaped	1515	2.96733	0.5	-16.2471	64.7575	0	-0.751654	0.659558	0	None	None
ChainingRodShaped	1517	4.46625	0.5	-39.6799	20.7351	0	-0.648297	-0.761388	0	None	None
ChainingRodShaped	1519	4.71555	0.5	-11.6444	35.0264	0	-0.974702	-0.223508	0	None	None
ChainingRodShaped	1521	3.38016	0.5	164.251	243.995	0	0.867886	0.496764	0	759	1520
ChainingRodShaped	1523	3.30804	0.5	-37.9417	21.2189	0	-0.576886	-0.816825	0	None	None
ChainingRodShaped	1525	3.40322	0.5	-39.3645	38.0755	0	-0.547893	-0.836548	0	None	None
ChainingRodShaped	1527	3.52058	0.5	-51.6305	51.659	0	0.959731	-0.28092	0	None	None
ChainingRodShaped	1529	3.72919	0.5	-24.8337	53.3993	0	-0.589441	0.807811	0	None	None
ChainingRodShaped	1531	3.09195	0.5	-3.10242	34.0914	0	-0.654912	-0.755705	0	None	None
ChainingRodShaped	1533	4.18475	0.5	-19.7589	124.184	0	0.651819	0.758375	0	2006	1532
ChainingRodShaped	1535	3.11797	0.5	-34.8924	68.6814	0	-0.361655	-0.932312	0	None	None
ChainingRodShaped	1537	3.00352	0.5	113.948	78.1185	0	0.845588	0.533836	0	1688	1536
ChainingRodShaped	1539	4.4868	0.5	-42.6453	-26.722	0	-0.953812	0.300404	0	2174	1538
ChainingRodShaped	1541	3.22687	0.5	80.1595	-58.3185	0	0.45655	0.889698	0	2132	1540
ChainingRodShaped	1543	3.64837	0.5	-53.0981	30.0752	0	-0.999397	0.0347293	0	None	None
ChainingRodShaped	1545	3.23417	0.5	4.05869	-16.1472	0	-0.340325	-0.940308	0	2066	1544
ChainingRodShaped	1547	3.53185	0.5	-19.7089	21.489	0	-0.803605	0.595163	0	None	None
ChainingRodShaped	1549	3.84256	0.5	-50.4016	63.0038	0	-0.967283	-0.253699	0	None	None
ChainingRodShaped	1551	3.56572	0.5	-4.76456	38.5639	0	-0.584947	-0.811071	0	None	None
ChainingRodShaped	1553	3.48392	0.5	-8.58136	-134.293	0	-0.0614097	0.998113	0	1764	1552
ChainingRodShaped	1555	3.30482	0.5	-63.8596	-2.23233	0	0.357148	0.934048	0	1508	1554
ChainingRodShaped	1557	3.73329	0.5	-57.6988	24.377	0	-0.830985	0.556294	0	None	None
ChainingRodShaped	1559	4.11006	0.5	96.0618	222.392	0	0.985064	-0.172187	0	2182	1558
ChainingRodShaped	1561	4.48574	0.5	-43.798	63.4588	0	-0.995393	-0.0958804	0	None	None
ChainingRodShaped	1563	3.75703	0.5	-23.2544	20.2088	0	-0.49584	0.868414	0	None	None
ChainingRodShaped	1565	2.87821	0.5	-50.8022	20.812	0	-0.481185	0.876619	0	None	None
ChainingRodShaped	1567	4.36686	0.5	-28.4733	-207.334	0	0.16884	0.985643	0	1782	1566
ChainingRodShaped	1569	4.33038	0.5	109.619	36.0455	0	-0.0455983	0.99896	0	834	1568
ChainingRodShaped	1571	4.3409	0.5	-42.4435	58.2478	0	-0.822411	0.568894	0	None	None
ChainingRodShaped	1573	4.16502	0.5	-22.8084	59.4361	0	0.249204	-0.968451	0	None	None
ChainingRodShaped	1575	3.02061	0.5	-59.1447	30.8372	0	-0.579016	0.815316	0	None	None
ChainingRodShaped	1577	3.48237	0.5	-35.8406	16.2874	0	-0.889032	-0.457845	0	None	None
ChainingRodShaped	1579	3.57579	0.5	-28.1157	57.6368	0	-0.246038	0.96926	0	None	None
ChainingRodShaped	1581	3.69697	0.5	-40.6107	27.6663	0	-0.866257	-0.499598	0	None	None
ChainingRodShaped	1583	3.90834	0.5	-5.98497	27.4504	0	-0.669279	-0.743011	0	None	None
ChainingRodShaped	1585	3.33508	0.5	50.8326	50.75	0	0.165653	-0.986184	0	1720	1584
ChainingRodShaped	1587	3.09525	0.5	-13.2415	33.5057	0	-0.940244	-0.3405	0	None	None
ChainingRodShaped	1589	4.34948	0.5	108.358	12.1407	0	0.163956	0.986468	0	1668	1588
ChainingRodShaped	1591	2.9439	0.5	-20.9191	35.882	0	-0.988764	-0.149485	0	None	None
ChainingRodShaped	1593	3.93058	0.5	-17.1869	44.5093	0	-0.848058	0.529903	0	None	None
ChainingRodShaped	1595	4.25933	0.5	3.20023	-80.3993	0	0.274396	-0.961617	0	892	1594
ChainingRodShaped	1597	4.06499	0.5	-35.0626	50.1805	0	-0.795935	0.605382	0	None	None
ChainingRodShaped	1599	2.81013	0.5	87.0389	153.142	0	-0.951409	-0.30793	0	2142	1598
ChainingRodShaped	1601	3.77482	0.5	-8.81417	47.7064	0	0.953947	-0.299975	0	None	None
ChainingRodShaped	1603	2.79218	0.5	-32.0494	97.2641	0	0.0947438	0.995502	0	1252	1602
ChainingRodShaped	1605	3.14641	0.5	-24.395	61.5891	0	0.288238	-0.957559	0	None	None
ChainingRodShaped	1607	3.80619	0.5	18.0774	145.839	0	0.999645	0.0266378	0	1440	1606
ChainingRodShaped	1609	3.0008	0.5	-35.4589	40.0457	0	-0.880155	0.474686	0	None	None
ChainingRodShaped	1611	3.74287	0.5	37.4972	16.9298	0	-0.115611	-0.993295	0	1670	1610
ChainingRodShaped	1613	3.48609	0.5	-28.8376	65.2595	0	-0.774003	0.633182	0	None	None
ChainingRodShaped	1615	3.17445	0.5	-52.9584	43.468	0	-0.162544	-0.986701	0	None	None
ChainingRodShaped	1617	3.48188	0.5	71.8243	-24.4372	0	-0.811832	0.583892	0	1242	1616
ChainingRodShaped	1619	4.17486	0.5	-51.6654	33.9041	0	-0.88703	-0.461712	0	None	None
ChainingRodShaped	1621	3.29077	0.5	-2.91323	58.1499	0	-0.922572	0.385826	0	1182	1620
ChainingRodShaped	1623	3.51388	0.5	-36.0846	68.3252	0	-0.364014	-0.931393	0	None	None
ChainingRodShaped	1625	3.36458	0.5	-93.3491	-66.3329	0	-0.108795	0.994064	0	1900	1624
ChainingRodShaped	1627	2.74681	0.5	-15.1912	25.8418	0	-0.891622	-0.45278	0	None	None
ChainingRodShaped	1629	3.79996	0.5	46.0967	128.76	0	0.425365	-0.905022	0	2038	1628
ChainingRodShaped	1631	2.94293	0.5	7.6263	48.0543	0	-0.660147	-0.751136	0	None	None
ChainingRodShaped	1633	3.04703	0.5	-40.0014	31.2795	0	-0.850874	-0.52537	0	None	None
ChainingRodShaped	1635	2.96957	0.5	-38.9144	13.7156	0	-0.833385	-0.552693	0	None	None
ChainingRodShaped	1637	3.12942	0.5	22.5238	59.9575	0	-0.869017	-0.494783	0	1718	1636
ChainingRodShaped	1639	3.41667	0.5	-50.6087	53.398	0	0.9592	-0.28273	0	None	None
ChainingRodShaped	1641	3.80271	0.5	-50.9385	8.40138	0	0.970392	0.241537	0	1806	1640
ChainingRodShaped	1643	3.71749	0.5	-35.7044	37.1919	0	-0.838385	-0.545079	0	None	None
ChainingRodShaped	1645	2.74434	0.5	45.2904	225.778	0	0.92276	0.385374	0	2002	1644
ChainingRodShaped	1647	3.26696	0.5	83.0783	76.2968	0	0.956189	-0.292751	0	1174	1646
ChainingRodShaped	1649	3.95424	0.5	-29.4962	37.5199	0	-0.989151	-0.146902	0	None	None
ChainingRodShaped	1651	3.91119	0.5	-25.7281	53.0622	0	-0.590127	0.807311	0	None	None
ChainingRodShaped	1653	3.08129	0.5	-60.9657	37.5246	0	-0.676045	0.73686	0	None	None
ChainingRodShaped	1655	3.50464	0.5	-15.7936	45.8491	0	0.851016	-0.52514	0	None	None
ChainingRodShaped	1657	3.27765	0.5	7.11803	54.8647	0	-0.997218	0.0745358	0	None	None
ChainingRodShaped	1659	3.44833	0.5	64.7715	84.2496	0	0.801509	-0.597982	0	999	1658
ChainingRodShaped	1661	3.0481	0.5	55.319	-84.4037	0	0.78671	0.617323	0	1368	1660
ChainingRodShaped	1663	2.7403	0.5	-10.9915	57.903	0	-0.734084	0.679058	0	None	None
ChainingRodShaped	1665	3.17328	0.5	-0.264979	56.1794	0	-0.960522	0.278205	0	None	None
ChainingRodShaped	1667	3.85315	0.5	-12.8821	-155.558	0	0.373909	0.927465	0	1334	1666
ChainingRodShaped	1669	3.74644	0.5	106.198	3.19036	0	0.31718	0.948365	0	2050	1668
ChainingRodShaped	1671	2.98599	0.5	40.0447	25.4299	0	-0.442582	-0.896728	0	2012	1670
ChainingRodShaped	1673	3.06629	0.5	-35.5977	52.9929	0	-0.789231	0.614097	0	None	None
ChainingRodShaped	1675	3.67769	0.5	172.155	248.455	0	0.873346	0.4871	0	1520	1674
ChainingRodShaped	1677	3.11344	0.5	-35.3245	9.97954	0	0.997495	0.0707359	0	1984	1676
ChainingRodShaped	1679	3.85543	0.5	-3.75202	53.8302	0	-0.998872	0.0474902	0	None	None
ChainingRodShaped	1681	3.1673	0.5	-27.25	11.0108	0	0.981168	0.193157	0	1676	1680
ChainingRodShaped	1683	3.52564	0.5	107.543	51.8348	0	-0.244704	0.969598	0	728	1682
ChainingRodShaped	1685	3.50912	0.5	-36.7763	61.2634	0	-0.939392	0.342844	0	None	None
ChainingRodShaped	1687	3.63425	0.5	-11.3644	51.4459	0	0.961841	-0.273609	0	None	None
ChainingRodShaped	1689	3.16657	0.5	106.837	75.0069	0	0.965771	0.259397	0	885	1688
ChainingRodShaped	1691	3.71368	0.5	-30.2039	23.5912	0	0.400665	-0.916225	0	None	None
ChainingRodShaped	1693	3.28378	0.5	-42.2931	33.228	0	-0.719848	-0.694132	0	None	None
ChainingRodShaped	1695	2.85666	0.5	1.17687	41.6128	0	-0.65464	-0.75594	0	None	None
ChainingRodShaped	1697	3.46015	0.5	-19.8727	20.3888	0	-0.802381	0.596812	0	None	None
ChainingRodShaped	1699	3.0192	0.5	-52.8459	26.9911	0	-0.985766	0.168122	0	None	None
ChainingRodShaped	1701	2.8784	0.5	-24.0779	56.9618	0	0.256288	-0.9666	0	None	None
ChainingRodShaped	1703	3.63478	0.5	52.2135	104.383	0	0.24268	-0.970106	0	1858	1702
ChainingRodShaped	1705	2.88417	0.5	42.137	144.189	0	-0.937086	0.349098	0	1974	1704
ChainingRodShaped	1707	3.40843	0.5	-34.4696	40.5864	0	-0.87932	0.476232	0	None	None
ChainingRodShaped	1709	3.66049	0.5	-41.8344	65.2069	0	-0.913235	-0.407433	0	None	None
ChainingRodShaped	1711	3.32993	0.5	-33.4582	31.9394	0	-0.849271	-0.527958	0	None	None
ChainingRodShaped	1713	2.83243	0.5	25.954	145.06	0	0.970133	-0.242575	0	1606	1712
ChainingRodShaped	1715	3.73619	0.5	-57.1404	40.4949	0	-0.931807	-0.362954	0	None	None
ChainingRodShaped	1717	3.02991	0.5	7.0067	-88.4198	0	0.597825	-0.801627	0	1594	1716
ChainingRodShaped	1719	3.34991	0.5	29.3061	64.5131	0	-0.789669	-0.613534	0	2054	1718
ChainingRodShaped	1721	2.87551	0.5	47.1076	58.4151	0	0.696807	-0.717259	0	894	1720
ChainingRodShaped	1723	3.3467	0.5	-29.6671	24.7878	0	0.406257	-0.913759	0	None	None
ChainingRodShaped	1725	3.50506	0.5	-52.5921	18.0149	0	-0.492406	0.870366	0	None	None
ChainingRodShaped	1727	2.72639	0.5	1.865	38.2074	0	0.510787	0.859707	0	1118	1726
ChainingRodShaped	1729	3.22865	0.5	63.7695	-18.0811	0	0.919211	-0.393765	0	1784	1728
ChainingRodShaped	1731	2.75668	0.5	-27.7184	112.318	0	0.437312	0.89931	0	1846	1730
ChainingRodShaped	1733	3.33895	0.5	-3.97308	-27.8244	0	-0.782427	-0.622743	0	733	1732
ChainingRodShaped	1735	2.86414	0.5	-28.5768	31.9519	0	-0.993577	-0.11316	0	None	None
ChainingRodShaped	1737	3.55985	0.5	8.11105	-1.29859	0	-0.315795	-0.948827	0	1946	1736
ChainingRodShaped	1739	2.88678	0.5	-35.427	15.4008	0	-0.896037	-0.44398	0	None	None
ChainingRodShaped	1741	3.08509	0.5	-30.4058	58.4462	0	-0.85061	0.525797	0	None	None
ChainingRodShaped	1743	2.61921	0.5	-41.9786	48.7356	0	0.945058	-0.326902	0	None	None
ChainingRodShaped	1745	3.03017	0.5	60.414	81.5716	0	-0.997994	0.0633124	0	1076	1744
ChainingRodShaped	1747	3.61008	0.5	-22.9997	52.912	0	-0.246307	0.969192	0	None	None
ChainingRodShaped	1749	3.55807	0.5	-5.05745	52.9308	0	-0.994623	0.103563	0	None	None
ChainingRodShaped	1751	3.57017	0.5	-6.63049	42.7377	0	-0.799894	-0.600142	0	None	None
ChainingRodShaped	1753	3.19544	0.5	109.509	21.9542	0	0.0686172	0.997643	0	1588	1752
ChainingRodShaped	1755	3.40171	0.5	-41.6438	51.0447	0	0.857191	-0.514999	0	None	None
ChainingRodShaped	1757	2.96538	0.5	82.962	-38.4151	0	-0.298124	0.954527	0	2004	1756
ChainingRodShaped	1759	2.56231	0.5	-21.3226	70.1344	0	-0.738662	0.674076	0	None	None
ChainingRodShaped	1761	3.45567	0.5	-31.9555	42.8709	0	-0.992006	0.126189	0	None	None
ChainingRodShaped	1763	3.54095	0.5	-22.3232	65.3662	0	-0.962552	0.271099	0	None	None
ChainingRodShaped	1765	2.85508	0.5	-8.90113	-142.117	0	0.143941	0.989586	0	2200	1764
ChainingRodShaped	1767	2.61373	0.5	-49.6629	20.7449	0	-0.483107	0.875561	0	None	None
ChainingRodShaped	1769	3.49015	0.5	-48.691	15.1852	0	-0.957213	0.289386	0	None	None
ChainingRodShaped	1771	3.35257	0.5	-20.7336	36.8637	0	-0.988769	-0.149451	0	None	None
ChainingRodShaped	1773	3.48161	0.5	-1.04323	140.362	0	0.858367	0.513036	0	1188	1772
ChainingRodShaped	1775	2.88226	0.5	-24.1839	70.2511	0	-0.995676	0.0928963	0	None	None
ChainingRodShaped	1777	2.98134	0.5	-40.4143	51.4321	0	0.861674	-0.507462	0	None	None
ChainingRodShaped	1779	3.49398	0.5	-29.0061	25.6571	0	0.413866	-0.910338	0	None	None
ChainingRodShaped	1781	3.09463	0.5	-56.7286	43.3547	0	0.279676	-0.960094	0	None	None
ChainingRodShaped	1783	2.6982	0.5	-29.8557	-215.606	0	0.161197	0.986922	0	2024	1782
ChainingRodShaped	1785	3.10332	0.5	56.5063	-14.0121	0	0.825435	-0.564497	0	1418	1784
ChainingRodShaped	1787	2.72237	0.5	-14.189	61.6929	0	0.223264	-0.974758	0	None	None
ChainingRodShaped	1789	2.82974	0.5	134.147	226.841	0	0.905311	0.424749	0	2028	1788
ChainingRodShaped	1791	2.7132	0.5	-4.56217	27.2716	0	0.544154	0.838986	0	1898	1790
ChainingRodShaped	1793	2.79818	0.5	-41.8649	21.1588	0	-0.996962	-0.0778875	0	None	None
ChainingRodShaped	1795	3.03395	0.5	52.4339	80.819	0	-0.967526	-0.252771	0	1744	1794
ChainingRodShaped	1797	2.55424	0.5	-41.8669	40.9611	0	-0.900312	-0.435245	0	None	None
ChainingRodShaped	1799	3.24388	0.5	152.563	237.154	0	0.858676	0.512518	0	1203	1798
ChainingRodShaped	1801	3.24401	0.5	15.1223	56.6301	0	-0.956257	-0.292527	0	1636	1800
ChainingRodShaped	1803	3.16867	0.5	-34.5173	50.9327	0	-0.789842	0.613311	0	None	None
ChainingRodShaped	1805	3.11969	0.5	-42.8106	13.7095	0	-0.583702	0.811968	0	None	None
ChainingRodShaped	1807	3.4088	0.5	-58.4064	4.9375	0	0.793452	0.608633	0	1554	1806
ChainingRodShaped	1809	2.7431	0.5	-13.0199	46.4377	0	0.8718	-0.489861	0	None	None
ChainingRodShaped	1811	2.59823	0.5	-21.492	38.6301	0	-0.991418	-0.130729	0	None	None
ChainingRodShaped	1813	2.9373	0.5	-39.6179	-104.728	0	-0.994047	0.108953	0	2136	1812
ChainingRodShaped	1815	2.92294	0.5	-42.0887	32.0948	0	-0.717937	-0.696108	0	None	None
ChainingRodShaped	1817	2.76091	0.5	-36.1845	58.9582	0	-0.902842	0.429972	0	None	None
ChainingRodShaped	1819	3.19938	0.5	-34.3394	11.1531	0	-0.988802	-0.149235	0	None	None
ChainingRodShaped	1821	2.98146	0.5	-19.1934	69.5414	0	-0.751352	0.659901	0	1015	1820
ChainingRodShaped	1823	2.76774	0.5	-23.907	42.0219	0	-0.846625	0.53219	0	None	None
ChainingRodShaped	1825	3.22998	0.5	-16.824	38.9795	0	-0.71692	0.697155	0	None	None
ChainingRodShaped	1827	2.86338	0.5	-5.73603	35.6244	0	-0.606317	-0.795223	0	None	None
ChainingRodShaped	1829	3.08053	0.5	-24.7906	-188.654	0	0.233147	0.972442	0	1386	1828
ChainingRodShaped	1831	3.24662	0.5	-45.4146	40.786	0	-0.993579	-0.113139	0	None	None
ChainingRodShaped	1833	3.32357	0.5	-20.8904	39.6474	0	-0.992304	-0.123823	0	None	None
ChainingRodShaped	1835	3.13668	0.5	-27.9175	39.6612	0	-0.992749	-0.120205	0	None	None
ChainingRodShaped	1837	3.06589	0.5	-9.94758	38.3136	0	-0.999128	-0.0417512	0	None	None
ChainingRodShaped	1839	3.23489	0.5	-26.3067	34.1113	0	-0.991113	-0.133019	0	None	None
ChainingRodShaped	1841	2.54258	0.5	-53.6134	47.0955	0	-0.395278	0.918561	0	None	None
ChainingRodShaped	1843	2.997	0.5	45.5282	77.8546	0	-0.854881	-0.518825	0	1794	1842
ChainingRodShaped	1845	2.87837	0.5	-15.1035	61.461	0	0.232995	-0.972478	0	None	None
ChainingRodShaped	1847	2.61307	0.5	-30.3872	105.557	0	0.289514	0.957174	0	1602	1846
ChainingRodShaped	1849	2.57428	0.5	93.9492	70.9684	0	-0.870319	0.492489	0	1171	1848
ChainingRodShaped	1851	3.12401	0.5	-26.1199	47.9961	0	-0.818944	0.573874	0	None	None
ChainingRodShaped	1853	2.70769	0.5	-10.6616	60.558	0	-0.997956	0.0639046	0	None	None
ChainingRodShaped	1855	2.48157	0.5	-54.0983	22.7561	0	-0.741685	0.670748	0	None	None
ChainingRodShaped	1857	2.72746	0.5	-42.7289	20.1227	0	-0.995905	-0.0904006	0	None	None
ChainingRodShaped	1859	3.08546	0.5	50.6187	112.241	0	0.16911	-0.985597	0	1456	1858
ChainingRodShaped	1861	3.22813	0.5	-12.9535	40.1995	0	0.139118	0.990276	0	None	None
ChainingRodShaped	1863	3.05993	0.5	2.39088	46.066	0	-0.708817	-0.705392	0	None	None
ChainingRodShaped	1865	2.6843	0.5	-44.9837	15.2204	0	-0.816221	-0.577739	0	None	None
ChainingRodShaped	1867	3.03935	0.5	-54.6857	43.9788	0	0.38465	-0.923062	0	None	None
ChainingRodShaped	1869	2.93691	0.5	-44.7367	61.332	0	-0.989512	-0.144449	0	None	None
ChainingRodShaped	1871	3.12048	0.5	-26.7185	36.9548	0	-0.990571	-0.136998	0	None	None
ChainingRodShaped	1873	2.89439	0.5	-56.1329	38.3405	0	-0.549368	0.83558	0	None	None
ChainingRodShaped	1875	3.01027	0.5	-22.104	32.8378	0	-0.988841	-0.148977	0	None	None
ChainingRodShaped	1877	3.03125	0.5	-38.4674	-29.0284	0	0.958243	-0.285957	0	1404	1876
ChainingRodShaped	1879	3.18311	0.5	46.353	-6.66333	0	-0.679971	0.733239	0	1498	1878
ChainingRodShaped	1881	2.68918	0.5	-20.5361	68.306	0	-0.999419	0.0340859	0	None	None
ChainingRodShaped	1883	2.95897	0.5	-28.4561	61.5349	0	-0.344487	0.938791	0	None	None
ChainingRodShaped	1885	2.48257	0.5	-27.8953	78.9918	0	-0.561552	0.827442	0	867	1884
ChainingRodShaped	1887	2.88865	0.5	-41.4457	55.326	0	-0.877848	0.478939	0	None	None
ChainingRodShaped	1889	2.89997	0.5	-6.59125	30.5385	0	-0.436469	-0.899719	0	None	None
ChainingRodShaped	1891	3.12224	0.5	-10.8135	22.3613	0	-0.972795	-0.231669	0	None	None
ChainingRodShaped	1893	2.80651	0.5	-17.8999	56.5299	0	-0.685803	0.727787	0	None	None
ChainingRodShaped	1895	2.83812	0.5	-0.590826	54.7756	0	-0.998587	-0.0531479	0	None	None
ChainingRodShaped	1897	2.85203	0.5	-22.4334	42.224	0	-0.848805	0.528707	0	None	None
ChainingRodShaped	1899	3.1061	0.5	-9.29564	21.0274	0	0.666522	0.745485	0	2000	1898
ChainingRodShaped	1901	3.08089	0.5	-91.8266	-74.0203	0	-0.282851	0.959164	0	1255	1900
ChainingRodShaped	1903	2.74015	0.5	1.78256	-56.6188	0	0.0318592	-0.999492	0	2192	1902
ChainingRodShaped	1905	2.92907	0.5	-37.2514	34.1257	0	-0.908908	-0.416996	0	None	None
ChainingRodShaped	1907	2.3981	0.5	-5.98567	40.5301	0	-0.629125	-0.777304	0	None	None
ChainingRodShaped	1909	2.65877	0.5	132.717	134.73	0	-0.391242	0.920288	0	1155	1908
ChainingRodShaped	1911	2.41133	0.5	71.4637	80.3751	0	0.916752	-0.399458	0	1658	1910
ChainingRodShaped	1913	3.08989	0.5	-35.1492	59.5193	0	-0.904075	0.427373	0	None	None
ChainingRodShaped	1915	2.8339	0.5	-35.3792	54.0272	0	-0.785004	0.61949	0	None	None
ChainingRodShaped	1917	2.37189	0.5	-35.7206	45.4919	0	-0.936459	0.350777	0	None	None
ChainingRodShaped	1919	2.50074	0.5	-4.96705	48.942	0	0.994773	-0.102108	0	None	None
ChainingRodShaped	1921	2.56676	0.5	-9.41739	48.8938	0	0.95679	-0.290781	0	None	None
ChainingRodShaped	1923	2.43042	0.5	-37.9384	51.0523	0	0.835895	-0.548889	0	None	None
ChainingRodShaped	1925	2.63529	0.5	125.955	145.11	0	-0.676795	0.736171	0	1267	1924
ChainingRodShaped	1927	2.78813	0.5	-57.1442	29.5225	0	-0.430855	0.902421	0	None	None
ChainingRodShaped	1929	2.63571	0.5	-45.4786	56.7686	0	0.747086	-0.664727	0	None	None
ChainingRodShaped	1931	2.63731	0.5	-47.8113	42.79	0	-0.603507	-0.797358	0	None	None
ChainingRodShaped	1933	2.4373	0.5	4.43878	47.2008	0	0.0168615	-0.999858	0	None	None
ChainingRodShaped	1935	2.34879	0.5	-16.248	58.8712	0	-0.708652	0.705559	0	None	None
ChainingRodShaped	1937	2.84409	0.5	-36.812	58.2172	0	-0.900683	0.434477	0	None	None
ChainingRodShaped	1939	2.92421	0.5	-13.6047	56.8428	0	-0.969882	0.243575	0	None	None
ChainingRodShaped	1941	2.4682	0.5	141.234	230.498	0	0.87369	0.486484	0	1788	1940
ChainingRodShaped	1943	2.72446	0.5	-55.0853	-23.8725	0	0.978539	-0.20606	0	1173	1942
ChainingRodShaped	1945	2.47653	0.5	-15.4318	31.3994	0	-0.83998	-0.542618	0	None	None
ChainingRodShaped	1947	2.84927	0.5	11.7207	5.74519	0	-0.618084	-0.786112	0	2176	1946
ChainingRodShaped	1949	2.77284	0.5	62.765	144.06	0	-0.960819	-0.277176	0	1362	1948
ChainingRodShaped	1951	2.95259	0.5	-60.6537	-17.7961	0	-0.703287	0.710906	0	1260	1950
ChainingRodShaped	1953	2.93198	0.5	-46.7618	35.3444	0	-0.88808	-0.459688	0	None	None
ChainingRodShaped	1955	2.63025	0.5	-39.6982	30.3658	0	-0.856088	-0.51683	0	None	None
ChainingRodShaped	1957	2.64457	0.5	-20.8716	27.9754	0	-0.861023	0.508565	0	None	None
ChainingRodShaped	1959	2.50109	0.5	21.2991	198.544	0	0.297348	0.954769	0	1460	1958
ChainingRodShaped	1961	2.47855	0.5	-14.2508	-117.448	0	-0.587777	0.809023	0	1344	1960
ChainingRodShaped	1963	2.36106	0.5	-54.9149	33.9955	0	-0.998419	0.0562173	0	None	None
ChainingRodShaped	1965	2.38627	0.5	-15.76	35.2883	0	-0.709306	0.7049	0	None	None
ChainingRodShaped	1967	2.50504	0.5	-25.0035	28.1006	0	-0.97614	0.217141	0	None	None
ChainingRodShaped	1969	2.61106	0.5	47.6539	37.2283	0	-0.528343	-0.849031	0	2168	1968
ChainingRodShaped	1971	2.55485	0.5	-25.5983	13.7992	0	-0.919918	-0.39211	0	None	None
ChainingRodShaped	1973	2.76299	0.5	-41.806	43.1482	0	-0.976875	-0.213809	0	None	None
ChainingRodShaped	1975	2.39001	0.5	49.0544	142.553	0	-0.994742	0.102411	0	2042	1974
ChainingRodShaped	1977	2.40459	0.5	-9.70311	61.889	0	-0.823366	0.56751	0	1620	1976
ChainingRodShaped	1979	2.46622	0.5	-48.7953	55.4241	0	0.991406	0.130824	0	None	None
ChainingRodShaped	1981	2.82708	0.5	2.36054	50.0316	0	0.999982	0.00606249	0	None	None
ChainingRodShaped	1983	2.63646	0.5	-28.917	46.5016	0	-0.799975	0.600033	0	None	None
ChainingRodShaped	1985	2.44981	0.5	-42.6839	9.5799	0	0.998347	0.0574684	0	1640	1984
ChainingRodShaped	1987	2.8144	0.5	-48.8227	24.4481	0	-0.903165	0.429293	0	None	None
ChainingRodShaped	1989	2.81499	0.5	-29.5751	43.3796	0	0.771878	-0.635771	0	None	None
ChainingRodShaped	1991	2.67578	0.5	-33.9638	34.97	0	-0.841165	-0.540778	0	None	None
ChainingRodShaped	1993	2.53894	0.5	-91.2929	-46.1544	0	0.295978	0.955195	0	1288	1992
ChainingRodShaped	1995	2.49663	0.5	-27.343	31.0964	0	-0.994614	-0.103644	0	None	None
ChainingRodShaped	1997	2.63084	0.5	21.994	-97.5031	0	0.980619	-0.195927	0	1510	1996
ChainingRodShaped	1999	2.80661	0.5	-7.19094	41.105	0	-0.795996	-0.605302	0	None	None
ChainingRodShaped	2001	2.35551	0.5	-14.7202	16.0679	0	0.811673	0.584112	0	2234	2000
ChainingRodShaped	2003	2.78441	0.5	38.8129	222.283	0	0.829599	0.55836	0	2206	2002
ChainingRodShaped	2005	2.54249	0.5	83.8602	-45.5081	0	0.0569523	0.998377	0	870	2004
ChainingRodShaped	2007	2.28172	0.5	-24.2918	118.314	0	0.554772	0.832002	0	1730	2006
ChainingRodShaped	2009	2.80713	0.5	-52.6723	49.9276	0	0.959882	-0.280404	0	None	None
ChainingRodShaped	2011	2.75198	0.5	-24.9538	46.0446	0	-0.840398	0.54197	0	None	None
ChainingRodShaped	2013	2.6258	0.5	43.809	31.6004	0	-0.576815	-0.816875	0	1968	2012
ChainingRodShaped	2015	2.56724	0.5	72.2338	78.9581	0	-0.945959	0.324286	0	1442	2014
ChainingRodShaped	2017	2.56264	0.5	-25.7383	48.8779	0	-0.817013	0.57662	0	None	None
ChainingRodShaped	2019	2.64376	0.5	-18.1976	55.4657	0	-0.678512	0.734589	0	None	None
ChainingRodShaped	2021	2.48679	0.5	6.20543	51.7195	0	-0.976927	-0.213571	0	None	None
ChainingRodShaped	2023	2.70492	0.5	-33.793	33.9615	0	-0.846519	-0.532359	0	None	None
ChainingRodShaped	2025	2.40348	0.5	-31.0014	-222.663	0	0.159754	0.987157	0	None	2024
ChainingRodShaped	2027	2.69699	0.5	-30.9695	27.1303	0	-0.5009	-0.865505	0	None	None
ChainingRodShaped	2029	2.62229	0.5	127.757	224.257	0	0.948165	0.31778	0	1283	2028
ChainingRodShaped	2031	2.59336	0.5	-52.8487	31.973	0	-0.99933	0.0365875	0	None	None
ChainingRodShaped	2033	2.49265	0.5	-39.6148	26.0131	0	-0.866876	-0.498525	0	None	None
ChainingRodShaped	2035	2.66857	0.5	-25.5983	58.9663	0	-0.265248	0.96418	0	None	None
ChainingRodShaped	2037	2.29009	0.5	-28.4909	52.1953	0	-0.891484	0.453052	0	None	None
ChainingRodShaped	2039	2.54219	0.5	41.9807	135.219	0	0.662633	-0.748945	0	1086	2038
ChainingRodShaped	2041	2.28667	0.5	40.354	-94.2569	0	0.904066	0.427393	0	1072	2040
ChainingRodShaped	2043	2.58362	0.5	55.8514	142.631	0	-0.993239	-0.116088	0	1948	2042
ChainingRodShaped	2045	2.37569	0.5	32.7222	8.45148	0	-0.851247	0.524766	0	2092	2044
ChainingRodShaped	2047	2.29328	0.5	3.66548	54.0461	0	-0.980935	-0.194334	0	None	None
ChainingRodShaped	2049	2.53667	0.5	-28.0805	66.8809	0	-0.237655	0.97135	0	None	None
ChainingRodShaped	2051	2.27196	0.5	103.223	-3.44144	0	0.521269	0.853393	0	1033	2050
ChainingRodShaped	2053	2.2501	0.5	-29.7974	56.9452	0	-0.893337	0.449388	0	None	None
ChainingRodShaped	2055	2.55654	0.5	34.7206	69.1128	0	-0.737512	-0.675334	0	2164	2054
ChainingRodShaped	2057	2.30163	0.5	110.885	154.413	0	-0.965546	0.260233	0	2070	2056
ChainingRodShaped	2059	2.52688	0.5	-19.458	33.9066	0	-0.195732	-0.980657	0	None	None
ChainingRodShaped	2061	2.22641	0.5	-35.007	62.0115	0	-0.99998	0.00624583	0	None	None
ChainingRodShaped	2063	2.39959	0.5	-8.76851	27.7171	0	-0.668385	-0.743815	0	None	None
ChainingRodShaped	2065	2.54572	0.5	2.37085	49.0467	0	0.999957	-0.00928646	0	None	None
ChainingRodShaped	2067	2.38852	0.5	5.9508	-9.5294	0	-0.223252	-0.974761	0	1736	2066
ChainingRodShaped	2069	2.56108	0.5	-50.5917	29.255	0	-0.908575	-0.417721	0	None	None
ChainingRodShaped	2071	2.3476	0.5	116.89	152.059	0	-0.884806	0.46596	0	1347	2070
ChainingRodShaped	2073	2.32303	0.5	-36.3546	63.5963	0	-0.827154	0.561976	0	None	None
ChainingRodShaped	2075	2.42106	0.5	115.634	221.507	0	0.994873	0.101131	0	1167	2074
ChainingRodShaped	2077	2.33488	0.5	-33.9608	55.3454	0	-0.783164	0.621815	0	None	None
ChainingRodShaped	2079	2.21509	0.5	-32.371	46.8181	0	0.778223	-0.627988	0	None	None
ChainingRodShaped	2081	2.36754	0.5	-59.9218	37.8445	0	-0.673503	0.739185	0	None	None
ChainingRodShaped	2083	2.50373	0.5	-0.279613	46.7298	0	-0.92408	-0.3822	0	None	None
ChainingRodShaped	2085	2.34335	0.5	99.8827	155.559	0	-0.999498	-0.0316867	0	1350	2084
ChainingRodShaped	2087	2.24808	0.5	-48.9249	36.3893	0	-0.883958	-0.467566	0	None	None
ChainingRodShaped	2089	2.24069	0.5	-25.012	60.3429	0	-0.287838	0.957679	0	None	None
ChainingRodShaped	2091	2.51448	0.5	-11.2312	26.226	0	-0.606071	-0.795411	0	None	None
ChainingRodShaped	2093	2.54438	0.5	37.726	4.09587	0	-0.658952	0.752185	0	2120	2092
ChainingRodShaped	2095	2.33655	0.5	-38.6663	25.4723	0	-0.871816	-0.489833	0	None	None
ChainingRodShaped	2097	2.3681	0.5	-22.8434	-181.367	0	0.286578	0.958057	0	1828	2096
ChainingRodShaped	2099	2.30283	0.5	28.8506	-97.8182	0	0.994445	0.105255	0	1996	2098
ChainingRodShaped	2101	2.23866	0.5	6.03359	44.5536	0	0.596996	0.802244	0	1726	2100
ChainingRodShaped	2103	2.21834	0.5	-32.2045	71.2133	0	-0.826747	-0.562574	0	None	None
ChainingRodShaped	2105	2.16661	0.5	-36.1027	29.1682	0	-0.853756	-0.520673	0	None	None
ChainingRodShaped	2107	2.40578	0.5	-31.0629	85.445	0	-0.30502	0.952346	0	1884	2106
ChainingRodShaped	2109	2.15915	0.5	-47.6922	51.7847	0	0.98939	-0.145283	0	None	None
ChainingRodShaped	2111	2.32713	0.5	-82.3452	-30.394	0	0.698223	0.715881	0	1396	2110
ChainingRodShaped	2113	2.26948	0.5	-50.8354	54.4904	0	0.957842	-0.287296	0	None	None
ChainingRodShaped	2115	2.36813	0.5	-48.8598	42.9988	0	-0.595502	-0.803354	0	None	None
ChainingRodShaped	2117	2.39764	0.5	-41.6696	25.8667	0	-0.826618	-0.562763	0	None	None
ChainingRodShaped	2119	2.20453	0.5	135.469	123.857	0	-0.0758405	0.99712	0	1315	2118
ChainingRodShaped	2121	2.36149	0.5	41.7466	-1.04311	0	-0.594327	0.804224	0	1878	2120
ChainingRodShaped	2123	2.30356	0.5	-46.5157	24.2271	0	-0.772928	0.634494	0	None	None
ChainingRodShaped	2125	2.29731	0.5	23.7601	204.632	0	0.451412	0.892316	0	1958	2124
ChainingRodShaped	2127	2.37206	0.5	-33.0849	13.3325	0	-0.991061	-0.13341	0	None	None
ChainingRodShaped	2129	2.37626	0.5	-6.78332	56.6203	0	-0.745531	0.666471	0	None	None
ChainingRodShaped	2131	2.30531	0.5	1.35913	43.4333	0	-0.603439	-0.797409	0	None	None
ChainingRodShaped	2133	2.39947	0.5	76.4934	-64.1016	0	0.613418	0.789758	0	1341	2132
ChainingRodShaped	2135	2.31665	0.5	-51.5384	-103.916	0	-0.997599	0.0692538	0	1114	2134
ChainingRodShaped	2137	2.31976	0.5	-32.9577	-105.922	0	-0.965809	0.259256	0	1383	2136
ChainingRodShaped	2139	2.36357	0.5	-23.8518	18.3527	0	-0.154524	0.987989	0	None	None
ChainingRodShaped	2141	2.20338	0.5	77.2733	226.913	0	0.972598	-0.232492	0	1129	2140
ChainingRodShaped	2143	2.16229	0.5	93.4433	154.831	0	-0.981816	-0.189833	0	2084	2142
ChainingRodShaped	2145	2.23038	0.5	-1.88649	51.8461	0	-0.99971	-0.0241017	0	None	None
ChainingRodShaped	2147	2.27601	0.5	-54.9225	56.5381	0	0.0234821	-0.999724	0	None	None
ChainingRodShaped	2149	2.29737	0.5	-18.5618	53.0207	0	0.617479	-0.786587	0	None	None
ChainingRodShaped	2151	2.292	0.5	-20.9815	56.1253	0	0.27338	-0.961906	0	None	None
ChainingRodShaped	2153	2.34491	0.5	-21.2181	40.5312	0	-0.993491	-0.113915	0	None	None
ChainingRodShaped	2155	2.22805	0.5	-18.9872	-170.297	0	0.362357	0.932039	0	1309	2154
ChainingRodShaped	2157	2.25424	0.5	-19.1733	55.1476	0	0.685794	-0.727795	0	None	None
ChainingRodShaped	2159	2.23042	0.5	-45.7807	46.6953	0	-0.999823	0.0188286	0	None	None
ChainingRodShaped	2161	2.32628	0.5	-31.3425	54.4257	0	-0.764509	0.644613	0	None	None
ChainingRodShaped	2163	2.24618	0.5	-42.2232	36.4893	0	-0.907154	-0.420799	0	None	None
ChainingRodShaped	2165	2.27459	0.5	39.4102	73.3437	0	-0.758179	-0.652046	0	1842	2164
ChainingRodShaped	2167	2.26879	0.5	-93.5996	-58.3345	0	0.056468	0.998404	0	1624	2166
ChainingRodShaped	2169	2.11853	0.5	50.4184	43.1218	0	-0.280251	-0.959927	0	1584	2168
ChainingRodShaped	2171	2.20932	0.5	-20.1373	24.3643	0	-0.904224	0.427059	0	None	None
ChainingRodShaped	2173	2.14171	0.5	-20.6267	48.1006	0	-0.769383	0.638788	0	None	None
ChainingRodShaped	2175	2.16215	0.5	-35.6199	-28.8071	0	-0.964709	0.263318	0	2264	2174
ChainingRodShaped	2177	2.15246	0.5	16.6632	9.72542	0	-0.915482	-0.402359	0	1271	2176
ChainingRodShaped	2179	2.12807	0.5	-53.0019	55.0417	0	0.573511	0.819198	0	None	None
ChainingRodShaped	2181	2.19605	0.5	-48.4858	13.4975	0	-0.667756	0.74438	0	None	None
ChainingRodShaped	2183	2.18458	0.5	89.0861	223.832	0	0.971353	-0.237642	0	2230	2182
ChainingRodShaped	2185	2.13845	0.5	-28.7596	55.3778	0	-0.898719	0.438526	0	None	None
ChainingRodShaped	2187	2.08145	0.5	-54.5305	35.035	0	-0.999177	-0.0405641	0	None	None
ChainingRodShaped	2189	2.18929	0.5	-21.1925	30.3764	0	-0.895211	0.445643	0	None	None
ChainingRodShaped	2191	2.11187	0.5	-29.4061	41.6025	0	-0.996168	0.087459	0	None	None
ChainingRodShaped	2193	2.07435	0.5	0.971712	-50.339	0	0.251719	-0.9678	0	2202	2192
ChainingRodShaped	2195	2.07292	0.5	-16.8461	61.6615	0	-0.83971	0.543035	0	None	None
ChainingRodShaped	2197	2.15659	0.5	-67.1771	-101.013	0	-0.941393	0.337311	0	1421	2196
ChainingRodShaped	2199	2.16698	0.5	-40.5717	67.0527	0	-0.83172	-0.555195	0	None	None
ChainingRodShaped	2201	2.14968	0.5	-10.3031	-148.44	0	0.289043	0.957316	0	1666	2200
ChainingRodShaped	2203	2.11082	0.5	-1.44636	-44.8613	0	0.554123	-0.832435	0	1474	2202
ChainingRodShaped	2205	2.10769	0.5	-27.2113	14.8449	0	-0.974726	0.223405	0	None	None
ChainingRodShaped	2207	2.09949	0.5	33.861	218.269	0	0.712279	0.701897	0	1435	2206
ChainingRodShaped	2209	2.05746	0.5	102.066	64.0611	0	-0.587471	0.809245	0	1305	2208
ChainingRodShaped	2211	2.09569	0.5	61.4408	229.134	0	0.999867	0.0163162	0	1502	2210
ChainingRodShaped	2213	2.09134	0.5	-44.9684	28.1172	0	-0.936922	0.349539	0	None	None
ChainingRodShaped	2215	2.10067	0.5	-28.0575	40.5837	0	-0.993902	-0.110268	0	None	None
ChainingRodShaped	2217	2.08939	0.5	-48.7115	37.6007	0	-0.885026	-0.465542	0	None	None
ChainingRodShaped	2219	2.06329	0.5	-51.1805	60.8512	0	-0.547091	-0.837073	0	None	None
ChainingRodShaped	2221	2.06896	0.5	-44.0207	50.2411	0	0.987527	-0.157452	0	None	None
ChainingRodShaped	2223	2.07501	0.5	-12.7131	30.996	0	-0.745873	-0.666088	0	None	None
ChainingRodShaped	2225	2.06663	0.5	-2.49228	33.2829	0	-0.655325	-0.755347	0	None	None
ChainingRodShaped	2227	2.04136	0.5	-4.06311	49.8938	0	0.999993	-0.0037308	0	None	None
ChainingRodShaped	2229	2.05329	0.5	-35.5741	43.2872	0	-0.918101	0.396346	0	None	None
ChainingRodShaped	2231	2.09167	0.5	83.2806	225.353	0	0.964919	-0.262548	0	2140	2230
ChainingRodShaped	2233	2.03057	0.5	-52.9213	39.428	0	0.35348	0.935442	0	None	None
ChainingRodShaped	2235	2.07759	0.5	-19.9983	13.1132	0	0.923808	0.382856	0	1680	2234
ChainingRodShaped	2237	2.05615	0.5	-36.2872	70.8987	0	-0.998033	-0.0626944	0	None	None
ChainingRodShaped	2239	2.03759	0.5	5.66953	143.672	0	0.937634	0.347625	0	1772	2238
ChainingRodShaped	2241	2.04634	0.5	-84.6797	-88.3733	0	-0.635038	0.772481	0	1488	2240
ChainingRodShaped	2243	2.06016	0.5	-45.3862	37.1319	0	-0.899818	-0.436265	0	None	None
ChainingRodShaped	2245	2.05259	0.5	-17.069	43.3068	0	-0.843875	0.536539	0	None	None
ChainingRodShaped	2247	2.03252	0.5	-28.1039	38.6768	0	-0.991499	-0.130115	0	None	None
ChainingRodShaped	2249	2.05067	0.5	-27.9334	35.8247	0	-0.990532	-0.13728	0	None	None
ChainingRodShaped	2251	2.0255	0.5	2.32964	47.3508	0	-0.701726	-0.712447	0	None	None
ChainingRodShaped	2253	2.03047	0.5	-45.8571	32.5358	0	-0.902581	-0.43052	0	None	None
ChainingRodShaped	2255	2.01829	0.5	-21.1059	29.2504	0	-0.890711	0.454569	0	None	None
ChainingRodShaped	2257	2.01028	0.5	-42.3403	42.043	0	-0.97469	-0.223563	0	None	None
ChainingRodShaped	2259	2.0108	0.5	-20.6314	63.0598	0	-0.994285	0.106756	0	None	None
ChainingRodShaped	2261	2.02277	0.5	-46.0808	54.4255	0	0.924698	-0.380701	0	None	None
ChainingRodShaped	2263	2.01497	0.5	-19.4443	67.3058	0	-0.99971	0.0240779	0	None	None
ChainingRodShaped	2265	2.01009	0.5	-29.8378	-30.2709	0	-0.974083	0.22619	0	1374	2264
ChainingRodShaped	2267	2.00619	0.5	14.1079	53.2341	0	0.7539	0.656989	0	1048	2266
ChainingRodShaped	2269	2.01042	0.5	-15.5743	21.4602	0	-0.602841	-0.797862	0	None	None
ChainingRodShaped	2271	2.00489	0.5	-30.6391	22.2059	0	0.404893	-0.914364	0	None	None
ChainingRodShaped	2273	2.00355	0.5	103.8	221.349	0	0.996827	-0.0796017	0	1558	2272
ChainingRodShaped	2275	2.00221	0.5	91.6785	-15.4725	0	0.848582	0.529063	0	1240	2274
