cell_type	cell_id	length	radius	pos_x	pos_y	pos_z	ori_x	ori_y	ori_z	lower_link	upper_link
ChainingRodShaped	78	4.67991	0.5	52.5923	99.1697	0	0.369627	0.92918	0	79	None
ChainingRodShaped	98	4.36995	0.5	-34.6517	33.2272	0	-0.997417	-0.0718273	0	None	None
ChainingRodShaped	130	3.33922	0.5	-36.8476	37.4816	0	-0.554134	-0.832428	0	None	None
ChainingRodShaped	108	4.15145	0.5	30.5807	43.8364	0	0.369628	0.92918	0	109	127
ChainingRodShaped	92	3.69485	0.5	-35.0863	35.9298	0	-0.984221	-0.176945	0	None	None
ChainingRodShaped	152	2.02019	0.5	44.6136	79.1126	0	0.369626	0.929181	0	153	95
ChainingRodShaped	68	4.52002	0.5	20.9078	19.5204	0	0.369628	0.92918	0	102	137
ChainingRodShaped	116	3.06807	0.5	-35.7985	40.142	0	-0.843821	-0.536625	0	None	None
ChainingRodShaped	138	2.72664	0.5	-36.3634	34.6862	0	-0.983503	-0.180894	0	None	None
ChainingRodShaped	144	2.32537	0.5	-28.7633	42.8762	0	-0.991678	0.128744	0	None	None
ChainingRodShaped	122	4.01106	0.5	36.9492	59.8457	0	0.369628	0.92918	0	123	143
ChainingRodShaped	80	3.963	0.5	-31.0751	40.9471	0	-0.860992	-0.508619	0	None	None
ChainingRodShaped	52	4.96382	0.5	-27.465	47.0963	0	-0.757361	0.652996	0	None	None
ChainingRodShaped	90	4.37666	0.5	15.2001	5.17213	0	0.369628	0.92918	0	140	103
ChainingRodShaped	118	3.1676	0.5	-27.4878	34.9718	0	-0.722401	-0.691474	0	None	None
ChainingRodShaped	148	2.14345	0.5	49.0321	90.22	0	0.369627	0.92918	0	149	79
ChainingRodShaped	70	4.59002	0.5	-27.2898	43.6904	0	-0.991853	0.127391	0	None	None
ChainingRodShaped	110	3.19487	0.5	-28.5897	46.7441	0	-0.759895	0.650046	0	None	None
ChainingRodShaped	132	2.9637	0.5	26.7619	34.2365	0	0.369628	0.92918	0	133	109
ChainingRodShaped	142	2.93908	0.5	40.0324	67.5963	0	0.369627	0.92918	0	143	83
ChainingRodShaped	150	2.07474	0.5	-24.2145	46.6221	0	-0.992835	-0.119494	0	None	None
ChainingRodShaped	104	3.32059	0.5	-30.4678	32.8046	0	-0.538071	-0.8429	0	None	None
ChainingRodShaped	124	3.98501	0.5	-30.626	37.6314	0	-0.895516	-0.445029	0	None	None
ChainingRodShaped	134	2.64351	0.5	-35.0239	37.4907	0	-0.831638	-0.555319	0	None	None
ChainingRodShaped	106	3.95474	0.5	10.5538	-6.5078	0	0.369628	0.92918	0	107	141
ChainingRodShaped	112	3.2149	0.5	-22.4705	43.5993	0	-0.974534	-0.224241	0	None	None
ChainingRodShaped	96	3.42478	0.5	-26.6757	39.8774	0	-0.951293	-0.30829	0	None	None
ChainingRodShaped	100	4.58379	0.5	-23.6566	38.9099	0	-0.595356	-0.803462	0	None	None
ChainingRodShaped	102	4.45088	0.5	18.897	14.4656	0	0.369628	0.92918	0	103	68
ChainingRodShaped	120	3.11264	0.5	-22.9028	44.6185	0	-0.95856	-0.284891	0	None	None
ChainingRodShaped	126	3.078	0.5	33.9007	52.1823	0	0.369628	0.92918	0	127	123
ChainingRodShaped	128	3.22831	0.5	-23.1044	45.6003	0	-0.958308	-0.285737	0	None	None
ChainingRodShaped	114	3.49504	0.5	-31.6057	44.1884	0	-0.348669	-0.937246	0	None	None
ChainingRodShaped	79	4.25473	0.5	50.5761	94.1012	0	0.369627	0.92918	0	148	78
ChainingRodShaped	81	4.63295	0.5	-30.5293	44.2307	0	-0.347664	-0.937619	0	None	None
ChainingRodShaped	83	4.99783	0.5	41.8508	72.1674	0	0.369626	0.92918	0	142	153
ChainingRodShaped	146	2.46337	0.5	-28.689	40.6411	0	-0.991993	-0.126296	0	None	None
ChainingRodShaped	87	4.52614	0.5	-30.417	36.5108	0	-0.920263	-0.3913	0	None	None
ChainingRodShaped	136	2.55761	0.5	23.817	26.8336	0	0.369628	0.92918	0	137	133
ChainingRodShaped	140	2.64315	0.5	13.5442	1.0095	0	0.369628	0.92918	0	141	90
ChainingRodShaped	154	2.00738	0.5	-32.7931	37.6692	0	-0.881034	-0.473054	0	None	None
ChainingRodShaped	95	4.84746	0.5	46.2385	83.1972	0	0.369626	0.92918	0	152	149
ChainingRodShaped	97	3.44554	0.5	-22.7926	41.6382	0	-0.736444	-0.676499	0	None	None
ChainingRodShaped	99	4.61857	0.5	-31.0535	33.7478	0	-0.540918	-0.841075	0	None	None
ChainingRodShaped	101	4.09388	0.5	-21.455	40.215	0	-0.499194	-0.86649	0	None	None
ChainingRodShaped	103	3.66458	0.5	17.0425	9.80369	0	0.369628	0.92918	0	90	102
ChainingRodShaped	105	4.81408	0.5	-27.2261	36.621	0	-0.753986	-0.656891	0	None	None
ChainingRodShaped	107	4.96908	0.5	8.53962	-11.5711	0	0.369628	0.92918	0	None	106
ChainingRodShaped	109	4.88822	0.5	28.5618	38.761	0	0.369628	0.92918	0	132	108
ChainingRodShaped	111	3.83491	0.5	-27.2577	44.6877	0	-0.991683	0.128707	0	None	None
ChainingRodShaped	113	3.938	0.5	-18.8335	43.9407	0	-0.872493	-0.488626	0	None	None
ChainingRodShaped	115	3.98991	0.5	-31.3694	47.1286	0	-0.518687	-0.854964	0	None	None
ChainingRodShaped	117	3.05357	0.5	-33.5873	41.9597	0	-0.948301	0.317374	0	None	None
ChainingRodShaped	119	3.32649	0.5	-24.2287	36.4359	0	-0.771507	-0.636221	0	None	None
ChainingRodShaped	121	4.30431	0.5	-18.4031	45.5208	0	-0.947708	-0.319139	0	None	None
ChainingRodShaped	123	2.81535	0.5	35.3386	55.7968	0	0.369628	0.92918	0	126	122
ChainingRodShaped	125	3.60303	0.5	-26.144	39.0006	0	-0.951105	-0.308868	0	None	None
ChainingRodShaped	127	3.48264	0.5	32.3399	48.2585	0	0.369628	0.92918	0	108	126
ChainingRodShaped	129	2.65195	0.5	-19.3381	46.2567	0	-0.947092	-0.320962	0	None	None
ChainingRodShaped	131	2.62428	0.5	-34.1436	39.7889	0	-0.604523	-0.796588	0	None	None
ChainingRodShaped	133	3.31527	0.5	25.2523	30.4416	0	0.369628	0.92918	0	136	132
ChainingRodShaped	135	2.62727	0.5	-31.8806	39.2929	0	-0.880552	-0.47395	0	None	None
ChainingRodShaped	137	2.43278	0.5	22.5441	23.6338	0	0.369628	0.92918	0	68	136
ChainingRodShaped	139	2.80698	0.5	-32.9305	34.5252	0	-0.980147	-0.198273	0	None	None
ChainingRodShaped	141	2.83801	0.5	12.1711	-2.44212	0	0.369628	0.92918	0	106	140
ChainingRodShaped	143	2.97156	0.5	38.5895	63.969	0	0.369627	0.92918	0	122	142
ChainingRodShaped	145	2.18777	0.5	-25.5367	42.4654	0	-0.99246	0.122572	0	None	None
ChainingRodShaped	147	2.37607	0.5	-25.7574	41.4925	0	-0.992579	0.1216	0	None	None
ChainingRodShaped	149	2.11908	0.5	47.8844	87.335	0	0.369627	0.92918	0	95	148
ChainingRodShaped	151	2.03928	0.5	-21.2042	47.1047	0	-0.99351	-0.113748	0	None	None
ChainingRodShaped	153	2.04976	0.5	43.5069	76.3305	0	0.369626	0.929181	0	83	152
ChainingRodShaped	155	2.00488	0.5	-30.1509	39.0908	0	-0.879523	-0.475857	0	None	None
