cell_type	cell_id	length	radius	pos_x	pos_y	pos_z	ori_x	ori_y	ori_z	lower_link	upper_link
ChainingRodShaped	4127	3.83834	0.5	-38.9847	57.8609	0	-0.226531	0.974004	0	4128	None
ChainingRodShaped	3979	3.98879	0.5	3.66696	39.8839	0	-0.845441	-0.53407	0	None	None
ChainingRodShaped	3945	4.23542	0.5	-34.2088	23.909	0	-0.84363	0.536925	0	3946	None
ChainingRodShaped	4067	3.59063	0.5	10.9819	26.3394	0	0.339698	-0.940535	0	None	None
ChainingRodShaped	4113	4.8851	0.5	16.2494	40.566	0	-0.681995	0.731357	0	None	None
ChainingRodShaped	4413	2.44717	0.5	-8.79656	54.0013	0	-0.986174	-0.165712	0	None	None
ChainingRodShaped	4139	4.59856	0.5	-5.71478	19.5569	0	0.54018	-0.841549	0	None	None
ChainingRodShaped	3665	4.47778	0.5	40.741	34.7419	0	-0.461892	-0.886936	0	3666	None
ChainingRodShaped	4061	4.31751	0.5	26.1021	28.5895	0	0.678769	-0.734351	0	4062	None
ChainingRodShaped	3953	3.49036	0.5	-7.6244	22.6373	0	-0.980015	0.198925	0	3954	None
ChainingRodShaped	4409	2.41802	0.5	-36.2878	32.4327	0	0.21743	-0.976076	0	4410	None
ChainingRodShaped	4081	4.76423	0.5	-11.3936	27.1776	0	-0.415776	-0.909467	0	None	None
ChainingRodShaped	3955	4.57811	0.5	-17.1585	24.6125	0	-0.705986	-0.708226	0	None	None
ChainingRodShaped	4221	3.9611	0.5	29.2068	30.4598	0	0.208465	0.97803	0	None	None
ChainingRodShaped	4103	4.17195	0.5	-43.1566	32.2175	0	-0.999995	0.00311954	0	None	None
ChainingRodShaped	4429	2.3243	0.5	10.9	46.5043	0	0.985386	-0.170335	0	None	None
ChainingRodShaped	3985	4.4849	0.5	22.5179	-1.35852	0	0.0495408	-0.998772	0	3986	None
ChainingRodShaped	4017	3.79711	0.5	-19.7892	50.3706	0	0.582164	0.813071	0	4018	None
ChainingRodShaped	3971	3.78838	0.5	20.4813	12.7868	0	0.162705	-0.986675	0	3972	None
ChainingRodShaped	4315	2.39765	0.5	-2.38549	28.3484	0	0.103251	-0.994655	0	4316	None
ChainingRodShaped	3969	4.3509	0.5	33.4052	51.6122	0	-0.287891	0.957663	0	3970	None
ChainingRodShaped	4309	2.52286	0.5	45.7106	14.568	0	0.639299	-0.768959	0	4310	None
ChainingRodShaped	4223	3.36668	0.5	6.5549	45.1018	0	0.688644	-0.7251	0	4224	None
ChainingRodShaped	4171	4.07446	0.5	6.10858	48.3861	0	0.686806	-0.726841	0	None	None
ChainingRodShaped	4285	3.69955	0.5	-32.9099	24.2603	0	-0.843422	0.537252	0	None	None
ChainingRodShaped	3759	4.58658	0.5	15.2175	49.6508	0	0.442928	-0.896557	0	None	None
ChainingRodShaped	3873	4.83472	0.5	58.9871	45.3172	0	0.641041	-0.767507	0	3874	None
ChainingRodShaped	4105	4.30288	0.5	30.6806	44.7242	0	0.926825	-0.375493	0	None	None
ChainingRodShaped	3937	3.86489	0.5	3.03384	24.0864	0	0.263826	-0.96457	0	None	None
ChainingRodShaped	4063	3.10327	0.5	-18.0498	27.1871	0	-0.19275	-0.981248	0	4064	None
ChainingRodShaped	4101	4.65857	0.5	14.3443	34.0829	0	-0.28435	-0.95872	0	None	None
ChainingRodShaped	4083	4.22338	0.5	-23.3778	41.401	0	-0.161213	0.98692	0	4084	None
ChainingRodShaped	4097	3.96887	0.5	-45.9008	36.2005	0	-0.140248	-0.990116	0	4098	None
ChainingRodShaped	4425	2.34183	0.5	-17.5416	34.8227	0	-0.148994	-0.988838	0	4426	None
ChainingRodShaped	4371	2.3332	0.5	-16.2457	13.5085	0	-0.503432	-0.864035	0	4372	None
ChainingRodShaped	3967	4.78913	0.5	-40.1918	67.3024	0	-0.230601	0.973049	0	3968	None
ChainingRodShaped	3947	4.61167	0.5	26.6767	39.2525	0	-0.644483	0.764619	0	None	None
ChainingRodShaped	4025	3.07909	0.5	-13.7654	19.8213	0	-0.438316	-0.898821	0	4026	None
ChainingRodShaped	4049	4.53079	0.5	13.9221	23.9355	0	0.270296	-0.962777	0	None	None
ChainingRodShaped	4263	3.56801	0.5	29.2549	50.5576	0	0.663197	-0.748445	0	None	None
ChainingRodShaped	4149	3.29053	0.5	17.2269	42.115	0	0.230387	-0.973099	0	None	None
ChainingRodShaped	4167	2.99322	0.5	-13.9281	32.7686	0	0.096275	0.995355	0	4168	None
ChainingRodShaped	4003	3.86999	0.5	1.33565	37.238	0	-0.841526	-0.540217	0	4004	None
ChainingRodShaped	4205	3.62711	0.5	-44.019	25.629	0	-0.976331	-0.216281	0	4206	None
ChainingRodShaped	4273	2.72419	0.5	20.5719	54.5002	0	-0.999854	-0.0170876	0	4274	None
ChainingRodShaped	4423	2.30362	0.5	-10.202	9.27195	0	0.884186	-0.467134	0	None	None
ChainingRodShaped	3929	3.69175	0.5	-24.3616	38.745	0	-0.225407	0.974265	0	3930	None
ChainingRodShaped	4435	2.38801	0.5	-31.4595	36.1551	0	-0.328353	-0.944555	0	4436	None
ChainingRodShaped	3897	4.09393	0.5	28.1802	30.4286	0	-0.208985	-0.977919	0	None	None
ChainingRodShaped	4141	3.21927	0.5	-18.1482	48.8009	0	-0.266492	0.963837	0	None	None
ChainingRodShaped	4201	4.0002	0.5	13.6853	13.2061	0	-0.863939	-0.503597	0	None	None
ChainingRodShaped	4161	3.37178	0.5	-14.045	13.0506	0	-0.982028	-0.188733	0	4162	None
ChainingRodShaped	4455	2.35886	0.5	-17.3732	54.5808	0	-0.131736	0.991285	0	None	None
ChainingRodShaped	4193	3.02959	0.5	30.1425	30.0652	0	0.206169	0.978516	0	4194	None
ChainingRodShaped	4387	2.41385	0.5	-36.0775	54.4856	0	-0.312802	0.949818	0	None	None
ChainingRodShaped	4091	4.28441	0.5	-4.05048	9.74633	0	0.853327	0.521376	0	None	None
ChainingRodShaped	4509	2.15395	0.5	-2.55816	40.1613	0	-0.0806954	0.996739	0	None	None
ChainingRodShaped	4453	2.22963	0.5	33.7464	43.6294	0	0.272763	-0.962081	0	None	None
ChainingRodShaped	4265	3.43886	0.5	31.5827	46.7863	0	0.353361	-0.935487	0	None	None
ChainingRodShaped	3777	4.60648	0.5	2.34253	32.5327	0	-0.706549	0.707664	0	3778	None
ChainingRodShaped	4303	3.10951	0.5	0.801356	40.433	0	0.861215	0.508241	0	None	None
ChainingRodShaped	4323	3.2853	0.5	-1.83597	45.4015	0	0.290006	-0.957025	0	None	None
ChainingRodShaped	4287	2.91352	0.5	9.40483	25.4544	0	-0.707501	0.706713	0	4288	3778
ChainingRodShaped	4493	2.13217	0.5	26.4659	51.5445	0	0.913196	-0.407521	0	None	None
ChainingRodShaped	3745	4.84493	0.5	34.7395	43.6791	0	0.278373	-0.960473	0	None	None
ChainingRodShaped	3871	4.30007	0.5	-1.4653	38.7814	0	-0.0765226	0.997068	0	None	None
ChainingRodShaped	4333	2.87336	0.5	0.959021	14.1215	0	0.996922	0.0784038	0	None	None
ChainingRodShaped	4301	3.6088	0.5	-29.7225	44.1415	0	-0.332716	-0.943027	0	None	None
ChainingRodShaped	4485	2.14921	0.5	25.7491	10.0625	0	0.205429	0.978672	0	4486	4338
ChainingRodShaped	3983	4.22368	0.5	-20.382	53.0414	0	0.75203	0.659129	0	None	None
ChainingRodShaped	4137	3.4209	0.5	3.89976	15.2812	0	-0.999128	-0.0417424	0	4138	4120
ChainingRodShaped	3899	4.11608	0.5	15.478	13.0998	0	-0.863525	-0.504307	0	None	None
ChainingRodShaped	3965	4.32991	0.5	-20.5121	43.5167	0	-0.364067	0.931373	0	None	None
ChainingRodShaped	3841	4.14561	0.5	33.4662	30.9222	0	0.634975	-0.772532	0	None	None
ChainingRodShaped	3805	4.87483	0.5	-27.3183	47.9496	0	-0.334944	-0.942238	0	4177	3866
ChainingRodShaped	3741	4.69857	0.5	-20.8858	23.4521	0	-0.217119	0.976145	0	3742	4526
ChainingRodShaped	4107	4.62844	0.5	-18.9957	10.8921	0	0.621864	-0.783125	0	None	None
ChainingRodShaped	4381	2.4271	0.5	35.153	54.6268	0	-0.999962	0.00875465	0	4382	4360
ChainingRodShaped	3845	4.54769	0.5	-30.8731	28.5923	0	-0.97432	-0.225169	0	3846	3800
ChainingRodShaped	3675	4.59922	0.5	9.15416	42.2507	0	-0.841921	-0.539601	0	3676	4004
ChainingRodShaped	4059	4.175	0.5	-14.7687	24.3272	0	0.103225	0.994658	0	4060	4168
ChainingRodShaped	4095	4.40521	0.5	16.9855	48.2292	0	0.446049	-0.895008	0	None	None
ChainingRodShaped	3847	4.73316	0.5	23.397	56.7836	0	-0.840451	-0.541888	0	None	None
ChainingRodShaped	3963	4.59792	0.5	11.9688	26.5029	0	0.340741	-0.940157	0	None	None
ChainingRodShaped	4117	3.50979	0.5	-7.66738	34.3384	0	-0.297644	-0.954677	0	4118	4506
ChainingRodShaped	3767	4.73858	0.5	33.9011	39.292	0	-0.670449	0.741956	0	None	None
ChainingRodShaped	4233	2.77746	0.5	-35.1598	45.6736	0	-0.218761	0.975778	0	4234	3860
ChainingRodShaped	3655	4.77827	0.5	-8.62298	28.0668	0	-0.424436	-0.905458	0	4277	4170
ChainingRodShaped	3875	3.87796	0.5	-15.5995	49.7742	0	-0.103992	-0.994578	0	4385	4258
ChainingRodShaped	3807	4.61444	0.5	-42.6379	59.2156	0	-0.141185	-0.989983	0	3808	4462
ChainingRodShaped	4087	3.8038	0.5	-20.4728	26.1484	0	-0.213375	0.97697	0	4088	3714
ChainingRodShaped	3905	4.43309	0.5	13.3938	40.2367	0	-0.792417	0.609979	0	None	None
ChainingRodShaped	3975	4.12122	0.5	-14.4658	45.6414	0	-0.196765	-0.980451	0	3976	4124
ChainingRodShaped	4415	2.46786	0.5	4.60462	22.4544	0	-0.203547	-0.979065	0	None	None
ChainingRodShaped	4321	3.27649	0.5	27.2536	45.0289	0	-0.930083	0.36735	0	None	None
ChainingRodShaped	4227	2.89323	0.5	46.8208	59.6308	0	0.658866	-0.752261	0	4228	4002
ChainingRodShaped	3809	4.66004	0.5	12.9145	49.6863	0	0.573426	-0.819257	0	None	None
ChainingRodShaped	4053	4.15367	0.5	-24.3221	22.0408	0	-0.465124	-0.885246	0	None	None
ChainingRodShaped	4151	4.87211	0.5	6.2491	56.3616	0	0.422359	-0.906429	0	None	None
ChainingRodShaped	3795	4.09536	0.5	-7.01925	59.4914	0	0.67894	-0.734193	0	4313	4428
ChainingRodShaped	4341	2.64241	0.5	33.306	29.5576	0	0.635973	-0.771711	0	4342	4522
ChainingRodShaped	3659	4.6896	0.5	39.6696	29.802	0	-0.270004	0.962859	0	4213	3894
ChainingRodShaped	4457	2.30025	0.5	-3.59005	40.6879	0	0.0906621	-0.995882	0	4458	3812
ChainingRodShaped	4093	3.00915	0.5	18.7147	22.2283	0	0.203107	-0.979157	0	4094	3972
ChainingRodShaped	4355	2.32838	0.5	-25.3241	42.5791	0	0.571524	0.820586	0	4356	4018
ChainingRodShaped	4349	2.75997	0.5	20.5973	18.4252	0	0.179704	-0.983721	0	4350	4468
ChainingRodShaped	4043	4.65932	0.5	4.39606	43.6847	0	0.963156	-0.268943	0	None	None
ChainingRodShaped	4275	3.68447	0.5	-40.562	38.6637	0	-0.669081	0.743189	0	None	None
ChainingRodShaped	3981	3.72098	0.5	25.088	25.6757	0	0.873626	-0.486599	0	None	None
ChainingRodShaped	4379	2.3787	0.5	-13.3636	24.1688	0	0.0145837	-0.999894	0	None	None
ChainingRodShaped	4111	4.21173	0.5	-7.69609	37.7438	0	-0.27011	-0.962829	0	None	None
ChainingRodShaped	4129	4.11355	0.5	-39.2466	46.0423	0	0.20547	-0.978663	0	4130	4500
ChainingRodShaped	4079	3.67489	0.5	9.9549	19.118	0	-0.980549	0.196277	0	4080	3910
ChainingRodShaped	4475	2.15869	0.5	19.7134	35.4549	0	0.682966	-0.73045	0	4476	4062
ChainingRodShaped	4207	2.79217	0.5	45.5343	43.8459	0	-0.471686	-0.881767	0	4208	3666
ChainingRodShaped	4145	3.16984	0.5	-6.09094	23.3368	0	-0.978121	0.208038	0	None	None
ChainingRodShaped	4051	4.34883	0.5	-9.41803	49.0439	0	-0.988214	-0.15308	0	None	None
ChainingRodShaped	4533	2.01908	0.5	20.8926	37.9023	0	0.124704	-0.992194	0	None	None
ChainingRodShaped	3987	3.72362	0.5	7.73894	30.8768	0	-0.0125177	-0.999922	0	None	None
ChainingRodShaped	3827	4.11879	0.5	-25.4739	18.3301	0	-0.841282	0.540596	0	4451	3946
ChainingRodShaped	4229	3.22107	0.5	11.5221	47.3425	0	0.983635	-0.180172	0	None	None
ChainingRodShaped	4269	3.21803	0.5	-35.7189	43.5988	0	-0.217351	0.976094	0	4270	3730
ChainingRodShaped	4109	3.58734	0.5	-16.8065	28.4007	0	-0.200893	-0.979613	0	None	None
ChainingRodShaped	3707	4.85599	0.5	5.76808	27.7244	0	0.7031	-0.711091	0	None	None
ChainingRodShaped	4195	3.13327	0.5	9.33333	27.667	0	0.414998	-0.909822	0	None	None
ChainingRodShaped	4009	4.47949	0.5	-20.8386	51.3302	0	0.752583	0.658498	0	None	None
ChainingRodShaped	4363	2.81707	0.5	3.36171	13.6398	0	0.877396	0.479767	0	None	None
ChainingRodShaped	4329	2.96093	0.5	-22.0779	39.5761	0	-0.163941	0.98647	0	None	None
ChainingRodShaped	3883	4.69242	0.5	24.5272	43.6943	0	0.109239	0.994016	0	None	None
ChainingRodShaped	4085	4.39276	0.5	13.1196	51.0705	0	0.565204	-0.824951	0	None	None
ChainingRodShaped	4235	3.44727	0.5	6.35718	32.6927	0	0.243338	-0.969942	0	None	None
ChainingRodShaped	4183	4.61269	0.5	-24.1359	51.3282	0	0.292889	0.956146	0	None	None
ChainingRodShaped	4157	2.9699	0.5	15.4231	55.9485	0	-0.0312153	-0.999513	0	None	None
ChainingRodShaped	4375	2.42568	0.5	-23.9424	27.6098	0	0.972671	-0.232188	0	None	None
ChainingRodShaped	4513	2.08468	0.5	-12.6754	40.0917	0	0.272002	-0.962297	0	None	None
ChainingRodShaped	3925	4.36453	0.5	22.7747	38.345	0	0.135411	-0.990789	0	None	None
ChainingRodShaped	4481	2.26373	0.5	12.2553	48.9648	0	0.581585	-0.813486	0	None	None
ChainingRodShaped	4459	2.34773	0.5	27.0107	32.3394	0	0.269144	-0.9631	0	None	None
ChainingRodShaped	3783	4.58238	0.5	-8.64939	51.3817	0	-0.948925	-0.315501	0	None	None
ChainingRodShaped	4253	3.79005	0.5	8.8112	49.8915	0	0.712487	-0.701685	0	None	None
ChainingRodShaped	4401	2.79552	0.5	26.3323	43.4341	0	-0.518728	0.854939	0	None	None
ChainingRodShaped	4165	3.83444	0.5	4.83256	45.5355	0	0.696509	-0.717548	0	None	None
ChainingRodShaped	4163	4.57683	0.5	-11.166	31.8151	0	-0.081213	-0.996697	0	None	None
ChainingRodShaped	4219	4.152	0.5	26.254	58.912	0	-0.984693	0.1743	0	None	None
ChainingRodShaped	4181	4.1787	0.5	-40.4973	37.0584	0	-0.709812	0.704391	0	None	None
ChainingRodShaped	4279	3.58538	0.5	18.6197	40.2704	0	0.159923	-0.98713	0	None	None
ChainingRodShaped	3961	4.56315	0.5	-6.89166	25.7267	0	-0.728028	-0.685547	0	None	None
ChainingRodShaped	4433	2.42727	0.5	34.6812	50.8128	0	-0.286491	0.958083	0	None	None
ChainingRodShaped	4515	2.05329	0.5	18.149	48.4522	0	0.279353	-0.960188	0	None	None
ChainingRodShaped	3743	4.91934	0.5	-12.1723	31.0233	0	-0.08162	-0.996664	0	None	None
ChainingRodShaped	4047	4.50864	0.5	-31.2083	51.1583	0	-0.936375	-0.351	0	None	None
ChainingRodShaped	4399	2.73895	0.5	19.6975	39.5125	0	0.150033	-0.988681	0	None	None
ChainingRodShaped	4123	3.17012	0.5	-16.3156	36.103	0	-0.186689	-0.982419	0	4124	4064
ChainingRodShaped	4001	3.61605	0.5	52.5146	53.0294	0	0.646411	-0.762989	0	4002	3874
ChainingRodShaped	4411	2.54889	0.5	-37.797	57.1606	0	-0.22795	0.973673	0	4412	3968
ChainingRodShaped	4245	3.83233	0.5	-36.2462	36.8056	0	0.212884	-0.977077	0	None	None
ChainingRodShaped	4343	2.88629	0.5	-44.7316	44.4571	0	-0.140171	-0.990127	0	4344	4098
ChainingRodShaped	4367	2.62653	0.5	11.5836	30.6229	0	-0.603439	-0.797409	0	None	None
ChainingRodShaped	3921	4.39716	0.5	12.5205	15.3038	0	-0.999586	0.0287869	0	3922	4138
ChainingRodShaped	4465	2.29515	0.5	24.4651	50.2337	0	0.93459	-0.355726	0	None	None
ChainingRodShaped	4249	2.57372	0.5	-32.1851	32.641	0	0.572097	0.820186	0	4250	3892
ChainingRodShaped	4169	3.39213	0.5	-12.5742	20.0654	0	-0.466768	-0.88438	0	4170	4372
ChainingRodShaped	4071	3.8341	0.5	17.6377	31.7767	0	0.241427	-0.970419	0	4072	3882
ChainingRodShaped	4185	3.56701	0.5	33.332	32.6832	0	-0.664532	0.747259	0	None	None
ChainingRodShaped	3909	3.54316	0.5	1.01285	20.9017	0	-0.980729	0.195373	0	3910	3954
ChainingRodShaped	4069	2.92874	0.5	-14.5856	61.1839	0	-0.0748979	-0.997191	0	4070	4386
ChainingRodShaped	4463	2.15817	0.5	41.4237	19.7295	0	0.638173	-0.769893	0	4464	4310
ChainingRodShaped	3801	4.6438	0.5	36.3156	38.1662	0	-0.270527	0.962712	0	None	None
ChainingRodShaped	3863	4.70335	0.5	43.1847	54.4877	0	-0.999743	0.0226549	0	3864	4382
ChainingRodShaped	3991	4.57705	0.5	-19.4169	43.4371	0	-0.362671	0.931917	0	None	None
ChainingRodShaped	4175	3.04692	0.5	6.31357	18.8335	0	0.980795	-0.19504	0	None	None
ChainingRodShaped	4347	3.14773	0.5	10.6018	49.5939	0	0.590001	-0.807402	0	None	None
ChainingRodShaped	4529	2.00851	0.5	28.591	22.9202	0	0.218482	0.975841	0	4530	4194
ChainingRodShaped	3775	4.45025	0.5	-11.3721	18.4242	0	-0.101131	-0.994873	0	None	None
ChainingRodShaped	3626	4.48408	0.5	16.7022	31.4567	0	0.218699	-0.975792	0	None	4094
ChainingRodShaped	4525	2.01711	0.5	-22.5004	30.6583	0	-0.221712	0.975112	0	4526	3930
ChainingRodShaped	4357	2.30832	0.5	36.1564	42.3309	0	-0.277469	0.960735	0	4358	3970
ChainingRodShaped	3911	3.32378	0.5	0.691206	51.2655	0	0.688657	-0.725087	0	4427	4224
ChainingRodShaped	4261	3.39713	0.5	-0.568322	22.8077	0	0.857243	-0.514911	0	None	None
ChainingRodShaped	4339	2.59539	0.5	-1.02043	34.3772	0	-0.0969214	0.995292	0	None	None
ChainingRodShaped	4395	2.33692	0.5	-26.2413	22.8356	0	0.626846	-0.779144	0	None	None
ChainingRodShaped	4449	2.40015	0.5	6.20313	36.5175	0	0.124387	0.992234	0	None	None
ChainingRodShaped	4317	3.10614	0.5	10.4345	44.2191	0	-0.841926	-0.539592	0	None	None
ChainingRodShaped	4131	3.9607	0.5	28.2597	35.6887	0	0.633782	-0.773512	0	4132	4342
ChainingRodShaped	4505	2.12832	0.5	-9.99913	27.8927	0	-0.391157	-0.920324	0	4506	4026
ChainingRodShaped	4267	2.97453	0.5	-27.5393	50.2925	0	-0.333936	-0.942596	0	None	None
ChainingRodShaped	4215	2.78185	0.5	24.9162	24.643	0	0.87153	-0.490342	0	None	None
ChainingRodShaped	4511	2.12363	0.5	0.262162	26.5722	0	0.30752	-0.951541	0	None	None
ChainingRodShaped	4255	2.8778	0.5	20.7373	30.5069	0	-0.941693	0.336474	0	None	None
ChainingRodShaped	4277	3.04424	0.5	-6.56019	32.5195	0	-0.414704	-0.909956	0	4278	3655
ChainingRodShaped	3941	3.361	0.5	21.9571	8.01542	0	0.0782857	-0.996931	0	4467	3986
ChainingRodShaped	4213	3.05137	0.5	40.9889	25.1192	0	-0.272783	0.962075	0	4214	3659
ChainingRodShaped	3662	4.3331	0.5	-18.3402	16.6463	0	-0.2218	0.975092	0	None	4088
ChainingRodShaped	4473	2.19683	0.5	8.52761	40.6707	0	-0.831237	-0.555918	0	None	None
ChainingRodShaped	3666	4.66781	0.5	43.3231	39.6728	0	-0.465883	-0.884846	0	4207	3665
ChainingRodShaped	4119	4.02157	0.5	-5.73695	14.4237	0	-0.991179	-0.132532	0	4120	4162
ChainingRodShaped	3869	4.77251	0.5	-6.65376	47.877	0	0.26573	0.964047	0	None	None
ChainingRodShaped	4365	2.86695	0.5	24.8489	26.9322	0	0.872075	-0.489373	0	None	None
ChainingRodShaped	4013	4.50109	0.5	-12.5106	55.0413	0	-0.208561	-0.978009	0	4014	3976
ChainingRodShaped	3676	4.85981	0.5	13.9825	45.3325	0	-0.843803	-0.536653	0	None	3675
ChainingRodShaped	4115	3.2628	0.5	0.0412034	49.727	0	0.930897	-0.365283	0	None	None
ChainingRodShaped	4203	3.66208	0.5	14.9941	19.9087	0	-0.71173	0.702453	0	4204	4288
ChainingRodShaped	4153	3.33061	0.5	-19.3862	25.8173	0	0.211665	-0.977342	0	None	None
ChainingRodShaped	3684	4.998	0.5	-19.796	37.821	0	-0.163726	0.986506	0	None	None
ChainingRodShaped	4237	3.50622	0.5	-18.5914	34.1121	0	0.134776	0.990876	0	None	None
ChainingRodShaped	4503	2.24775	0.5	21.9541	37.2048	0	0.126057	-0.992023	0	None	None
ChainingRodShaped	4241	2.71702	0.5	24.4592	3.65168	0	0.190115	0.981762	0	4242	4486
ChainingRodShaped	4231	3.76964	0.5	16.4784	51.8354	0	0.340158	-0.940368	0	None	None
ChainingRodShaped	4251	3.6597	0.5	-10.0308	36.7099	0	-0.267889	-0.96345	0	None	None
ChainingRodShaped	4073	3.4749	0.5	10.5221	33.2422	0	0.31285	-0.949803	0	None	None
ChainingRodShaped	3997	4.03276	0.5	-2.94496	44.2326	0	0.080746	-0.996735	0	None	None
ChainingRodShaped	4345	2.52945	0.5	11.479	59.7814	0	0.564556	0.825395	0	None	None
ChainingRodShaped	4259	3.02771	0.5	25.3236	47.8568	0	-0.936246	0.351346	0	None	None
ChainingRodShaped	4055	3.89375	0.5	2.58641	43.1792	0	0.963914	-0.266213	0	None	None
ChainingRodShaped	3706	4.31199	0.5	-33.8061	34.7886	0	-0.208398	0.978044	0	None	4270
ChainingRodShaped	4289	3.47195	0.5	4.73935	26.8521	0	0.836865	-0.547409	0	None	None
ChainingRodShaped	4489	2.17415	0.5	-23.3669	26.3697	0	0.951737	-0.306916	0	None	None
ChainingRodShaped	4393	2.36043	0.5	27.7324	43.0281	0	-0.523714	0.851894	0	None	None
ChainingRodShaped	3714	4.67618	0.5	-21.5437	31.2617	0	-0.197674	0.980268	0	4087	4084
ChainingRodShaped	4351	2.77469	0.5	-7.54881	12.182	0	0.988612	0.150489	0	None	None
ChainingRodShaped	4191	4.11687	0.5	23.8353	34.8782	0	-0.161801	-0.986823	0	None	None
ChainingRodShaped	4037	4.35525	0.5	-4.04849	11.6487	0	0.99296	0.11845	0	None	None
ChainingRodShaped	4517	2.07486	0.5	-16.4079	18.2896	0	-0.106857	-0.994274	0	None	None
ChainingRodShaped	4133	4.45661	0.5	0.818528	54.8306	0	0.999246	-0.0388358	0	None	None
ChainingRodShaped	3726	4.96885	0.5	-35.4577	37.8007	0	0.21067	-0.977557	0	None	None
ChainingRodShaped	4225	3.78812	0.5	-10.3221	39.323	0	-0.272141	-0.962257	0	None	None
ChainingRodShaped	3730	4.6531	0.5	-36.8049	48.4095	0	-0.222322	0.974973	0	4269	4128
ChainingRodShaped	4187	3.10622	0.5	0.521641	38.4808	0	-0.60103	-0.799227	0	None	None
ChainingRodShaped	4299	3.25216	0.5	-26.2135	48.1152	0	0.331812	0.943346	0	None	None
ChainingRodShaped	4397	2.57914	0.5	41.3179	65.8769	0	0.662335	-0.749208	0	4398	4228
ChainingRodShaped	4015	3.74699	0.5	32.5535	36.2011	0	-0.819591	0.572948	0	None	None
ChainingRodShaped	4431	2.6312	0.5	-9.7302	34.1768	0	-0.313125	-0.949712	0	None	None
ChainingRodShaped	3742	4.51959	0.5	-19.6655	17.9791	0	-0.218162	0.975912	0	None	3741
ChainingRodShaped	4005	3.6119	0.5	-12.8365	36.3945	0	-0.0143248	-0.999897	0	None	None
ChainingRodShaped	4077	3.75791	0.5	33.1864	48.7204	0	0.253772	-0.967264	0	None	None
ChainingRodShaped	4437	2.23286	0.5	24.3808	55.5464	0	-0.999862	-0.0166341	0	None	None
ChainingRodShaped	4007	3.43024	0.5	24.3664	49.2425	0	-0.938101	0.346363	0	None	None
ChainingRodShaped	3752	4.79108	0.5	-5.35714	43.0173	0	-0.227306	-0.973823	0	None	4118
ChainingRodShaped	3973	3.58469	0.5	1.15419	48.2479	0	0.930804	-0.365518	0	None	None
ChainingRodShaped	4281	3.04836	0.5	18.9678	50.2143	0	0.0843977	-0.996432	0	None	None
ChainingRodShaped	4319	2.54406	0.5	-33.6029	38.5585	0	-0.208506	0.978021	0	4320	4234
ChainingRodShaped	4099	3.81637	0.5	13.4416	54.2416	0	0.00099311	-1	0	None	None
ChainingRodShaped	4443	2.25108	0.5	-40.9046	54.0294	0	0.201046	-0.979582	0	4444	4130
ChainingRodShaped	4369	2.65287	0.5	11.493	55.1891	0	0.0136054	-0.999907	0	None	None
ChainingRodShaped	3766	4.86903	0.5	-4.31422	48.3715	0	0.0989461	-0.995093	0	None	4458
ChainingRodShaped	4477	2.32058	0.5	36.043	35.4634	0	-0.259478	0.965749	0	None	None
ChainingRodShaped	4283	3.32061	0.5	-22.3502	14.0037	0	-0.55678	0.83066	0	None	None
ChainingRodShaped	4089	3.9652	0.5	14.2579	28.8224	0	-0.116872	-0.993147	0	None	None
ChainingRodShaped	4033	3.39223	0.5	9.35813	12.4977	0	0.953296	-0.302037	0	None	None
ChainingRodShaped	4495	2.19427	0.5	-7.55321	18.8059	0	0.755027	-0.655694	0	None	None
ChainingRodShaped	3778	4.24593	0.5	6.17225	28.6928	0	-0.705754	0.708457	0	4287	3777
ChainingRodShaped	3780	4.69546	0.5	14.4946	57.6519	0	-0.0324371	-0.999474	0	None	None
ChainingRodShaped	4297	3.53938	0.5	7.87565	49.4343	0	0.707623	-0.70659	0	None	None
ChainingRodShaped	4135	3.91188	0.5	-7.87404	50.5999	0	-0.949478	-0.313834	0	None	None
ChainingRodShaped	4147	4.6068	0.5	-19.0437	45.2179	0	-0.360204	0.932874	0	None	None
ChainingRodShaped	3788	4.37989	0.5	3.11392	58.3901	0	0.432476	-0.901646	0	None	None
ChainingRodShaped	4291	2.6737	0.5	-32.9534	48.4998	0	-0.654914	0.755703	0	None	None
ChainingRodShaped	4419	2.28526	0.5	20.8868	53.1951	0	0.961337	-0.275374	0	None	None
ChainingRodShaped	4293	3.6812	0.5	-15.1838	36.6965	0	-0.217288	-0.976108	0	None	None
ChainingRodShaped	4313	2.4048	0.5	-9.89478	62.611	0	0.676026	-0.736878	0	4314	3795
ChainingRodShaped	4159	4.0371	0.5	-40.381	34.9251	0	-0.539956	0.841693	0	None	None
ChainingRodShaped	3800	3.83126	0.5	-35.9284	27.4356	0	-0.975391	-0.220484	0	3845	4206
ChainingRodShaped	3802	4.76122	0.5	37.8119	32.6767	0	-0.25601	0.966674	0	None	None
ChainingRodShaped	4057	3.50737	0.5	1.78327	18.7928	0	0.731311	-0.682044	0	None	None
ChainingRodShaped	4177	2.68618	0.5	-25.7142	52.4512	0	-0.336729	-0.941602	0	4178	3805
ChainingRodShaped	3808	4.21611	0.5	-41.8728	64.5745	0	-0.141511	-0.989937	0	None	3807
ChainingRodShaped	4373	2.81541	0.5	10.5415	53.7106	0	0.333865	-0.942621	0	None	None
ChainingRodShaped	3812	4.27563	0.5	-3.19169	36.4281	0	0.0946862	-0.995507	0	4457	4316
ChainingRodShaped	4243	3.31447	0.5	8.28464	54.199	0	0.312376	-0.949959	0	None	None
ChainingRodShaped	3816	4.99496	0.5	49.6077	51.3431	0	-0.481252	-0.876582	0	None	4208
ChainingRodShaped	4143	4.37196	0.5	9.38614	37.0388	0	-0.189213	-0.981936	0	None	None
ChainingRodShaped	3820	4.68388	0.5	21.6535	24.5634	0	0.719773	-0.69421	0	None	None
ChainingRodShaped	4445	2.4916	0.5	20.8392	56.6199	0	-0.416924	-0.908941	0	None	None
ChainingRodShaped	4507	2.14191	0.5	0.0538195	24.7375	0	0.851695	-0.524037	0	None	None
ChainingRodShaped	4469	2.39055	0.5	-27.4555	22.7534	0	0.625966	-0.779851	0	None	None
ChainingRodShaped	4451	2.26663	0.5	-21.9563	16.0614	0	-0.838935	0.544231	0	4452	3827
ChainingRodShaped	4257	2.7786	0.5	-16.5497	41.7238	0	-0.132449	-0.99119	0	4258	4426
ChainingRodShaped	3832	4.98471	0.5	11.8051	37.9268	0	0.0959052	-0.99539	0	None	None
ChainingRodShaped	4247	3.51416	0.5	-26.1517	25.9769	0	0.984619	-0.174718	0	None	None
ChainingRodShaped	4441	2.58653	0.5	5.3581	50.5812	0	0.694675	-0.719324	0	None	None
ChainingRodShaped	4217	4.04013	0.5	30.8193	50.2746	0	0.662379	-0.749169	0	None	None
ChainingRodShaped	4383	2.90733	0.5	-4.09003	25.0485	0	0.82601	-0.563656	0	None	None
ChainingRodShaped	3842	4.39616	0.5	30.1029	34.9686	0	0.639763	-0.768572	0	None	None
ChainingRodShaped	4331	2.84938	0.5	27.0502	49.8	0	0.764137	-0.645054	0	None	None
ChainingRodShaped	3846	4.38126	0.5	-25.5535	29.8236	0	-0.974175	-0.225794	0	None	3845
ChainingRodShaped	4155	4.79024	0.5	27.2439	56.5672	0	-0.999967	-0.00810873	0	None	None
ChainingRodShaped	3850	3.62518	0.5	14.9449	40.5361	0	0.686543	-0.727089	0	None	4476
ChainingRodShaped	4271	2.6643	0.5	-8.11156	25.939	0	-0.727602	-0.685999	0	None	None
ChainingRodShaped	4461	2.29121	0.5	-43.702	51.7291	0	-0.140252	-0.990116	0	4462	4344
ChainingRodShaped	4359	2.36383	0.5	28.0429	54.6137	0	-0.999939	-0.0109999	0	4360	4274
ChainingRodShaped	4521	2.05762	0.5	37.3549	24.6488	0	0.636704	-0.771108	0	4522	4464
ChainingRodShaped	3860	3.70547	0.5	-36.0951	49.8009	0	-0.222799	0.974864	0	4233	4412
ChainingRodShaped	4199	3.87114	0.5	-13.0689	31.6754	0	-0.0879117	-0.996128	0	None	None
ChainingRodShaped	3864	3.73418	0.5	48.3923	54.3647	0	-0.999695	0.0247143	0	None	3863
ChainingRodShaped	3866	3.58478	0.5	-29.0613	43.021	0	-0.331476	-0.943464	0	3805	4436
ChainingRodShaped	4211	3.63828	0.5	20.9184	48.6045	0	-0.349535	-0.936923	0	None	None
ChainingRodShaped	4197	3.927	0.5	-5.62246	47.0185	0	0.14011	0.990136	0	None	None
ChainingRodShaped	4179	4.33439	0.5	1.70813	36.3491	0	-0.8393	-0.543668	0	None	None
ChainingRodShaped	3874	3.84672	0.5	55.5615	49.4126	0	0.642304	-0.76645	0	4001	3873
ChainingRodShaped	4385	2.56888	0.5	-15.1825	53.9722	0	-0.0918918	-0.995769	0	4386	3875
ChainingRodShaped	4337	2.56575	0.5	27.2148	16.7987	0	0.218249	0.975893	0	4338	4530
ChainingRodShaped	4335	3.15914	0.5	-30.0504	48.9002	0	0.101367	-0.994849	0	None	None
ChainingRodShaped	3882	4.93125	0.5	18.8825	26.563	0	0.224732	-0.974421	0	4071	4350
ChainingRodShaped	4239	3.25411	0.5	26.2788	41.6258	0	-0.520227	0.854028	0	None	None
ChainingRodShaped	4173	3.38327	0.5	-1.88523	33.1936	0	-0.100526	0.994934	0	None	None
ChainingRodShaped	4209	3.50063	0.5	-11.6338	46.6556	0	-0.980733	-0.195354	0	None	None
ChainingRodShaped	4189	3.95317	0.5	5.04724	48.1064	0	0.689041	-0.724722	0	None	None
ChainingRodShaped	3892	4.1035	0.5	-29.721	36.2041	0	0.566577	0.824009	0	4249	4356
ChainingRodShaped	3894	3.93543	0.5	38.2448	34.9141	0	-0.266849	0.963738	0	3659	4358
ChainingRodShaped	3896	4.56728	0.5	2.8674	26.8965	0	0.838334	-0.545157	0	None	None
ChainingRodShaped	3898	4.04431	0.5	27.5843	34.9593	0	0.629999	-0.776596	0	None	None
ChainingRodShaped	3900	3.93115	0.5	10.497	17.7317	0	0.997901	-0.064751	0	None	None
ChainingRodShaped	4519	2.08263	0.5	-17.6323	51.3543	0	-0.092153	0.995745	0	None	None
ChainingRodShaped	4499	2.14829	0.5	-37.7295	38.9468	0	0.213807	-0.976876	0	4500	4410
ChainingRodShaped	4391	2.66281	0.5	13.5816	42.8564	0	-0.851031	-0.525116	0	None	None
ChainingRodShaped	4491	2.17525	0.5	36.245	49.0541	0	-0.284099	0.958795	0	None	None
ChainingRodShaped	3910	3.51385	0.5	5.45169	20.0174	0	-0.980719	0.195422	0	4079	3909
ChainingRodShaped	4427	2.22353	0.5	-1.89749	54	0	0.685949	-0.72765	0	4428	3911
ChainingRodShaped	3914	3.99917	0.5	-36.629	43.1551	0	0.219086	-0.975706	0	None	None
ChainingRodShaped	4479	2.33629	0.5	-6.12384	13.3837	0	0.991111	0.13304	0	None	None
ChainingRodShaped	3918	4.83233	0.5	6.47213	60.0946	0	0.999585	-0.0288014	0	None	None
ChainingRodShaped	4353	2.50572	0.5	26.4454	59.8873	0	-0.984692	0.174303	0	None	None
ChainingRodShaped	3922	3.6449	0.5	17.5044	15.126	0	-0.999063	0.0432685	0	None	3921
ChainingRodShaped	4311	2.84022	0.5	-10.6346	44.4236	0	0.216127	-0.976365	0	None	None
ChainingRodShaped	3926	4.19723	0.5	23.0857	43.4718	0	-0.325079	-0.945687	0	None	None
ChainingRodShaped	3928	4.84738	0.5	14.913	44.8066	0	-0.847196	-0.531281	0	None	None
ChainingRodShaped	3930	3.44679	0.5	-23.3338	34.2941	0	-0.224537	0.974466	0	4525	3929
ChainingRodShaped	4327	2.704	0.5	2.42128	35.6626	0	-0.844329	-0.535824	0	None	None
ChainingRodShaped	4377	2.44502	0.5	31.3456	40.6902	0	-0.662988	0.74863	0	None	None
ChainingRodShaped	3936	4.19179	0.5	22.0925	31.4652	0	-0.686024	0.727579	0	None	None
ChainingRodShaped	3938	4.70623	0.5	1.9032	24.4798	0	0.262304	-0.964985	0	None	None
ChainingRodShaped	3940	4.29726	0.5	4.11916	55.3179	0	0.907871	-0.41925	0	None	None
ChainingRodShaped	4467	2.23835	0.5	21.6033	11.7836	0	0.1145	-0.993423	0	4468	3941
ChainingRodShaped	4361	2.85597	0.5	3.00642	33.2453	0	-0.705858	0.708353	0	None	None
ChainingRodShaped	3946	4.1958	0.5	-29.8128	21.108	0	-0.843048	0.537838	0	3827	3945
ChainingRodShaped	4325	3.31254	0.5	30.4611	36.0426	0	-0.647418	0.762135	0	None	None
ChainingRodShaped	4295	2.81583	0.5	-25.9788	43.3488	0	0.576769	0.816907	0	None	None
ChainingRodShaped	4407	2.3524	0.5	29.7561	42.9718	0	-0.930142	0.367201	0	None	None
ChainingRodShaped	3954	3.29732	0.5	-3.31934	21.7679	0	-0.980433	0.196852	0	3909	3953
ChainingRodShaped	3956	4.95196	0.5	-15.5348	29.415	0	-0.231445	-0.972848	0	None	None
ChainingRodShaped	4307	3.34643	0.5	-20.4128	35.6239	0	-0.171513	0.985182	0	None	None
ChainingRodShaped	4471	2.2445	0.5	1.96514	29.3473	0	0.428063	-0.903749	0	None	None
ChainingRodShaped	4305	3.07767	0.5	-5.92638	28.9841	0	-0.321233	-0.947	0	None	None
ChainingRodShaped	4403	2.66594	0.5	12.3922	28.2316	0	0.335705	-0.941967	0	None	None
ChainingRodShaped	4421	2.26459	0.5	-21.2115	42.579	0	-0.368829	0.929497	0	None	None
ChainingRodShaped	3968	4.76341	0.5	-38.8625	61.6856	0	-0.229976	0.973196	0	4411	3967
ChainingRodShaped	3970	4.37195	0.5	34.9364	46.4852	0	-0.284393	0.958708	0	4357	3969
ChainingRodShaped	3972	4.20829	0.5	19.606	17.715	0	0.186364	-0.982481	0	4093	3971
ChainingRodShaped	4439	2.51665	0.5	-1.38653	48.0377	0	-0.104642	0.99451	0	None	None
ChainingRodShaped	3976	3.29902	0.5	-13.5231	50.2512	0	-0.20451	-0.978864	0	4013	3975
ChainingRodShaped	4501	2.14491	0.5	-29.3571	27.9251	0	0.974054	0.226317	0	None	None
ChainingRodShaped	4417	2.59525	0.5	7.21094	42.2389	0	-0.782368	-0.622816	0	None	None
ChainingRodShaped	3982	3.56991	0.5	21.0617	27.9821	0	0.851023	-0.525128	0	None	None
ChainingRodShaped	3984	4.80694	0.5	-23.6119	49.686	0	0.296406	0.955062	0	None	None
ChainingRodShaped	3986	3.48451	0.5	22.2547	3.61337	0	0.0572411	-0.99836	0	3941	3985
ChainingRodShaped	3988	4.76388	0.5	8.18883	36.0579	0	-0.197632	-0.980276	0	None	None
ChainingRodShaped	3990	4.41806	0.5	17.3505	55.5818	0	-0.0417768	-0.999127	0	None	None
ChainingRodShaped	3992	3.93731	0.5	-18.7683	38.7172	0	-0.263308	0.964712	0	None	None
ChainingRodShaped	4447	2.41383	0.5	-0.704371	12.9919	0	0.996572	0.0827344	0	None	None
ChainingRodShaped	3996	4.60802	0.5	-13.7279	12.1179	0	0.982288	0.187376	0	None	None
ChainingRodShaped	3998	3.439	0.5	-3.40996	48.9274	0	0.0949507	-0.995482	0	None	None
ChainingRodShaped	4000	4.20774	0.5	32.071	55.6282	0	-0.999998	-0.00190363	0	None	None
ChainingRodShaped	4002	3.47087	0.5	49.5623	56.4795	0	0.654075	-0.75643	0	4227	4001
ChainingRodShaped	4004	3.05457	0.5	5.09076	39.6464	0	-0.841931	-0.539585	0	3675	4003
ChainingRodShaped	4389	2.56725	0.5	-11.7246	40.3883	0	0.263374	-0.964694	0	None	None
ChainingRodShaped	4008	3.80238	0.5	28.6858	47.6373	0	-0.933815	0.357757	0	None	None
ChainingRodShaped	4010	4.6763	0.5	-23.2424	47.2182	0	0.583354	0.812218	0	None	None
ChainingRodShaped	4483	2.21206	0.5	12.1441	33.5208	0	-0.298797	-0.954317	0	None	None
ChainingRodShaped	4014	4.05363	0.5	-11.4079	60.1997	0	-0.209521	-0.977804	0	None	4013
ChainingRodShaped	4016	3.92881	0.5	35.3079	34.398	0	-0.255398	0.966836	0	None	None
ChainingRodShaped	4018	4.49646	0.5	-22.778	46.1845	0	0.580092	0.814551	0	4355	4017
ChainingRodShaped	4535	2.01061	0.5	-13.8063	9.55052	0	0.904715	-0.426017	0	None	None
ChainingRodShaped	4022	4.35404	0.5	21.3536	47.0329	0	-0.353307	-0.935507	0	None	None
ChainingRodShaped	4024	3.84382	0.5	25.2795	36.5889	0	0.282509	-0.959265	0	None	None
ChainingRodShaped	4026	4.32454	0.5	-11.7409	24.0546	0	-0.425752	-0.90484	0	4505	4025
ChainingRodShaped	4028	3.43985	0.5	-8.34072	52.7475	0	-0.903649	-0.428273	0	None	None
ChainingRodShaped	4030	4.34045	0.5	32.0813	37.7342	0	-0.814682	0.579908	0	None	None
ChainingRodShaped	4487	2.30647	0.5	-34.5375	48.704	0	-0.454005	0.890999	0	None	None
ChainingRodShaped	4034	4.71901	0.5	8.95914	13.6665	0	0.953306	-0.302006	0	None	None
ChainingRodShaped	4036	3.87512	0.5	19.283	58.9177	0	0.997324	0.0731136	0	None	None
ChainingRodShaped	4038	3.575	0.5	-8.95516	10.9532	0	0.987219	0.15937	0	None	None
ChainingRodShaped	4405	2.77994	0.5	22.1666	43.738	0	-0.334525	-0.942387	0	None	None
ChainingRodShaped	4042	3.48196	0.5	-7.72998	41.3907	0	-0.243482	-0.969905	0	None	None
ChainingRodShaped	4537	2.00227	0.5	3.36877	45.037	0	0.9429	-0.333075	0	None	None
ChainingRodShaped	4046	4.07387	0.5	36.802	29.9817	0	-0.634043	0.773297	0	None	None
ChainingRodShaped	4048	4.77	0.5	-29.1926	53.3365	0	-0.877426	-0.479713	0	None	None
ChainingRodShaped	4497	2.23184	0.5	15.0046	26.7153	0	-0.150398	-0.988626	0	None	None
ChainingRodShaped	4052	3.92817	0.5	-8.07664	46.4105	0	0.267594	0.963532	0	None	None
ChainingRodShaped	4054	3.61174	0.5	-24.351	24.6697	0	-0.974533	-0.224244	0	None	None
ChainingRodShaped	4056	4.85076	0.5	0.537475	42.5123	0	0.984562	-0.175039	0	None	None
ChainingRodShaped	4058	4.61398	0.5	-1.46216	19.6814	0	0.877284	-0.479972	0	None	None
ChainingRodShaped	4060	4.46051	0.5	-15.3273	19.0453	0	0.106918	0.994268	0	None	4059
ChainingRodShaped	4062	4.16993	0.5	22.5445	32.422	0	0.681946	-0.731402	0	4475	4061
ChainingRodShaped	4064	3.95313	0.5	-17.1791	31.6281	0	-0.19205	-0.981385	0	4123	4063
ChainingRodShaped	4066	3.79214	0.5	8.96211	55.2737	0	0.315767	-0.948837	0	None	None
ChainingRodShaped	4068	3.79427	0.5	9.77411	30.7679	0	0.0394499	-0.999222	0	None	None
ChainingRodShaped	4070	3.63917	0.5	-14.2733	65.4543	0	-0.07141	-0.997447	0	None	4069
ChainingRodShaped	4072	3.88013	0.5	16.4348	36.4591	0	0.255794	-0.966731	0	None	4071
ChainingRodShaped	4527	2.0166	0.5	11.1103	35.0104	0	0.175331	-0.98451	0	None	None
ChainingRodShaped	4076	4.97866	0.5	-3.62547	30.8225	0	0.101201	-0.994866	0	None	None
ChainingRodShaped	4078	3.81771	0.5	30.5387	52.1801	0	0.633703	-0.773576	0	None	None
ChainingRodShaped	4080	2.83909	0.5	14.1273	18.2816	0	-0.980432	0.196858	0	None	4079
ChainingRodShaped	4082	4.77288	0.5	-9.29649	32.5212	0	-0.322609	-0.946532	0	None	None
ChainingRodShaped	4084	3.88698	0.5	-22.5309	36.4336	0	-0.17565	0.984453	0	3714	4083
ChainingRodShaped	4086	4.05882	0.5	12.469	55.6901	0	0.00398181	-0.999992	0	None	None
ChainingRodShaped	4088	3.69519	0.5	-19.446	21.5248	0	-0.220164	0.975463	0	3662	4087
ChainingRodShaped	4090	3.39691	0.5	15.1508	33.3977	0	-0.281166	-0.959659	0	None	None
ChainingRodShaped	4092	4.79073	0.5	-6.90529	10.2535	0	0.989259	0.146174	0	None	None
ChainingRodShaped	4094	3.71296	0.5	17.8048	26.4854	0	0.213879	-0.97686	0	3626	4093
ChainingRodShaped	4096	3.47278	0.5	15.0068	52.7028	0	0.350129	-0.936702	0	None	None
ChainingRodShaped	4098	2.91741	0.5	-45.2781	40.5974	0	-0.140221	-0.99012	0	4343	4097
ChainingRodShaped	4100	4.08574	0.5	13.5562	59.1749	0	-0.0354891	-0.99937	0	None	None
ChainingRodShaped	4102	3.52647	0.5	13.9127	38.4448	0	0.741956	-0.670448	0	None	None
ChainingRodShaped	4104	4.85643	0.5	-40.3417	32.9215	0	-0.520785	0.853688	0	None	None
ChainingRodShaped	4106	4.20709	0.5	25.8335	46.634	0	0.933321	-0.359042	0	None	None
ChainingRodShaped	4108	4.90913	0.5	-17.1666	13.8097	0	-0.488501	-0.872563	0	None	None
ChainingRodShaped	4110	3.82746	0.5	-15.4701	32.9405	0	-0.428393	-0.903592	0	None	None
ChainingRodShaped	4112	3.49636	0.5	-6.48886	42.4152	0	-0.231241	-0.972896	0	None	None
ChainingRodShaped	4523	2.04166	0.5	19.8008	36.7956	0	-0.67853	0.734573	0	None	None
ChainingRodShaped	4116	4.57493	0.5	-3.67494	52.6294	0	0.987358	-0.158509	0	None	None
ChainingRodShaped	4118	2.85454	0.5	-6.50593	38.3438	0	-0.256331	-0.966589	0	3752	4117
ChainingRodShaped	4120	4.03274	0.5	-0.778432	14.972	0	-0.996191	-0.0872028	0	4137	4119
ChainingRodShaped	4531	2.01507	0.5	-17.6761	21.2115	0	-0.474307	-0.88036	0	None	None
ChainingRodShaped	4124	4.08083	0.5	-15.4481	40.6413	0	-0.188755	-0.982024	0	3975	4123
ChainingRodShaped	4126	3.3513	0.5	21.3732	44.3512	0	-0.343932	-0.938994	0	None	None
ChainingRodShaped	4128	3.45867	0.5	-37.9349	53.3345	0	-0.225246	0.974302	0	3730	4127
ChainingRodShaped	4130	2.98091	0.5	-40.1748	50.4904	0	0.202739	-0.979233	0	4443	4129
ChainingRodShaped	4132	3.14504	0.5	25.3876	39.2035	0	0.631616	-0.775282	0	None	4131
ChainingRodShaped	4134	4.56145	0.5	1.17314	58.0752	0	0.000389264	-1	0	None	None
ChainingRodShaped	4136	4.50783	0.5	-3.06115	51.5503	0	-0.988106	0.153775	0	None	None
ChainingRodShaped	4138	2.78685	0.5	7.96517	15.3769	0	-0.999997	-0.00246467	0	3921	4137
ChainingRodShaped	4140	4.42211	0.5	-8.55219	20.9991	0	0.753737	-0.657176	0	None	None
ChainingRodShaped	4142	3.52349	0.5	-17.9292	45.0897	0	-0.360799	0.932644	0	None	None
ChainingRodShaped	4144	4.66018	0.5	8.91293	39.7457	0	0.825637	0.564202	0	None	None
ChainingRodShaped	4146	4.25668	0.5	-3.85841	23.715	0	-0.830664	0.556773	0	None	None
ChainingRodShaped	4148	3.30718	0.5	-17.6636	40.8254	0	0.135862	0.990728	0	None	None
ChainingRodShaped	4150	4.6951	0.5	18.7659	45.6566	0	-0.36038	-0.932805	0	None	None
ChainingRodShaped	4152	3.21576	0.5	4.75207	57.2462	0	0.425449	-0.904982	0	None	None
ChainingRodShaped	4154	4.79628	0.5	-20.4785	30.8787	0	0.200423	-0.979709	0	None	None
ChainingRodShaped	4156	3.26263	0.5	32.2638	56.6221	0	-0.999998	-0.00187069	0	None	None
ChainingRodShaped	4158	4.62804	0.5	17.1919	59.9914	0	-0.729709	-0.683758	0	None	None
ChainingRodShaped	4160	4.15998	0.5	-37.3052	30.9307	0	-0.733476	0.679716	0	None	None
ChainingRodShaped	4162	2.79668	0.5	-10.0612	13.7769	0	-0.9858	-0.167926	0	4119	4161
ChainingRodShaped	4164	3.80433	0.5	-11.853	36.365	0	-0.0175381	-0.999846	0	None	None
ChainingRodShaped	4166	3.48645	0.5	1.17839	47.0555	0	0.900973	-0.433876	0	None	None
ChainingRodShaped	4168	2.91149	0.5	-14.3112	28.8408	0	0.0978701	0.995199	0	4059	4167
ChainingRodShaped	4170	2.84675	0.5	-10.6992	23.7292	0	-0.44287	-0.896586	0	3655	4169
ChainingRodShaped	4172	3.92811	0.5	2.65198	51.9864	0	0.687692	-0.726003	0	None	None
ChainingRodShaped	4174	2.89515	0.5	-1.3603	28.8991	0	-0.21304	0.977043	0	None	None
ChainingRodShaped	4176	3.37502	0.5	3.73075	18.6732	0	0.824254	-0.56622	0	None	None
ChainingRodShaped	4178	3.04309	0.5	-24.4124	56.0889	0	-0.337072	-0.941479	0	None	4177
ChainingRodShaped	4180	3.58826	0.5	5.54416	38.2911	0	-0.685661	-0.727921	0	None	None
ChainingRodShaped	4182	2.95489	0.5	-38.12	33.4074	0	-0.591921	0.805996	0	None	None
ChainingRodShaped	4184	4.26903	0.5	-25.8466	46.1796	0	0.342869	0.939383	0	None	None
ChainingRodShaped	4186	4.23882	0.5	36.4068	28.8933	0	-0.63147	0.7754	0	None	None
ChainingRodShaped	4188	4.11196	0.5	4.03394	41.2496	0	-0.850738	-0.525591	0	None	None
ChainingRodShaped	4190	3.66413	0.5	1.72242	51.5719	0	0.68653	-0.727102	0	None	None
ChainingRodShaped	4192	3.37901	0.5	23.573	39.506	0	0.145318	-0.989385	0	None	None
ChainingRodShaped	4194	2.81541	0.5	29.3237	26.2408	0	0.212967	0.977059	0	4529	4193
ChainingRodShaped	4196	3.87116	0.5	8.73296	32.0073	0	-0.0107658	-0.999942	0	None	None
ChainingRodShaped	4198	3.96529	0.5	-8.40338	43.4105	0	0.763668	0.645609	0	None	None
ChainingRodShaped	4200	3.78403	0.5	-13.8134	37.1339	0	-0.017229	-0.999852	0	None	None
ChainingRodShaped	4202	3.67185	0.5	11.7409	14.3418	0	0.99952	-0.0309674	0	None	None
ChainingRodShaped	4204	2.67869	0.5	17.9609	16.9828	0	-0.712333	0.701842	0	None	4203
ChainingRodShaped	4206	2.56515	0.5	-40.022	26.5163	0	-0.976093	-0.217352	0	3800	4205
ChainingRodShaped	4208	2.65316	0.5	47.2968	47.1166	0	-0.477157	-0.878818	0	3816	4207
ChainingRodShaped	4210	4.24069	0.5	-10.9896	47.8021	0	-0.987508	-0.157567	0	None	None
ChainingRodShaped	4212	3.54501	0.5	19.89	50.739	0	0.0822467	-0.996612	0	None	None
ChainingRodShaped	4214	2.74921	0.5	42.0547	21.3709	0	-0.274218	0.961668	0	None	4213
ChainingRodShaped	4216	4.29547	0.5	21.6179	25.9612	0	0.722484	-0.691388	0	None	None
ChainingRodShaped	4218	2.842	0.5	27.6376	53.1684	0	0.914703	-0.404127	0	None	None
ChainingRodShaped	4220	3.82292	0.5	28.1434	57.5597	0	-0.999978	-0.00658425	0	None	None
ChainingRodShaped	4222	4.20353	0.5	28.1701	25.4935	0	0.226071	0.974111	0	None	None
ChainingRodShaped	4224	3.17728	0.5	3.61613	48.1914	0	0.689861	-0.723942	0	3911	4223
ChainingRodShaped	4226	3.80277	0.5	-11.2924	42.8907	0	0.224429	-0.97449	0	None	None
ChainingRodShaped	4228	3.59651	0.5	44.0211	62.8152	0	0.661441	-0.749997	0	4397	4227
ChainingRodShaped	4230	2.83326	0.5	7.88193	47.9221	0	0.660998	-0.750388	0	None	None
ChainingRodShaped	4232	3.11254	0.5	16.4034	56.1691	0	-0.0362904	-0.999341	0	None	None
ChainingRodShaped	4234	2.64185	0.5	-34.3595	42.0612	0	-0.213714	0.976896	0	4319	4233
ChainingRodShaped	4236	3.08712	0.5	7.19818	36.0799	0	-0.194122	-0.980977	0	None	None
ChainingRodShaped	4238	3.66477	0.5	-18.5441	29.8169	0	0.194786	0.980846	0	None	None
ChainingRodShaped	4240	2.92796	0.5	29.0272	38.7102	0	-0.820591	0.571516	0	None	None
ChainingRodShaped	4242	2.87142	0.5	23.7478	-0.0704471	0	0.185585	0.982628	0	None	4241
ChainingRodShaped	4244	2.80786	0.5	6.6386	57.8561	0	0.423242	-0.906017	0	None	None
ChainingRodShaped	4246	3.49611	0.5	-37.2414	41.358	0	0.213267	-0.976994	0	None	None
ChainingRodShaped	4248	3.20666	0.5	-29.9599	26.7645	0	0.973554	0.228458	0	None	None
ChainingRodShaped	4250	2.63235	0.5	-34.2504	29.6963	0	0.576124	0.817363	0	None	4249
ChainingRodShaped	4252	2.72233	0.5	-8.9027	40.7111	0	-0.253166	-0.967423	0	None	None
ChainingRodShaped	4254	2.79454	0.5	5.80535	52.9175	0	0.695376	-0.718646	0	None	None
ChainingRodShaped	4256	3.52549	0.5	24.2592	28.3901	0	-0.867136	0.498071	0	None	None
ChainingRodShaped	4258	2.78791	0.5	-16.0763	45.4724	0	-0.11815	-0.992996	0	3875	4257
ChainingRodShaped	4260	2.73777	0.5	28.9485	46.4858	0	-0.931963	0.362553	0	None	None
ChainingRodShaped	4262	3.78759	0.5	-1.14008	24.3131	0	0.85317	-0.521633	0	None	None
ChainingRodShaped	4264	2.78824	0.5	25.8961	52.8728	0	0.911861	-0.4105	0	None	None
ChainingRodShaped	4266	2.78921	0.5	29.0352	49.3257	0	0.662489	-0.749072	0	None	None
ChainingRodShaped	4268	3.43687	0.5	-26.1276	54.2496	0	-0.336185	-0.941796	0	None	None
ChainingRodShaped	4270	3.25734	0.5	-34.8101	39.4635	0	-0.211996	0.97727	0	3706	4269
ChainingRodShaped	4272	2.88743	0.5	-6.95038	29.1465	0	-0.349906	-0.936785	0	None	None
ChainingRodShaped	4274	2.95556	0.5	24.3966	54.5636	0	-0.999872	-0.0160151	0	4359	4273
ChainingRodShaped	4276	2.61554	0.5	-38.0704	35.9147	0	-0.212241	0.977217	0	None	None
ChainingRodShaped	4278	3.05567	0.5	-4.89177	36.2053	0	-0.41021	-0.911991	0	None	4277
ChainingRodShaped	4280	3.3004	0.5	19.3306	44.4595	0	-0.359945	-0.932973	0	None	None
ChainingRodShaped	4282	3.66583	0.5	18.2787	54.5795	0	-0.0367585	-0.999324	0	None	None
ChainingRodShaped	4284	3.31433	0.5	-20.2222	13.7537	0	-0.837011	0.547186	0	None	None
ChainingRodShaped	4286	2.77649	0.5	-30.0854	23.6421	0	-0.842268	0.539059	0	None	None
ChainingRodShaped	4288	2.59455	0.5	12.0621	22.8088	0	-0.709928	0.704274	0	4203	4287
ChainingRodShaped	4290	2.99297	0.5	2.67225	30.1321	0	0.42896	-0.903323	0	None	None
ChainingRodShaped	4292	2.88078	0.5	-30.7878	46.8587	0	-0.339491	0.940609	0	None	None
ChainingRodShaped	4294	2.89127	0.5	-14.4032	40.8858	0	-0.182146	-0.983272	0	None	None
ChainingRodShaped	4296	2.79785	0.5	-28.1682	40.2413	0	0.572487	0.819914	0	None	None
ChainingRodShaped	4298	3.37923	0.5	4.76286	52.6061	0	0.693548	-0.72041	0	None	None
ChainingRodShaped	4300	3.46673	0.5	-27.6649	44.0091	0	0.331785	0.943355	0	None	None
ChainingRodShaped	4302	3.33973	0.5	-28.982	48.4362	0	0.114694	-0.993401	0	None	None
ChainingRodShaped	4304	2.69084	0.5	-0.542051	41.7317	0	0.986262	-0.165189	0	None	None
ChainingRodShaped	4306	3.0135	0.5	-4.78639	32.5083	0	0.102207	-0.994763	0	None	None
ChainingRodShaped	4308	2.57406	0.5	-19.6705	31.7491	0	-0.202025	0.97938	0	None	None
ChainingRodShaped	4310	2.37838	0.5	43.5071	17.2192	0	0.639055	-0.769161	0	4463	4309
ChainingRodShaped	4312	2.70835	0.5	-9.26304	45.7837	0	-0.274182	-0.961678	0	None	None
ChainingRodShaped	4314	2.7695	0.5	-12.3124	65.2529	0	0.674315	-0.738444	0	None	4313
ChainingRodShaped	4316	2.80078	0.5	-2.75152	31.921	0	0.100557	-0.994931	0	3812	4315
ChainingRodShaped	4318	3.2371	0.5	13.9449	46.4263	0	-0.838393	-0.545066	0	None	None
ChainingRodShaped	4320	2.6821	0.5	-32.8579	35.0323	0	-0.205095	0.978742	0	None	4319
ChainingRodShaped	4322	2.65803	0.5	30.9335	43.5703	0	-0.930267	0.366882	0	None	None
ChainingRodShaped	4324	2.53143	0.5	-2.46592	49.2158	0	0.0946908	-0.995507	0	None	None
ChainingRodShaped	4326	3.4329	0.5	33.6289	33.8117	0	-0.671972	0.740577	0	None	None
ChainingRodShaped	4328	2.90202	0.5	4.10865	35.5696	0	-0.771238	-0.636546	0	None	None
ChainingRodShaped	4330	2.98237	0.5	-21.4073	35.6677	0	-0.171923	0.98511	0	None	None
ChainingRodShaped	4332	2.69071	0.5	23.7802	51.5578	0	0.932167	-0.36203	0	None	None
ChainingRodShaped	4334	2.55797	0.5	-2.72423	13.7958	0	0.99458	0.103975	0	None	None
ChainingRodShaped	4336	2.45289	0.5	-28.0207	51.9112	0	-0.335129	-0.942172	0	None	None
ChainingRodShaped	4338	2.55623	0.5	26.4492	13.3317	0	0.212874	0.97708	0	4485	4337
ChainingRodShaped	4340	2.43875	0.5	0.559014	32.3649	0	-0.421361	0.906893	0	None	None
ChainingRodShaped	4342	2.6662	0.5	30.9897	32.367	0	0.636359	-0.771393	0	4131	4341
ChainingRodShaped	4344	2.76477	0.5	-44.196	48.2405	0	-0.140151	-0.99013	0	4461	4343
ChainingRodShaped	4346	2.94807	0.5	8.88827	58.7607	0	0.782141	0.623101	0	None	None
ChainingRodShaped	4348	2.87773	0.5	7.77398	52.2988	0	0.702527	-0.711657	0	None	None
ChainingRodShaped	4350	2.51264	0.5	19.9039	21.9744	0	0.204439	-0.978879	0	3882	4349
ChainingRodShaped	4352	3.017	0.5	-11.3759	11.5497	0	0.984848	0.173421	0	None	None
ChainingRodShaped	4354	2.98551	0.5	29.9632	58.7591	0	-0.872927	0.487851	0	None	None
ChainingRodShaped	4356	2.54042	0.5	-27.2754	39.7599	0	0.56701	0.823711	0	3892	4355
ChainingRodShaped	4358	2.6025	0.5	37.1007	39.0174	0	-0.271025	0.962572	0	3894	4357
ChainingRodShaped	4360	2.74224	0.5	31.5827	54.6372	0	-0.999997	-0.00260014	0	4381	4359
ChainingRodShaped	4362	3.033	0.5	5.83189	30.6722	0	-0.607279	0.794489	0	None	None
ChainingRodShaped	4364	2.88055	0.5	0.025712	11.7585	0	0.898946	0.438059	0	None	None
ChainingRodShaped	4366	2.87046	0.5	21.5072	28.8662	0	0.851411	-0.5245	0	None	None
ChainingRodShaped	4368	2.67088	0.5	13.2479	33.8052	0	-0.289238	-0.957257	0	None	None
ChainingRodShaped	4370	2.71515	0.5	11.8148	58.5226	0	-0.567569	-0.823326	0	None	None
ChainingRodShaped	4372	2.65636	0.5	-14.503	16.5351	0	-0.494137	-0.869384	0	4169	4371
ChainingRodShaped	4374	2.34356	0.5	9.82798	57.1314	0	-0.0481479	-0.99884	0	None	None
ChainingRodShaped	4376	2.37445	0.5	-26.1843	28.6612	0	0.974266	0.225401	0	None	None
ChainingRodShaped	4378	2.49452	0.5	33.5001	38.0544	0	-0.758309	0.651895	0	None	None
ChainingRodShaped	4380	2.44015	0.5	-13.4492	27.5465	0	-0.0879102	-0.996128	0	None	None
ChainingRodShaped	4382	2.49232	0.5	38.5997	54.582	0	-0.999855	0.0170494	0	3863	4381
ChainingRodShaped	4384	2.76437	0.5	-4.38837	28.6401	0	0.107949	-0.994156	0	None	None
ChainingRodShaped	4386	2.49521	0.5	-14.8756	57.4867	0	-0.0820462	-0.996629	0	4069	4385
ChainingRodShaped	4388	2.44177	0.5	-35.0366	51.3641	0	-0.594165	0.804343	0	None	None
ChainingRodShaped	4390	2.88579	0.5	-12.5545	43.997	0	0.234164	-0.972197	0	None	None
ChainingRodShaped	4392	2.47532	0.5	16.5784	44.6959	0	-0.84454	-0.535492	0	None	None
ChainingRodShaped	4394	2.51855	0.5	30.0792	40.6617	0	-0.670441	0.741963	0	None	None
ChainingRodShaped	4396	2.56646	0.5	-28.1736	25.3175	0	0.89339	-0.449282	0	None	None
ChainingRodShaped	4398	2.4985	0.5	38.975	68.5263	0	0.662546	-0.749021	0	None	4397
ChainingRodShaped	4400	2.39503	0.5	19.7939	42.9626	0	-0.366244	-0.930519	0	None	None
ChainingRodShaped	4402	2.70228	0.5	28.5457	40.4879	0	-0.730892	0.682493	0	None	None
ChainingRodShaped	4404	2.36533	0.5	13.1959	29.8604	0	0.0561437	-0.998423	0	None	None
ChainingRodShaped	4406	2.45908	0.5	22.9185	47.2124	0	0.00343115	-0.999994	0	None	None
ChainingRodShaped	4408	2.62729	0.5	33.0427	41.8308	0	-0.961537	0.274676	0	None	None
ChainingRodShaped	4410	2.39286	0.5	-37.0263	35.7555	0	0.216393	-0.976306	0	4499	4409
ChainingRodShaped	4412	2.44429	0.5	-37.0059	53.7635	0	-0.225616	0.974216	0	3860	4411
ChainingRodShaped	4414	2.77763	0.5	-5.3017	54.0793	0	-0.958197	0.28611	0	None	None
ChainingRodShaped	4416	2.65807	0.5	5.54381	24.7829	0	-0.98571	-0.168451	0	None	None
ChainingRodShaped	4418	2.60752	0.5	9.71014	44.8821	0	-0.847276	-0.531153	0	None	None
ChainingRodShaped	4420	2.58952	0.5	19.6113	56.718	0	-0.24296	-0.970036	0	None	None
ChainingRodShaped	4422	2.44659	0.5	-21.0643	39.4553	0	-0.164096	0.986444	0	None	None
ChainingRodShaped	4424	2.51057	0.5	-13.3457	10.4302	0	0.904875	-0.425678	0	None	None
ChainingRodShaped	4426	2.41874	0.5	-17.0461	38.1637	0	-0.14416	-0.989554	0	4257	4425
ChainingRodShaped	4428	2.36917	0.5	-4.14603	56.3966	0	0.682556	-0.730833	0	3795	4427
ChainingRodShaped	4430	2.26799	0.5	8.22101	45.8802	0	0.997981	-0.0635086	0	None	None
ChainingRodShaped	4432	2.49368	0.5	-8.76829	37.5726	0	-0.268323	-0.963329	0	None	None
ChainingRodShaped	4434	2.42647	0.5	35.6575	47.5315	0	-0.283588	0.958946	0	None	None
ChainingRodShaped	4436	2.29016	0.5	-30.3621	39.3068	0	-0.329327	-0.944216	0	3866	4435
ChainingRodShaped	4438	2.48604	0.5	27.7319	55.5896	0	-0.999947	-0.0103284	0	None	None
ChainingRodShaped	4440	2.30079	0.5	-0.605934	44.7528	0	-0.289066	0.957309	0	None	None
ChainingRodShaped	4442	2.23076	0.5	3.00798	53.0156	0	0.693139	-0.720804	0	None	None
ChainingRodShaped	4444	2.21891	0.5	-41.5532	57.197	0	0.200235	-0.979748	0	None	4443
ChainingRodShaped	4446	2.26675	0.5	22.7872	58.3391	0	-0.382955	-0.923767	0	None	None
ChainingRodShaped	4448	2.32821	0.5	-4.04468	12.6477	0	0.992996	0.118152	0	None	None
ChainingRodShaped	4450	2.24564	0.5	4.91096	33.9715	0	0.121736	0.992563	0	None	None
ChainingRodShaped	4452	2.20739	0.5	-19.2502	14.2989	0	-0.837036	0.547147	0	None	4451
ChainingRodShaped	4454	2.33522	0.5	32.6734	46.7019	0	0.355824	-0.934553	0	None	None
ChainingRodShaped	4456	2.31177	0.5	-16.5661	51.4798	0	-0.0213605	0.999772	0	None	None
ChainingRodShaped	4458	2.14178	0.5	-3.88096	43.887	0	0.0907064	-0.995878	0	3766	4457
ChainingRodShaped	4460	2.31048	0.5	25.044	33.5888	0	0.207249	-0.978288	0	None	None
ChainingRodShaped	4462	2.11697	0.5	-43.2528	54.8972	0	-0.140563	-0.990072	0	3807	4461
ChainingRodShaped	4464	2.29415	0.5	39.3715	22.2083	0	0.63728	-0.770632	0	4521	4463
ChainingRodShaped	4466	2.17458	0.5	21.5936	51.5295	0	0.77795	-0.628326	0	None	None
ChainingRodShaped	4468	2.2547	0.5	21.1761	14.9847	0	0.14968	-0.988734	0	4349	4467
ChainingRodShaped	4470	2.20168	0.5	-29.7782	25.0113	0	0.868318	-0.496008	0	None	None
ChainingRodShaped	4472	2.40202	0.5	0.0565484	31.1164	0	0.419056	-0.90796	0	None	None
ChainingRodShaped	4474	2.14835	0.5	11.1418	42.4241	0	-0.836468	-0.548016	0	None	None
ChainingRodShaped	4476	2.10226	0.5	17.5854	37.7296	0	0.683453	-0.729995	0	3850	4475
ChainingRodShaped	4478	2.34714	0.5	36.8972	32.2494	0	-0.25194	0.967743	0	None	None
ChainingRodShaped	4480	2.28294	0.5	-9.37351	12.8982	0	0.986213	0.165482	0	None	None
ChainingRodShaped	4482	2.25691	0.5	10.3923	51.5849	0	0.565201	-0.824953	0	None	None
ChainingRodShaped	4484	2.16357	0.5	12.9631	36.923	0	0.0383027	-0.999266	0	None	None
ChainingRodShaped	4486	2.12144	0.5	25.1192	6.99958	0	0.197413	0.98032	0	4241	4485
ChainingRodShaped	4488	2.26594	0.5	-32.7479	45.9987	0	-0.479954	0.877294	0	None	None
ChainingRodShaped	4490	2.15137	0.5	-26.406	27.1655	0	0.973889	-0.227023	0	None	None
ChainingRodShaped	4492	2.1234	0.5	36.992	46.0476	0	0.004416	0.99999	0	None	None
ChainingRodShaped	4494	2.12319	0.5	23.6664	52.8921	0	0.837774	-0.546017	0	None	None
ChainingRodShaped	4496	2.16343	0.5	-9.94347	20.8976	0	0.751916	-0.659259	0	None	None
ChainingRodShaped	4498	2.25715	0.5	15.388	29.9309	0	-0.116024	-0.993246	0	None	None
ChainingRodShaped	4500	2.1319	0.5	-38.3938	42.0124	0	0.209669	-0.977773	0	4129	4499
ChainingRodShaped	4502	2.19562	0.5	-32.442	27.2092	0	0.974315	0.225188	0	None	None
ChainingRodShaped	4504	2.2092	0.5	21.5385	40.3984	0	0.117585	-0.993063	0	None	None
ChainingRodShaped	4506	2.06288	0.5	-8.86295	30.7591	0	-0.344889	-0.938644	0	4117	4505
ChainingRodShaped	4508	2.1876	0.5	-2.58893	26.2466	0	0.98112	-0.193399	0	None	None
ChainingRodShaped	4510	2.20423	0.5	-2.27762	36.9988	0	-0.0864922	0.996253	0	None	None
ChainingRodShaped	4512	2.12882	0.5	-0.337516	29.5495	0	0.372305	-0.928111	0	None	None
ChainingRodShaped	4514	2.09401	0.5	-13.3401	43.0912	0	0.243873	-0.969807	0	None	None
ChainingRodShaped	4516	2.10176	0.5	17.6537	51.4062	0	0.331105	-0.943594	0	None	None
ChainingRodShaped	4518	2.06271	0.5	-16.0828	21.3382	0	-0.105819	-0.994385	0	None	None
ChainingRodShaped	4520	2.04621	0.5	-16.9464	48.3988	0	-0.203023	0.979174	0	None	None
ChainingRodShaped	4522	2.03674	0.5	35.4225	26.9903	0	0.63629	-0.77145	0	4341	4521
ChainingRodShaped	4524	2.04996	0.5	21.9059	34.6103	0	-0.674018	0.738715	0	None	None
ChainingRodShaped	4526	2.0305	0.5	-21.8352	27.7106	0	-0.218611	0.975812	0	3741	4525
ChainingRodShaped	4528	2.03385	0.5	10.8268	37.9942	0	0.0859478	-0.9963	0	None	None
ChainingRodShaped	4530	2.00962	0.5	27.9331	19.9956	0	0.220215	0.975451	0	4337	4529
ChainingRodShaped	4532	2.01825	0.5	-16.2305	23.8381	0	-0.522715	-0.852508	0	None	None
ChainingRodShaped	4534	2.01772	0.5	20.5101	40.8712	0	0.109452	-0.993992	0	None	None
ChainingRodShaped	4536	2.00936	0.5	-16.5187	10.8468	0	0.898278	-0.439428	0	None	None
ChainingRodShaped	4538	2.00136	0.5	0.62382	46.1938	0	0.911133	-0.412112	0	None	None
