cell_type	cell_id	length	radius	pos_x	pos_y	pos_z	ori_x	ori_y	ori_z	lower_link	upper_link
ChainingRodShaped	1338	4.36613	0.5	33.3364	15.5902	0	0.760889	0.648882	0	None	None
ChainingRodShaped	2024	2.13208	0.5	9.54317	-56.9076	0	0.430802	-0.902446	0	2025	None
ChainingRodShaped	950	4.22902	0.5	-34.2703	58.3671	0	-0.21072	-0.977547	0	951	1175
ChainingRodShaped	1382	3.16738	0.5	36.7439	21.2561	0	0.800818	-0.598907	0	None	None
ChainingRodShaped	1926	2.48088	0.5	38.3297	33.7697	0	-0.446746	0.894661	0	None	None
ChainingRodShaped	2188	2.036	0.5	38.9123	38.8709	0	0.0570117	-0.998374	0	None	None
ChainingRodShaped	1558	2.89743	0.5	-19.1715	-2.52924	0	0.526724	-0.850036	0	1559	809
ChainingRodShaped	1680	2.65012	0.5	13.5163	16.6496	0	0.463492	-0.886101	0	None	None
ChainingRodShaped	1794	2.5937	0.5	37.867	29.1227	0	0.474254	0.880388	0	None	None
ChainingRodShaped	1158	4.20045	0.5	20.3932	16.0794	0	0.507345	-0.861743	0	None	None
ChainingRodShaped	1958	2.38882	0.5	-22.4168	90.2166	0	-0.414075	-0.910243	0	1959	1943
ChainingRodShaped	1632	3.54315	0.5	27.319	49.5827	0	-0.504021	-0.863691	0	None	None
ChainingRodShaped	1902	2.48603	0.5	37.2747	37.5768	0	0.506275	-0.862372	0	None	None
ChainingRodShaped	1808	2.65661	0.5	0.816237	28.2321	0	0.549743	-0.835334	0	None	None
ChainingRodShaped	1646	2.79387	0.5	-33.9839	28.1184	0	0.260609	-0.965445	0	1647	1207
ChainingRodShaped	1420	3.29028	0.5	27.6309	14.0548	0	0.98374	-0.179597	0	None	None
ChainingRodShaped	2146	2.15702	0.5	-34.6111	47.0944	0	-0.136077	0.990698	0	None	None
ChainingRodShaped	1896	2.68683	0.5	21.5796	19.3812	0	-0.108916	-0.994051	0	None	None
ChainingRodShaped	786	4.35305	0.5	-1.2817	-34.4659	0	0.442938	-0.896552	0	2056	683
ChainingRodShaped	1024	4.27527	0.5	35.4059	26.8535	0	0.120182	-0.992752	0	None	None
ChainingRodShaped	2140	2.17004	0.5	28.3143	63.0081	0	0.770482	-0.637461	0	None	None
ChainingRodShaped	1764	2.69432	0.5	6.23046	33.5647	0	0.217362	-0.976091	0	None	None
ChainingRodShaped	2180	2.06651	0.5	-7.50542	22.8169	0	0.0695436	-0.997579	0	None	None
ChainingRodShaped	1304	4.09397	0.5	-18.1047	43.8429	0	-0.666977	-0.745079	0	None	None
ChainingRodShaped	1182	3.98686	0.5	32.3269	55.9248	0	-0.822989	0.568057	0	None	None
ChainingRodShaped	1626	3.56223	0.5	-19.4569	14.8675	0	-0.162964	-0.986632	0	None	None
ChainingRodShaped	1376	4.98718	0.5	22.5844	61.6977	0	0.286431	0.958101	0	None	None
ChainingRodShaped	1008	4.23545	0.5	12.3625	8.55749	0	0.828492	-0.560002	0	None	None
ChainingRodShaped	1534	3.43807	0.5	-11.3418	27.3986	0	0.694739	-0.719261	0	None	None
ChainingRodShaped	1068	4.37473	0.5	13.9303	27.4497	0	0.721314	-0.692608	0	None	None
ChainingRodShaped	1684	3.04417	0.5	-20.5513	25.0779	0	-0.998301	0.0582591	0	None	None
ChainingRodShaped	1634	3.86396	0.5	-20.5709	39.4684	0	0.298234	-0.954493	0	None	None
ChainingRodShaped	1748	3.08687	0.5	-17.6793	35.7879	0	-0.0379529	-0.99928	0	None	None
ChainingRodShaped	2106	2.14716	0.5	-10.8493	30.9921	0	0.842077	-0.539358	0	None	None
ChainingRodShaped	1474	3.41174	0.5	20.1726	68.8402	0	0.91274	-0.40854	0	None	None
ChainingRodShaped	400	4.97175	0.5	-11.6675	114.445	0	-0.39579	-0.918341	0	1270	791
ChainingRodShaped	2044	2.33664	0.5	15.8384	19.5344	0	0.285371	-0.958417	0	None	None
ChainingRodShaped	1130	4.05493	0.5	23.2891	44.4456	0	0.694476	-0.719516	0	None	None
ChainingRodShaped	1900	2.26811	0.5	-32.1619	66.4508	0	-0.300424	-0.953806	0	1901	951
ChainingRodShaped	1762	3.42689	0.5	21.1058	16.7329	0	0.512787	-0.858516	0	None	None
ChainingRodShaped	1336	3.48049	0.5	10.8593	6.28555	0	0.938772	-0.34454	0	None	None
ChainingRodShaped	1152	4.01505	0.5	18.6721	19.6114	0	-0.167663	-0.985844	0	None	None
ChainingRodShaped	2172	2.09641	0.5	-34.7216	41.5129	0	-0.185909	0.982567	0	None	None
ChainingRodShaped	1464	2.93758	0.5	-4.78799	48.0154	0	0.657682	-0.753296	0	None	None
ChainingRodShaped	1612	3.82403	0.5	11.4308	61.1838	0	0.999999	-0.00109201	0	None	None
ChainingRodShaped	1904	2.34114	0.5	-8.53919	22.2602	0	0.269964	-0.96287	0	None	None
ChainingRodShaped	1442	4.47711	0.5	-0.779558	70.2462	0	0.930615	-0.365999	0	None	None
ChainingRodShaped	1588	2.85426	0.5	-9.91517	-18.0126	0	0.489917	-0.871769	0	1589	1499
ChainingRodShaped	1118	4.1833	0.5	33.7658	51.1302	0	0.416417	0.909174	0	None	None
ChainingRodShaped	1216	4.21252	0.5	19.93	12.4642	0	0.905612	0.424107	0	None	None
ChainingRodShaped	464	4.89948	0.5	-35.8475	44.9703	0	-0.0214201	-0.999771	0	1174	825
ChainingRodShaped	1988	2.58399	0.5	30.326	22.3098	0	0.449213	-0.893425	0	None	None
ChainingRodShaped	1490	3.30116	0.5	-6.45036	56.4035	0	-0.319671	-0.947528	0	None	None
ChainingRodShaped	1778	2.81135	0.5	-2.88743	9.24577	0	0.995678	-0.0928764	0	None	None
ChainingRodShaped	1856	2.47689	0.5	-16.493	49.1416	0	0.482066	-0.876135	0	None	None
ChainingRodShaped	1608	3.57337	0.5	20.5278	52.0652	0	0.862614	-0.505862	0	None	None
ChainingRodShaped	1790	2.36445	0.5	-28.0231	12.6876	0	0.448138	-0.893964	0	1791	2117
ChainingRodShaped	1156	3.61136	0.5	5.25091	24.2384	0	0.922195	0.386724	0	None	None
ChainingRodShaped	1462	4.63059	0.5	-19.1761	50.1014	0	0.489599	-0.871948	0	None	None
ChainingRodShaped	992	4.22429	0.5	-3.36666	36.6368	0	-0.081748	-0.996653	0	None	None
ChainingRodShaped	1898	2.77363	0.5	-22.0946	47.7692	0	0.877081	-0.480342	0	None	None
ChainingRodShaped	1844	2.54917	0.5	19.9997	63.2327	0	0.324505	0.945884	0	None	None
ChainingRodShaped	1422	4.62987	0.5	-1.25936	34.1063	0	-0.573071	-0.819505	0	None	None
ChainingRodShaped	1694	3.67429	0.5	28.5463	36.7382	0	0.998982	-0.0451136	0	None	None
ChainingRodShaped	914	4.10708	0.5	13.9959	28.6146	0	0.714343	-0.699796	0	None	None
ChainingRodShaped	1772	3.43423	0.5	-16.4533	27.4248	0	-0.969137	0.246521	0	None	None
ChainingRodShaped	1164	4.1165	0.5	26.0558	9.73631	0	0.845265	0.534348	0	None	None
ChainingRodShaped	2128	2.23298	0.5	-19.2385	48.2833	0	0.486813	-0.873506	0	None	None
ChainingRodShaped	1144	3.96208	0.5	11.7201	20.3298	0	0.179648	-0.983731	0	None	None
ChainingRodShaped	832	4.30833	0.5	15.1936	69.6436	0	-0.539412	-0.842042	0	None	None
ChainingRodShaped	1974	2.25297	0.5	1.41737	17.8366	0	0.996931	0.0782854	0	None	None
ChainingRodShaped	1300	3.89697	0.5	24.2929	44.768	0	0.696492	-0.717564	0	None	None
ChainingRodShaped	2080	2.32834	0.5	-6.62225	23.7517	0	0.0562142	-0.998419	0	None	None
ChainingRodShaped	1134	4.6418	0.5	-19.2247	62.0773	0	-0.564217	-0.825626	0	None	None
ChainingRodShaped	2046	2.30719	0.5	17.7575	33.6107	0	0.64224	-0.766504	0	None	None
ChainingRodShaped	2084	2.28586	0.5	19.3149	66.9218	0	0.997804	0.0662395	0	None	None
ChainingRodShaped	1262	4.3789	0.5	27.6875	46.8845	0	-0.370561	-0.928808	0	None	None
ChainingRodShaped	1136	4.34588	0.5	5.22118	20.0648	0	0.905994	0.42329	0	None	None
ChainingRodShaped	1620	3.91162	0.5	-25.5304	41.8042	0	0.821202	-0.570637	0	None	None
ChainingRodShaped	1726	3.12558	0.5	6.87377	6.83597	0	0.960128	-0.279562	0	None	None
ChainingRodShaped	842	4.61209	0.5	28.9587	22.8705	0	0.45286	-0.891582	0	None	None
ChainingRodShaped	1592	4.15318	0.5	24.2309	34.1445	0	0.999986	-0.00523104	0	None	None
ChainingRodShaped	1390	3.29801	0.5	-21.0026	17.6592	0	-0.14668	-0.989184	0	None	None
ChainingRodShaped	1460	3.05725	0.5	18.2861	58.1161	0	0.99649	0.0837146	0	None	None
ChainingRodShaped	1374	3.7868	0.5	11.979	47.2913	0	0.765504	-0.643431	0	None	None
ChainingRodShaped	1160	4.69273	0.5	-14.9749	67.4705	0	0.0874243	0.996171	0	None	None
ChainingRodShaped	1576	4.03072	0.5	5.13469	41.2761	0	0.690839	-0.723009	0	None	None
ChainingRodShaped	812	4.45084	0.5	18.2972	16.1605	0	0.790104	-0.612973	0	None	None
ChainingRodShaped	1126	4.4534	0.5	-16.0666	76.4953	0	-0.715248	-0.69887	0	None	None
ChainingRodShaped	2154	2.15008	0.5	-27.6797	61.6179	0	-0.109206	-0.994019	0	None	None
ChainingRodShaped	1226	4.74079	0.5	17.8554	20.3657	0	-0.166336	-0.986069	0	None	None
ChainingRodShaped	1220	3.51902	0.5	3.37911	26.4679	0	0.925591	0.378525	0	None	None
ChainingRodShaped	2162	2.13066	0.5	29.6875	14.6682	0	0.98219	-0.187891	0	None	None
ChainingRodShaped	1716	2.83278	0.5	-20.3797	45.9835	0	-0.470559	-0.882369	0	None	None
ChainingRodShaped	2028	2.11172	0.5	-16.6692	102.962	0	-0.405195	-0.91423	0	2029	1459
ChainingRodShaped	1820	2.74691	0.5	-31.3131	39.7749	0	0.51842	-0.855126	0	None	None
ChainingRodShaped	2120	2.26438	0.5	16.4888	63.091	0	0.953124	0.302581	0	None	None
ChainingRodShaped	1648	3.90526	0.5	-1.5451	36.9857	0	-0.0985036	-0.995137	0	None	None
ChainingRodShaped	2074	2.34174	0.5	13.2625	44.9624	0	0.762872	-0.64655	0	None	None
ChainingRodShaped	1804	2.90096	0.5	-4.69035	45.1834	0	0.702852	-0.711336	0	None	None
ChainingRodShaped	1796	3.21116	0.5	30.9171	58.2405	0	0.778832	-0.627233	0	None	None
ChainingRodShaped	1286	3.38502	0.5	17.3317	58.993	0	0.996986	0.0775776	0	None	None
ChainingRodShaped	2042	2.40827	0.5	11.1066	35.3991	0	0.10829	-0.994119	0	None	None
ChainingRodShaped	1574	3.15548	0.5	-32.8829	35.8527	0	-0.38808	0.921626	0	None	None
ChainingRodShaped	1690	2.42214	0.5	4.48152	-46.3185	0	0.432509	-0.90163	0	1691	535
ChainingRodShaped	1968	2.56808	0.5	-16.6403	34.9975	0	-0.198749	-0.98005	0	None	None
ChainingRodShaped	1518	2.96471	0.5	-28.0418	77.45	0	-0.383931	-0.923362	0	1519	485
ChainingRodShaped	2070	2.34456	0.5	7.50795	53.9916	0	0.934475	0.356029	0	None	None
ChainingRodShaped	862	4.43676	0.5	-5.80284	6.37466	0	0.862854	0.505452	0	None	None
ChainingRodShaped	1398	4.8141	0.5	-13.5335	8.97467	0	0.898292	-0.439398	0	None	None
ChainingRodShaped	1508	3.71988	0.5	4.98111	16.8223	0	0.913585	0.406648	0	None	None
ChainingRodShaped	774	4.96711	0.5	-21.5731	28.0302	0	-0.997884	0.0650229	0	None	None
ChainingRodShaped	1532	3.70145	0.5	-0.0592251	27.904	0	0.558082	-0.829786	0	None	None
ChainingRodShaped	1936	2.69997	0.5	31.6559	53.5402	0	0.704639	0.709566	0	None	None
ChainingRodShaped	1266	3.6357	0.5	-20.8444	58.754	0	0.656671	-0.754177	0	None	None
ChainingRodShaped	1238	4.96937	0.5	27.5336	38.7031	0	0.998852	-0.0479062	0	None	None
ChainingRodShaped	1036	4.90978	0.5	-12.8809	38.7667	0	-0.234416	-0.972136	0	None	None
ChainingRodShaped	1876	2.40372	0.5	32.5059	26.4748	0	0.125887	-0.992045	0	None	None
ChainingRodShaped	1768	2.85608	0.5	7.05567	70.9372	0	0.88564	0.464373	0	None	None
ChainingRodShaped	1320	3.41725	0.5	13.8185	75.4244	0	0.895677	0.444705	0	None	None
ChainingRodShaped	1062	4.7879	0.5	-20.2938	36.6034	0	0.669539	-0.742777	0	None	None
ChainingRodShaped	1426	3.48276	0.5	-3.40945	23.6573	0	0.942562	-0.334032	0	None	None
ChainingRodShaped	1054	4.39339	0.5	-15.8057	37.7202	0	0.275143	-0.961403	0	None	None
ChainingRodShaped	1296	3.61763	0.5	20.053	7.21404	0	0.912731	0.40856	0	None	None
ChainingRodShaped	958	4.48924	0.5	32.8168	45.9843	0	0.982902	-0.184128	0	None	None
ChainingRodShaped	2204	2.00037	0.5	-19.0417	44.215	0	-0.673422	-0.739258	0	None	None
ChainingRodShaped	2164	2.12287	0.5	-11.9215	55.625	0	-0.0611444	-0.998129	0	None	None
ChainingRodShaped	2150	2.08896	0.5	34.907	21.1703	0	0.892368	-0.451308	0	None	None
ChainingRodShaped	1466	4.50586	0.5	-23.1066	41.3345	0	0.281618	-0.959527	0	None	None
ChainingRodShaped	1446	3.3068	0.5	5.88119	58.2205	0	0.99689	0.0788113	0	None	None
ChainingRodShaped	1180	3.55469	0.5	-13.1684	18.2204	0	-0.123423	-0.992354	0	None	None
ChainingRodShaped	1416	4.59014	0.5	5.80534	75.7625	0	0.948492	0.3168	0	None	None
ChainingRodShaped	1624	3.06205	0.5	1.75744	4.97756	0	0.992948	-0.118547	0	None	None
ChainingRodShaped	1550	4.18165	0.5	34.438	26.7466	0	0.119418	-0.992844	0	None	None
ChainingRodShaped	2054	2.29552	0.5	-25.3812	35.2027	0	0.660232	-0.751062	0	None	None
ChainingRodShaped	1106	3.71131	0.5	-0.58925	31.8478	0	-0.556553	-0.830812	0	None	None
ChainingRodShaped	1498	2.89541	0.5	-6.18425	-24.8494	0	0.468405	-0.883514	0	1499	2057
ChainingRodShaped	1394	4.54217	0.5	-21.4839	63.9114	0	-0.567194	-0.823584	0	None	None
ChainingRodShaped	926	4.04697	0.5	34.8383	38.9128	0	0.910208	0.414152	0	None	None
ChainingRodShaped	2068	2.29065	0.5	23.5463	49.8182	0	-0.694656	-0.719342	0	None	None
ChainingRodShaped	1330	4.35771	0.5	8.7987	9.80381	0	0.82285	-0.568258	0	None	None
ChainingRodShaped	1026	4.24355	0.5	23.5491	67.2132	0	0.999454	0.0330429	0	None	None
ChainingRodShaped	1682	3.67748	0.5	27.5298	61.0914	0	0.769855	-0.638219	0	None	None
ChainingRodShaped	1586	3.25783	0.5	11.7318	67.8157	0	-0.477066	-0.878868	0	None	None
ChainingRodShaped	1172	4.80372	0.5	3.88222	25.6693	0	0.925563	0.378595	0	None	None
ChainingRodShaped	1578	3.87274	0.5	-25.1318	70.3048	0	-0.885057	0.465483	0	None	None
ChainingRodShaped	1544	3.23979	0.5	-12.7904	57.2897	0	-0.051158	-0.998691	0	None	None
ChainingRodShaped	1976	2.48806	0.5	-21.6201	62.0375	0	-0.57601	-0.817443	0	None	None
ChainingRodShaped	1206	3.59792	0.5	-31.0336	19.4188	0	0.371061	-0.928608	0	1207	1791
ChainingRodShaped	744	3.43265	0.5	-23.2199	4.08347	0	0.515168	-0.857089	0	2116	1559
ChainingRodShaped	1642	3.57893	0.5	15.1394	55.9739	0	0.998442	0.0558061	0	None	None
ChainingRodShaped	1408	3.58989	0.5	31.4783	16.1904	0	0.950894	0.309516	0	None	None
ChainingRodShaped	1520	3.72679	0.5	9.44495	73.1385	0	0.806625	-0.591064	0	None	None
ChainingRodShaped	1598	3.35159	0.5	10.404	14.5796	0	0.81498	-0.57949	0	None	None
ChainingRodShaped	1818	3.31744	0.5	-10.1252	16.412	0	-0.90173	-0.4323	0	None	None
ChainingRodShaped	1934	2.73978	0.5	4.86686	62.8755	0	-0.0372833	-0.999305	0	None	None
ChainingRodShaped	1914	2.58699	0.5	-29.9427	46.5301	0	0.814472	-0.580202	0	None	None
ChainingRodShaped	1994	2.35	0.5	-5.15789	57.2967	0	-0.302096	-0.953277	0	None	None
ChainingRodShaped	1384	4.83791	0.5	14.0468	35.274	0	0.0140349	-0.999902	0	None	None
ChainingRodShaped	1208	3.82813	0.5	-27.9333	29.3872	0	-0.702122	0.712057	0	None	None
ChainingRodShaped	1166	4.55695	0.5	-10.5634	36.6513	0	0.212194	0.977228	0	None	None
ChainingRodShaped	2000	2.36038	0.5	16.5874	7.75626	0	0.67017	-0.742207	0	None	None
ChainingRodShaped	1878	3.02154	0.5	9.03731	36.6871	0	-0.246577	-0.969123	0	None	None
ChainingRodShaped	1736	2.53879	0.5	-24.2111	25.335	0	0.940567	-0.339609	0	None	None
ChainingRodShaped	1944	2.70943	0.5	15.1121	28.7812	0	0.721301	-0.692622	0	None	None
ChainingRodShaped	1998	2.26425	0.5	-13.4351	-11.9166	0	0.510484	-0.859887	0	1999	1589
ChainingRodShaped	824	3.29256	0.5	-35.418	35.4769	0	0.123972	-0.992286	0	825	1647
ChainingRodShaped	1074	4.58494	0.5	13.7479	19.7786	0	0.178122	-0.984008	0	None	None
ChainingRodShaped	1448	3.39392	0.5	-20.2096	9.78461	0	0.740705	-0.671831	0	None	None
ChainingRodShaped	2030	2.5308	0.5	-25.0415	17.798	0	0.601399	-0.798949	0	None	None
ChainingRodShaped	1662	3.26939	0.5	-2.85363	56.1718	0	-0.999657	-0.0261834	0	None	None
ChainingRodShaped	1478	3.45792	0.5	-29.317	33.7498	0	-0.651013	0.759067	0	None	None
ChainingRodShaped	2088	2.23497	0.5	0.0772458	46.9908	0	0.740667	-0.671872	0	None	None
ChainingRodShaped	1094	4.15407	0.5	33.8358	35.2847	0	0.028187	-0.999603	0	None	None
ChainingRodShaped	2018	2.21202	0.5	-22.9961	52.9262	0	0.664065	-0.747675	0	None	None
ChainingRodShaped	2144	2.08108	0.5	13.0806	35.1603	0	0.0531949	-0.998584	0	None	None
ChainingRodShaped	1430	3.35989	0.5	9.03128	72.258	0	0.804675	-0.593715	0	None	None
ChainingRodShaped	1034	4.4096	0.5	-8.51428	32.3145	0	0.297989	-0.954569	0	None	None
ChainingRodShaped	2112	2.10975	0.5	30.8923	18.051	0	0.871794	-0.489872	0	None	None
ChainingRodShaped	1496	3.1918	0.5	16.3993	31.0895	0	0.218851	-0.975758	0	None	None
ChainingRodShaped	1590	3.50549	0.5	9.79524	35.8598	0	-0.256263	-0.966607	0	None	None
ChainingRodShaped	1734	3.40986	0.5	-18.2406	16.2121	0	-0.172822	-0.984953	0	None	None
ChainingRodShaped	1318	4.9135	0.5	14.671	73.9226	0	0.662631	0.748946	0	None	None
ChainingRodShaped	1366	3.73074	0.5	-14.8498	37.7317	0	0.284736	-0.958606	0	None	None
ChainingRodShaped	1354	4.9981	0.5	-29.8867	35.8836	0	-0.658571	0.752518	0	None	None
ChainingRodShaped	1990	2.52404	0.5	8.25593	37.4873	0	-0.25626	-0.966608	0	None	None
ChainingRodShaped	1972	2.35999	0.5	25.4408	27.7672	0	0.999693	-0.0247887	0	None	None
ChainingRodShaped	1552	3.58335	0.5	-7.27298	31.4752	0	0.310587	-0.950545	0	None	None
ChainingRodShaped	1760	3.20518	0.5	30.7388	27.6754	0	0.509972	-0.860191	0	None	None
ChainingRodShaped	2026	2.52486	0.5	11.7951	48.692	0	0.76816	-0.640258	0	None	None
ChainingRodShaped	1114	4.14855	0.5	-1.55321	77.7662	0	0.960021	-0.279929	0	None	None
ChainingRodShaped	1864	2.63188	0.5	-1.48337	32.1709	0	-0.564818	-0.825215	0	None	None
ChainingRodShaped	1622	3.33625	0.5	-10.6193	25.3228	0	-0.714653	0.699479	0	None	None
ChainingRodShaped	980	4.56896	0.5	16.3045	21.7933	0	0.204243	-0.97892	0	None	None
ChainingRodShaped	2012	2.28598	0.5	19.4532	13.7146	0	0.993974	0.109612	0	None	None
ChainingRodShaped	1326	3.23779	0.5	-11.5294	74.4422	0	-0.967998	-0.250958	0	None	None
ChainingRodShaped	1812	2.7051	0.5	-16.3844	15.7308	0	-0.177399	-0.984139	0	None	None
ChainingRodShaped	1184	3.76867	0.5	32.1197	52.6207	0	0.704584	0.709621	0	None	None
ChainingRodShaped	1412	4.79956	0.5	2.42838	63.825	0	0.613678	-0.789556	0	None	None
ChainingRodShaped	1270	3.53564	0.5	-9.5959	119.258	0	-0.394683	-0.918817	0	1271	400
ChainingRodShaped	1698	2.75768	0.5	6.30208	22.638	0	0.914283	0.405077	0	None	None
ChainingRodShaped	1692	2.74263	0.5	-24.8674	43.3788	0	0.39845	-0.91719	0	None	None
ChainingRodShaped	1572	3.00926	0.5	28.6411	37.6905	0	0.998919	-0.0464875	0	None	None
ChainingRodShaped	2142	2.08846	0.5	-14.0638	19.1247	0	-0.0702452	-0.99753	0	None	None
ChainingRodShaped	1872	2.62233	0.5	-5.4079	50.1722	0	0.663074	-0.748554	0	None	None
ChainingRodShaped	892	4.19774	0.5	20.328	37.1973	0	0.451775	-0.892132	0	None	None
ChainingRodShaped	1122	4.82083	0.5	34.7376	23.5237	0	0.940679	-0.339297	0	None	None
ChainingRodShaped	826	4.5858	0.5	-26.6411	35.1698	0	0.664735	-0.747079	0	None	None
ChainingRodShaped	1848	2.68086	0.5	-8.30563	18.6602	0	-0.794942	-0.606685	0	None	None
ChainingRodShaped	1476	3.58629	0.5	25.333	47.7893	0	0.683149	-0.730279	0	None	None
ChainingRodShaped	1468	3.72314	0.5	-11.3128	51.0747	0	0.667074	-0.744991	0	None	None
ChainingRodShaped	1806	3.08358	0.5	-27.9452	57.6238	0	0.350701	-0.936487	0	None	None
ChainingRodShaped	2098	2.29046	0.5	-1.53092	16.733	0	0.997784	0.0665438	0	None	None
ChainingRodShaped	996	4.3487	0.5	-13.6839	58.8688	0	-0.0425672	-0.999094	0	None	None
ChainingRodShaped	2138	2.22559	0.5	3.13931	12.3322	0	0.983466	-0.181092	0	None	None
ChainingRodShaped	918	4.73389	0.5	35.0109	43.5741	0	0.998084	0.0618717	0	None	None
ChainingRodShaped	2064	2.33405	0.5	27.1162	62.7101	0	0.772972	-0.63444	0	None	None
ChainingRodShaped	1352	4.86769	0.5	-10.8634	57.6364	0	-0.0762512	-0.997089	0	None	None
ChainingRodShaped	1310	4.46048	0.5	5.84916	28.8202	0	0.875371	-0.483451	0	None	None
ChainingRodShaped	1028	4.22172	0.5	7.76098	12.8848	0	0.820957	-0.57099	0	None	None
ChainingRodShaped	1322	4.08302	0.5	-8.04765	60.3459	0	-0.820296	-0.571939	0	None	None
ChainingRodShaped	944	4.97591	0.5	-23.3184	58.6481	0	0.661544	-0.749906	0	None	None
ChainingRodShaped	758	4.88473	0.5	-14.1358	51.4696	0	0.660096	-0.751181	0	None	None
ChainingRodShaped	1854	2.87953	0.5	6.8971	5.79698	0	0.960385	-0.278677	0	None	None
ChainingRodShaped	1230	3.44769	0.5	-14.1092	41.4471	0	-0.226137	-0.974096	0	None	None
ChainingRodShaped	1512	4.02072	0.5	24.1509	42.1476	0	0.687498	-0.726186	0	None	None
ChainingRodShaped	860	4.96923	0.5	-2.50159	36.2326	0	-0.0885491	-0.996072	0	None	None
ChainingRodShaped	1342	4.73179	0.5	-23.4042	47.3961	0	0.878433	-0.477865	0	None	None
ChainingRodShaped	2186	2.02406	0.5	15.4752	61.7717	0	0.995038	0.0994971	0	None	None
ChainingRodShaped	1678	3.24238	0.5	-28.6413	56.4936	0	0.308391	-0.95126	0	None	None
ChainingRodShaped	2086	2.15911	0.5	-15.8328	68.5397	0	0.0902599	0.995918	0	None	None
ChainingRodShaped	1174	3.13872	0.5	-35.6021	49.9181	0	-0.0896788	-0.995971	0	1175	464
ChainingRodShaped	2078	2.17132	0.5	-29.716	56.6444	0	0.317889	-0.948128	0	None	None
ChainingRodShaped	2004	2.42495	0.5	21.2719	63.9868	0	0.30531	0.952253	0	None	None
ChainingRodShaped	1852	2.96679	0.5	-24.1753	65.2457	0	-0.9787	-0.205296	0	None	None
ChainingRodShaped	2008	2.32706	0.5	24.8044	21.1275	0	0.589801	0.807549	0	None	None
ChainingRodShaped	1516	3.34603	0.5	25.1831	55.0603	0	-0.0666942	-0.997773	0	None	None
ChainingRodShaped	1886	2.65439	0.5	19.1819	26.9985	0	0.215924	-0.97641	0	None	None
ChainingRodShaped	1494	2.94511	0.5	22.8573	23.6229	0	0.251344	-0.967898	0	None	None
ChainingRodShaped	1908	2.41544	0.5	-20.8679	72.3068	0	-0.609075	-0.793113	0	None	None
ChainingRodShaped	2174	2.06987	0.5	-7.76213	76.6046	0	0.951774	0.306801	0	None	None
ChainingRodShaped	485	3.90181	0.5	-29.6754	73.387	0	-0.364046	-0.931381	0	1518	1901
ChainingRodShaped	1302	4.40391	0.5	-3.87414	30.4592	0	0.381679	-0.924295	0	None	None
ChainingRodShaped	836	4.68952	0.5	2.0857	15.0546	0	0.997645	0.0685883	0	None	None
ChainingRodShaped	1548	3.09149	0.5	23.7773	35.058	0	0.999999	-0.00145072	0	None	None
ChainingRodShaped	1502	3.08904	0.5	-31.751	51.6107	0	0.321798	-0.946808	0	None	None
ChainingRodShaped	1066	4.07063	0.5	-20.241	55.1109	0	0.212264	-0.977212	0	None	None
ChainingRodShaped	1712	3.14727	0.5	-6.14068	10.9621	0	0.872708	0.488242	0	None	None
ChainingRodShaped	922	4.09219	0.5	5.02721	73.4338	0	0.950914	0.309456	0	None	None
ChainingRodShaped	1258	4.57587	0.5	-18.8901	33.8505	0	0.847855	-0.530229	0	None	None
ChainingRodShaped	1556	3.28183	0.5	-5.83148	39.1448	0	0.493886	-0.869527	0	None	None
ChainingRodShaped	1324	4.55277	0.5	-19.9351	33.4166	0	0.850248	-0.526382	0	None	None
ChainingRodShaped	1568	2.76286	0.5	-23.9266	66.2848	0	-0.976675	-0.214723	0	None	None
ChainingRodShaped	1488	3.64896	0.5	-0.69855	46.433	0	0.735814	-0.677184	0	None	None
ChainingRodShaped	1700	2.93947	0.5	20.9258	38.0565	0	0.442818	-0.896612	0	None	None
ChainingRodShaped	1504	3.41921	0.5	15.3558	10.1029	0	0.837299	-0.546745	0	None	None
ChainingRodShaped	1670	3.38326	0.5	10.0191	66.5894	0	-0.291275	-0.956639	0	None	None
ChainingRodShaped	1484	3.58058	0.5	11.9118	53.4988	0	-0.972128	-0.23445	0	None	None
ChainingRodShaped	1424	3.235	0.5	-23.0616	18.4352	0	0.611148	-0.791517	0	None	None
ChainingRodShaped	1932	2.84994	0.5	-1.90684	43.7334	0	0.715336	-0.698781	0	None	None
ChainingRodShaped	1746	2.65876	0.5	5.24083	52.3379	0	-0.96984	-0.243744	0	None	None
ChainingRodShaped	1862	2.8306	0.5	10.6381	45.9169	0	0.768699	-0.639611	0	None	None
ChainingRodShaped	2130	2.10597	0.5	7.31526	37.5586	0	-0.265915	-0.963996	0	None	None
ChainingRodShaped	1458	2.75766	0.5	-19.6194	96.3771	0	-0.411997	-0.911185	0	1459	1959
ChainingRodShaped	1738	3.38895	0.5	9.75028	56.8149	0	0.939994	0.341191	0	None	None
ChainingRodShaped	1950	2.74703	0.5	-21.686	33.3905	0	0.847603	-0.530631	0	None	None
ChainingRodShaped	535	4.24398	0.5	6.34545	-50.2127	0	0.431255	-0.90223	0	1690	2025
ChainingRodShaped	1386	4.00721	0.5	23.6982	41.2649	0	0.686433	-0.727193	0	None	None
ChainingRodShaped	1274	4.70439	0.5	16.6862	15.6124	0	0.89911	-0.437723	0	None	None
ChainingRodShaped	1890	2.37386	0.5	-15.6145	6.59374	0	0.83398	-0.551795	0	None	None
ChainingRodShaped	1770	3.00261	0.5	23.5684	24.6652	0	0.248312	-0.96868	0	None	None
ChainingRodShaped	2166	2.11848	0.5	6.80626	75.0621	0	0.946706	0.322098	0	None	None
ChainingRodShaped	2104	2.25215	0.5	1.55201	71.3576	0	0.925317	-0.379195	0	None	None
ChainingRodShaped	880	4.29609	0.5	0.629782	47.7548	0	0.747336	-0.664446	0	None	None
ChainingRodShaped	1140	4.03668	0.5	7.91702	45.4758	0	0.844772	-0.535127	0	None	None
ChainingRodShaped	1524	4.25465	0.5	-13.9251	74.5465	0	-0.713903	-0.700244	0	None	None
ChainingRodShaped	1706	3.52025	0.5	-26.5225	20.9128	0	0.884182	-0.467142	0	None	None
ChainingRodShaped	1766	2.54286	0.5	34.2069	40.6182	0	0.998843	0.0480935	0	None	None
ChainingRodShaped	1414	4.94044	0.5	0.654792	55.9478	0	0.774648	-0.632393	0	None	None
ChainingRodShaped	1004	4.85376	0.5	-1.51429	25.9219	0	0.939912	-0.341416	0	None	None
ChainingRodShaped	1942	2.36676	0.5	-25.0926	84.2841	0	-0.406658	-0.91358	0	1943	1519
ChainingRodShaped	1530	4.10431	0.5	-10.0266	40.1328	0	0.698625	-0.715488	0	None	None
ChainingRodShaped	1830	2.72673	0.5	-22.7861	27.1515	0	-0.997844	0.0656326	0	None	None
ChainingRodShaped	960	3.98112	0.5	-17.6108	73.2948	0	-0.621598	-0.783336	0	None	None
ChainingRodShaped	936	4.07267	0.5	19.6197	10.2093	0	0.910985	0.412439	0	None	None
ChainingRodShaped	1432	4.69336	0.5	-26.5736	39.5107	0	0.657301	-0.753628	0	None	None
ChainingRodShaped	1986	2.43319	0.5	2.9647	21.6407	0	-0.999293	-0.0375943	0	None	None
ChainingRodShaped	2048	2.37115	0.5	15.2643	51.7278	0	-0.935853	0.352391	0	None	None
ChainingRodShaped	1906	2.91332	0.5	-1.96884	58.4878	0	-0.273365	-0.96191	0	None	None
ChainingRodShaped	1594	3.79921	0.5	3.98415	48.4389	0	0.765223	-0.643765	0	None	None
ChainingRodShaped	1718	3.61643	0.5	2.84658	64.7905	0	0.617965	-0.786205	0	None	None
ChainingRodShaped	1916	2.84681	0.5	-2.88923	58.5046	0	-0.282974	-0.959128	0	None	None
ChainingRodShaped	1996	2.23068	0.5	13.5957	52.9278	0	-0.970289	-0.241951	0	None	None
ChainingRodShaped	1752	3.16309	0.5	0.56558	8.63953	0	0.166966	-0.985963	0	None	None
ChainingRodShaped	2198	2.02095	0.5	-8.41825	19.7844	0	-0.798806	-0.601589	0	None	None
ChainingRodShaped	1966	2.28587	0.5	-30.2603	48.3148	0	0.622502	-0.782618	0	None	None
ChainingRodShaped	1660	3.04203	0.5	25.326	45.0636	0	0.696697	-0.717366	0	None	None
ChainingRodShaped	1064	4.07952	0.5	-8.98876	30.6704	0	0.288429	-0.957501	0	None	None
ChainingRodShaped	1356	4.42301	0.5	10.0612	24.6698	0	0.744299	-0.667846	0	None	None
ChainingRodShaped	601	4.98451	0.5	17.472	30.4154	0	0.209088	-0.977897	0	None	None
ChainingRodShaped	1284	4.63606	0.5	-26.0058	31.5941	0	-0.69776	0.716332	0	None	None
ChainingRodShaped	1400	3.24057	0.5	8.25938	30.6149	0	0.87221	-0.489132	0	None	None
ChainingRodShaped	1044	3.96159	0.5	-10.6847	6.93151	0	0.999375	-0.0353512	0	None	None
ChainingRodShaped	974	3.97114	0.5	-16.9255	24.0718	0	0.999832	0.0183541	0	None	None
ChainingRodShaped	1828	3.17803	0.5	6.27518	29.6166	0	0.874718	-0.484632	0	None	None
ChainingRodShaped	1314	4.43929	0.5	-18.5683	46.1252	0	-0.679383	-0.733784	0	None	None
ChainingRodShaped	1840	3.09186	0.5	1.14738	63.9744	0	0.611236	-0.791449	0	None	None
ChainingRodShaped	1492	4.23689	0.5	28.384	21.9084	0	-0.447204	0.894432	0	None	None
ChainingRodShaped	1656	3.77506	0.5	33.2873	32.1672	0	0.994861	0.101246	0	None	None
ChainingRodShaped	1664	3.66993	0.5	-5.68222	16.7677	0	0.870523	0.492129	0	None	None
ChainingRodShaped	1720	3.06661	0.5	7.72994	43.397	0	0.850446	-0.526063	0	None	None
ChainingRodShaped	1332	3.16815	0.5	-19.4594	29.7825	0	0.998506	-0.0546427	0	None	None
ChainingRodShaped	2096	2.15435	0.5	0.0238812	31.0922	0	-0.548233	-0.836326	0	None	None
ChainingRodShaped	1392	4.50609	0.5	28.1283	33.5594	0	-0.105495	-0.99442	0	None	None
ChainingRodShaped	1292	4.94563	0.5	0.337106	72.9081	0	0.922267	-0.386553	0	None	None
ChainingRodShaped	1030	4.81519	0.5	9.51502	59.291	0	0.999835	0.0181877	0	None	None
ChainingRodShaped	1750	2.97639	0.5	-19.7798	30.7391	0	0.998739	-0.0501961	0	None	None
ChainingRodShaped	1610	3.60374	0.5	-6.10374	17.6459	0	0.873687	0.486488	0	None	None
ChainingRodShaped	2090	2.21619	0.5	8.99704	45.8835	0	0.848435	-0.5293	0	None	None
ChainingRodShaped	1188	3.90469	0.5	-10.4475	13.0037	0	0.879046	0.476737	0	None	None
ChainingRodShaped	2194	2.0289	0.5	35.8113	34.2234	0	0.0196322	-0.999807	0	None	None
ChainingRodShaped	1562	4.11866	0.5	4.57989	68.7448	0	0.92978	0.368116	0	None	None
ChainingRodShaped	1110	3.90079	0.5	-12.7998	23.2454	0	-0.204421	0.978883	0	None	None
ChainingRodShaped	1522	3.11406	0.5	-4.36464	68.8066	0	0.982161	0.188039	0	None	None
ChainingRodShaped	2020	2.55568	0.5	30.6507	31.4069	0	0.558418	-0.829559	0	None	None
ChainingRodShaped	2050	2.3903	0.5	18.0862	65.5854	0	0.953877	0.300198	0	None	None
ChainingRodShaped	2062	2.27953	0.5	-9.45945	28.5284	0	0.567612	-0.823296	0	None	None
ChainingRodShaped	657	4.96876	0.5	-20.7197	21.2201	0	0.999809	0.0195457	0	None	None
ChainingRodShaped	1940	2.39254	0.5	-2.9955	80.219	0	0.969474	-0.245195	0	None	None
ChainingRodShaped	1168	3.9452	0.5	-11.2049	45.3855	0	-0.50593	-0.862574	0	None	None
ChainingRodShaped	1788	3.18986	0.5	30.4548	55.9709	0	0.764507	-0.644615	0	None	None
ChainingRodShaped	1108	4.91289	0.5	-3.54662	59.3932	0	-0.292543	-0.956252	0	None	None
ChainingRodShaped	1210	3.58178	0.5	-5.21191	71.5022	0	0.98374	0.179598	0	None	None
ChainingRodShaped	1450	4.35006	0.5	-21.8989	26.1318	0	-0.997669	0.068237	0	None	None
ChainingRodShaped	671	4.96655	0.5	-17.7946	67.7932	0	-0.0977675	-0.995209	0	None	None
ChainingRodShaped	2038	2.37074	0.5	-16.7172	22.1829	0	0.999989	0.00468144	0	None	None
ChainingRodShaped	1528	2.86307	0.5	32.4064	47.0484	0	-0.98356	0.180583	0	None	None
ChainingRodShaped	1080	3.8304	0.5	-24.1259	52.7742	0	0.671529	-0.740979	0	None	None
ChainingRodShaped	1912	2.68711	0.5	25.7206	12.1524	0	0.56833	0.822801	0	None	None
ChainingRodShaped	1640	2.77801	0.5	2.98623	40.5802	0	0.996524	0.083311	0	None	None
ChainingRodShaped	683	4.27478	0.5	1.04589	-39.2112	0	0.437821	-0.899062	0	786	1691
ChainingRodShaped	1776	2.97183	0.5	10.4847	15.6902	0	0.809143	-0.587612	0	None	None
ChainingRodShaped	1368	3.20902	0.5	8.48484	65.6806	0	0.134789	-0.990874	0	None	None
ChainingRodShaped	1870	2.72805	0.5	-3.3219	14.7637	0	0.871406	0.490563	0	None	None
ChainingRodShaped	2016	2.20029	0.5	10.3861	77.2473	0	0.815016	-0.579438	0	None	None
ChainingRodShaped	1894	2.46815	0.5	21.4072	53.2181	0	0.589739	-0.807594	0	None	None
ChainingRodShaped	1874	2.4156	0.5	22.1331	40.1809	0	0.711846	-0.702336	0	None	None
ChainingRodShaped	1954	2.51648	0.5	12.9426	15.1134	0	0.831988	-0.554794	0	None	None
ChainingRodShaped	1360	3.91243	0.5	-20.51	74.3994	0	-0.607892	-0.79402	0	None	None
ChainingRodShaped	1312	4.80854	0.5	-9.13138	56.3851	0	-0.573081	-0.819499	0	None	None
ChainingRodShaped	2036	2.24136	0.5	-31.9846	26.2603	0	0.264368	-0.964422	0	None	None
ChainingRodShaped	1272	3.48915	0.5	-27.5024	65.7088	0	-0.203474	-0.97908	0	None	None
ChainingRodShaped	1982	2.5786	0.5	-17.026	23.1246	0	0.999892	0.0146679	0	None	None
ChainingRodShaped	2040	2.18719	0.5	-18.7182	41.557	0	-0.574844	-0.818263	0	None	None
ChainingRodShaped	1306	4.75899	0.5	-17.6959	60.8646	0	0.556287	0.83099	0	None	None
ChainingRodShaped	1722	2.75232	0.5	-15.5433	71.5016	0	-0.663195	-0.748446	0	None	None
ChainingRodShaped	1194	4.32678	0.5	17.3607	26.4441	0	0.2162	-0.976349	0	None	None
ChainingRodShaped	1240	3.75142	0.5	0.62306	40.2788	0	-0.0979664	-0.99519	0	None	None
ChainingRodShaped	719	4.61513	0.5	25.3536	29.3106	0	0.919919	-0.392107	0	None	None
ChainingRodShaped	721	4.85217	0.5	30.1891	47.9107	0	0.382699	0.923873	0	None	None
ChainingRodShaped	2114	2.23719	0.5	24.656	15.8219	0	0.550938	0.834546	0	None	None
ChainingRodShaped	1276	3.77392	0.5	4.66778	24.9962	0	0.923673	0.383182	0	None	None
ChainingRodShaped	2182	2.04746	0.5	-9.63157	47.9105	0	0.649828	-0.760081	0	None	None
ChainingRodShaped	729	4.69869	0.5	-6.5955	27.1398	0	0.395037	-0.918665	0	None	None
ChainingRodShaped	2002	2.5663	0.5	20.361	71.9833	0	0.993621	-0.112775	0	None	None
ChainingRodShaped	1224	3.5678	0.5	-6.56281	35.7605	0	0.231871	-0.972746	0	None	None
ChainingRodShaped	1402	4.48763	0.5	28.8612	18.0758	0	0.87067	-0.491867	0	None	None
ChainingRodShaped	737	4.59859	0.5	-11.0509	64.4881	0	0.173174	-0.984891	0	None	None
ChainingRodShaped	2058	2.31444	0.5	-24.9673	50.5168	0	0.828215	-0.56041	0	None	None
ChainingRodShaped	1928	2.32114	0.5	5.09981	17.9195	0	0.910373	0.413788	0	None	None
ChainingRodShaped	1810	2.80377	0.5	0.743944	12.1594	0	0.876506	-0.481391	0	None	None
ChainingRodShaped	2116	2.06087	0.5	-25.094	7.25558	0	0.498852	-0.866687	0	2117	744
ChainingRodShaped	1186	4.78354	0.5	23.9038	18.1858	0	0.565877	0.82449	0	None	None
ChainingRodShaped	1222	3.4777	0.5	27.8338	54.497	0	0.983604	-0.180343	0	None	None
ChainingRodShaped	1978	2.53352	0.5	11.258	60.2482	0	0.999966	0.00819513	0	None	None
ChainingRodShaped	1244	4.68935	0.5	-16.0041	51.9875	0	0.521824	-0.853053	0	None	None
ChainingRodShaped	1756	3.43716	0.5	-23.9468	14.4226	0	0.479681	-0.877443	0	None	None
ChainingRodShaped	1606	3.8622	0.5	-19.1441	37.9591	0	0.288672	-0.957428	0	None	None
ChainingRodShaped	2192	2.021	0.5	-16.1219	55.1542	0	-0.111339	-0.993783	0	None	None
ChainingRodShaped	1406	4.55877	0.5	-32.293	59.3158	0	-0.444357	-0.89585	0	None	None
ChainingRodShaped	1298	4.98813	0.5	-5.53049	29.5342	0	0.363279	-0.93168	0	None	None
ChainingRodShaped	2082	2.1509	0.5	12.1393	34.7804	0	0.0988237	-0.995105	0	None	None
ChainingRodShaped	1482	3.29744	0.5	18.8097	44.8809	0	0.719063	-0.694945	0	None	None
ChainingRodShaped	1732	3.32906	0.5	7.51058	65.7553	0	0.143424	-0.989661	0	None	None
ChainingRodShaped	1256	3.63532	0.5	-30.2997	63.9853	0	-0.347861	-0.937546	0	None	None
ChainingRodShaped	2178	2.0699	0.5	24.0694	52.5775	0	-0.0545586	-0.998511	0	None	None
ChainingRodShaped	2102	2.1729	0.5	-16.0889	28.3265	0	-0.969907	0.243474	0	None	None
ChainingRodShaped	2034	2.53365	0.5	-7.2211	13.659	0	0.872248	0.489064	0	None	None
ChainingRodShaped	1486	3.2008	0.5	-7.95348	79.0138	0	0.719479	-0.694514	0	None	None
ChainingRodShaped	1654	3.25991	0.5	-32.9777	38.4877	0	-0.439794	0.898099	0	None	None
ChainingRodShaped	1970	2.26549	0.5	35.8626	19.7082	0	0.994713	0.102692	0	None	None
ChainingRodShaped	1538	3.81794	0.5	-22.8033	49.9142	0	0.674639	-0.738148	0	None	None
ChainingRodShaped	2056	2.09991	0.5	-3.15001	-30.7124	0	0.450269	-0.892893	0	2057	786
ChainingRodShaped	1282	3.776	0.5	21.8317	62.5577	0	0.295767	0.95526	0	None	None
ChainingRodShaped	791	3.8513	0.5	-13.807	109.496	0	-0.39821	-0.917294	0	400	2029
ChainingRodShaped	1560	3.48193	0.5	-33.253	49.8722	0	0.31894	-0.947775	0	None	None
ChainingRodShaped	795	4.46638	0.5	12.1509	9.87691	0	0.829516	-0.558483	0	None	None
ChainingRodShaped	1868	2.88077	0.5	29.5256	12.8094	0	0.885467	0.464702	0	None	None
ChainingRodShaped	1582	3.47004	0.5	-7.03834	49.1473	0	0.660434	-0.750884	0	None	None
ChainingRodShaped	2066	2.22798	0.5	7.81651	57.4456	0	0.997007	0.0773166	0	None	None
ChainingRodShaped	2010	2.58725	0.5	30.5758	42.5755	0	0.861063	0.508498	0	None	None
ChainingRodShaped	805	4.30155	0.5	10.3797	73.6431	0	0.808409	-0.588622	0	None	None
ChainingRodShaped	2170	2.08139	0.5	10.7968	7.53995	0	0.983847	-0.179012	0	None	None
ChainingRodShaped	809	3.41387	0.5	-17.013	-6.02108	0	0.52487	-0.851183	0	1558	1999
ChainingRodShaped	1616	4.05423	0.5	10.406	12.2324	0	0.82389	-0.56675	0	None	None
ChainingRodShaped	1786	2.83744	0.5	12.8173	24.6781	0	0.741757	-0.670669	0	None	None
ChainingRodShaped	1372	3.8309	0.5	-5.13097	39.742	0	0.502535	-0.864557	0	None	None
ChainingRodShaped	1962	2.51075	0.5	-20.0475	31.6923	0	0.998215	-0.0597287	0	None	None
ChainingRodShaped	1308	4.3785	0.5	26.1377	25.8034	0	0.669642	0.742684	0	None	None
ChainingRodShaped	1570	3.85248	0.5	-10.0984	64.5572	0	0.171353	-0.98521	0	None	None
ChainingRodShaped	1358	3.86315	0.5	-20.0555	17.3963	0	-0.150052	-0.988678	0	None	None
ChainingRodShaped	825	3.54778	0.5	-35.7951	39.8137	0	0.0512851	-0.998684	0	464	824
ChainingRodShaped	827	4.43104	0.5	-29.9874	39.4823	0	0.525035	-0.851081	0	None	None
ChainingRodShaped	1964	2.45892	0.5	-29.8067	44.0842	0	0.71867	-0.695352	0	None	None
ChainingRodShaped	1370	3.2559	0.5	13.7346	40.779	0	0.102249	-0.994759	0	None	None
ChainingRodShaped	1396	3.90703	0.5	13.4874	68.7812	0	-0.537521	-0.843251	0	None	None
ChainingRodShaped	1344	3.93573	0.5	30.4023	26.3598	0	0.501345	-0.865247	0	None	None
ChainingRodShaped	1410	3.02715	0.5	-2.56282	14.0761	0	0.876356	0.481663	0	None	None
ChainingRodShaped	1730	2.92986	0.5	-25.4607	47.4405	0	0.873609	-0.486628	0	None	None
ChainingRodShaped	1472	3.58533	0.5	17.1261	47.7632	0	0.740038	-0.672565	0	None	None
ChainingRodShaped	1708	2.6477	0.5	26.5405	24.101	0	0.356548	0.934277	0	None	None
ChainingRodShaped	845	4.64926	0.5	21.4681	31.637	0	-0.962034	-0.272931	0	None	None
ChainingRodShaped	1614	3.25379	0.5	5.27094	42.4586	0	0.693177	-0.720768	0	None	None
ChainingRodShaped	1714	3.19609	0.5	-17.4	15.4348	0	-0.169073	-0.985604	0	None	None
ChainingRodShaped	851	4.82526	0.5	14.6363	56.8757	0	0.997834	0.0657778	0	None	None
ChainingRodShaped	853	4.38607	0.5	-6.64442	52.9836	0	0.654194	-0.756327	0	None	None
ChainingRodShaped	1600	3.83919	0.5	6.10688	66.2263	0	0.340112	-0.940385	0	None	None
ChainingRodShaped	857	4.26984	0.5	-16.4253	50.947	0	0.513258	-0.858234	0	None	None
ChainingRodShaped	1740	2.53858	0.5	0.546426	11.1679	0	0.877521	-0.479539	0	None	None
ChainingRodShaped	1362	3.20658	0.5	-3.82648	41.1082	0	0.486959	-0.873425	0	None	None
ChainingRodShaped	1636	3.58024	0.5	-11.0093	4.97962	0	0.999209	-0.0397634	0	None	None
ChainingRodShaped	1566	2.95824	0.5	-21.0517	54.4239	0	0.218667	-0.975799	0	None	None
ChainingRodShaped	1348	4.82287	0.5	23.1349	53.044	0	-0.0576417	-0.998337	0	None	None
ChainingRodShaped	1454	4.72855	0.5	-26.1502	21.8218	0	0.883086	-0.469211	0	None	None
ChainingRodShaped	1434	3.47476	0.5	-18.2568	9.41118	0	0.764277	-0.644888	0	None	None
ChainingRodShaped	873	4.65524	0.5	19.6344	9.16038	0	0.91244	0.409212	0	None	None
ChainingRodShaped	1798	2.79256	0.5	-11.7116	22.7757	0	-0.20279	0.979222	0	None	None
ChainingRodShaped	1604	3.48508	0.5	-25.0141	58.1796	0	0.35881	-0.933411	0	None	None
ChainingRodShaped	1456	3.2437	0.5	11.3806	17.6008	0	0.726075	-0.687615	0	None	None
ChainingRodShaped	1658	2.6652	0.5	-2.55704	52.0883	0	0.239988	-0.970776	0	None	None
ChainingRodShaped	1428	4.17123	0.5	-6.11661	7.33972	0	0.861929	0.50703	0	None	None
ChainingRodShaped	885	4.7608	0.5	12.3046	32.6449	0	0.8966	-0.442841	0	None	None
ChainingRodShaped	2156	2.14467	0.5	-17.3444	77.3436	0	-0.961903	-0.273392	0	None	None
ChainingRodShaped	889	4.4726	0.5	-32.9477	40.6507	0	-0.444661	0.895699	0	None	None
ChainingRodShaped	1704	2.59827	0.5	24.0123	68.2149	0	0.999472	0.0325044	0	None	None
ChainingRodShaped	1404	3.27216	0.5	18.4575	41.224	0	0.675788	-0.737096	0	None	None
ChainingRodShaped	1418	3.80295	0.5	0.298965	75.0112	0	0.922703	-0.385512	0	None	None
ChainingRodShaped	1780	3.4279	0.5	15.6011	67.0592	0	0.99091	0.134525	0	None	None
ChainingRodShaped	1536	2.90534	0.5	-9.34675	70.7391	0	0.965771	-0.259398	0	None	None
ChainingRodShaped	1816	2.59134	0.5	-3.66517	32.426	0	0.372421	-0.928064	0	None	None
ChainingRodShaped	1542	4.26694	0.5	-11.8843	63.8145	0	0.171356	-0.985209	0	None	None
ChainingRodShaped	905	4.09519	0.5	7.90949	15.1512	0	0.820701	-0.571358	0	None	None
ChainingRodShaped	907	4.30105	0.5	-3.84363	77.425	0	0.935982	-0.352048	0	None	None
ChainingRodShaped	909	4.58372	0.5	-14.6769	11.7685	0	0.634426	-0.772984	0	None	None
ChainingRodShaped	1444	3.34132	0.5	21.0575	30.5616	0	-0.963892	-0.266294	0	None	None
ChainingRodShaped	1952	2.37269	0.5	-32.5687	45.9933	0	0.822182	-0.569224	0	None	None
ChainingRodShaped	1500	3.29907	0.5	10.4017	31.4874	0	0.872217	-0.48912	0	None	None
ChainingRodShaped	917	4.79293	0.5	-0.797682	52.9492	0	0.225785	-0.974177	0	None	None
ChainingRodShaped	1438	4.73127	0.5	31.8408	44.2349	0	0.976641	0.214879	0	None	None
ChainingRodShaped	1584	3.40383	0.5	25.2366	61.7259	0	-0.758594	0.651564	0	None	None
ChainingRodShaped	1514	3.56704	0.5	0.495288	73.878	0	0.921684	-0.387942	0	None	None
ChainingRodShaped	925	4.51767	0.5	-25.1357	36.385	0	0.656566	-0.754269	0	None	None
ChainingRodShaped	1554	3.30931	0.5	32.5952	39.5017	0	0.994649	0.103308	0	None	None
ChainingRodShaped	1440	3.05226	0.5	18.0675	48.1706	0	0.735183	-0.677868	0	None	None
ChainingRodShaped	1546	3.24979	0.5	9.78061	55.8361	0	0.943358	0.331777	0	None	None
ChainingRodShaped	1686	3.17779	0.5	-6.13662	9.83885	0	0.876736	0.480971	0	None	None
ChainingRodShaped	1564	3.62897	0.5	5.02511	54.1867	0	0.965241	0.26136	0	None	None
ChainingRodShaped	1436	4.07163	0.5	18.9981	10.9779	0	0.909807	0.415031	0	None	None
ChainingRodShaped	2032	2.50909	0.5	-0.610592	37.5649	0	-0.108446	-0.994102	0	None	None
ChainingRodShaped	2158	2.08419	0.5	8.09791	48.737	0	0.795335	-0.60617	0	None	None
ChainingRodShaped	943	4.45036	0.5	-14.6317	59.06	0	-0.0474568	-0.998873	0	None	None
ChainingRodShaped	1688	2.6655	0.5	-22.2012	58.8428	0	0.658126	-0.752908	0	None	None
ChainingRodShaped	2152	2.09293	0.5	18.2763	60.9893	0	0.996253	0.0864859	0	None	None
ChainingRodShaped	1452	3.23249	0.5	19.478	34.5845	0	0.606057	-0.795421	0	None	None
ChainingRodShaped	951	3.22757	0.5	-33.1849	62.9066	0	-0.259267	-0.965806	0	1900	950
ChainingRodShaped	953	4.26688	0.5	7.93845	44.3779	0	0.848346	-0.529442	0	None	None
ChainingRodShaped	1948	2.48997	0.5	18.1859	51.825	0	-0.983889	0.17878	0	None	None
ChainingRodShaped	957	4.87228	0.5	-6.92216	64.7545	0	0.666817	-0.745222	0	None	None
ChainingRodShaped	1480	3.09891	0.5	30.3181	44.8873	0	0.978661	0.205479	0	None	None
ChainingRodShaped	1470	3.71874	0.5	-14.4698	75.3383	0	-0.714008	-0.700138	0	None	None
ChainingRodShaped	1834	3.0761	0.5	-30.7508	25.5106	0	0.266573	-0.963815	0	None	None
ChainingRodShaped	1602	3.36389	0.5	-11.2083	37.9179	0	0.221932	0.975062	0	None	None
ChainingRodShaped	967	4.68307	0.5	3.83459	10.074	0	0.972487	0.232956	0	None	None
ChainingRodShaped	969	4.79024	0.5	4.35707	37.3186	0	-0.610535	-0.791989	0	None	None
ChainingRodShaped	1510	2.94517	0.5	11.4171	50.2438	0	0.932114	-0.362165	0	None	None
ChainingRodShaped	1506	4.10207	0.5	18.2859	39.1166	0	0.457758	-0.889077	0	None	None
ChainingRodShaped	1836	2.96846	0.5	-21.3674	24.0281	0	0.998943	0.0459736	0	None	None
ChainingRodShaped	1672	2.9306	0.5	1.11142	19.6932	0	0.997671	0.0682088	0	None	None
ChainingRodShaped	979	4.42235	0.5	21.9718	48.3988	0	0.728906	-0.684614	0	None	None
ChainingRodShaped	1744	3.03953	0.5	14.2531	25.8869	0	0.728222	-0.685341	0	None	None
ChainingRodShaped	1980	2.59932	0.5	10.2675	32.6172	0	0.877063	-0.480375	0	None	None
ChainingRodShaped	985	4.5787	0.5	-28.8787	40.4563	0	0.708936	-0.705273	0	None	None
ChainingRodShaped	1860	2.84774	0.5	-3.31851	20.425	0	-0.999268	-0.0382565	0	None	None
ChainingRodShaped	1650	3.57134	0.5	-28.9797	64.7271	0	-0.347373	-0.937727	0	None	None
ChainingRodShaped	1666	2.94112	0.5	7.15307	30.1808	0	0.869832	-0.493349	0	None	None
ChainingRodShaped	1696	2.68938	0.5	-4.91584	41.1902	0	0.495648	-0.868523	0	None	None
ChainingRodShaped	995	4.01546	0.5	-9.81596	69.8891	0	0.965096	-0.261897	0	None	None
ChainingRodShaped	997	4.23637	0.5	-13.3856	64.1219	0	-0.0987872	-0.995109	0	None	None
ChainingRodShaped	1526	3.00401	0.5	-28.9354	31.8155	0	-0.693648	0.720314	0	None	None
ChainingRodShaped	1842	2.84374	0.5	1.86519	32.2474	0	-0.522897	-0.852396	0	None	None
ChainingRodShaped	2132	2.12809	0.5	1.44349	70.374	0	0.926901	-0.375305	0	None	None
ChainingRodShaped	1005	4.11174	0.5	-4.97537	30.6871	0	0.372424	-0.928063	0	None	None
ChainingRodShaped	1007	4.52906	0.5	34.8019	35.5567	0	0.0220514	-0.999757	0	None	None
ChainingRodShaped	1710	3.31306	0.5	8.43532	11.2341	0	0.821209	-0.570628	0	None	None
ChainingRodShaped	1674	3.53404	0.5	1.08012	48.5248	0	0.752537	-0.65855	0	None	None
ChainingRodShaped	1540	3.83328	0.5	-24.439	67.1601	0	-0.97448	-0.224474	0	None	None
ChainingRodShaped	1888	2.57011	0.5	35.331	18.6558	0	0.996095	0.0882865	0	None	None
ChainingRodShaped	1580	3.07534	0.5	-11.1605	28.6632	0	0.740105	-0.672491	0	None	None
ChainingRodShaped	1019	4.6254	0.5	-5.34972	64.4018	0	0.671968	-0.74058	0	None	None
ChainingRodShaped	1728	2.96781	0.5	3.68619	49.9031	0	0.765418	-0.643533	0	None	None
ChainingRodShaped	1630	2.98129	0.5	-10.7465	22.9269	0	-0.20082	0.979628	0	None	None
ChainingRodShaped	1596	3.5165	0.5	36.7097	31.2106	0	-0.634496	-0.772926	0	None	None
ChainingRodShaped	1027	4.47151	0.5	17.3826	64.3705	0	0.956105	0.293025	0	None	None
ChainingRodShaped	1029	3.84809	0.5	3.17056	14.1945	0	0.997781	0.0665786	0	None	None
ChainingRodShaped	2022	2.19264	0.5	3.726	59.742	0	0.813076	-0.582158	0	None	None
ChainingRodShaped	1668	3.30047	0.5	-18.6839	68.4233	0	-0.0878149	-0.996137	0	None	None
ChainingRodShaped	2160	2.06859	0.5	-8.04278	39.4049	0	0.508722	-0.860931	0	None	None
ChainingRodShaped	1037	4.68258	0.5	-10.7601	44.3863	0	-0.5138	-0.85791	0	None	None
ChainingRodShaped	2094	2.13338	0.5	-17.5685	62.7882	0	0.561448	0.827512	0	None	None
ChainingRodShaped	1041	4.07976	0.5	20.0525	8.28579	0	0.912569	0.408922	0	None	None
ChainingRodShaped	1910	2.34359	0.5	5.80479	63.0261	0	-0.0332486	-0.999447	0	None	None
ChainingRodShaped	1846	2.59991	0.5	-14.4505	8.33913	0	0.896103	-0.443847	0	None	None
ChainingRodShaped	1047	4.14386	0.5	28.6401	56.2307	0	0.759695	-0.650279	0	None	None
ChainingRodShaped	2122	2.19439	0.5	-1.00253	45.4387	0	0.729021	-0.684492	0	None	None
ChainingRodShaped	1628	3.16498	0.5	-20.5863	68.4696	0	-0.073805	-0.997273	0	None	None
ChainingRodShaped	1782	2.94696	0.5	-4.80535	72.5316	0	0.985487	0.169752	0	None	None
ChainingRodShaped	1676	2.86208	0.5	-14.9639	41.8935	0	-0.229435	-0.973324	0	None	None
ChainingRodShaped	2110	2.27214	0.5	31.8918	34.1299	0	0.21958	-0.975594	0	None	None
ChainingRodShaped	1059	4.65263	0.5	-1.51288	21.4262	0	-0.998836	-0.0482344	0	None	None
ChainingRodShaped	1638	3.12878	0.5	-10.0603	51.1081	0	0.669833	-0.742512	0	None	None
ChainingRodShaped	1702	3.09539	0.5	-21.9474	40.7349	0	0.288676	-0.957427	0	None	None
ChainingRodShaped	1065	4.70668	0.5	-10.1775	34.2487	0	-0.202394	-0.979304	0	None	None
ChainingRodShaped	1618	3.42407	0.5	-17.9607	55.7632	0	-0.130089	-0.991502	0	None	None
ChainingRodShaped	1069	3.94827	0.5	9.96864	30.6796	0	0.867264	-0.497849	0	None	None
ChainingRodShaped	1644	3.89258	0.5	17.9504	43.0856	0	0.711839	-0.702343	0	None	None
ChainingRodShaped	1073	3.88527	0.5	-26.6525	41.4262	0	0.817026	-0.576601	0	None	None
ChainingRodShaped	1652	2.68163	0.5	12.2747	23.897	0	0.73758	-0.67526	0	None	None
ChainingRodShaped	1792	2.64765	0.5	-3.57724	52.1583	0	0.241911	-0.970298	0	None	None
ChainingRodShaped	1079	4.05457	0.5	1.57112	58.9854	0	-0.811289	0.584645	0	None	None
ChainingRodShaped	1081	4.65215	0.5	-26.7482	57.2099	0	0.351272	-0.936273	0	None	None
ChainingRodShaped	2196	2.02601	0.5	-29.0739	29.1462	0	0.709206	-0.705001	0	None	None
ChainingRodShaped	1754	2.88105	0.5	-4.47749	67.6773	0	0.997949	0.0640145	0	None	None
ChainingRodShaped	1758	2.97668	0.5	13.086	25.6993	0	0.735026	-0.678039	0	None	None
ChainingRodShaped	1850	2.93942	0.5	-2.66185	40.9248	0	0.478196	-0.878253	0	None	None
ChainingRodShaped	1742	2.91762	0.5	20.8163	23.9745	0	0.245407	-0.96942	0	None	None
ChainingRodShaped	1838	3.04698	0.5	12.6115	54.6414	0	-0.974425	-0.224711	0	None	None
ChainingRodShaped	1095	4.6733	0.5	32.4373	36.1612	0	0.210298	-0.977637	0	None	None
ChainingRodShaped	1097	4.11573	0.5	-28.4077	47.1441	0	0.376143	-0.926562	0	None	None
ChainingRodShaped	1099	4.45906	0.5	-13.6897	15.2926	0	0.589345	-0.807881	0	None	None
ChainingRodShaped	1101	4.70512	0.5	32.8491	41.522	0	0.9989	0.046899	0	None	None
ChainingRodShaped	1800	3.12506	0.5	2.22655	5.91805	0	0.992842	-0.119438	0	None	None
ChainingRodShaped	1924	2.88416	0.5	-26.3141	58.8441	0	0.353802	-0.93532	0	None	None
ChainingRodShaped	1724	2.84578	0.5	1.77322	35.4063	0	-0.556534	-0.830825	0	None	None
ChainingRodShaped	2060	2.18416	0.5	-3.1985	63.648	0	0.4207	-0.9072	0	None	None
ChainingRodShaped	2184	2.05449	0.5	-12.0525	19.4631	0	0.113493	0.993539	0	None	None
ChainingRodShaped	1826	2.75294	0.5	-8.91042	55.1104	0	-0.581249	-0.813726	0	None	None
ChainingRodShaped	1866	3.13658	0.5	-1.02731	78.6401	0	0.960337	-0.278843	0	None	None
ChainingRodShaped	1117	3.88509	0.5	27.2049	33.711	0	-0.100982	-0.994888	0	None	None
ChainingRodShaped	1774	3.45129	0.5	34.0167	48.5497	0	-0.956974	-0.290173	0	None	None
ChainingRodShaped	1121	4.94968	0.5	-7.53651	74.6482	0	-0.948027	-0.318191	0	None	None
ChainingRodShaped	1802	2.76046	0.5	33.5059	26.3271	0	0.12143	-0.9926	0	None	None
ChainingRodShaped	1125	4.49434	0.5	21.0346	27.2412	0	0.215916	-0.976412	0	None	None
ChainingRodShaped	1127	4.44943	0.5	-14.066	77.075	0	-0.719388	-0.694608	0	None	None
ChainingRodShaped	1129	4.0252	0.5	-4.93191	69.6465	0	0.980886	0.194582	0	None	None
ChainingRodShaped	1131	4.56864	0.5	19.4801	48.1391	0	0.731384	-0.681966	0	None	None
ChainingRodShaped	1133	4.85027	0.5	-13.5633	46.6267	0	-0.514784	-0.85732	0	None	None
ChainingRodShaped	1135	4.90089	0.5	-16.9292	67.077	0	-0.0969369	-0.995291	0	None	None
ChainingRodShaped	1920	2.43047	0.5	1.16025	18.7539	0	0.997317	0.0731979	0	None	None
ChainingRodShaped	2176	2.03819	0.5	13.2253	65.3947	0	0.887286	0.46122	0	None	None
ChainingRodShaped	1938	2.79367	0.5	4.29864	46.9685	0	0.771626	-0.636077	0	None	None
ChainingRodShaped	2118	2.26245	0.5	20.0632	32.1969	0	-0.963609	-0.267316	0	None	None
ChainingRodShaped	1145	4.27975	0.5	8.9947	24.4041	0	0.747771	-0.663957	0	None	None
ChainingRodShaped	1814	2.46383	0.5	2.9044	55.7785	0	0.452432	-0.891799	0	None	None
ChainingRodShaped	1149	3.59723	0.5	5.09481	18.9671	0	0.907128	0.420855	0	None	None
ChainingRodShaped	1151	4.42484	0.5	22.1147	70.1157	0	0.912361	-0.409387	0	None	None
ChainingRodShaped	1153	4.61316	0.5	18.7111	24.7885	0	0.225959	-0.974137	0	None	None
ChainingRodShaped	1155	3.70079	0.5	2.74553	38.3026	0	-0.633222	-0.773971	0	None	None
ChainingRodShaped	1157	4.45443	0.5	1.16727	22.5127	0	0.999001	0.0446872	0	None	None
ChainingRodShaped	1956	2.55831	0.5	19.7331	20.1606	0	-0.157791	-0.987473	0	None	None
ChainingRodShaped	1161	4.07973	0.5	-14.301	64.2972	0	0.0936433	0.995606	0	None	None
ChainingRodShaped	1884	2.82135	0.5	16.7595	45.5432	0	0.728472	-0.685075	0	None	None
ChainingRodShaped	1824	3.01488	0.5	23.8472	7.53025	0	0.978829	0.204681	0	None	None
ChainingRodShaped	1167	4.46422	0.5	-14.0311	33.9795	0	0.939766	0.341817	0	None	None
ChainingRodShaped	1169	4.31582	0.5	-7.98272	47.4305	0	0.654856	-0.755754	0	None	None
ChainingRodShaped	1171	4.11417	0.5	-3.20634	65.4437	0	0.798006	-0.602649	0	None	None
ChainingRodShaped	1858	2.91951	0.5	0.926687	24.0301	0	0.936614	-0.350364	0	None	None
ChainingRodShaped	1175	3.00032	0.5	-35.1171	53.8944	0	-0.15328	-0.988183	0	950	1174
ChainingRodShaped	1784	3.45199	0.5	-28.3542	18.9543	0	0.588657	-0.808383	0	None	None
ChainingRodShaped	2136	2.11572	0.5	-27.4436	51.8659	0	0.495026	-0.868878	0	None	None
ChainingRodShaped	1181	4.35335	0.5	-13.7235	22.9871	0	0.204859	-0.978792	0	None	None
ChainingRodShaped	1183	4.57883	0.5	32.316	50.3151	0	0.414596	0.910006	0	None	None
ChainingRodShaped	1822	2.5367	0.5	29.7282	49.3356	0	0.383547	0.923521	0	None	None
ChainingRodShaped	1187	3.72577	0.5	23.4259	15.7132	0	0.547624	0.836725	0	None	None
ChainingRodShaped	1189	4.10929	0.5	-14.1461	14.3381	0	0.591139	-0.806569	0	None	None
ChainingRodShaped	1880	2.40696	0.5	5.98752	76.864	0	0.949864	0.312663	0	None	None
ChainingRodShaped	1193	3.55262	0.5	-15.713	31.3198	0	0.998397	-0.0565931	0	None	None
ChainingRodShaped	2076	2.20932	0.5	15.6185	30.4104	0	0.21967	-0.975574	0	None	None
ChainingRodShaped	1197	4.30296	0.5	11.7611	41.9617	0	0.109672	-0.993968	0	None	None
ChainingRodShaped	2052	2.39492	0.5	-8.99011	81.1057	0	0.997698	-0.0678165	0	None	None
ChainingRodShaped	1930	2.78335	0.5	8.72237	23.4316	0	-0.750194	0.661218	0	None	None
ChainingRodShaped	1203	4.37525	0.5	-10.5231	10.5993	0	0.852231	0.523166	0	None	None
ChainingRodShaped	2092	2.23051	0.5	6.38524	43.1136	0	0.85567	-0.517522	0	None	None
ChainingRodShaped	1207	4.12695	0.5	-32.6864	23.9209	0	0.320546	-0.947233	0	1646	1206
ChainingRodShaped	1209	4.48269	0.5	-27.1353	27.1635	0	-0.975759	0.218846	0	None	None
ChainingRodShaped	1832	2.70952	0.5	-9.2218	71.6848	0	0.965973	-0.258642	0	None	None
ChainingRodShaped	1213	4.81569	0.5	4.06491	50.7661	0	0.770221	-0.637778	0	None	None
ChainingRodShaped	1215	3.80462	0.5	17.2012	70.9781	0	0.531277	0.847198	0	None	None
ChainingRodShaped	1946	2.52682	0.5	16.2493	12.1074	0	0.695973	-0.718068	0	None	None
ChainingRodShaped	2006	2.45117	0.5	17.6707	59.9802	0	0.997067	0.0765325	0	None	None
ChainingRodShaped	1221	3.97016	0.5	-1.96894	27.0305	0	0.936452	-0.350795	0	None	None
ChainingRodShaped	1223	4.67172	0.5	25.9727	57.9975	0	0.23322	-0.972424	0	None	None
ChainingRodShaped	1882	2.79996	0.5	-7.04961	39.45	0	0.500044	-0.866	0	None	None
ChainingRodShaped	2168	2.10731	0.5	17.0002	22.8684	0	0.194391	-0.980924	0	None	None
ChainingRodShaped	1229	4.79419	0.5	23.7961	12.801	0	0.563368	0.826206	0	None	None
ChainingRodShaped	1231	4.62134	0.5	-11.9673	45.8548	0	-0.497713	-0.867342	0	None	None
ChainingRodShaped	1233	4.87614	0.5	-5.76206	15.5962	0	0.867317	0.497756	0	None	None
ChainingRodShaped	1235	3.83617	0.5	16.5426	38.388	0	0.459769	-0.888039	0	None	None
ChainingRodShaped	1918	2.70681	0.5	30.5117	29.8831	0	0.550094	-0.835103	0	None	None
ChainingRodShaped	2148	2.12008	0.5	23.504	40.1001	0	0.690608	-0.723229	0	None	None
ChainingRodShaped	1241	4.47171	0.5	-1.55664	44.6705	0	0.722304	-0.691575	0	None	None
ChainingRodShaped	1243	4.43633	0.5	-24.203	23.1064	0	0.907624	-0.419783	0	None	None
ChainingRodShaped	1245	4.14394	0.5	-16.8327	57.0006	0	-0.129904	-0.991527	0	None	None
ChainingRodShaped	1247	3.63027	0.5	8.43263	20.5686	0	0.45315	-0.891434	0	None	None
ChainingRodShaped	1249	4.03161	0.5	10.7884	42.6155	0	0.0997481	-0.995013	0	None	None
ChainingRodShaped	1922	2.50712	0.5	0.232457	63.6213	0	0.614018	-0.789292	0	None	None
ChainingRodShaped	1892	2.52724	0.5	-33.525	32.5945	0	0.495018	-0.868883	0	None	None
ChainingRodShaped	1255	3.39884	0.5	-14.1421	52.8705	0	0.657272	-0.753653	0	None	None
ChainingRodShaped	1257	3.84229	0.5	-26.7348	69.4883	0	-0.97493	0.222512	0	None	None
ChainingRodShaped	2200	2.0159	0.5	-21.676	36.7484	0	0.662081	-0.749432	0	None	None
ChainingRodShaped	1992	2.43219	0.5	11.3444	63.0886	0	0.999859	-0.0168101	0	None	None
ChainingRodShaped	2202	2.00137	0.5	26.2351	49.6776	0	-0.508442	-0.861096	0	None	None
ChainingRodShaped	1265	3.31779	0.5	21.8339	66.1167	0	0.99713	0.075705	0	None	None
ChainingRodShaped	1267	4.64163	0.5	-19.9826	62.6695	0	-0.567807	-0.823162	0	None	None
ChainingRodShaped	1269	4.65564	0.5	4.26206	60.5255	0	0.81497	-0.579503	0	None	None
ChainingRodShaped	1271	3.63813	0.5	-7.78916	123.466	0	-0.394361	-0.918956	0	None	1270
ChainingRodShaped	1273	3.77451	0.5	-24.3702	68.1741	0	-0.974898	-0.222651	0	None	None
ChainingRodShaped	1984	2.65082	0.5	15.2011	18.3692	0	0.345665	-0.938358	0	None	None
ChainingRodShaped	1277	4.0119	0.5	-1.92565	24.0842	0	0.939173	-0.343445	0	None	None
ChainingRodShaped	1279	4.07716	0.5	36.452	26.3783	0	-0.120695	0.99269	0	None	None
ChainingRodShaped	1281	3.61063	0.5	16.5101	13.4963	0	0.879487	-0.475924	0	None	None
ChainingRodShaped	1283	3.79013	0.5	20.7214	57.9508	0	0.129014	0.991643	0	None	None
ChainingRodShaped	2014	2.48502	0.5	-22.5915	29.0481	0	-0.997183	0.0750015	0	None	None
ChainingRodShaped	2134	2.23244	0.5	13.5778	58.6748	0	0.996885	0.0788743	0	None	None
ChainingRodShaped	1960	2.47098	0.5	-16.5332	41.2801	0	-0.598729	-0.800952	0	None	None
ChainingRodShaped	2126	2.21529	0.5	-12.9418	11.4551	0	0.765431	-0.643518	0	None	None
ChainingRodShaped	2072	2.15252	0.5	-3.96594	73.6421	0	0.984327	0.176351	0	None	None
ChainingRodShaped	1295	4.95495	0.5	-30.4862	55.265	0	0.787448	-0.616381	0	None	None
ChainingRodShaped	2190	2.02406	0.5	16.5038	6.10814	0	0.958547	-0.284934	0	None	None
ChainingRodShaped	2124	2.14552	0.5	-7.00872	33.7987	0	0.278041	-0.960569	0	None	None
ChainingRodShaped	1301	4.33065	0.5	20.6767	48.2902	0	0.735717	-0.677289	0	None	None
ChainingRodShaped	1303	4.12374	0.5	-5.53153	35.368	0	0.20694	-0.978354	0	None	None
ChainingRodShaped	1305	3.88174	0.5	-14.1836	47.3369	0	-0.506202	-0.862415	0	None	None
ChainingRodShaped	1307	3.69674	0.5	-18.8675	56.1508	0	0.127178	0.99188	0	None	None
ChainingRodShaped	1309	4.72162	0.5	23.9314	21.5558	0	0.58201	0.813182	0	None	None
ChainingRodShaped	1311	4.79218	0.5	2.99585	29.7515	0	0.0724732	-0.99737	0	None	None
ChainingRodShaped	1313	4.79812	0.5	-7.97928	59.2992	0	-0.814527	-0.580125	0	None	None
ChainingRodShaped	1315	4.12956	0.5	-18.3297	50.4776	0	0.490794	-0.871276	0	None	None
ChainingRodShaped	1317	4.50742	0.5	29.5014	26.0109	0	0.492671	-0.870216	0	None	None
ChainingRodShaped	1319	4.36675	0.5	10.6493	74.6388	0	0.811096	-0.584913	0	None	None
ChainingRodShaped	1321	3.43457	0.5	10.0881	76.2467	0	0.814865	-0.579651	0	None	None
ChainingRodShaped	1323	3.73882	0.5	-8.16495	64.7532	0	0.672477	-0.740118	0	None	None
ChainingRodShaped	1325	4.99923	0.5	-23.5258	37.461	0	0.654562	-0.756008	0	None	None
ChainingRodShaped	1327	3.23323	0.5	-7.51055	75.6647	0	-0.950104	-0.311934	0	None	None
ChainingRodShaped	1329	3.65409	0.5	-3.93683	22.8878	0	-0.945034	0.326972	0	None	None
ChainingRodShaped	1331	3.7255	0.5	4.43622	11.2109	0	0.971176	0.238362	0	None	None
ChainingRodShaped	1333	4.99892	0.5	-23.9967	31.4352	0	0.80329	-0.595588	0	None	None
ChainingRodShaped	2108	2.15065	0.5	23.5005	57.4979	0	-0.119501	-0.992834	0	None	None
ChainingRodShaped	1337	3.42515	0.5	6.75035	7.90382	0	0.961128	-0.276103	0	None	None
ChainingRodShaped	1339	3.96276	0.5	30.4452	12.1804	0	0.884193	0.467121	0	None	None
ChainingRodShaped	1341	4.74638	0.5	-13.801	32.9577	0	0.957161	0.289557	0	None	None
ChainingRodShaped	1343	4.78233	0.5	-28.0734	50.659	0	0.732822	-0.68042	0	None	None
ChainingRodShaped	1345	4.52998	0.5	26.7644	29.7405	0	0.918706	-0.394941	0	None	None
ChainingRodShaped	1347	3.86159	0.5	8.66629	62.1587	0	0.999961	-0.00877796	0	None	None
ChainingRodShaped	1349	4.8125	0.5	22.4033	56.2365	0	-0.109576	-0.993978	0	None	None
ChainingRodShaped	1351	4.30452	0.5	34.371	42.5606	0	0.998381	0.0568832	0	None	None
ChainingRodShaped	1353	4.11274	0.5	-8.02382	61.4517	0	-0.825989	-0.563686	0	None	None
ChainingRodShaped	2100	2.17338	0.5	-29.4952	36.9052	0	-0.658559	0.752529	0	None	None
ChainingRodShaped	1357	4.24276	0.5	5.84343	27.7751	0	0.876003	-0.482306	0	None	None
ChainingRodShaped	1359	4.07218	0.5	-21.1795	20.2523	0	0.999763	0.0217889	0	None	None
ChainingRodShaped	1361	4.35312	0.5	-19.8533	76.8393	0	-0.646664	-0.762775	0	None	None
ChainingRodShaped	1363	4.22445	0.5	-6.90961	44.8331	0	0.700203	-0.713943	0	None	None
ChainingRodShaped	1365	4.51128	0.5	4.85142	9.32373	0	0.973805	0.227386	0	None	None
ChainingRodShaped	1367	4.9208	0.5	-13.3946	40.5301	0	-0.235856	-0.971788	0	None	None
ChainingRodShaped	1369	4.50747	0.5	10.4004	69.6563	0	-0.59676	-0.80242	0	None	None
ChainingRodShaped	1371	4.06619	0.5	12.6307	42.2499	0	0.112185	-0.993687	0	None	None
ChainingRodShaped	1373	3.92312	0.5	-8.02726	43.4919	0	0.714383	-0.699755	0	None	None
ChainingRodShaped	1375	4.62465	0.5	7.78422	50.1505	0	0.78923	-0.614098	0	None	None
ChainingRodShaped	1377	3.44171	0.5	21.5019	56.6493	0	0.119096	0.992883	0	None	None
ChainingRodShaped	1379	4.19089	0.5	-15.4321	62.0949	0	-0.0696438	-0.997572	0	None	None
ChainingRodShaped	1381	4.64421	0.5	-9.66478	61.6895	0	-0.876332	-0.481707	0	None	None
ChainingRodShaped	1383	3.23744	0.5	33.0293	23.0878	0	0.928742	-0.370728	0	None	None
ChainingRodShaped	1385	4.12421	0.5	14.745	39.8964	0	0.0959248	-0.995389	0	None	None
ChainingRodShaped	1387	3.56398	0.5	20.4038	44.6573	0	0.716542	-0.697544	0	None	None
ChainingRodShaped	1389	4.35829	0.5	-14.9324	47.8461	0	-0.499433	-0.866352	0	None	None
ChainingRodShaped	1391	4.69232	0.5	-23.3972	17.2528	0	0.604288	-0.796766	0	None	None
ChainingRodShaped	1393	4.04316	0.5	24.1962	35.9693	0	0.999997	0.00227278	0	None	None
ChainingRodShaped	1395	4.31765	0.5	-19.6041	68.805	0	-0.0792924	-0.996851	0	None	None
ChainingRodShaped	1397	4.13989	0.5	16.1801	73.0031	0	-0.538282	-0.842765	0	None	None
ChainingRodShaped	1399	4.35261	0.5	-16.9388	12.1541	0	0.807904	-0.589314	0	None	None
ChainingRodShaped	1401	3.18696	0.5	5.33637	33.4449	0	0.217968	-0.975956	0	None	None
ChainingRodShaped	1403	3.63505	0.5	27.1223	17.9389	0	0.86779	-0.496931	0	None	None
ChainingRodShaped	1405	3.45236	0.5	15.3854	44.2453	0	0.718838	-0.695178	0	None	None
ChainingRodShaped	1407	4.51721	0.5	-31.5356	63.5449	0	-0.356623	-0.934248	0	None	None
ChainingRodShaped	1409	4.38859	0.5	26.8994	16.9503	0	0.864548	-0.50255	0	None	None
ChainingRodShaped	1411	3.11477	0.5	-6.10242	12.088	0	0.872829	0.488026	0	None	None
ChainingRodShaped	1413	4.11881	0.5	-0.970506	67.9311	0	0.524068	-0.851676	0	None	None
ChainingRodShaped	1415	3.51231	0.5	-4.06384	55.241	0	0.999869	0.0161893	0	None	None
ChainingRodShaped	1417	3.80787	0.5	0.896827	75.8158	0	0.923144	-0.384454	0	None	None
ChainingRodShaped	1419	3.61413	0.5	-4.13394	76.5016	0	0.93537	-0.353671	0	None	None
ChainingRodShaped	1421	3.79507	0.5	24.3933	11.9537	0	0.564887	0.825168	0	None	None
ChainingRodShaped	1423	3.59478	0.5	1.5065	38.2613	0	-0.640927	-0.767601	0	None	None
ChainingRodShaped	1425	4.68178	0.5	-26.0605	22.8785	0	0.884766	-0.466035	0	None	None
ChainingRodShaped	1427	4.14333	0.5	-5.52143	27.0173	0	0.391111	-0.920343	0	None	None
ChainingRodShaped	1429	3.16931	0.5	-10.4062	5.94233	0	0.999289	-0.0377157	0	None	None
ChainingRodShaped	1431	4.3356	0.5	5.31779	71.2324	0	0.906579	0.422035	0	None	None
ChainingRodShaped	1433	3.51331	0.5	-30.164	43.0739	0	0.715953	-0.698148	0	None	None
ChainingRodShaped	1435	3.75948	0.5	-20.7181	13.0569	0	0.221185	-0.975232	0	None	None
ChainingRodShaped	1437	4.4321	0.5	14.4385	11.8593	0	0.839731	-0.543002	0	None	None
ChainingRodShaped	1439	3.14732	0.5	27.5431	42.1418	0	0.91759	0.397528	0	None	None
ChainingRodShaped	1441	4.22739	0.5	14.7871	50.9279	0	0.932281	-0.361736	0	None	None
ChainingRodShaped	1443	3.20235	0.5	-5.3945	70.5109	0	0.98235	0.18705	0	None	None
ChainingRodShaped	1445	3.17045	0.5	24.9208	31.9949	0	-0.805914	-0.592033	0	None	None
ChainingRodShaped	1447	3.05176	0.5	2.25619	59.6177	0	0.817091	-0.576509	0	None	None
ChainingRodShaped	1449	4.65083	0.5	-22.5708	13.9657	0	0.477065	-0.878868	0	None	None
ChainingRodShaped	1451	4.71617	0.5	-16.4299	25.9798	0	-0.999532	-0.0305975	0	None	None
ChainingRodShaped	1453	4.71828	0.5	17.3223	38.9031	0	0.466628	-0.884454	0	None	None
ChainingRodShaped	1455	4.67064	0.5	-30.1948	27.1861	0	0.265437	-0.964128	0	None	None
ChainingRodShaped	1457	3.24239	0.5	9.18836	21.0703	0	0.462058	-0.886849	0	None	None
ChainingRodShaped	1459	2.84515	0.5	-18.0731	99.8128	0	-0.408864	-0.912595	0	2028	1458
ChainingRodShaped	1461	3.60471	0.5	14.0342	57.7713	0	0.997622	0.0689213	0	None	None
ChainingRodShaped	1463	3.72369	0.5	-22.8097	54.2815	0	0.623263	-0.782013	0	None	None
ChainingRodShaped	1465	4.37615	0.5	-7.84512	51.4871	0	0.662867	-0.748737	0	None	None
ChainingRodShaped	1467	3.30971	0.5	-25.0589	45.625	0	0.703592	-0.710604	0	None	None
ChainingRodShaped	1469	3.06185	0.5	-14.1606	54.3206	0	0.655848	-0.754893	0	None	None
ChainingRodShaped	1471	3.85953	0.5	-10.5204	77.7921	0	-0.956775	-0.290828	0	None	None
ChainingRodShaped	1473	4.50819	0.5	13.1838	50.5537	0	0.935695	-0.35281	0	None	None
ChainingRodShaped	1475	4.33469	0.5	17.7294	68.1893	0	0.992606	-0.12138	0	None	None
ChainingRodShaped	1477	4.72384	0.5	26.2183	51.5653	0	-0.512948	-0.85842	0	None	None
ChainingRodShaped	1479	3.96086	0.5	-26.1281	30.3202	0	-0.693072	0.720869	0	None	None
ChainingRodShaped	1481	3.47629	0.5	26.9757	42.9248	0	0.91764	0.397413	0	None	None
ChainingRodShaped	1483	3.87317	0.5	15.4879	47.9731	0	0.746729	-0.665129	0	None	None
ChainingRodShaped	1485	4.01188	0.5	16.5796	53.9865	0	-0.997011	0.0772574	0	None	None
ChainingRodShaped	1487	3.50132	0.5	-11.2312	79.4096	0	0.987154	-0.159774	0	None	None
ChainingRodShaped	1489	2.95881	0.5	-3.59299	49.5269	0	0.634733	-0.772731	0	None	None
ChainingRodShaped	1491	3.48643	0.5	-5.13931	60.5459	0	-0.277718	-0.960663	0	None	None
ChainingRodShaped	1493	4.09727	0.5	31.9854	18.5607	0	-0.874381	0.485241	0	None	None
ChainingRodShaped	1495	2.95806	0.5	21.941	27.4214	0	0.218972	-0.975731	0	None	None
ChainingRodShaped	1497	3.6027	0.5	15.6623	35.2412	0	0.37366	-0.927566	0	None	None
ChainingRodShaped	1499	3.01092	0.5	-8.03476	-21.4094	0	0.478935	-0.877851	0	1588	1498
ChainingRodShaped	1501	3.58355	0.5	7.07018	33.9275	0	0.222236	-0.974993	0	None	None
ChainingRodShaped	1503	4.34804	0.5	-32.1148	54.5385	0	0.59359	-0.804768	0	None	None
ChainingRodShaped	1505	3.27398	0.5	11.7371	12.4777	0	0.823286	-0.567627	0	None	None
ChainingRodShaped	1507	3.94327	0.5	15.0915	42.6767	0	0.872487	-0.488638	0	None	None
ChainingRodShaped	1509	3.65059	0.5	0.540314	15.9035	0	0.997661	0.0683582	0	None	None
ChainingRodShaped	1511	4.49322	0.5	9.39671	52.1385	0	0.997559	0.0698308	0	None	None
ChainingRodShaped	1513	3.07685	0.5	20.9996	45.3903	0	0.716847	-0.69723	0	None	None
ChainingRodShaped	1515	3.61237	0.5	-3.83175	74.6295	0	0.983351	0.181716	0	None	None
ChainingRodShaped	1517	3.62595	0.5	24.5504	59.3397	0	0.0781081	-0.996945	0	None	None
ChainingRodShaped	1519	2.87349	0.5	-26.5304	81.0092	0	-0.397798	-0.917473	0	1942	1518
ChainingRodShaped	1521	3.67794	0.5	5.09088	72.1974	0	0.906212	0.422823	0	None	None
ChainingRodShaped	1523	4.44097	0.5	-8.87888	68.6555	0	0.96266	-0.270714	0	None	None
ChainingRodShaped	1525	3.76814	0.5	-9.70945	77.0145	0	-0.954794	-0.297267	0	None	None
ChainingRodShaped	1527	3.19324	0.5	-26.0919	28.885	0	-0.694963	0.719045	0	None	None
ChainingRodShaped	1529	4.09808	0.5	35.802	46.1665	0	-0.699532	0.714602	0	None	None
ChainingRodShaped	1531	3.83893	0.5	-12.0198	38.4567	0	0.231649	0.9728	0	None	None
ChainingRodShaped	1533	3.37743	0.5	-1.88121	28.9677	0	0.566357	-0.82416	0	None	None
ChainingRodShaped	1535	3.72106	0.5	-15.0586	29.4222	0	0.998578	-0.0533155	0	None	None
ChainingRodShaped	1537	3.07153	0.5	-13.2025	71.1436	0	0.981896	0.189422	0	None	None
ChainingRodShaped	1539	4.22277	0.5	-26.0922	53.4624	0	0.532233	-0.846598	0	None	None
ChainingRodShaped	1541	3.58922	0.5	-22.5841	71.3698	0	0.0729094	-0.997339	0	None	None
ChainingRodShaped	1543	3.52712	0.5	-13.1419	68.4426	0	0.415817	-0.909448	0	None	None
ChainingRodShaped	1545	2.85677	0.5	-12.6382	61.2913	0	-0.0192932	-0.999814	0	None	None
ChainingRodShaped	1547	3.06495	0.5	5.82316	55.3934	0	0.987606	0.156954	0	None	None
ChainingRodShaped	1549	4.36632	0.5	20.644	34.6177	0	0.610455	-0.792051	0	None	None
ChainingRodShaped	1551	3.50138	0.5	35.4043	31.1558	0	-0.638411	-0.769695	0	None	None
ChainingRodShaped	1553	4.18192	0.5	-8.66003	36.076	0	0.287624	-0.957743	0	None	None
ChainingRodShaped	1555	4.0061	0.5	28.0147	39.6214	0	0.998902	-0.0468527	0	None	None
ChainingRodShaped	1557	3.79929	0.5	-8.51742	42.6893	0	0.719446	-0.694548	0	None	None
ChainingRodShaped	1559	2.69255	0.5	-21.1381	0.656005	0	0.523713	-0.851895	0	744	1558
ChainingRodShaped	1561	2.97702	0.5	-33.1686	52.7226	0	0.320344	-0.947301	0	None	None
ChainingRodShaped	1563	3.48266	0.5	1.99158	67.275	0	0.666277	-0.745704	0	None	None
ChainingRodShaped	1565	3.61433	0.5	0.980716	54.4768	0	0.776795	-0.629753	0	None	None
ChainingRodShaped	1567	3.32034	0.5	-22.993	56.3833	0	0.514504	-0.857488	0	None	None
ChainingRodShaped	1569	3.43518	0.5	-21.5368	68.6521	0	-0.0693478	-0.997593	0	None	None
ChainingRodShaped	1571	3.6834	0.5	-11.8216	68.7845	0	0.609231	-0.792993	0	None	None
ChainingRodShaped	1573	4.04954	0.5	24.1567	37.789	0	0.999753	0.0222401	0	None	None
ChainingRodShaped	1575	3.05927	0.5	-31.1275	32.4322	0	-0.768962	0.639294	0	None	None
ChainingRodShaped	1577	3.70774	0.5	2.40033	43.0457	0	0.591668	-0.806182	0	None	None
ChainingRodShaped	1579	2.85167	0.5	-23.6198	71.9865	0	0.07491	-0.99719	0	None	None
ChainingRodShaped	1581	4.2286	0.5	-15.2199	30.3613	0	0.998203	-0.0599292	0	None	None
ChainingRodShaped	1583	3.7479	0.5	-10.0608	52.5299	0	0.670321	-0.742072	0	None	None
ChainingRodShaped	1585	3.51036	0.5	28.6212	58.8576	0	-0.748602	0.663019	0	None	None
ChainingRodShaped	1587	2.85181	0.5	13.8841	71.2246	0	-0.536701	-0.843773	0	None	None
ChainingRodShaped	1589	2.5871	0.5	-11.7313	-14.8256	0	0.50067	-0.865638	0	1998	1588
ChainingRodShaped	1591	3.84726	0.5	10.1147	40.4097	0	0.0894658	-0.99599	0	None	None
ChainingRodShaped	1593	3.36899	0.5	18.4671	34.3681	0	0.598073	-0.801441	0	None	None
ChainingRodShaped	1595	3.14184	0.5	0.225287	52.63	0	0.235509	-0.971872	0	None	None
ChainingRodShaped	1597	3.04513	0.5	36.7838	34.9873	0	0.0197411	-0.999805	0	None	None
ChainingRodShaped	1599	2.94374	0.5	7.70112	17.491	0	0.385625	-0.922656	0	None	None
ChainingRodShaped	1601	4.00107	0.5	7.78157	69.4998	0	-0.648014	-0.761629	0	None	None
ChainingRodShaped	1603	3.68732	0.5	-14.0399	34.9991	0	0.940039	0.341068	0	None	None
ChainingRodShaped	1605	3.73004	0.5	-25.3058	62.4261	0	-0.347569	-0.937654	0	None	None
ChainingRodShaped	1607	2.75131	0.5	-20.4699	42.4899	0	0.244207	-0.969723	0	None	None
ChainingRodShaped	1609	3.79124	0.5	18.9607	54.9328	0	0.597793	-0.801651	0	None	None
ChainingRodShaped	1611	3.94451	0.5	-10.1768	15.3429	0	0.900268	0.435336	0	None	None
ChainingRodShaped	1613	3.03504	0.5	7.04452	61.0532	0	0.994283	0.106773	0	None	None
ChainingRodShaped	1615	2.74056	0.5	2.41753	44.5814	0	0.599693	-0.80023	0	None	None
ChainingRodShaped	1617	3.39065	0.5	6.54959	14.9057	0	0.825215	-0.564819	0	None	None
ChainingRodShaped	1619	2.86619	0.5	-17.194	59.8639	0	-0.530606	-0.847619	0	None	None
ChainingRodShaped	1621	3.68017	0.5	-27.6088	44.1637	0	0.913666	-0.406466	0	None	None
ChainingRodShaped	1623	2.81994	0.5	-9.42784	21.915	0	-0.279582	0.960122	0	None	None
ChainingRodShaped	1625	3.82211	0.5	-1.82258	7.14888	0	0.793049	-0.609158	0	None	None
ChainingRodShaped	1627	2.89057	0.5	-18.5927	18.9461	0	-0.322168	-0.946682	0	None	None
ChainingRodShaped	1629	3.95369	0.5	-19.4296	72.5655	0	-0.614167	-0.789176	0	None	None
ChainingRodShaped	1631	3.28936	0.5	-10.2085	18.9719	0	0.111265	0.993791	0	None	None
ChainingRodShaped	1633	3.20771	0.5	29.8402	53.1017	0	-0.701685	-0.712488	0	None	None
ChainingRodShaped	1635	3.61044	0.5	-21.8371	43.9731	0	0.24338	-0.969931	0	None	None
ChainingRodShaped	1637	3.39822	0.5	-14.514	7.04954	0	0.834423	-0.551125	0	None	None
ChainingRodShaped	1639	3.94874	0.5	-13.0606	54.4588	0	0.661546	-0.749904	0	None	None
ChainingRodShaped	1641	3.27392	0.5	1.47221	42.78	0	0.589244	-0.807955	0	None	None
ChainingRodShaped	1643	3.06217	0.5	10.9431	55.2571	0	0.946627	0.322332	0	None	None
ChainingRodShaped	1645	3.34595	0.5	14.6777	46.1844	0	0.735289	-0.677754	0	None	None
ChainingRodShaped	1647	2.59275	0.5	-34.8129	31.6488	0	0.194353	-0.980932	0	824	1646
ChainingRodShaped	1649	3.68278	0.5	-2.10415	41.8689	0	0.474207	-0.880413	0	None	None
ChainingRodShaped	1651	3.30471	0.5	-28.5333	67.6208	0	-0.812363	-0.583152	0	None	None
ChainingRodShaped	1653	2.7306	0.5	9.59001	26.3296	0	0.755421	-0.65524	0	None	None
ChainingRodShaped	1655	2.90031	0.5	-31.3601	34.7682	0	-0.385325	0.922781	0	None	None
ChainingRodShaped	1657	2.87029	0.5	30.8677	34.3106	0	0.217478	-0.976065	0	None	None
ChainingRodShaped	1659	3.30933	0.5	-3.72456	54.3386	0	0.999973	0.00735682	0	None	None
ChainingRodShaped	1661	3.20774	0.5	24.6271	47.1622	0	0.68949	-0.724295	0	None	None
ChainingRodShaped	1663	3.19476	0.5	0.273885	57.4837	0	-0.771744	0.635934	0	None	None
ChainingRodShaped	1665	3.61992	0.5	-9.72941	14.5191	0	0.89587	0.444317	0	None	None
ChainingRodShaped	1667	2.9389	0.5	4.56911	32.7491	0	0.208232	-0.978079	0	None	None
ChainingRodShaped	1669	2.92865	0.5	-17.3033	72.1188	0	-0.624281	-0.7812	0	None	None
ChainingRodShaped	1671	2.73591	0.5	11.9073	70.0659	0	-0.588707	-0.808346	0	None	None
ChainingRodShaped	1673	3.73973	0.5	-3.13162	19.5109	0	0.999183	0.0404267	0	None	None
ChainingRodShaped	1675	3.35136	0.5	-1.50558	51.7698	0	0.230271	-0.973127	0	None	None
ChainingRodShaped	1677	3.50658	0.5	-13.1522	45.5824	0	-0.506205	-0.862413	0	None	None
ChainingRodShaped	1679	3.4404	0.5	-29.7597	60.3566	0	-0.0934285	-0.995626	0	None	None
ChainingRodShaped	1681	3.73949	0.5	12.637	20.6218	0	0.17523	-0.984528	0	None	None
ChainingRodShaped	1683	2.93926	0.5	24.5022	64.0894	0	0.591401	-0.806377	0	None	None
ChainingRodShaped	1685	2.87667	0.5	-16.5923	25.0267	0	-0.999702	-0.0244222	0	None	None
ChainingRodShaped	1687	2.70322	0.5	-9.35763	8.78078	0	0.764239	0.644933	0	None	None
ChainingRodShaped	1689	3.76174	0.5	-23.7268	62.4656	0	-0.0097314	-0.999953	0	None	None
ChainingRodShaped	1691	2.58819	0.5	2.97021	-43.1775	0	0.434622	-0.900613	0	683	1690
ChainingRodShaped	1693	3.38361	0.5	-27.0195	46.2574	0	0.376167	-0.926552	0	None	None
ChainingRodShaped	1695	3.27882	0.5	24.14	36.8815	0	0.999925	0.0122681	0	None	None
ChainingRodShaped	1697	2.87104	0.5	-7.86955	44.5629	0	0.707349	-0.706864	0	None	None
ChainingRodShaped	1699	3.70786	0.5	5.06388	21.0405	0	0.910182	0.414209	0	None	None
ChainingRodShaped	1701	3.48636	0.5	21.1808	39.8365	0	0.718844	-0.695171	0	None	None
ChainingRodShaped	1703	3.17606	0.5	-22.9863	44.6985	0	0.233671	-0.972316	0	None	None
ChainingRodShaped	1705	2.86691	0.5	20.6651	69.6899	0	0.912311	-0.409498	0	None	None
ChainingRodShaped	1707	2.71738	0.5	-29.1853	22.6244	0	0.122226	-0.992502	0	None	None
ChainingRodShaped	1709	3.07283	0.5	26.5344	21.117	0	0.293456	0.955973	0	None	None
ChainingRodShaped	1711	3.11937	0.5	4.73771	13.0051	0	0.985226	-0.171261	0	None	None
ChainingRodShaped	1713	3.35363	0.5	-9.72912	9.93355	0	0.850455	0.526048	0	None	None
ChainingRodShaped	1715	3.18515	0.5	-16.1537	19.6226	0	0.0785324	-0.996912	0	None	None
ChainingRodShaped	1717	3.43699	0.5	-21.0657	49.5627	0	0.495523	-0.868595	0	None	None
ChainingRodShaped	1719	3.03316	0.5	0.0953178	67.9586	0	0.532556	-0.846395	0	None	None
ChainingRodShaped	1721	3.2469	0.5	4.37378	45.7169	0	0.777958	-0.628317	0	None	None
ChainingRodShaped	1723	2.5436	0.5	-12.4841	73.2126	0	-0.978027	-0.20848	0	None	None
ChainingRodShaped	1725	3.10845	0.5	4.15376	38.5826	0	-0.618433	-0.785838	0	None	None
ChainingRodShaped	1727	2.80904	0.5	3.06548	7.79589	0	0.993244	-0.116041	0	None	None
ChainingRodShaped	1729	3.06201	0.5	1.36256	51.8179	0	0.245233	-0.969464	0	None	None
ChainingRodShaped	1731	2.54562	0.5	-28.4079	49.6586	0	0.727891	-0.685693	0	None	None
ChainingRodShaped	1733	2.65524	0.5	8.79859	69.2126	0	-0.640368	-0.768068	0	None	None
ChainingRodShaped	1735	3.31203	0.5	-17.1102	19.5899	0	0.0819826	-0.996634	0	None	None
ChainingRodShaped	1737	2.73517	0.5	-27.6864	26.2852	0	0.976122	-0.217221	0	None	None
ChainingRodShaped	1739	3.54156	0.5	5.54952	56.2673	0	0.989124	0.147086	0	None	None
ChainingRodShaped	1741	2.89183	0.5	-2.64929	11.7934	0	0.91203	0.410124	0	None	None
ChainingRodShaped	1743	2.94509	0.5	19.9666	27.7573	0	0.220575	-0.97537	0	None	None
ChainingRodShaped	1745	2.66273	0.5	11.4487	28.4292	0	0.759043	-0.65104	0	None	None
ChainingRodShaped	1747	3.02358	0.5	8.82519	53.499	0	-0.930866	-0.365361	0	None	None
ChainingRodShaped	1749	2.57572	0.5	-18.2066	39.3773	0	0.00672965	-0.999977	0	None	None
ChainingRodShaped	1751	2.73274	0.5	-23.2362	32.0651	0	0.807965	-0.589231	0	None	None
ChainingRodShaped	1753	3.18735	0.5	-2.15387	10.4775	0	0.992348	0.123472	0	None	None
ChainingRodShaped	1755	3.10486	0.5	-8.53137	67.5649	0	0.960768	-0.277354	0	None	None
ChainingRodShaped	1757	2.66515	0.5	-26.2324	17.74	0	0.594793	-0.803879	0	None	None
ChainingRodShaped	1759	2.53761	0.5	10.2957	28.1614	0	0.766972	-0.64168	0	None	None
ChainingRodShaped	1761	3.12201	0.5	27.7648	30.3458	0	0.918368	-0.395727	0	None	None
ChainingRodShaped	1763	2.57691	0.5	20.7321	20.3715	0	-0.147916	-0.989	0	None	None
ChainingRodShaped	1765	3.36206	0.5	6.19446	37.3266	0	-0.320006	-0.947416	0	None	None
ChainingRodShaped	1767	3.37382	0.5	30.2816	40.4715	0	0.99932	-0.0368626	0	None	None
ChainingRodShaped	1769	3.19988	0.5	3.43892	69.3231	0	0.927591	0.373596	0	None	None
ChainingRodShaped	1771	3.4511	0.5	23.6882	27.0181	0	0.590088	-0.807339	0	None	None
ChainingRodShaped	1773	2.91654	0.5	-12.7749	26.0824	0	-0.724205	0.689585	0	None	None
ChainingRodShaped	1775	2.61342	0.5	36.3622	47.0079	0	-0.69951	0.714623	0	None	None
ChainingRodShaped	1777	2.98112	0.5	8.19539	18.751	0	0.394278	-0.918991	0	None	None
ChainingRodShaped	1779	3.27833	0.5	-6.68345	8.42448	0	0.880384	0.474261	0	None	None
ChainingRodShaped	1781	2.80979	0.5	11.8031	65.7231	0	0.882631	0.470067	0	None	None
ChainingRodShaped	1783	3.28806	0.5	-8.80603	72.5598	0	0.965754	-0.25946	0	None	None
ChainingRodShaped	1785	3.44633	0.5	-30.7637	22.6637	0	0.446403	-0.894832	0	None	None
ChainingRodShaped	1787	3.35492	0.5	9.7996	27.3643	0	0.761928	-0.647662	0	None	None
ChainingRodShaped	1789	2.53542	0.5	27.5691	58.4912	0	0.741935	-0.670472	0	None	None
ChainingRodShaped	1791	2.52453	0.5	-29.4777	15.7385	0	0.413014	-0.910725	0	1206	1790
ChainingRodShaped	1793	2.98647	0.5	-5.40997	52.9591	0	0.650485	-0.759519	0	None	None
ChainingRodShaped	1795	2.86214	0.5	37.5495	25.5736	0	-0.120224	0.992747	0	None	None
ChainingRodShaped	1797	3.26444	0.5	30.0228	60.2923	0	0.761192	-0.648527	0	None	None
ChainingRodShaped	1799	3.27768	0.5	-11.1575	18.9157	0	0.112279	0.993677	0	None	None
ChainingRodShaped	1801	2.59244	0.5	-0.386668	8.40595	0	0.163569	-0.986532	0	None	None
ChainingRodShaped	1803	2.53597	0.5	33.3068	29.9315	0	-0.0912079	-0.995832	0	None	None
ChainingRodShaped	1805	3.0569	0.5	-7.34025	48.0963	0	0.659112	-0.752045	0	None	None
ChainingRodShaped	1807	3.32598	0.5	-28.6589	61.6132	0	-0.103378	-0.994642	0	None	None
ChainingRodShaped	1809	3.09082	0.5	1.42876	28.955	0	0.54136	-0.840791	0	None	None
ChainingRodShaped	1811	2.75559	0.5	-2.68961	12.8446	0	0.908451	0.417991	0	None	None
ChainingRodShaped	1813	3.15267	0.5	-15.1992	19.6546	0	0.0740017	-0.997258	0	None	None
ChainingRodShaped	1815	3.23115	0.5	0.552799	58.5709	0	0.806264	-0.591556	0	None	None
ChainingRodShaped	1817	2.68081	0.5	-4.34864	35.8376	0	-0.0717964	-0.997419	0	None	None
ChainingRodShaped	1819	2.55624	0.5	-6.9123	18.5118	0	-0.793554	-0.6085	0	None	None
ChainingRodShaped	1821	2.91818	0.5	-32.2386	43.3505	0	0.189871	-0.981809	0	None	None
ChainingRodShaped	1823	3.28047	0.5	28.245	45.7485	0	0.379823	0.925059	0	None	None
ChainingRodShaped	1825	3.295	0.5	19.9818	6.09974	0	0.913045	0.407858	0	None	None
ChainingRodShaped	1827	2.48264	0.5	-6.92394	57.9687	0	-0.31883	-0.947812	0	None	None
ChainingRodShaped	1829	2.52853	0.5	3.77542	32.094	0	0.198458	-0.980109	0	None	None
ChainingRodShaped	1831	2.62065	0.5	-19.144	26.9134	0	-0.998366	0.0571438	0	None	None
ChainingRodShaped	1833	2.55929	0.5	-12.6371	72.2033	0	0.979949	0.199247	0	None	None
ChainingRodShaped	1835	2.92796	0.5	-31.8206	29.3604	0	0.267442	-0.963574	0	None	None
ChainingRodShaped	1837	2.5085	0.5	-24.9858	24.5859	0	0.93503	-0.354569	0	None	None
ChainingRodShaped	1839	2.84663	0.5	16.4565	54.9362	0	-0.997381	0.0723203	0	None	None
ChainingRodShaped	1841	3.21583	0.5	-1.46872	66.9588	0	0.517358	-0.855769	0	None	None
ChainingRodShaped	1843	3.0891	0.5	4.10028	35.4825	0	-0.602591	-0.79805	0	None	None
ChainingRodShaped	1845	2.74429	0.5	18.355	62.9033	0	0.652778	0.757549	0	None	None
ChainingRodShaped	1847	3.15294	0.5	-17.744	11.5423	0	0.806632	-0.591053	0	None	None
ChainingRodShaped	1849	2.884	0.5	-5.44187	21.051	0	-0.718056	-0.695985	0	None	None
ChainingRodShaped	1851	2.99192	0.5	-4.87098	44.0814	0	0.707301	-0.706912	0	None	None
ChainingRodShaped	1853	2.81288	0.5	-21.9796	64.8925	0	-0.55893	-0.829215	0	None	None
ChainingRodShaped	1855	2.8246	0.5	3.21645	6.79137	0	0.992988	-0.118213	0	None	None
ChainingRodShaped	1857	2.68491	0.5	-18.2268	52.2138	0	0.496732	-0.867904	0	None	None
ChainingRodShaped	1859	2.7784	0.5	-2.66677	25.3528	0	0.93974	-0.341891	0	None	None
ChainingRodShaped	1861	2.92204	0.5	0.550314	20.5858	0	-0.998304	-0.0582127	0	None	None
ChainingRodShaped	1863	2.47007	0.5	7.66775	47.9114	0	0.801314	-0.598244	0	None	None
ChainingRodShaped	1865	2.40025	0.5	0.455764	35.0583	0	-0.56485	-0.825193	0	None	None
ChainingRodShaped	1867	3.1456	0.5	-5.06482	79.2199	0	0.997504	0.0706063	0	None	None
ChainingRodShaped	1869	2.66524	0.5	26.7993	11.9736	0	0.574924	0.818207	0	None	None
ChainingRodShaped	1871	2.88663	0.5	-6.59401	12.9128	0	0.872051	0.489415	0	None	None
ChainingRodShaped	1873	2.68677	0.5	-7.78982	52.8647	0	0.655568	-0.755136	0	None	None
ChainingRodShaped	1875	3.01282	0.5	19.5459	42.8271	0	0.705697	-0.708514	0	None	None
ChainingRodShaped	1877	2.51312	0.5	32.3175	29.8658	0	-0.0846991	-0.996407	0	None	None
ChainingRodShaped	1879	2.37963	0.5	9.21231	40.4527	0	0.0935154	-0.995618	0	None	None
ChainingRodShaped	1881	2.67288	0.5	2.60639	76.4408	0	0.978682	-0.205383	0	None	None
ChainingRodShaped	1883	2.69242	0.5	-9.41654	42.2368	0	0.712474	-0.701699	0	None	None
ChainingRodShaped	1885	2.47192	0.5	14.0823	47.9807	0	0.742029	-0.670368	0	None	None
ChainingRodShaped	1887	2.69954	0.5	18.3528	30.5579	0	0.218857	-0.975757	0	None	None
ChainingRodShaped	1889	2.8278	0.5	32.3862	19.8452	0	0.967964	-0.251089	0	None	None
ChainingRodShaped	1891	2.83786	0.5	-17.6309	10.1648	0	0.770687	-0.637213	0	None	None
ChainingRodShaped	1893	2.75616	0.5	-33.6781	35.1905	0	0.388396	-0.921493	0	None	None
ChainingRodShaped	1895	2.764	0.5	19.2852	56.0835	0	0.601242	-0.799067	0	None	None
ChainingRodShaped	1897	2.95484	0.5	22.1277	22.6842	0	0.255085	-0.966919	0	None	None
ChainingRodShaped	1899	2.47685	0.5	-25.209	49.5581	0	0.83378	-0.552097	0	None	None
ChainingRodShaped	1901	2.39868	0.5	-31.1186	69.5559	0	-0.3355	-0.94204	0	485	1900
ChainingRodShaped	1903	2.50742	0.5	37.3425	40.6029	0	0.436538	-0.899686	0	None	None
ChainingRodShaped	1905	2.77293	0.5	-8.94124	25.5661	0	0.360992	-0.932569	0	None	None
ChainingRodShaped	1907	2.95545	0.5	-0.894324	62.0459	0	-0.0218251	-0.999762	0	None	None
ChainingRodShaped	1909	2.62843	0.5	-18.7444	75.0956	0	-0.599922	-0.800058	0	None	None
ChainingRodShaped	1911	2.79274	0.5	5.01961	66.393	0	0.334408	-0.942428	0	None	None
ChainingRodShaped	1913	2.60747	0.5	23.5591	9.27799	0	0.74036	0.672211	0	None	None
ChainingRodShaped	1915	2.4653	0.5	-31.9948	49.2081	0	0.310828	-0.950466	0	None	None
ChainingRodShaped	1917	2.51194	0.5	-1.84188	62.0292	0	-0.0318151	-0.999494	0	None	None
ChainingRodShaped	1919	2.84032	0.5	28.9396	32.3577	0	-0.0955629	-0.995423	0	None	None
ChainingRodShaped	1921	2.61946	0.5	-2.2903	18.6033	0	0.998728	0.0504244	0	None	None
ChainingRodShaped	1923	2.35544	0.5	-2.49953	66.0728	0	0.791934	-0.610607	0	None	None
ChainingRodShaped	1925	2.66744	0.5	-26.3172	62.4581	0	-0.338176	-0.941083	0	None	None
ChainingRodShaped	1927	2.7185	0.5	37.3214	30.4074	0	0.634103	0.773249	0	None	None
ChainingRodShaped	1929	2.55943	0.5	1.85778	16.9356	0	0.996927	0.0783351	0	None	None
ChainingRodShaped	1931	2.55331	0.5	10.7089	20.5928	0	-0.189467	0.981887	0	None	None
ChainingRodShaped	1933	2.45291	0.5	-4.45951	46.2424	0	0.695743	-0.718291	0	None	None
ChainingRodShaped	1935	2.39772	0.5	4.06007	66.2162	0	0.330757	-0.943716	0	None	None
ChainingRodShaped	1937	2.44897	0.5	29.3084	50.8871	0	0.569827	0.821765	0	None	None
ChainingRodShaped	1939	2.53993	0.5	1.54694	49.3109	0	0.756245	-0.654288	0	None	None
ChainingRodShaped	1941	2.31874	0.5	-6.38051	80.1163	0	0.9971	0.0761026	0	None	None
ChainingRodShaped	1943	2.21268	0.5	-23.7635	87.2474	0	-0.411828	-0.911262	0	1958	1942
ChainingRodShaped	1945	2.64104	0.5	13.449	31.0243	0	0.910863	-0.41271	0	None	None
ChainingRodShaped	1947	2.2956	0.5	13.4462	13.6474	0	0.837494	-0.546447	0	None	None
ChainingRodShaped	1949	2.414	0.5	21.3024	50.5358	0	-0.854787	0.518979	0	None	None
ChainingRodShaped	1951	2.54983	0.5	-23.5598	36.0406	0	0.655926	-0.754825	0	None	None
ChainingRodShaped	1953	2.75682	0.5	-33.9852	48.9614	0	0.321989	-0.946743	0	None	None
ChainingRodShaped	1955	2.31911	0.5	10.3489	17.2273	0	0.712686	-0.701483	0	None	None
ChainingRodShaped	1957	2.47069	0.5	19.9583	23.5547	0	0.23568	-0.971831	0	None	None
ChainingRodShaped	1959	2.26779	0.5	-21.0548	93.2111	0	-0.413891	-0.910326	0	1458	1958
ChainingRodShaped	1961	2.48473	0.5	-16.3676	42.9736	0	-0.67678	-0.736185	0	None	None
ChainingRodShaped	1963	2.26485	0.5	-22.9629	33.0502	0	0.813815	-0.581124	0	None	None
ChainingRodShaped	1965	2.27899	0.5	-31.6906	46.5759	0	0.816451	-0.577414	0	None	None
ChainingRodShaped	1967	2.34561	0.5	-30.3993	50.6931	0	0.319101	-0.947721	0	None	None
ChainingRodShaped	1969	2.25546	0.5	-16.9344	38.2554	0	0.283178	-0.959067	0	None	None
ChainingRodShaped	1971	2.60703	0.5	33.0103	20.948	0	0.913609	-0.406594	0	None	None
ChainingRodShaped	1973	2.66115	0.5	23.0643	29.2678	0	0.91775	-0.397159	0	None	None
ChainingRodShaped	1975	2.43835	0.5	-1.88745	17.6736	0	0.998355	0.0573332	0	None	None
ChainingRodShaped	1977	2.40669	0.5	-19.6599	64.8417	0	-0.570823	-0.821073	0	None	None
ChainingRodShaped	1979	2.55494	0.5	7.76161	60.2176	0	0.995303	0.0968064	0	None	None
ChainingRodShaped	1981	2.54958	0.5	7.96031	34.1287	0	0.22152	-0.975156	0	None	None
ChainingRodShaped	1983	2.43993	0.5	-20.5507	23.1115	0	0.999219	0.0395245	0	None	None
ChainingRodShaped	1985	2.3411	0.5	14.3745	21.6805	0	0.168279	-0.985739	0	None	None
ChainingRodShaped	1987	2.61343	0.5	5.57596	23.3517	0	-0.918279	-0.395935	0	None	None
ChainingRodShaped	1989	2.55128	0.5	28.7165	25.4408	0	0.489602	-0.871946	0	None	None
ChainingRodShaped	1991	2.34522	0.5	8.26392	40.8233	0	0.0938144	-0.99559	0	None	None
ChainingRodShaped	1993	2.41857	0.5	7.95737	63.133	0	0.999917	-0.0128667	0	None	None
ChainingRodShaped	1995	2.45375	0.5	-4.173	60.5295	0	-0.285413	-0.958404	0	None	None
ChainingRodShaped	1997	2.3761	0.5	16.8266	52.9995	0	-0.997287	0.0736104	0	None	None
ChainingRodShaped	1999	2.15451	0.5	-15.0619	-9.20601	0	0.518774	-0.854911	0	809	1998
ChainingRodShaped	2001	2.51735	0.5	13.9342	9.86442	0	0.83179	-0.555091	0	None	None
ChainingRodShaped	2003	2.42212	0.5	17.9132	70.2598	0	0.534198	0.84536	0	None	None
ChainingRodShaped	2005	2.55072	0.5	20.2346	60.7035	0	0.270461	0.962731	0	None	None
ChainingRodShaped	2007	2.23383	0.5	14.3559	59.7126	0	0.996046	0.088843	0	None	None
ChainingRodShaped	2009	2.39766	0.5	22.8702	18.3905	0	0.574081	0.818799	0	None	None
ChainingRodShaped	2011	2.26885	0.5	27.5377	41.101	0	0.916228	0.400658	0	None	None
ChainingRodShaped	2013	2.37989	0.5	16.1693	14.7942	0	0.89469	-0.446688	0	None	None
ChainingRodShaped	2015	2.32297	0.5	-19.2405	28.8366	0	-0.998753	0.0499246	0	None	None
ChainingRodShaped	2017	2.58026	0.5	6.98731	78.2318	0	0.99917	-0.0407344	0	None	None
ChainingRodShaped	2019	2.37142	0.5	-24.9334	55.5237	0	0.468743	-0.883334	0	None	None
ChainingRodShaped	2021	2.21574	0.5	29.8455	34.5292	0	0.227236	-0.97384	0	None	None
ChainingRodShaped	2023	2.24295	0.5	1.06062	61.5115	0	0.870884	-0.491489	0	None	None
ChainingRodShaped	2025	2.24472	0.5	8.17145	-54.0345	0	0.43089	-0.902404	0	535	2024
ChainingRodShaped	2027	2.51541	0.5	8.94159	50.3978	0	0.795328	-0.60618	0	None	None
ChainingRodShaped	2029	2.20654	0.5	-15.4064	105.826	0	-0.401537	-0.915843	0	791	2028
ChainingRodShaped	2031	2.19751	0.5	-27.2487	20.1777	0	0.886253	-0.463202	0	None	None
ChainingRodShaped	2033	2.52218	0.5	-0.241619	40.963	0	-0.0964676	-0.995336	0	None	None
ChainingRodShaped	2035	2.18402	0.5	-10.152	12.0394	0	0.875545	0.483137	0	None	None
ChainingRodShaped	2037	2.47852	0.5	-32.9589	29.4591	0	0.330298	-0.943877	0	None	None
ChainingRodShaped	2039	2.32852	0.5	-20.043	22.181	0	0.999564	0.029532	0	None	None
ChainingRodShaped	2041	2.49032	0.5	-16.6422	44.0716	0	-0.672362	-0.740222	0	None	None
ChainingRodShaped	2043	2.18175	0.5	11.1526	38.5831	0	0.0794581	-0.996838	0	None	None
ChainingRodShaped	2045	2.46159	0.5	15.1202	22.8083	0	0.199686	-0.97986	0	None	None
ChainingRodShaped	2047	2.47755	0.5	16.2303	36.5291	0	0.306106	-0.951997	0	None	None
ChainingRodShaped	2049	2.35818	0.5	18.4157	50.7933	0	-0.98398	0.178281	0	None	None
ChainingRodShaped	2051	2.41348	0.5	14.839	64.8513	0	0.968722	0.248147	0	None	None
ChainingRodShaped	2053	2.42128	0.5	-11.8816	80.5174	0	0.987241	-0.159231	0	None	None
ChainingRodShaped	2055	2.24398	0.5	-27.5277	37.649	0	0.654465	-0.756092	0	None	None
ChainingRodShaped	2057	2.18383	0.5	-4.56191	-27.9459	0	0.458822	-0.888528	0	1498	2056
ChainingRodShaped	2059	2.4444	0.5	-26.9969	53.0737	0	0.525411	-0.850848	0	None	None
ChainingRodShaped	2061	2.45255	0.5	-5.36009	65.8023	0	0.674918	-0.737892	0	None	None
ChainingRodShaped	2063	2.41658	0.5	-11.9472	30.5906	0	0.836635	-0.54776	0	None	None
ChainingRodShaped	2065	2.34119	0.5	25.0402	65.2418	0	0.49335	-0.869831	0	None	None
ChainingRodShaped	2067	2.38324	0.5	4.58289	57.0759	0	0.98775	0.156043	0	None	None
ChainingRodShaped	2069	2.17135	0.5	25.5447	52.3262	0	-0.517553	-0.855651	0	None	None
ChainingRodShaped	2071	2.35599	0.5	4.32809	53.0504	0	0.967354	0.253428	0	None	None
ChainingRodShaped	2073	2.32423	0.5	-7.1378	73.363	0	0.999535	-0.0304906	0	None	None
ChainingRodShaped	2075	2.32509	0.5	10.7465	47.0681	0	0.770886	-0.636973	0	None	None
ChainingRodShaped	2077	2.13326	0.5	14.9994	33.4454	0	0.0240445	-0.999711	0	None	None
ChainingRodShaped	2079	2.18873	0.5	-30.859	59.1546	0	-0.103378	-0.994642	0	None	None
ChainingRodShaped	2081	2.28029	0.5	-7.47157	26.8504	0	0.385839	-0.922566	0	None	None
ChainingRodShaped	2083	2.12973	0.5	12.1363	37.8296	0	0.0695411	-0.997579	0	None	None
ChainingRodShaped	2085	2.24436	0.5	16.2104	66.1749	0	0.989516	0.144426	0	None	None
ChainingRodShaped	2087	2.16555	0.5	-16.1288	65.3991	0	0.0973836	0.995247	0	None	None
ChainingRodShaped	2089	2.25874	0.5	-2.13469	49.2069	0	0.633914	-0.773404	0	None	None
ChainingRodShaped	2091	2.20806	0.5	6.41706	47.6754	0	0.795285	-0.606236	0	None	None
ChainingRodShaped	2093	2.24343	0.5	3.82648	45.0022	0	0.787059	-0.616877	0	None	None
ChainingRodShaped	2095	2.23239	0.5	-19.3426	60.1628	0	0.559049	0.829135	0	None	None
ChainingRodShaped	2097	2.28001	0.5	1.7364	33.7168	0	-0.531452	-0.847089	0	None	None
ChainingRodShaped	2099	2.2837	0.5	-4.27184	15.3357	0	0.869196	0.494468	0	None	None
ChainingRodShaped	2101	2.28834	0.5	-27.3691	34.5109	0	-0.66189	0.749601	0	None	None
ChainingRodShaped	2103	2.15221	0.5	-13.3024	27.826	0	-0.806033	0.59187	0	None	None
ChainingRodShaped	2105	2.1823	0.5	-1.39687	72.58	0	0.925126	-0.379661	0	None	None
ChainingRodShaped	2107	2.13529	0.5	-12.5035	32.3712	0	0.960008	0.279971	0	None	None
ChainingRodShaped	2109	2.16472	0.5	23.2807	60.5945	0	-0.258652	-0.965971	0	None	None
ChainingRodShaped	2111	2.21767	0.5	31.213	37.28	0	0.212912	-0.977071	0	None	None
ChainingRodShaped	2113	2.14649	0.5	28.1781	19.5766	0	0.865705	-0.500554	0	None	None
ChainingRodShaped	2115	2.18747	0.5	22.8762	13.1599	0	0.567375	0.823459	0	None	None
ChainingRodShaped	2117	2.08649	0.5	-26.5627	9.88357	0	0.476572	-0.879135	0	1790	2116
ChainingRodShaped	2119	2.15285	0.5	23.9376	33.2131	0	-0.999995	-0.00323182	0	None	None
ChainingRodShaped	2121	2.18707	0.5	13.6187	63.3791	0	0.766113	-0.642706	0	None	None
ChainingRodShaped	2123	2.20681	0.5	-3.20952	47.6359	0	0.657784	-0.753207	0	None	None
ChainingRodShaped	2125	2.138	0.5	-7.8619	36.7857	0	0.28659	-0.958053	0	None	None
ChainingRodShaped	2127	2.20097	0.5	-14.9708	13.8444	0	0.583036	-0.812446	0	None	None
ChainingRodShaped	2129	2.16886	0.5	-20.7855	51.0184	0	0.487558	-0.87309	0	None	None
ChainingRodShaped	2131	2.10964	0.5	7.37777	40.5604	0	0.097916	-0.995195	0	None	None
ChainingRodShaped	2133	2.19585	0.5	-1.47013	71.5623	0	0.92801	-0.372556	0	None	None
ChainingRodShaped	2135	2.11641	0.5	10.4703	58.3492	0	0.999966	0.0081865	0	None	None
ChainingRodShaped	2137	2.136	0.5	-29.7818	53.4812	0	0.784751	-0.619811	0	None	None
ChainingRodShaped	2139	2.10347	0.5	0.269171	13.5153	0	0.881046	-0.473031	0	None	None
ChainingRodShaped	2141	2.16314	0.5	26.1675	65.2604	0	0.493332	-0.869841	0	None	None
ChainingRodShaped	2143	2.08745	0.5	-14.5267	22.1214	0	0.209804	-0.977743	0	None	None
ChainingRodShaped	2145	2.06792	0.5	13.0322	38.2162	0	0.0707867	-0.997491	0	None	None
ChainingRodShaped	2147	2.18985	0.5	-33.4374	44.4174	0	-0.180044	0.983659	0	None	None
ChainingRodShaped	2149	2.0625	0.5	21.3829	42.313	0	0.693868	-0.720102	0	None	None
ChainingRodShaped	2151	2.08219	0.5	32.1101	22.4128	0	0.924988	-0.379997	0	None	None
ChainingRodShaped	2153	2.10557	0.5	15.203	60.7625	0	0.995617	0.093524	0	None	None
ChainingRodShaped	2155	2.10205	0.5	-26.7281	64.563	0	-0.224664	-0.974436	0	None	None
ChainingRodShaped	2157	2.08586	0.5	-14.8826	78.9441	0	-0.911559	-0.41117	0	None	None
ChainingRodShaped	2159	2.06291	0.5	5.70439	50.6108	0	0.776562	-0.630041	0	None	None
ChainingRodShaped	2161	2.09003	0.5	-10.1141	41.5862	0	0.70564	-0.708571	0	None	None
ChainingRodShaped	2163	2.11342	0.5	26.7235	15.4574	0	0.989552	-0.144178	0	None	None
ChainingRodShaped	2165	2.08842	0.5	-11.7524	58.6491	0	-0.0663152	-0.997799	0	None	None
ChainingRodShaped	2167	2.07967	0.5	3.89374	74.098	0	0.951657	0.307164	0	None	None
ChainingRodShaped	2169	2.09123	0.5	16.5392	25.862	0	0.206435	-0.97846	0	None	None
ChainingRodShaped	2171	2.06815	0.5	8.05658	8.62754	0	0.979356	-0.202141	0	None	None
ChainingRodShaped	2173	2.08425	0.5	-34.5273	38.4512	0	-0.0428386	0.999082	0	None	None
ChainingRodShaped	2175	2.1124	0.5	-10.6761	75.6629	0	0.965439	0.260631	0	None	None
ChainingRodShaped	2177	2.05487	0.5	10.7093	64.0839	0	0.998592	0.0530536	0	None	None
ChainingRodShaped	2179	2.07246	0.5	24.263	55.6026	0	-0.0752407	-0.997165	0	None	None
ChainingRodShaped	2181	2.06855	0.5	-8.02667	25.7676	0	0.370323	-0.928903	0	None	None
ChainingRodShaped	2183	2.03483	0.5	-11.6867	50.1042	0	0.659592	-0.751624	0	None	None
ChainingRodShaped	2185	2.02612	0.5	-12.4476	16.47	0	0.151713	0.988425	0	None	None
ChainingRodShaped	2187	2.03866	0.5	12.59	62.1322	0	0.999977	-0.00680349	0	None	None
ChainingRodShaped	2189	2.03992	0.5	37.9295	41.7173	0	0.413535	-0.910488	0	None	None
ChainingRodShaped	2191	2.02686	0.5	13.5601	6.48575	0	0.974076	-0.22622	0	None	None
ChainingRodShaped	2193	2.01203	0.5	-15.6486	58.054	0	-0.0522209	-0.998636	0	None	None
ChainingRodShaped	2195	2.01634	0.5	35.7537	37.2354	0	0.0146968	-0.999892	0	None	None
ChainingRodShaped	2197	2.01224	0.5	-31.2257	31.234	0	0.765099	-0.643912	0	None	None
ChainingRodShaped	2199	2.02136	0.5	-6.13646	21.6925	0	-0.721977	-0.691917	0	None	None
ChainingRodShaped	2201	2.01678	0.5	-23.5947	39.0163	0	0.652229	-0.758022	0	None	None
ChainingRodShaped	2203	2.00274	0.5	27.7623	52.2568	0	-0.515603	-0.856828	0	None	None
ChainingRodShaped	2205	2.0003	0.5	-17.0393	46.439	0	-0.67327	-0.739397	0	None	None
