cell_type	cell_id	length	radius	pos_x	pos_y	pos_z	ori_x	ori_y	ori_z	lower_link	upper_link
ChainingRodShaped	5775	2.66999	0.5	19.0519	30.4928	0	0.549478	0.835508	0	5776	None
ChainingRodShaped	6521	3.73476	0.5	-18.4012	52.1922	0	0.250036	0.968236	0	None	None
ChainingRodShaped	5771	3.29929	0.5	33.0922	36.2208	0	0.494879	-0.868962	0	5772	None
ChainingRodShaped	6695	3.22248	0.5	-6.33005	57.4285	0	0.742518	0.669826	0	None	None
ChainingRodShaped	5767	3.37127	0.5	5.451	30.3598	0	-0.689893	-0.723911	0	5768	None
ChainingRodShaped	6841	2.40225	0.5	-11.6587	47.5756	0	-0.999452	-0.0331035	0	None	None
ChainingRodShaped	5763	3.43231	0.5	18.1005	34.1447	0	-0.919312	0.393529	0	5764	None
ChainingRodShaped	5761	2.73507	0.5	-38.9698	40.1627	0	-0.231577	0.972817	0	5762	None
ChainingRodShaped	5759	3.61907	0.5	-15.6064	28.0429	0	0.186746	-0.982408	0	5760	None
ChainingRodShaped	6637	3.57004	0.5	2.00377	35.5955	0	0.95125	0.30842	0	None	None
ChainingRodShaped	6647	3.33085	0.5	23.4585	33.5907	0	0.597351	-0.80198	0	None	None
ChainingRodShaped	5753	3.0346	0.5	-35.791	43.9035	0	-0.489093	-0.872231	0	5754	None
ChainingRodShaped	5751	3.7053	0.5	-3.88725	24.0736	0	0.532311	0.846549	0	5752	None
ChainingRodShaped	6883	2.09275	0.5	31.4618	36.7779	0	0.624399	-0.781106	0	None	None
ChainingRodShaped	6489	4.36937	0.5	29.8474	53.8591	0	-0.104207	0.994556	0	None	None
ChainingRodShaped	6781	2.37393	0.5	-29.8858	26.6316	0	-0.476613	-0.879113	0	None	None
ChainingRodShaped	6425	4.49031	0.5	-4.89366	11.5452	0	-0.977543	0.210734	0	None	None
ChainingRodShaped	5741	3.71188	0.5	8.52792	36.8831	0	0.0156164	-0.999878	0	5742	None
ChainingRodShaped	5739	2.67524	0.5	13.6288	25.379	0	-0.693445	0.720509	0	5740	None
ChainingRodShaped	5737	3.40365	0.5	-2.16633	36.6685	0	-0.997237	-0.0742894	0	5738	None
ChainingRodShaped	6299	3.97236	0.5	31.1466	44.107	0	-0.38768	0.921794	0	None	None
ChainingRodShaped	5733	3.37814	0.5	22.4509	29.227	0	0.0279483	0.999609	0	5734	None
ChainingRodShaped	5731	2.84643	0.5	11.5463	43.4228	0	-0.156666	-0.987652	0	5732	None
ChainingRodShaped	5729	3.14947	0.5	-38.2608	41.5093	0	0.323113	-0.94636	0	5730	None
ChainingRodShaped	6885	2.21489	0.5	6.6188	54.3127	0	0.0759857	0.997109	0	None	None
ChainingRodShaped	5725	3.72264	0.5	22.3608	48.2362	0	-0.458542	-0.888673	0	5726	None
ChainingRodShaped	5723	3.10937	0.5	14.6564	34.4465	0	-0.0807543	0.996734	0	5724	None
ChainingRodShaped	5721	3.35795	0.5	5.99644	37.5322	0	0.50381	-0.863814	0	5722	None
ChainingRodShaped	6377	4.21759	0.5	-28.5943	44.6818	0	0.592318	-0.805704	0	None	None
ChainingRodShaped	6861	2.28159	0.5	14.3851	49.1328	0	-0.894234	-0.4476	0	None	None
ChainingRodShaped	6415	4.05927	0.5	-5.62592	50.5959	0	-0.957628	0.288007	0	None	None
ChainingRodShaped	6391	3.54031	0.5	-25.7561	53.6943	0	-0.961469	-0.274912	0	None	None
ChainingRodShaped	6813	2.64523	0.5	-23.8877	14.746	0	0.952166	-0.305581	0	None	None
ChainingRodShaped	6387	3.45843	0.5	-18.5699	18.5291	0	-0.994832	-0.101532	0	None	None
ChainingRodShaped	5707	3.12731	0.5	-2.06269	25.1503	0	0.336373	0.941729	0	5708	None
ChainingRodShaped	6847	2.39435	0.5	-17.9525	21.399	0	-0.624323	-0.781166	0	None	None
ChainingRodShaped	6843	2.32298	0.5	-33.0428	38.5656	0	0.130433	0.991457	0	None	None
ChainingRodShaped	6467	4.51644	0.5	-40.3754	41.1312	0	-0.227538	-0.973769	0	None	None
ChainingRodShaped	6797	2.72275	0.5	0.688578	60.5407	0	0.987538	0.157382	0	None	None
ChainingRodShaped	6309	4.78642	0.5	-8.38727	20.6565	0	0.84336	0.53735	0	None	None
ChainingRodShaped	6243	4.74548	0.5	11.1274	33.9801	0	0.352787	0.935704	0	None	None
ChainingRodShaped	6487	3.46833	0.5	-37.7537	43.1586	0	0.301533	-0.953456	0	None	None
ChainingRodShaped	6381	4.66167	0.5	3.68633	34.9499	0	0.822996	0.568047	0	None	None
ChainingRodShaped	6567	4.21395	0.5	40.6361	34.9908	0	-0.10971	-0.993964	0	None	None
ChainingRodShaped	6225	3.88581	0.5	23.2764	23.1628	0	-0.0332616	-0.999447	0	None	None
ChainingRodShaped	6517	3.90564	0.5	13.8763	23.1832	0	0.813887	-0.581023	0	None	None
ChainingRodShaped	5683	2.7595	0.5	16.5304	23.8188	0	-0.686058	0.727547	0	5684	None
ChainingRodShaped	5681	3.51676	0.5	-8.14859	28.1575	0	0.885841	0.463989	0	5682	None
ChainingRodShaped	6541	3.70465	0.5	-19.641	28.525	0	0.701038	-0.713124	0	None	None
ChainingRodShaped	6297	3.78879	0.5	47.7599	45.1703	0	-0.546684	-0.837339	0	None	None
ChainingRodShaped	5675	2.76061	0.5	5.09444	34.3086	0	0.658944	0.752192	0	5676	None
ChainingRodShaped	6479	3.48337	0.5	-7.47494	45.7033	0	0.597583	0.801807	0	None	None
ChainingRodShaped	5671	3.67244	0.5	13.8059	32.6664	0	-0.0768039	0.997046	0	5672	None
ChainingRodShaped	6703	2.81386	0.5	14.3106	46.7566	0	-0.778039	0.628216	0	None	None
ChainingRodShaped	5667	3.25861	0.5	-8.02237	17.8831	0	-0.718815	0.695201	0	5668	None
ChainingRodShaped	5665	3.0941	0.5	-31.7874	24.3159	0	-0.236664	-0.971592	0	5666	None
ChainingRodShaped	5663	3.50974	0.5	29.3286	48.106	0	0.0835248	-0.996506	0	5664	None
ChainingRodShaped	6771	2.37432	0.5	-16.9562	47.0697	0	-0.3779	-0.925846	0	None	None
ChainingRodShaped	6501	4.6195	0.5	5.9407	33.7001	0	0.684823	0.728709	0	None	None
ChainingRodShaped	6909	2.0433	0.5	9.51247	39.0258	0	-0.0179039	-0.99984	0	None	None
ChainingRodShaped	5655	3.38198	0.5	-25.5896	44.3402	0	0.1326	-0.99117	0	5656	None
ChainingRodShaped	5656	3.50891	0.5	-26.1752	48.7467	0	0.131007	-0.991381	0	None	5655
ChainingRodShaped	6795	2.56659	0.5	9.56082	43.7658	0	-0.116341	-0.993209	0	None	None
ChainingRodShaped	6865	2.25462	0.5	6.44157	28.6155	0	0.697419	0.716664	0	None	None
ChainingRodShaped	6599	3.29827	0.5	-17.6995	58.6171	0	-0.741965	-0.670438	0	None	None
ChainingRodShaped	5664	2.97925	0.5	28.9743	52.3353	0	0.0834728	-0.99651	0	None	5663
ChainingRodShaped	5666	3.41476	0.5	-30.7808	28.4487	0	-0.236607	-0.971605	0	None	5665
ChainingRodShaped	5668	3.2651	0.5	-4.96388	14.9259	0	-0.719052	0.694956	0	None	5667
ChainingRodShaped	6061	4.94327	0.5	22.1191	42.8653	0	-0.0995118	0.995036	0	None	None
ChainingRodShaped	5672	3.62656	0.5	14.1627	28.0307	0	-0.0766868	0.997055	0	None	5671
ChainingRodShaped	6429	4.62774	0.5	-7.17193	41.6042	0	-0.200994	0.979592	0	None	None
ChainingRodShaped	5676	3.69244	0.5	2.30876	31.1264	0	0.658367	0.752697	0	None	5675
ChainingRodShaped	6417	3.7235	0.5	38.5051	45.618	0	-0.363184	-0.931717	0	None	None
ChainingRodShaped	6671	2.79361	0.5	-23.7703	35.6159	0	0.626919	-0.779085	0	None	None
ChainingRodShaped	5682	2.95504	0.5	-11.8944	26.1931	0	0.885419	0.464794	0	None	5681
ChainingRodShaped	5684	2.93502	0.5	19.1696	21.0196	0	-0.685944	0.727654	0	None	5683
ChainingRodShaped	6723	2.89035	0.5	16.3055	19.867	0	0.998234	0.0594028	0	None	None
ChainingRodShaped	6481	4.83193	0.5	26.6903	23.4878	0	-0.528128	-0.849164	0	None	None
ChainingRodShaped	6305	4.86876	0.5	38.9551	42.2562	0	-0.746429	-0.665465	0	None	None
ChainingRodShaped	6125	4.40162	0.5	-1.32046	29.24	0	0.824574	0.565754	0	None	None
ChainingRodShaped	6893	2.11567	0.5	-36.6446	45.3379	0	-0.0580488	-0.998314	0	None	None
ChainingRodShaped	6529	4.34257	0.5	12.8297	30.7651	0	-0.00846601	0.999964	0	None	None
ChainingRodShaped	6807	2.30388	0.5	-9.3917	23.2362	0	0.459434	0.888212	0	None	None
ChainingRodShaped	6457	4.21737	0.5	-5.32849	55.3372	0	0.637184	0.770712	0	None	None
ChainingRodShaped	6859	2.27821	0.5	-44.7554	44.4578	0	-0.055327	-0.998468	0	None	None
ChainingRodShaped	6803	2.56591	0.5	-31.4471	36.4168	0	-0.557678	0.830057	0	None	None
ChainingRodShaped	6923	2.00029	0.5	-18.9143	29.9683	0	0.191957	-0.981403	0	None	None
ChainingRodShaped	5708	2.92348	0.5	-3.41254	21.358	0	0.334359	0.942446	0	None	5707
ChainingRodShaped	6375	3.49935	0.5	-18.4978	19.506	0	-0.993767	-0.111475	0	None	None
ChainingRodShaped	6823	2.34985	0.5	-23.1596	18.9451	0	-0.0406186	-0.999175	0	None	None
ChainingRodShaped	6655	2.69907	0.5	-24.3263	47.7338	0	-0.518895	-0.854838	0	None	None
ChainingRodShaped	6547	4.00021	0.5	-2.71808	46.5095	0	-0.480085	0.877222	0	None	None
ChainingRodShaped	6509	3.88569	0.5	13.7245	52.9652	0	-0.291008	-0.956721	0	None	None
ChainingRodShaped	6419	4.71565	0.5	-27.3101	49.9308	0	0.136171	-0.990685	0	None	None
ChainingRodShaped	5722	3.01751	0.5	3.88318	41.1437	0	0.506324	-0.862343	0	None	5721
ChainingRodShaped	5724	2.65974	0.5	14.9693	30.5755	0	-0.0803912	0.996763	0	None	5723
ChainingRodShaped	5726	2.81277	0.5	24.3186	52.0295	0	-0.45875	-0.888565	0	None	5725
ChainingRodShaped	6431	3.68267	0.5	4.68633	54.7419	0	0.0746533	0.99721	0	None	None
ChainingRodShaped	5730	3.27129	0.5	-39.622	45.4935	0	0.323463	-0.946241	0	None	5729
ChainingRodShaped	5732	3.11124	0.5	12.172	47.3519	0	-0.157828	-0.987467	0	None	5731
ChainingRodShaped	5734	3.14788	0.5	22.3316	24.9657	0	0.0280061	0.999608	0	None	5733
ChainingRodShaped	6553	3.41176	0.5	33.0701	44.6977	0	-0.386794	0.922166	0	None	None
ChainingRodShaped	5738	3.45949	0.5	2.25567	37.0021	0	-0.997104	-0.0760443	0	None	5737
ChainingRodShaped	5740	3.04838	0.5	16.3059	22.5971	0	-0.693367	0.720584	0	None	5739
ChainingRodShaped	5742	3.51345	0.5	8.45404	41.4932	0	0.0164408	-0.999865	0	None	5741
ChainingRodShaped	6455	3.3404	0.5	-4.57062	15.9099	0	0.721068	-0.692865	0	None	None
ChainingRodShaped	6763	2.38442	0.5	-28.4742	27.1709	0	-0.450125	-0.892966	0	None	None
ChainingRodShaped	6393	4.3762	0.5	31.9325	54.5179	0	-0.612833	0.790213	0	None	None
ChainingRodShaped	6559	3.36545	0.5	28.1762	40.7455	0	0.535278	-0.844676	0	None	None
ChainingRodShaped	5752	3.6167	0.5	-6.37004	20.1303	0	0.53325	0.845958	0	None	5751
ChainingRodShaped	5754	3.06801	0.5	-33.8131	47.4389	0	-0.487357	-0.873203	0	None	5753
ChainingRodShaped	6399	4.41159	0.5	18.8221	38.311	0	0.229994	-0.973192	0	None	None
ChainingRodShaped	6535	3.40441	0.5	-9.59539	28.5336	0	0.875729	0.482804	0	None	None
ChainingRodShaped	5760	3.37549	0.5	-16.4509	32.4596	0	0.188809	-0.982014	0	None	5759
ChainingRodShaped	5762	2.95766	0.5	-38.0796	36.4222	0	-0.231504	0.972834	0	None	5761
ChainingRodShaped	5764	3.21314	0.5	22.0742	32.4445	0	-0.919444	0.39322	0	None	5763
ChainingRodShaped	6459	4.63814	0.5	-4.49216	47.0501	0	-0.127316	0.991862	0	None	None
ChainingRodShaped	5768	3.70517	0.5	8.57846	33.6468	0	-0.688736	-0.725012	0	None	5767
ChainingRodShaped	6755	3.01616	0.5	-8.02818	47.8432	0	0.981915	0.189325	0	None	None
ChainingRodShaped	5772	2.72701	0.5	31.1071	39.7084	0	0.49447	-0.869194	0	None	5771
ChainingRodShaped	6169	4.37204	0.5	-23.3473	45.6355	0	0.539665	0.84188	0	None	None
ChainingRodShaped	5776	3.33603	0.5	16.8524	27.1484	0	0.549484	0.835504	0	None	5775
ChainingRodShaped	6097	4.73117	0.5	-27.5765	56.4194	0	0.658766	-0.752348	0	None	None
ChainingRodShaped	6121	4.29544	0.5	-2.38363	13.5291	0	-0.851148	-0.524925	0	None	None
ChainingRodShaped	6821	2.3579	0.5	-15.2188	61.0954	0	-0.944679	-0.327996	0	None	None
ChainingRodShaped	6593	3.55988	0.5	23.0561	45.8544	0	0.0443228	0.999017	0	None	None
ChainingRodShaped	6735	2.97489	0.5	-5.32886	25.7839	0	0.17952	0.983754	0	None	None
ChainingRodShaped	6367	3.97121	0.5	-38.1166	33.6421	0	-0.874301	-0.485384	0	None	None
ChainingRodShaped	6917	2.03555	0.5	-14.4654	14.5644	0	0.987495	-0.157648	0	None	None
ChainingRodShaped	6223	3.89638	0.5	-17.2807	31.6286	0	0.189911	-0.981801	0	None	None
ChainingRodShaped	6177	4.77276	0.5	-1.92641	34.7396	0	0.843773	0.536701	0	None	None
ChainingRodShaped	6253	4.37857	0.5	8.53404	47.3606	0	0.0870702	-0.996202	0	None	None
ChainingRodShaped	6717	2.45419	0.5	-1.72785	56.8265	0	0.508445	0.861094	0	None	None
ChainingRodShaped	6561	3.69452	0.5	-24.2388	49.8976	0	-0.486545	-0.873656	0	None	None
ChainingRodShaped	6921	2.00205	0.5	-10.2741	54.0526	0	0.679378	0.733789	0	None	None
ChainingRodShaped	6575	3.07702	0.5	18.974	34.8478	0	0.917574	-0.397564	0	None	None
ChainingRodShaped	6697	2.69847	0.5	-21.3945	14.5609	0	0.741396	-0.671068	0	None	None
ChainingRodShaped	6747	2.71465	0.5	18.5124	55.9304	0	-0.998453	0.0555947	0	None	None
ChainingRodShaped	6053	4.91288	0.5	36.0967	47.6206	0	-0.0944669	0.995528	0	None	None
ChainingRodShaped	6511	3.11381	0.5	-33.9372	51.7322	0	-0.635309	-0.772258	0	None	None
ChainingRodShaped	6359	3.98282	0.5	21.1326	42.9206	0	-0.10038	0.994949	0	None	None
ChainingRodShaped	6833	2.44864	0.5	46.2759	51.3856	0	0.771105	-0.636708	0	None	None
ChainingRodShaped	6519	4.58809	0.5	10.3428	15.6229	0	0.975278	0.22098	0	None	None
ChainingRodShaped	6713	2.62462	0.5	2.68923	47.4027	0	-0.0487745	0.99881	0	None	None
ChainingRodShaped	6163	4.54523	0.5	30.7804	26.5437	0	-0.445214	-0.895424	0	None	None
ChainingRodShaped	6331	4.38236	0.5	-29.1735	42.5969	0	0.945887	-0.324496	0	None	None
ChainingRodShaped	6531	4.06059	0.5	24.8136	22.6889	0	-0.345615	-0.938376	0	None	None
ChainingRodShaped	6267	4.30639	0.5	-34.8496	48.0117	0	-0.364725	-0.931115	0	None	None
ChainingRodShaped	6347	3.5655	0.5	38.8254	43.4591	0	-0.745649	-0.666339	0	None	None
ChainingRodShaped	6627	2.67046	0.5	-15.0803	57.8864	0	0.703615	0.710582	0	None	None
ChainingRodShaped	6613	2.76099	0.5	-8.46429	15.9952	0	0.988944	-0.148292	0	None	None
ChainingRodShaped	6779	2.36948	0.5	-5.63911	48.4576	0	-0.137224	0.99054	0	None	None
ChainingRodShaped	6401	3.62053	0.5	37.727	49.698	0	0.413896	-0.910324	0	None	None
ChainingRodShaped	6287	4.60969	0.5	1.34514	32.2118	0	0.828635	0.559789	0	None	None
ChainingRodShaped	6793	2.55263	0.5	-43.8097	43.5166	0	-0.0548825	-0.998493	0	None	None
ChainingRodShaped	6491	3.23307	0.5	-19.5403	51.6543	0	0.24134	0.970441	0	None	None
ChainingRodShaped	6577	3.32194	0.5	-23.9529	32.3538	0	-0.454519	0.890737	0	None	None
ChainingRodShaped	6587	3.95868	0.5	-24.1049	20.4515	0	-0.0225115	-0.999747	0	None	None
ChainingRodShaped	6693	2.66441	0.5	1.11888	45.2097	0	-0.164127	-0.986439	0	None	None
ChainingRodShaped	6321	4.58261	0.5	9.78843	28.2006	0	0.895833	0.444392	0	None	None
ChainingRodShaped	6875	2.2287	0.5	-24.9424	35.5493	0	0.619403	-0.785073	0	None	None
ChainingRodShaped	6639	3.66019	0.5	5.6707	54.7645	0	0.0763014	0.997085	0	None	None
ChainingRodShaped	6395	4.33246	0.5	-14.4893	23.399	0	-0.809258	-0.587453	0	None	None
ChainingRodShaped	6611	3.1144	0.5	10.9516	24.4944	0	0.775477	0.631376	0	None	None
ChainingRodShaped	6715	2.65182	0.5	-45.9926	49.0575	0	-0.0436917	-0.999045	0	None	None
ChainingRodShaped	6645	2.64764	0.5	-17.5451	36.0503	0	-0.742921	-0.669379	0	None	None
ChainingRodShaped	6369	4.18044	0.5	5.95787	29.5023	0	0.693829	0.720139	0	None	None
ChainingRodShaped	6863	2.15591	0.5	15.4964	21.0466	0	0.987556	-0.157269	0	None	None
ChainingRodShaped	6777	2.5019	0.5	16.2856	47.8975	0	-0.89128	-0.453454	0	None	None
ChainingRodShaped	6881	2.14558	0.5	14.9611	40.9628	0	0.42095	-0.907084	0	None	None
ChainingRodShaped	6857	2.20045	0.5	37.8776	39.6716	0	-0.999788	-0.020614	0	None	None
ChainingRodShaped	6499	3.15683	0.5	-0.359533	48.1821	0	-0.153584	-0.988136	0	None	None
ChainingRodShaped	6621	2.67631	0.5	-37.4785	48.514	0	0.279137	-0.960251	0	None	None
ChainingRodShaped	6739	2.80245	0.5	-8.8703	46.1486	0	0.822079	0.569374	0	None	None
ChainingRodShaped	6349	3.53008	0.5	-6.25863	55.7485	0	0.633168	0.774014	0	None	None
ChainingRodShaped	6441	4.31936	0.5	-11.4197	34.9378	0	-0.882698	0.469941	0	None	None
ChainingRodShaped	6623	2.70837	0.5	29.9684	39.7296	0	0.493609	-0.869684	0	None	None
ChainingRodShaped	6633	3.34493	0.5	10.3879	49.751	0	-0.00628702	-0.99998	0	None	None
ChainingRodShaped	6505	2.98693	0.5	26.7195	45.6308	0	0.405944	-0.913898	0	None	None
ChainingRodShaped	6853	2.35779	0.5	7.35224	50.1695	0	0.0497336	-0.998763	0	None	None
ChainingRodShaped	6913	2.02773	0.5	19.9501	44.1552	0	-0.00473209	0.999989	0	None	None
ChainingRodShaped	6353	4.41316	0.5	-7.5732	58.6626	0	-0.938658	-0.344849	0	None	None
ChainingRodShaped	6663	2.6857	0.5	-18.4403	14.2654	0	0.990798	-0.135349	0	None	None
ChainingRodShaped	6105	4.87391	0.5	-28.407	33.6945	0	-0.575949	0.817486	0	None	None
ChainingRodShaped	6473	3.30008	0.5	31.0349	52.066	0	-0.101921	0.994792	0	None	None
ChainingRodShaped	6093	4.67345	0.5	-32.6794	32.8975	0	0.997988	0.0634011	0	None	None
ChainingRodShaped	6085	4.80042	0.5	9.77302	16.5098	0	0.975078	0.221863	0	None	None
ChainingRodShaped	6497	4.05434	0.5	-0.408305	18.4998	0	-0.956855	-0.290567	0	None	None
ChainingRodShaped	6439	4.8535	0.5	29.3458	27.186	0	-0.215216	-0.976567	0	None	None
ChainingRodShaped	6089	4.73517	0.5	-36.1102	37.9292	0	-0.157223	-0.987563	0	None	None
ChainingRodShaped	6653	3.03462	0.5	-33.1238	56.0803	0	0.856243	-0.516573	0	None	None
ChainingRodShaped	6145	4.28903	0.5	-24.2968	51.7989	0	-0.490041	-0.871699	0	None	None
ChainingRodShaped	6111	4.58062	0.5	-29.2689	41.6212	0	0.948517	-0.316727	0	None	None
ChainingRodShaped	6625	2.9046	0.5	-23.4102	36.6776	0	-0.623898	0.781506	0	None	None
ChainingRodShaped	6741	2.91082	0.5	37.1628	38.0219	0	-0.760258	0.649621	0	None	None
ChainingRodShaped	6811	2.4984	0.5	-24.0944	46.2312	0	-0.531222	-0.847232	0	None	None
ChainingRodShaped	6919	2.01202	0.5	42.0249	55.4308	0	0.988137	-0.153577	0	None	None
ChainingRodShaped	6887	2.10828	0.5	-15.0093	42.8589	0	0.00347154	0.999994	0	None	None
ChainingRodShaped	6727	2.42055	0.5	-2.42631	29.7847	0	0.869235	0.494399	0	None	None
ChainingRodShaped	6569	2.8423	0.5	2.59955	22.578	0	0.971889	0.235441	0	None	None
ChainingRodShaped	6545	3.53146	0.5	-22.4877	44.0594	0	0.214171	0.976796	0	None	None
ChainingRodShaped	6427	4.52933	0.5	-2.3607	16.9298	0	-0.987286	0.158957	0	None	None
ChainingRodShaped	6445	4.7592	0.5	-21.049	22.0006	0	-0.0474211	-0.998875	0	None	None
ChainingRodShaped	6277	4.89582	0.5	-28.6358	21.7166	0	-0.0189995	-0.999819	0	None	None
ChainingRodShaped	6873	2.26399	0.5	-12.3853	54.0758	0	0.959682	0.281087	0	None	None
ChainingRodShaped	6629	2.62196	0.5	-0.905636	42.8759	0	-0.752682	0.658385	0	None	None
ChainingRodShaped	6815	2.72001	0.5	15.2519	38.9582	0	0.878136	-0.47841	0	None	None
ChainingRodShaped	6719	3.05842	0.5	-42.4853	45.2534	0	-0.20841	-0.978042	0	None	None
ChainingRodShaped	6255	4.59499	0.5	44.6821	50.3346	0	0.471956	-0.881622	0	None	None
ChainingRodShaped	6783	2.40155	0.5	28.7423	29.841	0	-0.720962	-0.692975	0	None	None
ChainingRodShaped	6273	3.74506	0.5	40.5036	46.9155	0	-0.555905	-0.831246	0	None	None
ChainingRodShaped	6555	3.55229	0.5	-11.7546	28.5409	0	-0.429819	-0.902915	0	None	None
ChainingRodShaped	6769	2.90281	0.5	2.12543	42.5788	0	-0.149293	0.988793	0	None	None
ChainingRodShaped	6217	4.69808	0.5	24.3723	26.6632	0	-0.0231974	-0.999731	0	None	None
ChainingRodShaped	6579	3.0231	0.5	-2.10227	49.3767	0	0.4891	-0.872228	0	None	None
ChainingRodShaped	6317	3.87181	0.5	33.726	30.7788	0	-0.670484	-0.741924	0	None	None
ChainingRodShaped	6649	2.8161	0.5	-14.5136	54.0844	0	0.137113	-0.990555	0	None	None
ChainingRodShaped	6247	4.57073	0.5	1.27524	52.237	0	-0.180803	-0.983519	0	None	None
ChainingRodShaped	6855	2.36986	0.5	-31.3319	31.0226	0	0.997039	0.0769038	0	None	None
ChainingRodShaped	6571	3.60767	0.5	-3.72147	34.7367	0	0.845198	0.534453	0	None	None
ChainingRodShaped	6591	3.64511	0.5	-14.714	20.4754	0	-0.684468	-0.729043	0	None	None
ChainingRodShaped	6231	3.9403	0.5	3.23295	51.6051	0	-0.170163	-0.985416	0	None	None
ChainingRodShaped	6251	4.66858	0.5	-30.2748	39.9211	0	0.950051	-0.312095	0	None	None
ChainingRodShaped	6601	3.9041	0.5	-17.4124	27.3353	0	0.18595	-0.982559	0	None	None
ChainingRodShaped	6799	2.85329	0.5	11.9724	33.4506	0	0.35431	0.935128	0	None	None
ChainingRodShaped	6261	4.73594	0.5	-2.79828	59.5219	0	0.694591	0.719405	0	None	None
ChainingRodShaped	6751	3.08745	0.5	-24.2786	30.5331	0	-0.349914	0.936782	0	None	None
ChainingRodShaped	6363	4.32548	0.5	2.28829	29.6488	0	0.656289	0.75451	0	None	None
ChainingRodShaped	6189	4.62738	0.5	-19.784	37.1596	0	0.0943092	-0.995543	0	None	None
ChainingRodShaped	6753	2.68663	0.5	32.6192	43.1807	0	-0.383699	0.923458	0	None	None
ChainingRodShaped	6679	2.90805	0.5	39.8594	49.8791	0	0.379023	-0.925387	0	None	None
ChainingRodShaped	6745	2.4811	0.5	-1.12017	50.8745	0	-0.000429104	-1	0	None	None
ChainingRodShaped	6661	2.56445	0.5	5.68881	46.0098	0	-0.0677902	0.9977	0	None	None
ChainingRodShaped	6681	3.18229	0.5	-26.3517	35.7935	0	0.590932	-0.806721	0	None	None
ChainingRodShaped	6483	4.03224	0.5	10.7716	21.8188	0	0.794653	0.607064	0	None	None
ChainingRodShaped	6673	3.5495	0.5	-31.5115	53.6233	0	-0.441927	-0.897051	0	None	None
ChainingRodShaped	6527	3.06263	0.5	42.2389	41.2527	0	-0.998866	-0.04762	0	None	None
ChainingRodShaped	6355	3.97888	0.5	-29.7527	51.627	0	-0.200739	-0.979645	0	None	None
ChainingRodShaped	6515	3.17534	0.5	-44.9699	49.6891	0	-0.0428908	-0.99908	0	None	None
ChainingRodShaped	6237	4.54806	0.5	11.1527	26.6869	0	0.900166	0.435547	0	None	None
ChainingRodShaped	6617	3.85007	0.5	34.4332	52.4145	0	0.307615	-0.951511	0	None	None
ChainingRodShaped	6219	4.52173	0.5	8.45056	23.7672	0	0.788206	0.615412	0	None	None
ChainingRodShaped	6581	3.17616	0.5	7.33167	18.8073	0	0.680702	0.732561	0	None	None
ChainingRodShaped	6651	3.17453	0.5	43.0905	43.2268	0	-0.80123	-0.598357	0	None	None
ChainingRodShaped	6685	2.64636	0.5	-9.04811	35.6005	0	-0.999921	-0.0125979	0	None	None
ChainingRodShaped	6533	3.17597	0.5	-38.0805	47.0564	0	0.300329	-0.953836	0	None	None
ChainingRodShaped	6229	4.44202	0.5	-10.9596	38.3051	0	0.509945	0.860207	0	None	None
ChainingRodShaped	6905	2.06913	0.5	-9.48785	43.3177	0	0.0069079	0.999976	0	None	None
ChainingRodShaped	6659	2.62871	0.5	29.2706	36.6988	0	-0.790862	0.611994	0	None	None
ChainingRodShaped	6879	2.1286	0.5	-17.6452	44.0213	0	0.376503	0.926415	0	None	None
ChainingRodShaped	6463	4.18858	0.5	-36.1379	53.7015	0	0.939932	-0.341362	0	None	None
ChainingRodShaped	6295	4.41807	0.5	-46.9043	52.739	0	-0.00671221	-0.999977	0	None	None
ChainingRodShaped	6609	3.95795	0.5	16.1491	41.2982	0	0.20095	-0.979601	0	None	None
ChainingRodShaped	6333	4.41195	0.5	-11.6474	51.0866	0	0.671788	0.740744	0	None	None
ChainingRodShaped	6383	4.23644	0.5	1.87225	26.3583	0	0.860734	0.509056	0	None	None
ChainingRodShaped	6405	4.8496	0.5	-11.9646	43.4756	0	0.423033	0.906114	0	None	None
ChainingRodShaped	6311	4.16014	0.5	3.67864	46.846	0	-0.0587579	0.998272	0	None	None
ChainingRodShaped	6465	4.36052	0.5	9.42956	51.9076	0	-0.0518112	-0.998657	0	None	None
ChainingRodShaped	6525	3.36399	0.5	-3.50625	42.2082	0	-0.224613	0.974448	0	None	None
ChainingRodShaped	6709	2.79296	0.5	-6.01365	44.1098	0	-0.337305	0.941395	0	None	None
ChainingRodShaped	6539	3.78329	0.5	37.1291	47.1872	0	-0.099859	0.995002	0	None	None
ChainingRodShaped	6677	3.12986	0.5	13.8873	50.2633	0	-0.969761	-0.244055	0	None	None
ChainingRodShaped	6403	4.65412	0.5	-27.004	33.3746	0	-0.576619	0.817013	0	None	None
ChainingRodShaped	6319	4.64559	0.5	-38.1632	52.4799	0	0.476958	-0.878926	0	None	None
ChainingRodShaped	6683	3.2074	0.5	24.8026	40.1386	0	-0.366761	0.930315	0	None	None
ChainingRodShaped	6365	3.76178	0.5	28.4433	43.5588	0	0.15557	-0.987825	0	None	None
ChainingRodShaped	6907	2.03911	0.5	0.724012	54.9707	0	-0.100468	-0.99494	0	None	None
ChainingRodShaped	6757	3.02939	0.5	27.2967	47.6838	0	0.156183	-0.987728	0	None	None
ChainingRodShaped	6809	2.79493	0.5	-11.2637	18.1013	0	0.989152	0.146894	0	None	None
ChainingRodShaped	6493	3.25555	0.5	11.3931	50.4814	0	-0.0141178	-0.9999	0	None	None
ChainingRodShaped	6869	2.13996	0.5	7.19677	56.4289	0	0.619005	-0.785387	0	None	None
ChainingRodShaped	6839	2.25394	0.5	17.0705	46.2491	0	-0.932295	0.361698	0	None	None
ChainingRodShaped	6607	2.98079	0.5	-1.35597	13.0113	0	-0.852547	-0.522651	0	None	None
ChainingRodShaped	6437	3.29474	0.5	-43.9117	51.2603	0	-0.0106779	-0.999943	0	None	None
ChainingRodShaped	6082	4.77756	0.5	24.1054	47.5652	0	-0.0429736	-0.999076	0	None	None
ChainingRodShaped	6475	4.73005	0.5	34.3253	49.607	0	-0.342952	0.939353	0	None	None
ChainingRodShaped	6409	3.99102	0.5	5.03832	14.5165	0	0.704439	0.709765	0	None	None
ChainingRodShaped	6729	3.18529	0.5	-2.74706	31.9429	0	0.838508	0.544889	0	None	None
ChainingRodShaped	6789	2.50346	0.5	-37.0412	38.3643	0	-0.154146	-0.988048	0	None	None
ChainingRodShaped	6477	3.38357	0.5	24.814	37.8306	0	-0.714727	0.699404	0	None	None
ChainingRodShaped	6389	3.99711	0.5	-34.3276	35.7556	0	-0.0785834	-0.996908	0	None	None
ChainingRodShaped	6551	3.15081	0.5	18.6741	47.7481	0	-0.949033	-0.315176	0	None	None
ChainingRodShaped	6098	4.96771	0.5	-26.891	57.7209	0	0.791526	-0.611135	0	None	None
ChainingRodShaped	6877	2.1376	0.5	19.9397	37.8828	0	0.233019	-0.972472	0	None	None
ChainingRodShaped	6469	4.51804	0.5	-27.9199	47.2373	0	0.130294	-0.991475	0	None	None
ChainingRodShaped	6543	3.00717	0.5	-34.8738	54.2922	0	0.940521	-0.339736	0	None	None
ChainingRodShaped	6485	4.09454	0.5	-27.0118	28.7361	0	-0.121756	0.99256	0	None	None
ChainingRodShaped	6825	2.61146	0.5	18.8142	52.9721	0	-0.907583	0.419872	0	None	None
ChainingRodShaped	6421	3.24689	0.5	-36.7201	58.1897	0	0.927063	-0.374907	0	None	None
ChainingRodShaped	6731	2.67078	0.5	-32.3228	42.942	0	-0.219444	-0.975625	0	None	None
ChainingRodShaped	6435	4.78585	0.5	-14.4945	27.2362	0	0.178638	-0.983915	0	None	None
ChainingRodShaped	6643	3.78932	0.5	22.8865	35.8292	0	-0.94643	0.32291	0	None	None
ChainingRodShaped	6433	4.19765	0.5	-21.6357	36.4317	0	-0.082263	0.996611	0	None	None
ChainingRodShaped	6767	2.97469	0.5	-20.2159	47.633	0	0.0314156	0.999506	0	None	None
ChainingRodShaped	6605	3.4466	0.5	-1.64739	15.8232	0	-0.987399	0.158252	0	None	None
ChainingRodShaped	6413	3.58226	0.5	6.40889	12.9873	0	0.736108	0.676865	0	None	None
ChainingRodShaped	6563	4.20751	0.5	-1.44589	27.9683	0	0.820212	0.57206	0	None	None
ChainingRodShaped	6443	3.37698	0.5	-24.9217	28.9146	0	0.226675	-0.973971	0	None	None
ChainingRodShaped	6130	4.96528	0.5	11.3132	56.6544	0	-0.324559	-0.945865	0	None	None
ChainingRodShaped	6461	4.73066	0.5	-24.8218	17.781	0	0.709963	-0.704239	0	None	None
ChainingRodShaped	6134	4.73126	0.5	-7.38169	36.5803	0	0.999997	0.00259808	0	None	None
ChainingRodShaped	6583	4.17554	0.5	16.4634	37.1952	0	0.882877	-0.469605	0	None	None
ChainingRodShaped	6447	3.42492	0.5	-41.9843	42.9345	0	-0.231353	-0.97287	0	None	None
ChainingRodShaped	6495	3.25272	0.5	32.625	48.4003	0	-0.346911	0.937898	0	None	None
ChainingRodShaped	6503	4.09106	0.5	34.9917	38.8475	0	-0.504708	0.86329	0	None	None
ChainingRodShaped	6507	3.57719	0.5	-3.62471	18.5968	0	-0.959382	-0.282111	0	None	None
ChainingRodShaped	6146	4.68347	0.5	-21.5858	56.3994	0	-0.727035	-0.686601	0	None	None
ChainingRodShaped	6449	3.61039	0.5	-27.5102	19.7016	0	0.0804771	-0.996756	0	None	None
ChainingRodShaped	6699	3.27717	0.5	-13.098	30.2312	0	0.186662	-0.982424	0	None	None
ChainingRodShaped	6471	3.704	0.5	12.0035	18.9621	0	0.991204	0.132345	0	None	None
ChainingRodShaped	6721	2.9653	0.5	-12.4994	56.2477	0	-0.996856	-0.0792378	0	None	None
ChainingRodShaped	6791	2.81956	0.5	-16.6517	51.1703	0	-0.268324	-0.963329	0	None	None
ChainingRodShaped	6641	3.20735	0.5	-22.0958	20.6104	0	-0.0442611	-0.99902	0	None	None
ChainingRodShaped	6160	4.41866	0.5	-0.155731	39.5091	0	-0.915928	0.401343	0	None	None
ChainingRodShaped	6597	3.51613	0.5	-33.1561	29.8445	0	0.99485	0.101353	0	None	None
ChainingRodShaped	6689	2.56205	0.5	31.5388	29.8242	0	-0.639446	-0.768836	0	None	None
ChainingRodShaped	6166	4.84525	0.5	24.3019	54.0209	0	-0.708577	-0.705633	0	None	None
ChainingRodShaped	6513	3.03803	0.5	-25.3709	40.0657	0	0.433406	-0.901199	0	None	None
ChainingRodShaped	6743	2.41593	0.5	-24.2895	42.4988	0	0.580936	0.813949	0	None	None
ChainingRodShaped	6827	2.31577	0.5	-21.3434	44.0574	0	0.0816113	0.996664	0	None	None
ChainingRodShaped	6585	3.87156	0.5	-31.6352	31.9876	0	0.997376	0.0724011	0	None	None
ChainingRodShaped	6176	4.46575	0.5	0.393272	46.8183	0	-0.158228	-0.987403	0	None	None
ChainingRodShaped	6178	4.90319	0.5	-6.97579	31.9252	0	0.913232	0.40744	0	None	None
ChainingRodShaped	6603	2.75634	0.5	-8.37183	49.7339	0	0.980447	0.196784	0	None	None
ChainingRodShaped	6573	3.5881	0.5	-20.3996	52.1973	0	-0.231624	-0.972805	0	None	None
ChainingRodShaped	6851	2.32894	0.5	27.2456	29.7867	0	-0.632808	-0.774309	0	None	None
ChainingRodShaped	6186	4.25767	0.5	2.17492	39.7584	0	-0.608824	0.793305	0	None	None
ChainingRodShaped	6705	2.46448	0.5	-11.7833	57.3648	0	-0.989781	-0.142598	0	None	None
ChainingRodShaped	6190	4.95807	0.5	-19.0872	43.0419	0	-0.371738	-0.928338	0	None	None
ChainingRodShaped	6192	4.38155	0.5	-6.1926	31.2384	0	0.912106	0.409955	0	None	None
ChainingRodShaped	6194	4.72966	0.5	5.40912	22.7313	0	-0.812421	-0.583072	0	None	None
ChainingRodShaped	6711	2.82681	0.5	-15.1838	49.3003	0	0.280708	0.959793	0	None	None
ChainingRodShaped	6657	3.01525	0.5	-7.01426	25.7722	0	0.609901	0.792477	0	None	None
ChainingRodShaped	6565	3.14571	0.5	-8.93104	33.1223	0	0.919991	0.39194	0	None	None
ChainingRodShaped	6523	3.14091	0.5	-20.5269	55.1529	0	-0.381143	-0.924516	0	None	None
ChainingRodShaped	6915	2.0297	0.5	-9.68474	55.7827	0	0.94499	0.327099	0	None	None
ChainingRodShaped	6589	3.13459	0.5	6.55009	47.6171	0	-0.0804547	0.996758	0	None	None
ChainingRodShaped	6615	3.1992	0.5	-41.1634	51.8125	0	0.473794	-0.880636	0	None	None
ChainingRodShaped	6549	3.25083	0.5	37.8344	53.3189	0	0.691349	-0.722521	0	None	None
ChainingRodShaped	6691	2.65593	0.5	9.98483	29.399	0	0.895977	0.444099	0	None	None
ChainingRodShaped	6765	2.42984	0.5	-18.508	39.3198	0	-0.371863	-0.928287	0	None	None
ChainingRodShaped	6216	4.6491	0.5	0.490697	12.9773	0	0.856825	0.515607	0	None	None
ChainingRodShaped	6537	3.78089	0.5	25.3227	29.5463	0	0.197852	-0.980232	0	None	None
ChainingRodShaped	6889	2.15563	0.5	5.08651	20.067	0	0.815287	0.579057	0	None	None
ChainingRodShaped	6557	3.51514	0.5	46.0867	45.2026	0	-0.229433	-0.973324	0	None	None
ChainingRodShaped	6224	4.79947	0.5	-16.0425	36.0861	0	-0.746222	-0.665697	0	None	None
ChainingRodShaped	6226	4.73182	0.5	23.4257	28.4629	0	-0.027064	-0.999634	0	None	None
ChainingRodShaped	6785	2.73805	0.5	41.3868	39.0773	0	-0.989327	0.145711	0	None	None
ChainingRodShaped	6230	4.91051	0.5	-13.6056	37.0015	0	0.73953	0.673124	0	None	None
ChainingRodShaped	6619	2.99424	0.5	3.79875	56.0218	0	-0.0699925	-0.997548	0	None	None
ChainingRodShaped	6635	3.01972	0.5	39.7943	41.686	0	-0.74587	-0.666092	0	None	None
ChainingRodShaped	6675	2.6541	0.5	-18.9666	26.4641	0	-0.696435	0.71762	0	None	None
ChainingRodShaped	6725	2.40825	0.5	7.03328	25.0197	0	0.962745	0.270412	0	None	None
ChainingRodShaped	6669	3.36212	0.5	24.7552	42.7064	0	-0.465373	0.885115	0	None	None
ChainingRodShaped	6242	3.88587	0.5	35.3002	36.3695	0	-0.508991	0.860772	0	None	None
ChainingRodShaped	6244	4.27987	0.5	9.01238	31.9006	0	0.474595	0.880204	0	None	None
ChainingRodShaped	6246	4.81147	0.5	-16.8065	16.0385	0	0.980238	-0.197821	0	None	None
ChainingRodShaped	6248	4.42869	0.5	2.11786	57.65	0	-0.145697	-0.989329	0	None	None
ChainingRodShaped	6819	2.68843	0.5	13.5255	41.8209	0	0.0185898	-0.999827	0	None	None
ChainingRodShaped	6665	3.29353	0.5	-33.774	40.3383	0	-0.142577	-0.989784	0	None	None
ChainingRodShaped	6595	3.05171	0.5	8.44582	52.0594	0	-0.0573449	-0.998354	0	None	None
ChainingRodShaped	6903	2.05986	0.5	41.9447	50.4187	0	-0.0251137	-0.999685	0	None	None
ChainingRodShaped	6258	4.27755	0.5	44.4829	54.8764	0	0.556029	-0.831163	0	None	None
ChainingRodShaped	6773	2.40904	0.5	-17.9561	50.052	0	0.258678	0.965964	0	None	None
ChainingRodShaped	6262	4.18557	0.5	-4.17448	55.2046	0	0.633445	0.773788	0	None	None
ChainingRodShaped	6631	3.21508	0.5	-20.67	36.3767	0	0.0885159	-0.996075	0	None	None
ChainingRodShaped	6266	4.60426	0.5	-29.7723	38.7341	0	0.949658	-0.313288	0	None	None
ChainingRodShaped	6667	2.71886	0.5	-32.1288	51.0595	0	-0.979907	-0.199454	0	None	None
ChainingRodShaped	6270	3.75748	0.5	37.6623	54.935	0	0.690792	-0.723053	0	None	None
ChainingRodShaped	6835	2.3314	0.5	-14.1265	49.4727	0	0.285779	0.958296	0	None	None
ChainingRodShaped	6274	3.66352	0.5	40.9425	51.7008	0	-0.00236765	-0.999997	0	None	None
ChainingRodShaped	6817	2.53408	0.5	26.9469	40.722	0	0.484866	-0.874588	0	None	None
ChainingRodShaped	6278	3.93249	0.5	-28.9002	25.0973	0	-0.939102	-0.343638	0	None	None
ChainingRodShaped	6280	4.22411	0.5	6.70586	38.6583	0	-0.410566	0.911831	0	None	None
ChainingRodShaped	6787	2.61615	0.5	-12.577	44.4367	0	0.413953	0.910298	0	None	None
ChainingRodShaped	6687	2.64597	0.5	15.4999	48.5996	0	-0.891401	-0.453215	0	None	None
ChainingRodShaped	6801	2.44821	0.5	-4.89109	38.4856	0	-0.997282	0.0736747	0	None	None
ChainingRodShaped	6288	4.07838	0.5	-3.85732	30.1089	0	0.873565	0.486708	0	None	None
ChainingRodShaped	6290	3.66286	0.5	-35.9339	50.6329	0	-0.355962	-0.934501	0	None	None
ChainingRodShaped	6701	3.05978	0.5	16.1815	52.5402	0	-0.995923	0.0902083	0	None	None
ChainingRodShaped	6294	3.73318	0.5	2.51262	53.4867	0	-0.144816	-0.989459	0	None	None
ChainingRodShaped	6296	3.68023	0.5	-46.3541	57.0748	0	-0.655493	-0.755201	0	None	None
ChainingRodShaped	6298	3.64585	0.5	48.2399	49.589	0	0.0274296	-0.999624	0	None	None
ChainingRodShaped	6300	4.57648	0.5	32.1481	39.8662	0	-0.496438	0.868072	0	None	None
ChainingRodShaped	6761	2.53527	0.5	-31.6867	35.0274	0	-0.549833	0.835274	0	None	None
ChainingRodShaped	6304	4.19424	0.5	38.6686	34.0882	0	-0.273037	0.962003	0	None	None
ChainingRodShaped	6737	3.14293	0.5	42.6689	45.4939	0	-0.853694	-0.520774	0	None	None
ChainingRodShaped	6829	2.26285	0.5	-15.6411	18.2152	0	0.875058	0.484018	0	None	None
ChainingRodShaped	6837	2.31872	0.5	-9.92668	17.1862	0	0.999034	0.0439505	0	None	None
ChainingRodShaped	6312	4.92322	0.5	4.87386	43.5702	0	-0.0670428	0.99775	0	None	None
ChainingRodShaped	6314	4.42064	0.5	-29.5787	40.7158	0	0.950219	-0.311583	0	None	None
ChainingRodShaped	6316	4.42149	0.5	-4.18902	52.1483	0	0.953479	-0.301459	0	None	None
ChainingRodShaped	6759	2.38723	0.5	36.097	32.6815	0	0.248655	-0.968592	0	None	None
ChainingRodShaped	6320	4.02395	0.5	-41.5883	55.7811	0	0.674894	-0.737915	0	None	None
ChainingRodShaped	6322	3.97705	0.5	5.27362	25.5266	0	0.959937	0.280217	0	None	None
ChainingRodShaped	6733	3.14979	0.5	26.9063	51.7121	0	0.1667	-0.986008	0	None	None
ChainingRodShaped	6901	2.06409	0.5	-16.3126	41.9313	0	0.317238	0.948346	0	None	None
ChainingRodShaped	6328	3.56356	0.5	-0.0863421	57.829	0	-0.313287	-0.949659	0	None	None
ChainingRodShaped	6707	2.45635	0.5	-17.2346	23.7886	0	-0.665508	-0.746391	0	None	None
ChainingRodShaped	6332	3.53619	0.5	-30.3332	45.2971	0	0.484719	-0.87467	0	None	None
ChainingRodShaped	6334	4.51589	0.5	-13.94	45.391	0	0.0588555	0.998267	0	None	None
ChainingRodShaped	6336	3.97642	0.5	30.6942	33.9378	0	-0.998545	-0.0539335	0	None	None
ChainingRodShaped	6338	4.69029	0.5	-11.7604	39.8857	0	0.749095	0.662463	0	None	None
ChainingRodShaped	6340	4.73774	0.5	-9.75917	26.2137	0	0.883795	0.467875	0	None	None
ChainingRodShaped	6342	3.82681	0.5	-20.8178	16.6987	0	0.732185	-0.681106	0	None	None
ChainingRodShaped	6831	2.52919	0.5	-19.9675	24.8984	0	-0.0101797	0.999948	0	None	None
ChainingRodShaped	6346	4.60279	0.5	-33.7545	45.5256	0	-0.486598	-0.873626	0	None	None
ChainingRodShaped	6749	2.39238	0.5	41.3813	46.4579	0	-0.551272	-0.834325	0	None	None
ChainingRodShaped	6845	2.30348	0.5	-8.76572	52.7645	0	0.685483	0.728089	0	None	None
ChainingRodShaped	6867	2.34683	0.5	6.27623	60.4577	0	0.96905	-0.246864	0	None	None
ChainingRodShaped	6354	3.56545	0.5	-3.2282	60.5028	0	-0.694714	-0.719286	0	None	None
ChainingRodShaped	6356	4.54349	0.5	-28.5672	56.0459	0	0.658925	-0.752208	0	None	None
ChainingRodShaped	6358	4.73327	0.5	-11.7214	20.9925	0	0.492224	0.870468	0	None	None
ChainingRodShaped	6775	2.47888	0.5	22.224	39.0509	0	-0.684912	0.728625	0	None	None
ChainingRodShaped	6362	4.19315	0.5	-9.15174	60.1887	0	-0.941344	-0.337447	0	None	None
ChainingRodShaped	6364	4.96263	0.5	-0.93606	25.4307	0	0.345776	0.938317	0	None	None
ChainingRodShaped	6911	2.02436	0.5	28.3901	47.3438	0	0.107944	-0.994157	0	None	None
ChainingRodShaped	6368	3.60582	0.5	-35.2785	36.0802	0	-0.0807215	-0.996737	0	None	None
ChainingRodShaped	6370	3.46871	0.5	2.0576	27.6017	0	0.857066	0.515207	0	None	None
ChainingRodShaped	6372	3.51703	0.5	9.35113	19.3167	0	0.740915	0.671599	0	None	None
ChainingRodShaped	6374	4.96014	0.5	-42.9197	51.6337	0	-0.00969775	-0.999953	0	None	None
ChainingRodShaped	6805	2.59182	0.5	-15.6238	21.3815	0	-0.837163	-0.546953	0	None	None
ChainingRodShaped	6378	3.56715	0.5	-30.5162	47.7042	0	0.921265	-0.388936	0	None	None
ChainingRodShaped	6380	3.38192	0.5	-4.21931	41.0105	0	-0.224161	0.974552	0	None	None
ChainingRodShaped	6382	3.6502	0.5	-0.046684	32.9556	0	0.655007	0.755623	0	None	None
ChainingRodShaped	6897	2.10905	0.5	-0.0259173	23.7955	0	0.703606	0.71059	0	None	None
ChainingRodShaped	6386	3.30985	0.5	7.23815	58.0932	0	0.582965	-0.812498	0	None	None
ChainingRodShaped	6388	4.55471	0.5	-12.6853	21.2287	0	-0.497904	-0.867232	0	None	None
ChainingRodShaped	6390	3.83945	0.5	-34.6886	40.7511	0	-0.147338	-0.989086	0	None	None
ChainingRodShaped	6871	2.18594	0.5	-24.1722	55.533	0	-0.820697	-0.571363	0	None	None
ChainingRodShaped	6394	4.77439	0.5	32.8211	50.6741	0	-0.366628	0.930368	0	None	None
ChainingRodShaped	6396	4.61501	0.5	-13.806	28.7811	0	0.176826	-0.984242	0	None	None
ChainingRodShaped	6398	4.00587	0.5	18.5524	43.3925	0	-0.21224	-0.977218	0	None	None
ChainingRodShaped	6400	4.18132	0.5	17.3429	40.3379	0	0.199387	-0.979921	0	None	None
ChainingRodShaped	6402	3.90826	0.5	35.2894	53.0553	0	0.322698	-0.946502	0	None	None
ChainingRodShaped	6891	2.11493	0.5	-26.0977	29.5137	0	-0.163486	0.986546	0	None	None
ChainingRodShaped	6406	4.97824	0.5	-13.9625	39.2006	0	0.752339	0.658776	0	None	None
ChainingRodShaped	6408	3.35816	0.5	21.8252	38.0076	0	-0.70712	0.707093	0	None	None
ChainingRodShaped	6410	4.15376	0.5	1.49674	11.3832	0	0.55299	0.833188	0	None	None
ChainingRodShaped	6412	3.31239	0.5	7.64501	46.3622	0	-0.0904182	0.995904	0	None	None
ChainingRodShaped	6414	3.82909	0.5	2.61764	10.7377	0	0.676098	0.736812	0	None	None
ChainingRodShaped	6416	4.62608	0.5	-1.99951	47.1872	0	-0.484001	0.875068	0	None	None
ChainingRodShaped	6849	2.28284	0.5	38.9759	49.3469	0	0.408761	-0.912641	0	None	None
ChainingRodShaped	6420	4.80839	0.5	-28.7622	51.6469	0	-0.198896	-0.980021	0	None	None
ChainingRodShaped	6422	4.03395	0.5	-39.2933	59.9591	0	0.989471	-0.144732	0	None	None
ChainingRodShaped	6895	2.0903	0.5	1.78287	24.5034	0	0.433673	0.90107	0	None	None
ChainingRodShaped	6426	4.44154	0.5	-1.2063	10.8086	0	-0.85703	-0.515267	0	None	None
ChainingRodShaped	6428	4.58133	0.5	3.02637	17.3476	0	-0.985049	-0.172276	0	None	None
ChainingRodShaped	6899	2.08931	0.5	-5.20468	37.5461	0	0.997579	-0.0695357	0	None	None
ChainingRodShaped	6432	4.97895	0.5	4.46393	49.4856	0	-0.0687382	0.997635	0	None	None
ChainingRodShaped	6434	3.7048	0.5	-20.2924	31.9838	0	-0.202239	0.979336	0	None	None
ChainingRodShaped	6436	4.03986	0.5	-15.4882	32.527	0	0.186522	-0.982451	0	None	None
ChainingRodShaped	6438	4.76752	0.5	-43.9577	56.2802	0	0.0156712	-0.999877	0	None	None
ChainingRodShaped	6440	4.7933	0.5	32.1619	32.0481	0	-0.682511	-0.730876	0	None	None
ChainingRodShaped	6442	3.20913	0.5	-7.27278	34.6608	0	-1	-0.000878807	0	None	None
ChainingRodShaped	6444	3.71303	0.5	-26.4474	34.2779	0	0.582836	-0.81259	0	None	None
ChainingRodShaped	6446	3.92563	0.5	-22.3321	26.7413	0	0.712767	-0.701401	0	None	None
ChainingRodShaped	6448	4.01803	0.5	-41.0973	47.5483	0	-0.0903832	-0.995907	0	None	None
ChainingRodShaped	6450	4.34273	0.5	-26.9453	22.4513	0	0.328658	-0.944449	0	None	None
ChainingRodShaped	6452	3.34692	0.5	-10.4024	37.4012	0	0.510644	0.859792	0	None	None
ChainingRodShaped	6454	4.10271	0.5	10.9336	45.8521	0	-0.177798	-0.984067	0	None	None
ChainingRodShaped	6456	3.89438	0.5	-5.41616	19.8248	0	-0.526873	-0.849944	0	None	None
ChainingRodShaped	6458	3.40336	0.5	-8.43448	51.6932	0	0.687725	0.725972	0	None	None
ChainingRodShaped	6460	4.48146	0.5	-2.83316	43.5343	0	-0.234347	0.972153	0	None	None
ChainingRodShaped	6462	4.96886	0.5	-25.9211	22.4899	0	0.328724	-0.944426	0	None	None
ChainingRodShaped	6464	4.39438	0.5	-39.2359	56.0085	0	0.918684	-0.394994	0	None	None
ChainingRodShaped	6466	3.35281	0.5	10.2252	56.6594	0	-0.288404	-0.957509	0	None	None
ChainingRodShaped	6468	3.23553	0.5	-40.8592	43.3872	0	-0.231867	-0.972747	0	None	None
ChainingRodShaped	6470	4.45856	0.5	-31.0509	48.9908	0	0.919528	-0.393024	0	None	None
ChainingRodShaped	6472	4.62454	0.5	9.08303	17.3627	0	0.974844	0.22289	0	None	None
ChainingRodShaped	6474	3.47707	0.5	31.3255	47.6897	0	-0.0726566	0.997357	0	None	None
ChainingRodShaped	6476	4.32884	0.5	34.8815	45.5403	0	-0.406286	0.913746	0	None	None
ChainingRodShaped	6478	3.65337	0.5	27.1738	34.6017	0	-0.989839	-0.142196	0	None	None
ChainingRodShaped	6480	4.86673	0.5	-8.01136	40.9273	0	-0.202209	0.979342	0	None	None
ChainingRodShaped	6482	3.97199	0.5	27.5052	26.6531	0	-0.543365	-0.839497	0	None	None
ChainingRodShaped	6484	3.9412	0.5	6.38114	19.7619	0	0.822151	0.569269	0	None	None
ChainingRodShaped	6486	3.45242	0.5	-25.5366	24.3665	0	-0.32257	0.946546	0	None	None
ChainingRodShaped	6488	4.03884	0.5	-39.3002	47.6301	0	0.310943	-0.950429	0	None	None
ChainingRodShaped	6490	3.77866	0.5	30.256	48.8132	0	-0.0783239	0.996928	0	None	None
ChainingRodShaped	6492	3.27742	0.5	-21.1749	47.8334	0	0.0338634	0.999426	0	None	None
ChainingRodShaped	6494	3.95475	0.5	12.9708	53.8551	0	-0.291466	-0.956581	0	None	None
ChainingRodShaped	6496	4.41733	0.5	34.5073	43.9628	0	-0.409863	0.912147	0	None	None
ChainingRodShaped	6498	4.17594	0.5	4.1583	20.6078	0	-0.809456	-0.587181	0	None	None
ChainingRodShaped	6500	4.50582	0.5	-0.233427	52.9407	0	0.10116	-0.99487	0	None	None
ChainingRodShaped	6502	4.25339	0.5	5.73622	32.0592	0	0.682617	0.730777	0	None	None
ChainingRodShaped	6504	3.16127	0.5	37.2088	35.2946	0	-0.138187	0.990406	0	None	None
ChainingRodShaped	6506	3.3746	0.5	25.2796	49.49	0	0.169497	-0.985531	0	None	None
ChainingRodShaped	6508	3.93682	0.5	0.875696	20.0473	0	-0.931956	-0.36257	0	None	None
ChainingRodShaped	6510	3.96376	0.5	16.8339	54.286	0	-0.946066	-0.323975	0	None	None
ChainingRodShaped	6512	4.15087	0.5	-34.1784	55.0911	0	0.940806	-0.338947	0	None	None
ChainingRodShaped	6514	4.30933	0.5	-26.5712	44.4991	0	0.136193	-0.990682	0	None	None
ChainingRodShaped	6516	3.59669	0.5	-44.9179	54.0683	0	0.0141299	-0.9999	0	None	None
ChainingRodShaped	6518	3.50924	0.5	10.1523	22.5842	0	0.792836	0.609434	0	None	None
ChainingRodShaped	6520	3.32823	0.5	5.90299	13.8999	0	0.727869	0.685716	0	None	None
ChainingRodShaped	6522	4.42858	0.5	-19.2619	47.2373	0	0.0289388	0.999581	0	None	None
ChainingRodShaped	6524	4.36588	0.5	-17.4931	57.4684	0	-0.741303	-0.671171	0	None	None
ChainingRodShaped	6526	4.43105	0.5	-0.84141	38.7695	0	-0.919896	0.392163	0	None	None
ChainingRodShaped	6528	3.66323	0.5	45.3298	42.4623	0	-0.996256	-0.0864577	0	None	None
ChainingRodShaped	6530	4.23585	0.5	10.0529	27.246	0	0.898419	0.439139	0	None	None
ChainingRodShaped	6532	3.29742	0.5	26.3284	26.8823	0	-0.601577	-0.798815	0	None	None
ChainingRodShaped	6534	3.54627	0.5	-39.6427	51.0801	0	0.477378	-0.878698	0	None	None
ChainingRodShaped	6536	3.42728	0.5	-10.622	31.2216	0	0.593117	-0.805116	0	None	None
ChainingRodShaped	6538	3.92204	0.5	26.9731	31.8855	0	-0.386474	-0.9223	0	None	None
ChainingRodShaped	6540	3.69692	0.5	36.5522	42.5856	0	0.207957	0.978138	0	None	None
ChainingRodShaped	6542	4.1341	0.5	-22.7321	32.0839	0	0.445589	-0.895238	0	None	None
ChainingRodShaped	6544	3.63344	0.5	-38.7193	56.8626	0	0.918629	-0.395121	0	None	None
ChainingRodShaped	6546	4.03741	0.5	-22.8013	39.3514	0	-0.0419268	0.999121	0	None	None
ChainingRodShaped	6548	2.80869	0.5	0.108675	43.2793	0	-0.759358	0.650673	0	None	None
ChainingRodShaped	6550	2.946	0.5	35.3682	56.1603	0	0.263748	-0.964592	0	None	None
ChainingRodShaped	6552	3.26485	0.5	21.3768	48.4668	0	-0.456689	-0.889626	0	None	None
ChainingRodShaped	6554	2.80474	0.5	34.8447	41.0246	0	-0.535901	0.844281	0	None	None
ChainingRodShaped	6556	3.43957	0.5	-12.5407	32.2339	0	0.444763	-0.895648	0	None	None
ChainingRodShaped	6558	4.28595	0.5	46.6572	48.726	0	0.468051	-0.883701	0	None	None
ChainingRodShaped	6560	4.29037	0.5	25.9327	44.991	0	0.405674	-0.914018	0	None	None
ChainingRodShaped	6562	2.93944	0.5	-22.2019	53.6671	0	-0.390368	-0.920659	0	None	None
ChainingRodShaped	6564	2.83797	0.5	-4.28297	26.1789	0	0.189346	0.98191	0	None	None
ChainingRodShaped	6566	2.82179	0.5	-11.98	34.1366	0	0.877954	-0.478745	0	None	None
ChainingRodShaped	6568	3.55457	0.5	39.6413	38.344	0	0.981041	-0.1938	0	None	None
ChainingRodShaped	6570	3.25891	0.5	-0.191478	20.6687	0	0.930994	0.365033	0	None	None
ChainingRodShaped	6572	4.0049	0.5	-7.95079	32.5303	0	0.916022	0.401127	0	None	None
ChainingRodShaped	6574	3.22838	0.5	-18.0005	55.4293	0	-0.650969	-0.759104	0	None	None
ChainingRodShaped	6576	2.88994	0.5	15.4251	36.6309	0	0.882177	-0.470918	0	None	None
ChainingRodShaped	6578	3.04515	0.5	-21.798	29.0099	0	-0.795683	0.605713	0	None	None
ChainingRodShaped	6580	3.1622	0.5	-5.2937	51.4931	0	0.955544	-0.29485	0	None	None
ChainingRodShaped	6582	3.37924	0.5	4.65361	15.5345	0	0.70458	0.709624	0	None	None
ChainingRodShaped	6584	3.28111	0.5	12.1217	38.5886	0	0.999382	0.0351485	0	None	None
ChainingRodShaped	6586	4.09359	0.5	-36.5602	31.9714	0	0.990728	-0.135861	0	None	None
ChainingRodShaped	6588	3.3863	0.5	-23.9415	25.0722	0	-0.134007	-0.99098	0	None	None
ChainingRodShaped	6590	3.51406	0.5	7.10014	43.3529	0	-0.213627	0.976915	0	None	None
ChainingRodShaped	6592	3.64016	0.5	-9.44899	25.032	0	-0.812837	-0.582492	0	None	None
ChainingRodShaped	6594	3.13741	0.5	23.242	41.5386	0	-0.0974977	0.995236	0	None	None
ChainingRodShaped	6596	3.968	0.5	9.1494	56.4813	0	-0.278815	-0.960345	0	None	None
ChainingRodShaped	6598	3.45182	0.5	-37.3456	30.3786	0	0.851128	-0.524959	0	None	None
ChainingRodShaped	6600	3.8838	0.5	-12.9755	59.3355	0	-0.886942	0.46188	0	None	None
ChainingRodShaped	6602	4.12483	0.5	-18.3806	32.2239	0	0.197331	-0.980337	0	None	None
ChainingRodShaped	6604	3.15979	0.5	-11.7554	48.5423	0	0.999427	0.0338614	0	None	None
ChainingRodShaped	6606	3.42514	0.5	2.62799	16.2805	0	-0.984388	-0.176013	0	None	None
ChainingRodShaped	6608	2.72944	0.5	1.7555	14.998	0	-0.964572	-0.26382	0	None	None
ChainingRodShaped	6610	3.71769	0.5	14.4605	45.3714	0	0.774504	-0.632569	0	None	None
ChainingRodShaped	6612	2.74265	0.5	7.87339	22.0752	0	0.79158	0.611066	0	None	None
ChainingRodShaped	6614	2.68742	0.5	-12.1481	15.955	0	0.988771	0.14944	0	None	None
ChainingRodShaped	6616	3.09972	0.5	-41.9211	54.6843	0	0.675069	-0.737755	0	None	None
ChainingRodShaped	6618	3.34194	0.5	33.5212	56.3475	0	-0.314693	-0.949194	0	None	None
ChainingRodShaped	6620	3.12563	0.5	4.35829	58.6803	0	0.601539	-0.798843	0	None	None
ChainingRodShaped	6622	3.11269	0.5	-39.0453	52.0428	0	0.477678	-0.878535	0	None	None
ChainingRodShaped	6624	3.5247	0.5	29.4398	43.678	0	0.1609	-0.986971	0	None	None
ChainingRodShaped	6626	3.19462	0.5	-21.6523	32.3034	0	-0.387927	0.92169	0	None	None
ChainingRodShaped	6628	3.65599	0.5	-16.9395	53.9259	0	0.247942	0.968775	0	None	None
ChainingRodShaped	6630	2.72686	0.5	-0.465104	41.1736	0	-0.745891	0.666068	0	None	None
ChainingRodShaped	6632	3.0767	0.5	-20.9569	40.494	0	0.0161947	-0.999869	0	None	None
ChainingRodShaped	6634	3.81811	0.5	11.4662	54.0149	0	-0.534494	-0.845173	0	None	None
ChainingRodShaped	6636	2.9434	0.5	42.8164	44.2634	0	-0.802229	-0.597016	0	None	None
ChainingRodShaped	6638	3.29197	0.5	-1.91402	33.6076	0	0.843919	0.53647	0	None	None
ChainingRodShaped	6640	3.73295	0.5	5.39126	50.1344	0	-0.0663629	0.997796	0	None	None
ChainingRodShaped	6642	2.81715	0.5	-22.4	24.5387	0	0.311877	-0.950123	0	None	None
ChainingRodShaped	6644	3.04644	0.5	25.0141	33.1544	0	-0.597683	0.801732	0	None	None
ChainingRodShaped	6646	3.2098	0.5	-18.1302	37.7466	0	-0.370122	-0.928983	0	None	None
ChainingRodShaped	6648	2.91175	0.5	21.2374	34.7525	0	0.650875	-0.759185	0	None	None
ChainingRodShaped	6650	3.32335	0.5	-14.3884	57.1852	0	-0.706231	-0.707981	0	None	None
ChainingRodShaped	6652	2.82078	0.5	44.9844	46.3384	0	0.0191162	-0.999817	0	None	None
ChainingRodShaped	6654	3.29782	0.5	-36.8995	57.1916	0	0.926572	-0.376116	0	None	None
ChainingRodShaped	6656	3.5031	0.5	-22.2854	51.2645	0	-0.526927	-0.849911	0	None	None
ChainingRodShaped	6658	2.77801	0.5	-8.74653	22.3898	0	0.463551	0.88607	0	None	None
ChainingRodShaped	6660	2.65802	0.5	31.3019	34.9518	0	-0.998813	-0.0487025	0	None	None
ChainingRodShaped	6662	2.65419	0.5	6.22081	42.4779	0	-0.277119	0.960836	0	None	None
ChainingRodShaped	6664	2.61145	0.5	-21.6294	16.1115	0	0.735876	-0.677116	0	None	None
ChainingRodShaped	6666	2.68239	0.5	-33.0623	44.2185	0	-0.299486	-0.954101	0	None	None
ChainingRodShaped	6668	2.86864	0.5	-30.4454	53.563	0	-0.442734	-0.896653	0	None	None
ChainingRodShaped	6670	2.71548	0.5	26.6319	39.1933	0	-0.604179	0.796849	0	None	None
ChainingRodShaped	6672	2.9312	0.5	-25.8504	38.8158	0	0.424371	-0.905488	0	None	None
ChainingRodShaped	6674	3.22246	0.5	-30.847	57.1456	0	0.579071	-0.815277	0	None	None
ChainingRodShaped	6676	3.50322	0.5	-19.0088	23.2717	0	0.0524328	0.998624	0	None	None
ChainingRodShaped	6678	2.6342	0.5	15.9286	51.5755	0	-0.995871	0.0907839	0	None	None
ChainingRodShaped	6680	2.71525	0.5	39.9522	53.3369	0	-2.3132e-06	-1	0	None	None
ChainingRodShaped	6682	3.48894	0.5	-29.9259	37.7705	0	0.950941	-0.309371	0	None	None
ChainingRodShaped	6684	3.44031	0.5	27.4341	36.8833	0	-0.784703	0.619872	0	None	None
ChainingRodShaped	6686	2.64449	0.5	-5.44206	35.6209	0	-0.999991	0.00412359	0	None	None
ChainingRodShaped	6688	2.52079	0.5	18.813	49.8717	0	-0.953294	-0.302043	0	None	None
ChainingRodShaped	6690	2.69033	0.5	33.9512	32.5159	0	-0.678919	-0.734213	0	None	None
ChainingRodShaped	6692	2.67485	0.5	6.88769	27.6899	0	0.7011	0.713063	0	None	None
ChainingRodShaped	6694	3.22508	0.5	1.73325	49.09	0	-0.153731	-0.988113	0	None	None
ChainingRodShaped	6696	2.65063	0.5	-8.63649	54.4151	0	0.649716	0.760177	0	None	None
ChainingRodShaped	6698	2.81937	0.5	-25.3672	16.9331	0	0.710858	-0.703335	0	None	None
ChainingRodShaped	6700	3.15499	0.5	-14.291	33.5868	0	-0.0651801	-0.997874	0	None	None
ChainingRodShaped	6702	3.1119	0.5	20.0051	51.3288	0	-0.907584	0.419871	0	None	None
ChainingRodShaped	6704	2.60959	0.5	16.9162	44.3392	0	-0.456445	0.889752	0	None	None
ChainingRodShaped	6706	2.92872	0.5	-8.92853	59.2153	0	-0.939813	-0.341688	0	None	None
ChainingRodShaped	6708	3.16722	0.5	-16.4143	27.1952	0	0.188613	-0.982052	0	None	None
ChainingRodShaped	6710	3.29323	0.5	-5.62507	40.9192	0	-0.458776	0.888552	0	None	None
ChainingRodShaped	6712	2.78958	0.5	-15.9173	45.6395	0	0.00185321	0.999998	0	None	None
ChainingRodShaped	6714	3.06635	0.5	3.04366	44.1336	0	-0.600884	0.799336	0	None	None
ChainingRodShaped	6716	2.51585	0.5	-45.8987	52.6356	0	0.00509278	-0.999987	0	None	None
ChainingRodShaped	6718	2.4872	0.5	-3.51629	54.0348	0	0.784893	0.619632	0	None	None
ChainingRodShaped	6720	3.21048	0.5	-41.9394	49.3345	0	-0.0789726	-0.996877	0	None	None
ChainingRodShaped	6722	2.70733	0.5	-8.82284	57.1534	0	-0.936103	-0.351727	0	None	None
ChainingRodShaped	6724	2.64481	0.5	12.7214	20.0963	0	0.986449	0.164066	0	None	None
ChainingRodShaped	6726	2.73691	0.5	3.71505	23.8626	0	0.970784	0.239954	0	None	None
ChainingRodShaped	6728	2.71702	0.5	-5.49748	28.1502	0	0.959009	0.283375	0	None	None
ChainingRodShaped	6730	2.43161	0.5	-6.09735	30.2244	0	0.916159	0.400815	0	None	None
ChainingRodShaped	6732	2.59884	0.5	-31.4695	45.3421	0	0.481662	-0.876357	0	None	None
ChainingRodShaped	6734	3.15886	0.5	27.294	54.7469	0	0.24593	-0.969288	0	None	None
ChainingRodShaped	6736	2.95193	0.5	-7.06322	23.5931	0	0.416488	0.909141	0	None	None
ChainingRodShaped	6738	2.9059	0.5	43.4503	47.8974	0	-0.517739	-0.855538	0	None	None
ChainingRodShaped	6740	3.15086	0.5	-10.9174	42.9925	0	0.307415	0.951576	0	None	None
ChainingRodShaped	6742	2.92901	0.5	39.4044	35.9637	0	-0.121302	0.992616	0	None	None
ChainingRodShaped	6744	2.90807	0.5	-23.7884	40.0247	0	-0.0408489	0.999165	0	None	None
ChainingRodShaped	6746	3.08192	0.5	-1.71227	53.9899	0	-0.211489	-0.97738	0	None	None
ChainingRodShaped	6748	2.99705	0.5	20.6063	53.7046	0	-0.988931	0.148374	0	None	None
ChainingRodShaped	6750	2.38241	0.5	43.0019	49.4102	0	-0.386343	-0.922355	0	None	None
ChainingRodShaped	6752	2.84852	0.5	-21.7839	27.7297	0	-0.77229	0.63527	0	None	None
ChainingRodShaped	6754	2.56966	0.5	33.1843	40.0208	0	-0.496051	0.868293	0	None	None
ChainingRodShaped	6756	3.01523	0.5	-11.3792	46.6144	0	0.999572	0.0292499	0	None	None
ChainingRodShaped	6758	2.93939	0.5	25.9923	51.1771	0	0.167848	-0.985813	0	None	None
ChainingRodShaped	6760	2.76039	0.5	34.4664	35.818	0	0.500825	-0.865549	0	None	None
ChainingRodShaped	6762	2.58136	0.5	-29.3856	33.3864	0	-0.574471	0.818525	0	None	None
ChainingRodShaped	6764	2.63282	0.5	-28.3561	30.2262	0	-0.21045	-0.977605	0	None	None
ChainingRodShaped	6766	2.63283	0.5	-17.1509	42.5121	0	-0.321183	-0.947017	0	None	None
ChainingRodShaped	6768	2.43508	0.5	-20.2841	43.9406	0	-0.00291791	0.999996	0	None	None
ChainingRodShaped	6770	2.6775	0.5	3.79396	39.3671	0	-0.516084	0.856538	0	None	None
ChainingRodShaped	6772	2.53136	0.5	-15.8943	50.3128	0	-0.277939	-0.960599	0	None	None
ChainingRodShaped	6774	2.74852	0.5	-17.7824	47.5867	0	0.387138	0.922022	0	None	None
ChainingRodShaped	6776	2.96084	0.5	24.8366	36.4344	0	-0.721363	0.692558	0	None	None
ChainingRodShaped	6778	2.54871	0.5	19.5743	49.0826	0	-0.951232	-0.308477	0	None	None
ChainingRodShaped	6780	2.92075	0.5	-5.2959	44.9773	0	-0.327876	0.944721	0	None	None
ChainingRodShaped	6782	2.87958	0.5	-29.4058	29.973	0	-0.220217	-0.975451	0	None	None
ChainingRodShaped	6784	2.47111	0.5	30.69	32.3312	0	-0.833915	-0.551893	0	None	None
ChainingRodShaped	6786	2.90031	0.5	44.2766	40.4698	0	-0.903886	-0.427773	0	None	None
ChainingRodShaped	6788	2.75001	0.5	-14.1183	41.0974	0	0.413954	0.910298	0	None	None
ChainingRodShaped	6790	2.34288	0.5	-36.0458	41.5539	0	-0.548447	-0.836185	0	None	None
ChainingRodShaped	6792	2.59977	0.5	-15.4558	53.7446	0	0.142819	-0.989749	0	None	None
ChainingRodShaped	6794	2.47035	0.5	-43.2113	46.9445	0	-0.152767	-0.988262	0	None	None
ChainingRodShaped	6796	2.73635	0.5	9.49804	47.385	0	0.0950418	-0.995473	0	None	None
ChainingRodShaped	6798	2.61909	0.5	-2.00512	58.4838	0	0.84172	0.539915	0	None	None
ChainingRodShaped	6800	2.38383	0.5	10.2129	30.6134	0	0.895332	0.4454	0	None	None
ChainingRodShaped	6802	2.54982	0.5	-1.94253	37.621	0	-0.997929	-0.0643226	0	None	None
ChainingRodShaped	6804	2.4419	0.5	-29.5359	36.6312	0	-0.950232	0.311542	0	None	None
ChainingRodShaped	6806	2.37204	0.5	-12.8384	23.4251	0	-0.803341	-0.595519	0	None	None
ChainingRodShaped	6808	2.69687	0.5	-11.0571	20.1867	0	0.497902	0.867233	0	None	None
ChainingRodShaped	6810	2.81619	0.5	-14.8129	17.5555	0	0.877547	0.479491	0	None	None
ChainingRodShaped	6812	2.53286	0.5	-22.3409	49.2223	0	-0.464583	-0.88553	0	None	None
ChainingRodShaped	6814	2.72604	0.5	-26.9668	16.5685	0	0.88356	-0.468317	0	None	None
ChainingRodShaped	6816	2.30346	0.5	11.9456	39.886	0	0.971791	-0.235844	0	None	None
ChainingRodShaped	6818	2.3656	0.5	25.3971	43.7772	0	0.402557	-0.915395	0	None	None
ChainingRodShaped	6820	2.46854	0.5	12.6597	44.1839	0	-0.150046	-0.988679	0	None	None
ChainingRodShaped	6822	2.69012	0.5	-11.9609	60.6689	0	-0.999395	-0.0347795	0	None	None
ChainingRodShaped	6824	2.58985	0.5	-23.0945	22.3976	0	0.0332535	-0.999447	0	None	None
ChainingRodShaped	6826	2.59247	0.5	21.8225	51.6912	0	-0.669462	0.742847	0	None	None
ChainingRodShaped	6828	2.56213	0.5	-21.9072	40.778	0	-0.026202	0.999657	0	None	None
ChainingRodShaped	6830	2.59204	0.5	-18.8849	17.5239	0	0.995798	0.0915811	0	None	None
ChainingRodShaped	6832	2.41746	0.5	-20.0894	21.4851	0	0.0481386	0.998841	0	None	None
ChainingRodShaped	6834	2.26377	0.5	43.7281	53.5584	0	0.761635	-0.648006	0	None	None
ChainingRodShaped	6836	2.54868	0.5	-14.8624	46.1522	0	0.0645128	0.997917	0	None	None
ChainingRodShaped	6838	2.51585	0.5	-13.3	16.7855	0	0.987555	0.157271	0	None	None
ChainingRodShaped	6840	2.23391	0.5	19.7646	46.2999	0	-0.928688	0.370861	0	None	None
ChainingRodShaped	6842	2.51411	0.5	-7.95732	48.8348	0	-0.981114	-0.193429	0	None	None
ChainingRodShaped	6844	2.22105	0.5	-33.3907	35.3169	0	0.0686109	0.997643	0	None	None
ChainingRodShaped	6846	2.27013	0.5	-10.9853	50.3654	0	0.667588	0.744531	0	None	None
ChainingRodShaped	6848	2.33809	0.5	-15.8035	23.9573	0	-0.658015	-0.753005	0	None	None
ChainingRodShaped	6850	2.34828	0.5	37.5148	52.2131	0	0.691689	-0.722195	0	None	None
ChainingRodShaped	6852	2.18982	0.5	28.8609	32.2935	0	-0.828355	-0.560204	0	None	None
ChainingRodShaped	6854	2.32724	0.5	7.54133	53.4741	0	-0.0672495	-0.997736	0	None	None
ChainingRodShaped	6856	2.31911	0.5	-34.6427	30.6968	0	0.995649	0.0931847	0	None	None
ChainingRodShaped	6858	2.12984	0.5	40.8073	40.1663	0	-0.989891	0.141831	0	None	None
ChainingRodShaped	6860	2.14883	0.5	-44.1193	47.5621	0	-0.155091	-0.9879	0	None	None
ChainingRodShaped	6862	2.37005	0.5	17.404	50.4697	0	-0.954024	-0.29973	0	None	None
ChainingRodShaped	6864	2.17141	0.5	12.499	21.379	0	0.963091	0.269176	0	None	None
ChainingRodShaped	6866	2.25952	0.5	4.05231	26.4939	0	0.860505	0.509441	0	None	None
ChainingRodShaped	6868	2.2295	0.5	3.19129	61.2182	0	0.859233	-0.511584	0	None	None
ChainingRodShaped	6870	2.15928	0.5	5.37172	58.9746	0	0.597589	-0.801803	0	None	None
ChainingRodShaped	6872	2.25155	0.5	-21.7458	57.615	0	-0.727082	-0.686551	0	None	None
ChainingRodShaped	6874	2.30038	0.5	-13.3873	52.2335	0	0.739989	0.672619	0	None	None
ChainingRodShaped	6876	2.16834	0.5	-26.6202	38.1866	0	0.418111	-0.908396	0	None	None
ChainingRodShaped	6878	2.22115	0.5	19.3596	40.987	0	0.0872231	-0.996189	0	None	None
ChainingRodShaped	6880	2.22993	0.5	-18.8271	41.094	0	0.381001	0.924575	0	None	None
ChainingRodShaped	6882	2.1429	0.5	14.28	43.7838	0	0.512815	-0.858499	0	None	None
ChainingRodShaped	6884	2.1432	0.5	28.9867	38.1639	0	0.789858	-0.61329	0	None	None
ChainingRodShaped	6886	2.09813	0.5	6.31027	51.2115	0	-0.0571311	0.998367	0	None	None
ChainingRodShaped	6888	2.08238	0.5	-15.635	39.9886	0	0.0568879	0.998381	0	None	None
ChainingRodShaped	6890	2.12423	0.5	2.61298	18.3591	0	0.966556	0.256457	0	None	None
ChainingRodShaped	6892	2.0661	0.5	-25.2856	26.5628	0	-0.415697	0.909503	0	None	None
ChainingRodShaped	6894	2.10115	0.5	-35.663	48.6165	0	-0.365293	-0.930893	0	None	None
ChainingRodShaped	6896	2.06211	0.5	-0.126955	22.2175	0	0.66282	0.748778	0	None	None
ChainingRodShaped	6898	2.07789	0.5	-2.03531	21.3901	0	0.593679	0.804702	0	None	None
ChainingRodShaped	6900	2.04413	0.5	-8.2111	37.5473	0	0.999921	0.0126015	0	None	None
ChainingRodShaped	6902	2.03672	0.5	-16.6449	38.9553	0	0.0668591	0.997762	0	None	None
ChainingRodShaped	6904	2.02851	0.5	41.9534	53.4437	0	0.103685	-0.99461	0	None	None
ChainingRodShaped	6906	2.07118	0.5	-8.85214	40.2471	0	-0.195309	0.980742	0	None	None
ChainingRodShaped	6908	2.06068	0.5	1.16587	57.9708	0	-0.155544	-0.987829	0	None	None
ChainingRodShaped	6910	2.02492	0.5	10.293	41.854	0	-0.166234	-0.986086	0	None	None
ChainingRodShaped	6912	2.04909	0.5	28.1419	50.3584	0	0.0839137	-0.996473	0	None	None
ChainingRodShaped	6914	2.05121	0.5	20.3218	41.1766	0	-0.0904265	0.995903	0	None	None
ChainingRodShaped	6916	2.02891	0.5	-12.6143	55.0628	0	0.966104	0.258154	0	None	None
ChainingRodShaped	6918	2.02396	0.5	-17.4299	15.157	0	0.980513	-0.196455	0	None	None
ChainingRodShaped	6920	2.01733	0.5	39.0416	55.8313	0	0.989638	-0.143582	0	None	None
ChainingRodShaped	6922	2.00106	0.5	-12.2852	51.8408	0	0.675571	0.737295	0	None	None
ChainingRodShaped	6924	2.00043	0.5	-19.5005	32.9073	0	0.200339	-0.979727	0	None	None
