cell_type	cell_id	length	radius	pos_x	pos_y	pos_z	ori_x	ori_y	ori_z	lower_link	upper_link
ChainingRodShaped	5775	2.52434	0.5	18.8402	30.1977	0	0.528751	0.848777	0	5776	None
ChainingRodShaped	6119	4.20225	0.5	-18.3974	46.2119	0	0.289282	0.957244	0	None	None
ChainingRodShaped	5771	3.01684	0.5	31.556	35.2769	0	0.400307	-0.916381	0	5772	None
ChainingRodShaped	6203	3.35499	0.5	-8.68034	51.5694	0	0.574924	0.818207	0	None	None
ChainingRodShaped	5767	3.07317	0.5	4.23954	29.9565	0	-0.805448	-0.592667	0	5768	None
ChainingRodShaped	6051	3.67952	0.5	-9.84017	46.0392	0	-0.955064	-0.2964	0	None	None
ChainingRodShaped	5763	3.12094	0.5	19.5102	35.7751	0	-0.69693	0.717139	0	5764	None
ChainingRodShaped	5761	2.57527	0.5	-37.6604	40.5211	0	-0.682709	0.73069	0	5762	None
ChainingRodShaped	5759	3.2671	0.5	-16.5124	29.6273	0	-0.033954	-0.999423	0	5760	None
ChainingRodShaped	6191	3.56553	0.5	-2.60184	35.4671	0	0.940809	0.338938	0	None	None
ChainingRodShaped	6099	3.88155	0.5	22.0912	36.6692	0	0.69867	-0.715444	0	None	None
ChainingRodShaped	5753	2.80968	0.5	-32.9739	43.3564	0	-0.467867	-0.883799	0	5754	None
ChainingRodShaped	5751	3.33458	0.5	-5.18489	26.2896	0	0.487852	0.872926	0	5752	None
ChainingRodShaped	6275	2.72524	0.5	28.376	39.0762	0	0.649286	-0.760544	0	None	None
ChainingRodShaped	5901	4.63742	0.5	30.4749	50.7569	0	-0.153295	0.98818	0	None	None
ChainingRodShaped	5969	3.99182	0.5	-26.6133	30.1875	0	0.56442	-0.825488	0	None	None
ChainingRodShaped	6077	4.76418	0.5	-2.53675	13.289	0	-0.992888	-0.119055	0	None	None
ChainingRodShaped	5741	3.33973	0.5	7.75375	37.2581	0	-0.0279297	-0.99961	0	5742	None
ChainingRodShaped	5739	2.52845	0.5	12.0115	24.769	0	-0.774975	0.631992	0	5740	None
ChainingRodShaped	5737	3.09851	0.5	-4.23051	38.767	0	-0.974124	0.226013	0	5738	None
ChainingRodShaped	6299	2.36535	0.5	31.7428	43.8647	0	-0.367493	0.930026	0	None	None
ChainingRodShaped	5733	3.07854	0.5	22.5466	29.0907	0	-0.0185842	0.999827	0	5734	None
ChainingRodShaped	5731	2.66243	0.5	10.5091	44.2953	0	-0.328352	-0.944556	0	5732	None
ChainingRodShaped	5729	2.89958	0.5	-35.9797	43.5703	0	0.587531	-0.809202	0	5730	None
ChainingRodShaped	5855	4.94787	0.5	6.41246	49.5722	0	-0.11104	0.993816	0	None	None
ChainingRodShaped	5725	3.34815	0.5	21.9773	47.1321	0	-0.545653	-0.838011	0	5726	None
ChainingRodShaped	5723	2.8682	0.5	15.5597	36.3767	0	0.446475	0.894796	0	5724	None
ChainingRodShaped	5721	3.06275	0.5	3.39446	37.2414	0	0.40406	-0.914732	0	5722	None
ChainingRodShaped	6377	2.12883	0.5	-27.2697	44.0523	0	0.715058	-0.699065	0	None	None
ChainingRodShaped	6283	2.6854	0.5	13.4714	47.824	0	-0.744034	-0.668142	0	None	None
ChainingRodShaped	5995	4.87757	0.5	-3.83371	46.8566	0	-0.983363	0.181651	0	None	None
ChainingRodShaped	6391	2.04604	0.5	-25.7923	49.9746	0	-0.973927	-0.22686	0	None	None
ChainingRodShaped	6147	3.3899	0.5	-24.1576	18.3928	0	0.761273	-0.648431	0	None	None
ChainingRodShaped	6387	2.05859	0.5	-18.1887	22.0742	0	-0.983268	-0.182167	0	None	None
ChainingRodShaped	5707	2.88224	0.5	-2.67512	25.0906	0	-0.381302	0.924451	0	5708	None
ChainingRodShaped	6329	2.48646	0.5	-17.799	26.8788	0	-0.201006	-0.97959	0	None	None
ChainingRodShaped	6301	2.61095	0.5	-29.6491	37.8509	0	-0.16552	0.986207	0	None	None
ChainingRodShaped	6137	4.37499	0.5	-39.5028	43.0039	0	-0.0241858	-0.999707	0	None	None
ChainingRodShaped	5983	3.9449	0.5	-1.8676	53.8801	0	0.835896	0.548887	0	None	None
ChainingRodShaped	6309	2.48948	0.5	-9.37146	22.1966	0	0.87863	0.477504	0	None	None
ChainingRodShaped	6243	2.78607	0.5	10.9923	33.1954	0	0.516426	0.856332	0	None	None
ChainingRodShaped	6023	4.50985	0.5	-35.5505	45.1545	0	0.6814	-0.731911	0	None	None
ChainingRodShaped	6381	2.14621	0.5	-0.18847	35.3984	0	0.654611	0.755966	0	None	None
ChainingRodShaped	6227	3.56828	0.5	39.2751	38.1502	0	-0.112298	-0.993675	0	None	None
ChainingRodShaped	6225	2.56933	0.5	23.718	24.1916	0	-0.0675896	-0.997713	0	None	None
ChainingRodShaped	6001	4.46799	0.5	10.6208	22.7071	0	0.992182	0.124797	0	None	None
ChainingRodShaped	5683	2.59439	0.5	16.1146	23.3913	0	-0.644878	0.764285	0	5684	None
ChainingRodShaped	5681	3.18703	0.5	-8.87898	30.2825	0	0.932798	0.360399	0	5682	None
ChainingRodShaped	5999	4.3792	0.5	-21.2839	33.9901	0	0.598616	-0.801036	0	None	None
ChainingRodShaped	6297	2.341	0.5	46.6942	45.8765	0	0.148579	-0.988901	0	None	None
ChainingRodShaped	5675	2.59526	0.5	1.34448	34.8502	0	0.128227	0.991745	0	5676	None
ChainingRodShaped	6027	4.52748	0.5	-9.42296	42.1211	0	0.278793	0.960351	0	None	None
ChainingRodShaped	5671	3.30887	0.5	12.3663	32.1572	0	0.102383	0.994745	0	5672	None
ChainingRodShaped	6075	3.81234	0.5	15.6882	45.2613	0	-0.652229	0.758022	0	None	None
ChainingRodShaped	5667	2.985	0.5	-9.04386	19.7439	0	-0.804018	0.594605	0	5668	None
ChainingRodShaped	5665	2.85625	0.5	-29.9091	25.8529	0	-0.250899	-0.968013	0	5666	None
ChainingRodShaped	5663	3.18154	0.5	28.3624	47.7741	0	-0.141222	-0.989978	0	5664	None
ChainingRodShaped	6155	3.43968	0.5	-15.3563	47.4954	0	-0.594526	-0.804077	0	None	None
ChainingRodShaped	5987	4.51934	0.5	3.53182	32.3925	0	0.272128	0.962261	0	None	None
ChainingRodShaped	6071	4.60212	0.5	9.76114	45.2197	0	-0.337082	-0.941475	0	None	None
ChainingRodShaped	5655	3.08155	0.5	-24.4676	43.4372	0	0.350326	-0.936628	0	5656	None
ChainingRodShaped	5656	3.18089	0.5	-25.914	47.3058	0	0.350028	-0.936739	0	None	5655
ChainingRodShaped	6047	3.77093	0.5	8.53235	47.0716	0	-0.150192	-0.988657	0	None	None
ChainingRodShaped	5931	4.85801	0.5	3.28629	25.6968	0	0.527787	0.849377	0	None	None
ChainingRodShaped	6187	3.70382	0.5	-14.1581	53.9255	0	-0.984485	-0.175468	0	None	None
ChainingRodShaped	5664	2.76637	0.5	28.9237	51.7082	0	-0.14124	-0.989975	0	None	5663
ChainingRodShaped	5666	3.1072	0.5	-28.9101	29.7068	0	-0.250936	-0.968004	0	None	5665
ChainingRodShaped	5668	2.99007	0.5	-5.83794	17.373	0	-0.804012	0.594613	0	None	5667
ChainingRodShaped	6061	3.51402	0.5	22.7595	42.2681	0	-0.202554	0.979271	0	None	None
ChainingRodShaped	5672	3.27296	0.5	11.927	27.8889	0	0.102375	0.994746	0	None	5671
ChainingRodShaped	6133	4.68658	0.5	-8.6594	41.2209	0	0.278068	0.960561	0	None	None
ChainingRodShaped	5676	3.32452	0.5	0.836747	30.923	0	0.128215	0.991746	0	None	5675
ChainingRodShaped	5993	4.8665	0.5	38.8184	48.4752	0	0.138089	-0.99042	0	None	None
ChainingRodShaped	6167	3.60449	0.5	-23.7728	38.0792	0	0.665349	-0.746532	0	None	None
ChainingRodShaped	5682	2.74742	0.5	-12.5786	28.8524	0	0.932665	0.360744	0	None	5681
ChainingRodShaped	5684	2.73175	0.5	18.4769	20.5917	0	-0.644878	0.764285	0	None	5683
ChainingRodShaped	6151	3.49933	0.5	12.4744	20.8503	0	0.930909	0.365251	0	None	None
ChainingRodShaped	5909	4.63855	0.5	27.3186	26.4928	0	-0.377146	-0.926154	0	None	None
ChainingRodShaped	6305	2.5086	0.5	39.674	43.611	0	-0.64438	-0.764706	0	None	None
ChainingRodShaped	6125	3.06412	0.5	-1.57464	30.8634	0	0.951529	0.307558	0	None	None
ChainingRodShaped	6289	2.6137	0.5	-33.2868	47.0715	0	-0.283611	-0.958939	0	None	None
ChainingRodShaped	6011	4.41957	0.5	9.56592	27.9002	0	0.689236	0.724537	0	None	None
ChainingRodShaped	6357	2.31408	0.5	-11.2591	22.6074	0	0.964886	0.26267	0	None	None
ChainingRodShaped	5881	4.77351	0.5	-6.98775	50.5249	0	0.573226	0.819397	0	None	None
ChainingRodShaped	6009	3.77911	0.5	-43.407	47.4596	0	-0.13723	-0.990539	0	None	None
ChainingRodShaped	6057	3.73824	0.5	-25.9498	35.6061	0	-0.82302	0.568013	0	None	None
ChainingRodShaped	6263	2.74836	0.5	-19.3906	34.4425	0	0.0103864	-0.999946	0	None	None
ChainingRodShaped	5708	2.72273	0.5	-1.2252	21.5757	0	-0.381377	0.924419	0	None	5707
ChainingRodShaped	6375	2.08751	0.5	-17.3629	23.9163	0	-0.644855	-0.764305	0	None	None
ChainingRodShaped	6157	3.34853	0.5	-22.1109	22.6105	0	-0.3892	-0.921153	0	None	None
ChainingRodShaped	5923	4.27987	0.5	-22.6564	47.3258	0	-0.828742	-0.559631	0	None	None
ChainingRodShaped	6175	3.88968	0.5	-2.43923	45.5284	0	-0.975448	0.220231	0	None	None
ChainingRodShaped	6107	4.26809	0.5	15.363	51.8343	0	-0.999201	0.0399717	0	None	None
ChainingRodShaped	6007	4.84061	0.5	-26.8874	47.0779	0	0.350002	-0.936749	0	None	None
ChainingRodShaped	5722	2.79631	0.5	1.80683	40.8357	0	0.404021	-0.91475	0	None	5721
ChainingRodShaped	5724	2.51632	0.5	13.9113	33.0729	0	0.446474	0.894797	0	None	5723
ChainingRodShaped	5726	2.63608	0.5	24.1557	50.4777	0	-0.545635	-0.838023	0	None	5725
ChainingRodShaped	6045	4.78407	0.5	3.91818	50.1771	0	0.11776	0.993042	0	None	None
ChainingRodShaped	5730	2.99492	0.5	-38.2988	46.7643	0	0.587512	-0.809215	0	None	5729
ChainingRodShaped	5732	2.86967	0.5	11.7457	47.8526	0	-0.328328	-0.944564	0	None	5731
ChainingRodShaped	5734	2.89834	0.5	22.6207	25.103	0	-0.0185842	0.999827	0	None	5733
ChainingRodShaped	6141	4.00019	0.5	34.7401	41.9195	0	-0.568726	0.822527	0	None	None
ChainingRodShaped	5738	3.14221	0.5	-0.216798	37.8358	0	-0.974131	0.225986	0	None	5737
ChainingRodShaped	5740	2.82047	0.5	14.8591	22.4465	0	-0.774905	0.632077	0	None	5739
ChainingRodShaped	5742	3.18444	0.5	7.87279	41.5185	0	-0.0279297	-0.99961	0	None	5741
ChainingRodShaped	6143	4.45311	0.5	-2.51133	17.8334	0	-0.416039	-0.909347	0	None	None
ChainingRodShaped	6173	3.38447	0.5	-26.3419	31.5502	0	0.562631	-0.826708	0	None	None
ChainingRodShaped	6393	2.05366	0.5	31.9651	53.0011	0	-0.333424	0.942777	0	None	None
ChainingRodShaped	6081	4.15927	0.5	26.1949	42.7247	0	0.628961	-0.777437	0	None	None
ChainingRodShaped	5752	3.26524	0.5	-7.28249	22.5362	0	0.487823	0.872942	0	None	5751
ChainingRodShaped	5754	2.83583	0.5	-31.1862	46.7354	0	-0.467402	-0.884045	0	None	5753
ChainingRodShaped	6399	2.01317	0.5	19.0945	39.3871	0	0.560762	-0.827977	0	None	None
ChainingRodShaped	5955	4.48748	0.5	-9.64408	32.992	0	0.839624	-0.543168	0	None	None
ChainingRodShaped	5760	3.07647	0.5	-16.3691	33.7954	0	-0.0347656	-0.999395	0	None	5759
ChainingRodShaped	5762	2.74947	0.5	-35.1603	37.8452	0	-0.682662	0.730734	0	None	5761
ChainingRodShaped	5764	2.94942	0.5	22.3222	32.8814	0	-0.69689	0.717178	0	None	5763
ChainingRodShaped	6159	4.37505	0.5	-4.37327	44.5345	0	-0.666066	0.745893	0	None	None
ChainingRodShaped	5768	3.33448	0.5	7.62542	32.448	0	-0.805433	-0.592686	0	None	5767
ChainingRodShaped	6281	2.82165	0.5	-9.15475	45.2174	0	0.954309	0.298823	0	None	None
ChainingRodShaped	5772	2.56896	0.5	30.0379	38.7524	0	0.400263	-0.9164	0	None	5771
ChainingRodShaped	6169	2.92043	0.5	-22.4957	44.5295	0	0.616489	0.787364	0	None	None
ChainingRodShaped	5776	3.04559	0.5	16.8389	26.9851	0	0.528751	0.848777	0	None	5775
ChainingRodShaped	6097	3.28941	0.5	-27.288	51.9375	0	-0.18812	-0.982146	0	None	None
ChainingRodShaped	6121	3.03241	0.5	-2.41183	15.2218	0	-0.887162	-0.461457	0	None	None
ChainingRodShaped	6361	2.28128	0.5	-12.9359	55.1521	0	-0.984748	-0.173986	0	None	None
ChainingRodShaped	6239	3.476	0.5	23.624	42.9865	0	-0.201664	0.979455	0	None	None
ChainingRodShaped	6197	3.31271	0.5	-7.267	27.1627	0	0.0565919	0.998397	0	None	None
ChainingRodShaped	6367	2.14487	0.5	-32.4738	34.9607	0	-0.0553187	-0.998469	0	None	None
ChainingRodShaped	6341	2.31168	0.5	-16.2055	18.627	0	0.898015	-0.439965	0	None	None
ChainingRodShaped	6223	2.57559	0.5	-17.3477	33.9742	0	-0.0427946	-0.999084	0	None	None
ChainingRodShaped	6177	3.05848	0.5	-4.26556	36.26	0	0.824648	0.565647	0	None	None
ChainingRodShaped	6253	2.65621	0.5	7.81782	48.971	0	-0.149053	-0.988829	0	None	None
ChainingRodShaped	6315	2.69658	0.5	-3.23339	51.5529	0	0.744563	0.667552	0	None	None
ChainingRodShaped	6201	3.7205	0.5	-22.7213	48.4739	0	-0.830113	-0.557596	0	None	None
ChainingRodShaped	6271	2.69543	0.5	-11.7994	48.9156	0	0.612882	0.790175	0	None	None
ChainingRodShaped	6135	3.94374	0.5	18.2341	38.0354	0	0.931547	-0.363621	0	None	None
ChainingRodShaped	6131	3.63552	0.5	-22.9102	19.2262	0	0.537068	-0.843539	0	None	None
ChainingRodShaped	6165	3.4425	0.5	19.3981	52.2041	0	-0.916936	0.399034	0	None	None
ChainingRodShaped	6053	3.5116	0.5	35.8557	48.2603	0	-0.39246	0.919769	0	None	None
ChainingRodShaped	6103	4.26448	0.5	-33.8501	51.281	0	0.215649	-0.976471	0	None	None
ChainingRodShaped	6359	2.1588	0.5	20.9182	42.0407	0	-0.564334	0.825546	0	None	None
ChainingRodShaped	6257	2.91666	0.5	44.3388	50.9749	0	0.745181	-0.666862	0	None	None
ChainingRodShaped	6123	4.18562	0.5	7.09338	15.7741	0	0.953636	0.300962	0	None	None
ChainingRodShaped	5957	4.09579	0.5	1.55004	46.4997	0	0.0772321	0.997013	0	None	None
ChainingRodShaped	6163	3.00013	0.5	30.058	27.9549	0	-0.421004	-0.907059	0	None	None
ChainingRodShaped	6331	2.34027	0.5	-26.9529	42.433	0	0.85017	-0.526508	0	None	None
ChainingRodShaped	6183	3.94192	0.5	26.0499	26.2606	0	-0.326482	-0.945203	0	None	None
ChainingRodShaped	6267	2.54097	0.5	-31.8545	47.5888	0	-0.462165	-0.886794	0	None	None
ChainingRodShaped	6347	2.14947	0.5	39.5435	45.0069	0	-0.66068	-0.750668	0	None	None
ChainingRodShaped	6259	3.25384	0.5	-16.5376	51.0874	0	0.0765291	0.997067	0	None	None
ChainingRodShaped	6245	3.38923	0.5	-11.7361	19.0514	0	0.992919	0.118795	0	None	None
ChainingRodShaped	6379	2.22799	0.5	-6.77901	45.9005	0	-0.342551	0.939499	0	None	None
ChainingRodShaped	6401	2.0048	0.5	37.4495	49.1543	0	0.398968	-0.916965	0	None	None
ChainingRodShaped	6287	2.5218	0.5	-1.91591	31.8016	0	0.951115	0.308836	0	None	None
ChainingRodShaped	6373	2.25377	0.5	-42.4874	46.8054	0	-0.136431	-0.99065	0	None	None
ChainingRodShaped	6171	4.13278	0.5	-20.2046	45.9358	0	0.586524	0.809932	0	None	None
ChainingRodShaped	6235	3.51401	0.5	-21.564	32.7314	0	-0.599214	0.800589	0	None	None
ChainingRodShaped	5937	4.39233	0.5	-22.4229	25.9709	0	-0.121906	-0.992542	0	None	None
ChainingRodShaped	6293	2.84721	0.5	0.664969	47.9003	0	-0.0798223	-0.996809	0	None	None
ChainingRodShaped	6321	2.40202	0.5	8.1832	27.9927	0	0.728804	0.684722	0	None	None
ChainingRodShaped	6313	2.54214	0.5	-24.3411	37.2391	0	0.668261	-0.743927	0	None	None
ChainingRodShaped	6205	3.49748	0.5	5.01891	51.0269	0	0.117834	0.993033	0	None	None
ChainingRodShaped	6395	2.03654	0.5	-16.4523	26.4747	0	-0.581594	-0.813479	0	None	None
ChainingRodShaped	6015	4.21184	0.5	8.36498	23.7761	0	0.713982	0.700164	0	None	None
ChainingRodShaped	6035	3.95331	0.5	-45.0954	50.8665	0	-0.0121637	-0.999926	0	None	None
ChainingRodShaped	6213	3.44951	0.5	-17.8098	36.6128	0	-0.360497	-0.93276	0	None	None
ChainingRodShaped	6369	2.15734	0.5	5.06622	29.2313	0	0.848153	0.529751	0	None	None
ChainingRodShaped	6371	2.23126	0.5	11.4758	21.6004	0	0.951341	0.308141	0	None	None
ChainingRodShaped	6095	3.65195	0.5	16.9096	48.1695	0	-0.740145	-0.672448	0	None	None
ChainingRodShaped	6249	2.88339	0.5	15.2105	42.711	0	0.75644	-0.654063	0	None	None
ChainingRodShaped	6233	2.95409	0.5	38.3907	40.6086	0	-0.949453	-0.313911	0	None	None
ChainingRodShaped	6065	4.39337	0.5	-1.22214	49.5624	0	-0.391448	-0.9202	0	None	None
ChainingRodShaped	6059	4.0705	0.5	-35.7718	48.3169	0	0.679066	-0.734077	0	None	None
ChainingRodShaped	6337	2.47906	0.5	-10.9549	42.8657	0	0.611389	0.79133	0	None	None
ChainingRodShaped	6349	2.14459	0.5	-7.39898	51.6672	0	0.573797	0.818997	0	None	None
ChainingRodShaped	6021	4.7413	0.5	-11.7255	36.2723	0	-0.975199	0.221331	0	None	None
ChainingRodShaped	6063	4.05279	0.5	28.324	42.3435	0	0.144897	-0.989447	0	None	None
ChainingRodShaped	6129	3.81844	0.5	10.2157	49.617	0	-0.301556	-0.953448	0	None	None
ChainingRodShaped	6067	4.37669	0.5	25.405	46.6551	0	0.271931	-0.962317	0	None	None
ChainingRodShaped	6385	2.14705	0.5	7.14481	51.9933	0	0.105624	-0.994406	0	None	None
ChainingRodShaped	6115	4.91071	0.5	20.4341	40.9696	0	-0.559062	0.829126	0	None	None
ChainingRodShaped	6353	2.21921	0.5	-8.23256	53.8041	0	-0.922348	-0.386361	0	None	None
ChainingRodShaped	5898	4.30234	0.5	-20.3045	19.3737	0	0.925373	-0.379059	0	None	None
ChainingRodShaped	6105	3.3294	0.5	-25.8957	33.5475	0	-0.513714	0.857961	0	None	None
ChainingRodShaped	6139	4.29873	0.5	31.956	49.7681	0	-0.295009	0.955494	0	None	None
ChainingRodShaped	6093	3.27695	0.5	-30.0731	35.4388	0	0.838246	-0.545292	0	None	None
ChainingRodShaped	6085	3.36162	0.5	8.10015	17.479	0	0.876308	0.481752	0	None	None
ChainingRodShaped	6193	4.03289	0.5	2.65048	20.3704	0	-0.796753	-0.604305	0	None	None
ChainingRodShaped	5910	4.81227	0.5	30.2108	30.6661	0	-0.428282	-0.903645	0	None	None
ChainingRodShaped	6089	3.31646	0.5	-32.9914	38.1739	0	-0.166481	-0.986045	0	None	None
ChainingRodShaped	6109	3.83804	0.5	-35.5919	55.0035	0	0.917645	-0.397402	0	None	None
ChainingRodShaped	6145	2.93038	0.5	-23.4394	49.1899	0	-0.830273	-0.557356	0	None	None
ChainingRodShaped	6111	3.17964	0.5	-26.7489	41.1501	0	0.849958	-0.52685	0	None	None
ChainingRodShaped	5920	4.33324	0.5	-21.824	37.8533	0	-0.216035	0.976386	0	None	None
ChainingRodShaped	6303	2.72484	0.5	37.2987	38.2685	0	-0.636729	0.771087	0	None	None
ChainingRodShaped	6181	3.27224	0.5	-22.5932	46.1792	0	-0.827526	-0.561428	0	None	None
ChainingRodShaped	6269	2.70327	0.5	40.6823	53.5815	0	0.999994	0.00346884	0	None	None
ChainingRodShaped	6325	2.47871	0.5	-14.9092	42.5103	0	-0.0404787	0.99918	0	None	None
ChainingRodShaped	6339	2.4617	0.5	-5.57819	29.9781	0	0.979905	0.199467	0	None	None
ChainingRodShaped	5932	4.42571	0.5	1.96983	22.3549	0	0.79496	0.606662	0	None	None
ChainingRodShaped	6117	4.08854	0.5	-21.622	41.5079	0	-0.20626	0.978497	0	None	None
ChainingRodShaped	5936	4.85415	0.5	1.84995	18.2399	0	-0.99407	-0.10874	0	None	None
ChainingRodShaped	6127	4.59286	0.5	-20.4824	26.8255	0	0.407719	-0.913107	0	None	None
ChainingRodShaped	6277	2.66309	0.5	-26.8814	24.1585	0	-0.641772	-0.766896	0	None	None
ChainingRodShaped	6195	3.10994	0.5	-13.4814	48.357	0	0.602537	0.798091	0	None	None
ChainingRodShaped	6185	3.59016	0.5	-1.89919	42.6393	0	-0.0871052	0.996199	0	None	None
ChainingRodShaped	5946	4.00646	0.5	14.2381	41.3676	0	0.954562	-0.298012	0	None	None
ChainingRodShaped	6207	3.29369	0.5	-41.3877	47.4165	0	-0.136503	-0.99064	0	None	None
ChainingRodShaped	6255	2.71161	0.5	43.3892	48.7404	0	0.437187	-0.899371	0	None	None
ChainingRodShaped	6335	2.45609	0.5	29.0943	30.6703	0	-0.437608	-0.899166	0	None	None
ChainingRodShaped	6273	2.40354	0.5	40.5137	48.1708	0	-0.389374	-0.92108	0	None	None
ChainingRodShaped	6149	3.94157	0.5	-11.5443	32.848	0	0.711637	-0.702548	0	None	None
ChainingRodShaped	5958	4.0313	0.5	0.334269	43.4341	0	0.0663658	0.997795	0	None	None
ChainingRodShaped	6217	2.86668	0.5	25.1882	27.0325	0	-0.280525	-0.959847	0	None	None
ChainingRodShaped	6179	3.76116	0.5	-5.30023	48.1315	0	0.983117	-0.182978	0	None	None
ChainingRodShaped	6317	2.30331	0.5	33.0969	31.4464	0	-0.457455	-0.889233	0	None	None
ChainingRodShaped	6153	3.67474	0.5	-13.8642	51.4634	0	-0.430343	-0.902666	0	None	None
ChainingRodShaped	6247	2.72777	0.5	0.615285	51.1796	0	-0.437063	-0.899431	0	None	None
ChainingRodShaped	6161	3.26149	0.5	-30.1134	32.951	0	0.884128	-0.467246	0	None	None
ChainingRodShaped	6199	3.71657	0.5	-8.22444	35.0255	0	0.938086	0.346401	0	None	None
ChainingRodShaped	5974	4.3364	0.5	-14.887	25.2266	0	-0.617219	-0.786791	0	None	None
ChainingRodShaped	6231	2.57291	0.5	2.64658	50.6113	0	-0.363624	-0.931546	0	None	None
ChainingRodShaped	6251	2.74475	0.5	-28.0877	39.2687	0	0.871908	-0.48967	0	None	None
ChainingRodShaped	5980	4.31173	0.5	-18.4199	31.8726	0	-0.0291584	-0.999575	0	None	None
ChainingRodShaped	6211	3.1793	0.5	9.68377	30.4444	0	0.865659	0.500635	0	None	None
ChainingRodShaped	6261	2.71214	0.5	-3.79457	53.9262	0	0.707816	0.706397	0	None	None
ChainingRodShaped	6343	2.39551	0.5	-20.9241	30.0288	0	-0.509223	0.860635	0	None	None
ChainingRodShaped	6363	2.17918	0.5	1.66971	29.303	0	0.238423	0.971161	0	None	None
ChainingRodShaped	6189	2.94274	0.5	-18.3414	39.3435	0	-0.021855	-0.999761	0	None	None
ChainingRodShaped	6241	3.08715	0.5	33.6894	40.9465	0	-0.323591	0.946197	0	None	None
ChainingRodShaped	6209	3.39449	0.5	39.4852	50.987	0	0.262425	-0.964952	0	None	None
ChainingRodShaped	6327	2.60109	0.5	-2.53378	49.7668	0	-0.169695	-0.985497	0	None	None
ChainingRodShaped	6279	2.99213	0.5	4.37404	46.2533	0	0.168725	0.985663	0	None	None
ChainingRodShaped	6265	3.06579	0.5	-24.4761	35.7836	0	0.823402	-0.567458	0	None	None
ChainingRodShaped	6002	4.54615	0.5	7.06182	20.5863	0	0.911603	0.411071	0	None	None
ChainingRodShaped	6004	4.09179	0.5	-30.2662	52.3297	0	-0.530512	-0.847678	0	None	None
ChainingRodShaped	6006	4.4274	0.5	42.6434	42.5193	0	-0.916331	-0.400421	0	None	None
ChainingRodShaped	6355	2.17418	0.5	-28.5982	50.3745	0	-0.127527	-0.991835	0	None	None
ChainingRodShaped	6010	4.46271	0.5	-44.084	51.8248	0	-0.0123359	-0.999924	0	None	None
ChainingRodShaped	6237	2.73633	0.5	9.25116	26.1122	0	0.686276	0.727341	0	None	None
ChainingRodShaped	6014	4.19775	0.5	34.7596	53.6543	0	0.099581	-0.995029	0	None	None
ChainingRodShaped	6219	2.80074	0.5	6.28665	23.1302	0	0.71319	0.700971	0	None	None
ChainingRodShaped	6215	3.60621	0.5	5.43928	18.2065	0	0.757403	0.652947	0	None	None
ChainingRodShaped	6221	3.35683	0.5	43.1007	45.0179	0	-0.419593	-0.907712	0	None	None
ChainingRodShaped	6022	4.05005	0.5	-7.69171	36.7246	0	-0.998743	0.0501293	0	None	None
ChainingRodShaped	6024	4.40202	0.5	-37.0197	48.1993	0	0.680051	-0.733165	0	None	None
ChainingRodShaped	6229	2.72273	0.5	-12.7208	38.8502	0	0.472486	0.881338	0	None	None
ChainingRodShaped	6028	4.67548	0.5	-11.2116	39.5635	0	0.290563	0.956856	0	None	None
ChainingRodShaped	6030	4.08663	0.5	29.1985	36.5534	0	-0.6429	0.76595	0	None	None
ChainingRodShaped	6032	3.71711	0.5	-17.1816	43.3778	0	0.274604	0.961557	0	None	None
ChainingRodShaped	6034	4.59711	0.5	-36.7357	52.8046	0	0.798639	-0.60181	0	None	None
ChainingRodShaped	6295	2.46843	0.5	-46.0681	53.1408	0	-0.0137902	-0.999905	0	None	None
ChainingRodShaped	6038	4.18305	0.5	14.4785	44.6639	0	0.756784	-0.653666	0	None	None
ChainingRodShaped	6333	2.32024	0.5	-10.9089	48.4585	0	0.610815	0.791773	0	None	None
ChainingRodShaped	6383	2.10327	0.5	1.94348	25.424	0	0.530531	0.847666	0	None	None
ChainingRodShaped	6044	4.93898	0.5	-13.5389	41.3334	0	0.650404	0.759588	0	None	None
ChainingRodShaped	6311	2.36931	0.5	2.61462	47.389	0	0.0766035	0.997062	0	None	None
ChainingRodShaped	6048	4.55648	0.5	9.19892	52.1125	0	0.0185686	-0.999828	0	None	None
ChainingRodShaped	6050	4.35013	0.5	-4.25144	41.6761	0	-0.332099	0.943245	0	None	None
ChainingRodShaped	6285	2.85712	0.5	-6.94308	43.3849	0	-0.323957	0.946072	0	None	None
ChainingRodShaped	6054	4.2849	0.5	37.7142	45.1909	0	-0.114276	0.993449	0	None	None
ChainingRodShaped	6291	2.88453	0.5	13.9095	50.0264	0	-0.994903	0.100835	0	None	None
ChainingRodShaped	6058	4.97605	0.5	-23.6706	31.2132	0	-0.332914	0.942957	0	None	None
ChainingRodShaped	6319	2.42459	0.5	-37.105	51.1579	0	0.713467	-0.700689	0	None	None
ChainingRodShaped	6062	3.93042	0.5	25.4693	38.8274	0	-0.655227	0.755432	0	None	None
ChainingRodShaped	6365	2.12959	0.5	27.02	44.2842	0	0.0542063	-0.99853	0	None	None
ChainingRodShaped	6066	3.54597	0.5	0.743931	54.1094	0	-0.348616	-0.937266	0	None	None
ChainingRodShaped	6323	2.6083	0.5	26.0836	48.6466	0	0.121061	-0.992645	0	None	None
ChainingRodShaped	6307	2.64365	0.5	-14.13	21.0517	0	0.956009	0.293337	0	None	None
ChainingRodShaped	6072	4.3824	0.5	11.5115	50.4182	0	-0.300438	-0.953801	0	None	None
ChainingRodShaped	6351	2.30786	0.5	5.28841	54.7436	0	0.55276	-0.833341	0	None	None
ChainingRodShaped	6076	3.6051	0.5	19.639	44.0086	0	-0.993189	0.116516	0	None	None
ChainingRodShaped	6078	4.05187	0.5	-0.102804	15.2961	0	-0.888436	-0.459001	0	None	None
ChainingRodShaped	6080	4.68351	0.5	-43.0494	52.6611	0	0.00516082	-0.999987	0	None	None
ChainingRodShaped	6082	3.36774	0.5	24.0369	46.73	0	0.0952234	-0.995456	0	None	None
ChainingRodShaped	6084	4.43291	0.5	35.098	47.4954	0	-0.393296	0.919412	0	None	None
ChainingRodShaped	6086	4.89855	0.5	3.7523	15.2202	0	0.712329	0.701846	0	None	None
ChainingRodShaped	6088	3.74452	0.5	-4.91105	32.752	0	0.869979	0.493089	0	None	None
ChainingRodShaped	6345	2.3682	0.5	-33.324	40.616	0	-0.674888	-0.73792	0	None	None
ChainingRodShaped	6092	4.40812	0.5	25.7822	36.9482	0	-0.654107	0.756402	0	None	None
ChainingRodShaped	6389	2.0678	0.5	-30.6641	37.909	0	0.168103	-0.985769	0	None	None
ChainingRodShaped	6096	4.14212	0.5	20.2002	48.621	0	-0.955969	-0.293468	0	None	None
ChainingRodShaped	6098	3.40108	0.5	-27.2944	55.1792	0	0.74123	-0.671251	0	None	None
ChainingRodShaped	6397	2.04167	0.5	19.9715	39.8739	0	0.560797	-0.827953	0	None	None
ChainingRodShaped	6102	4.44502	0.5	-28.6201	47.3723	0	0.563417	-0.826173	0	None	None
ChainingRodShaped	6104	4.12446	0.5	-36.8832	54.1651	0	0.798893	-0.601474	0	None	None
ChainingRodShaped	6106	4.33318	0.5	-23.9932	29.153	0	-0.331606	0.943418	0	None	None
ChainingRodShaped	6108	3.52103	0.5	20.0764	50.8201	0	-0.916737	0.399492	0	None	None
ChainingRodShaped	6110	4.73401	0.5	-38.2802	58.3156	0	0.67314	-0.739515	0	None	None
ChainingRodShaped	6112	3.6585	0.5	-29.3336	42.3714	0	0.394018	-0.919103	0	None	None
ChainingRodShaped	6114	4.66579	0.5	-15.4527	31.7326	0	-0.0328561	-0.99946	0	None	None
ChainingRodShaped	6116	3.85287	0.5	23.7775	36.9452	0	-0.83404	0.551704	0	None	None
ChainingRodShaped	6118	4.67588	0.5	-20.3556	36.7932	0	0.0213146	0.999773	0	None	None
ChainingRodShaped	6120	3.59582	0.5	-19.7789	42.7216	0	-0.14684	0.98916	0	None	None
ChainingRodShaped	6122	3.94548	0.5	0.646634	17.1093	0	-0.994134	-0.108151	0	None	None
ChainingRodShaped	6124	4.85141	0.5	4.29598	13.4916	0	0.90227	0.431172	0	None	None
ChainingRodShaped	6126	4.01797	0.5	-4.33254	28.8251	0	0.93608	0.351786	0	None	None
ChainingRodShaped	6128	4.59366	0.5	-22.8409	31.8222	0	0.331901	-0.943314	0	None	None
ChainingRodShaped	6130	3.29909	0.5	10.353	53.8696	0	-0.0980162	-0.995185	0	None	None
ChainingRodShaped	6132	4.42408	0.5	-23.676	23.9414	0	-0.12118	-0.992631	0	None	None
ChainingRodShaped	6134	3.17155	0.5	-9.25768	37.9658	0	0.966571	0.2564	0	None	None
ChainingRodShaped	6136	3.929	0.5	15.5486	39.8202	0	0.996667	-0.0815751	0	None	None
ChainingRodShaped	6138	4.54914	0.5	-40.3509	46.5988	0	-0.121512	-0.99259	0	None	None
ChainingRodShaped	6140	4.21776	0.5	34.4396	46.2846	0	-0.448388	0.893839	0	None	None
ChainingRodShaped	6142	4.1952	0.5	36.1546	37.6979	0	-0.463031	0.886342	0	None	None
ChainingRodShaped	6144	4.16336	0.5	0.733699	20.1625	0	-0.796129	-0.605127	0	None	None
ChainingRodShaped	6146	3.09069	0.5	-20.0248	51.3076	0	-0.848046	-0.529922	0	None	None
ChainingRodShaped	6148	4.46853	0.5	-24.9897	22.5227	0	0.0602691	-0.998182	0	None	None
ChainingRodShaped	6150	3.5348	0.5	-14.0226	33.9746	0	0.647887	-0.761737	0	None	None
ChainingRodShaped	6152	4.31059	0.5	8.11389	18.6547	0	0.869438	0.494043	0	None	None
ChainingRodShaped	6154	3.49665	0.5	-11.0147	51.9864	0	-0.973107	-0.230353	0	None	None
ChainingRodShaped	6156	3.404	0.5	-15.5939	50.3826	0	-0.0733801	-0.997304	0	None	None
ChainingRodShaped	6158	3.69112	0.5	-20.6246	24.7162	0	0.406625	-0.913595	0	None	None
ChainingRodShaped	6160	2.95869	0.5	-2.73178	40.6341	0	-0.392311	0.919833	0	None	None
ChainingRodShaped	6162	3.80861	0.5	-33.0121	33.0199	0	0.824522	-0.56583	0	None	None
ChainingRodShaped	6164	3.55495	0.5	32.0189	31.7438	0	-0.515003	-0.857188	0	None	None
ChainingRodShaped	6166	3.11475	0.5	23.2509	51.869	0	-0.875306	-0.483569	0	None	None
ChainingRodShaped	6168	4.08021	0.5	-24.9651	41.982	0	0.352669	-0.935748	0	None	None
ChainingRodShaped	6170	3.43768	0.5	-23.1265	40.8524	0	0.16338	0.986563	0	None	None
ChainingRodShaped	6172	3.29666	0.5	-20.6673	41.7399	0	-0.201191	0.979552	0	None	None
ChainingRodShaped	6174	3.80191	0.5	-29.8743	34.1324	0	0.839969	-0.542634	0	None	None
ChainingRodShaped	6176	2.94191	0.5	-0.408553	47.5677	0	-0.0296752	-0.99956	0	None	None
ChainingRodShaped	6178	3.10827	0.5	-7.42565	34.0966	0	0.968371	0.249516	0	None	None
ChainingRodShaped	6180	3.71183	0.5	-9.54644	47.159	0	0.953951	0.299963	0	None	None
ChainingRodShaped	6182	3.77709	0.5	-19.0261	48.9228	0	-0.725833	-0.687871	0	None	None
ChainingRodShaped	6184	3.17482	0.5	27.8228	30.4297	0	-0.365011	-0.931003	0	None	None
ChainingRodShaped	6186	2.81706	0.5	-0.69739	40.3456	0	-0.0898939	0.995951	0	None	None
ChainingRodShaped	6188	3.39373	0.5	-10.7164	53.6319	0	-0.849002	-0.52839	0	None	None
ChainingRodShaped	6190	3.0614	0.5	-18.2438	43.2143	0	-0.269809	-0.962914	0	None	None
ChainingRodShaped	6192	2.84993	0.5	-6.00471	33.3107	0	0.880691	0.47369	0	None	None
ChainingRodShaped	6194	2.96884	0.5	4.36986	22.9148	0	-0.801316	-0.598242	0	None	None
ChainingRodShaped	6196	3.35667	0.5	-15.6086	44.7618	0	0.363056	0.931767	0	None	None
ChainingRodShaped	6198	3.47829	0.5	-8.78144	25.0512	0	0.280881	0.959743	0	None	None
ChainingRodShaped	6200	3.72828	0.5	-12.5243	35.4479	0	0.975065	-0.221921	0	None	None
ChainingRodShaped	6202	3.89923	0.5	-18.8145	50.5993	0	-0.696696	-0.717367	0	None	None
ChainingRodShaped	6204	3.03106	0.5	-11.7786	50.793	0	0.973053	0.230584	0	None	None
ChainingRodShaped	6206	3.64947	0.5	5.726	46.786	0	-0.110232	0.993906	0	None	None
ChainingRodShaped	6208	3.56769	0.5	-41.0212	51.4641	0	0.308181	-0.951328	0	None	None
ChainingRodShaped	6210	3.74272	0.5	36.943	53.21	0	0.681709	-0.731624	0	None	None
ChainingRodShaped	6212	3.35668	0.5	6.3867	27.8113	0	0.768796	0.639494	0	None	None
ChainingRodShaped	6214	3.20157	0.5	-16.9218	40.7198	0	-0.276319	-0.961066	0	None	None
ChainingRodShaped	6216	2.85149	0.5	2.32032	15.4212	0	0.632864	0.774263	0	None	None
ChainingRodShaped	6218	3.75875	0.5	26.9355	30.9027	0	-0.364467	-0.931216	0	None	None
ChainingRodShaped	6220	2.98218	0.5	4.14587	20.2569	0	0.798143	0.602468	0	None	None
ChainingRodShaped	6222	3.6238	0.5	44.9413	47.2376	0	-0.174099	-0.984728	0	None	None
ChainingRodShaped	6224	2.8497	0.5	-16.0863	37.3278	0	-0.587293	-0.809375	0	None	None
ChainingRodShaped	6226	2.82475	0.5	24.2303	27.808	0	-0.319868	-0.947462	0	None	None
ChainingRodShaped	6228	3.08305	0.5	41.7011	40.653	0	-0.806907	-0.590679	0	None	None
ChainingRodShaped	6230	2.86138	0.5	-14.8989	37.2873	0	0.586887	0.809669	0	None	None
ChainingRodShaped	6232	3.40872	0.5	3.31467	54.4957	0	-0.0576284	-0.998338	0	None	None
ChainingRodShaped	6234	3.35505	0.5	40.7475	43.3422	0	-0.643662	-0.76531	0	None	None
ChainingRodShaped	6236	3.25354	0.5	-19.274	29.0653	0	-0.377967	0.925819	0	None	None
ChainingRodShaped	6238	3.12379	0.5	5.80016	24.8701	0	0.975653	0.219318	0	None	None
ChainingRodShaped	6240	3.26374	0.5	25.9758	39.8381	0	-0.630549	0.77615	0	None	None
ChainingRodShaped	6242	2.54146	0.5	35.1621	37.4411	0	-0.463278	0.886213	0	None	None
ChainingRodShaped	6244	2.65276	0.5	8.27464	30.829	0	0.828574	0.55988	0	None	None
ChainingRodShaped	6246	2.80126	0.5	-15.6724	19.6581	0	0.947331	-0.320257	0	None	None
ChainingRodShaped	6248	2.68756	0.5	2.10498	54.5056	0	-0.214047	-0.976823	0	None	None
ChainingRodShaped	6250	2.97038	0.5	12.6027	44.4232	0	0.456821	-0.889558	0	None	None
ChainingRodShaped	6252	3.2349	0.5	-30.518	41.6535	0	0.162315	-0.986739	0	None	None
ChainingRodShaped	6254	3.42154	0.5	8.18654	52.9675	0	0.020702	-0.999786	0	None	None
ChainingRodShaped	6256	2.83577	0.5	42.0777	51.2785	0	-0.224338	-0.974511	0	None	None
ChainingRodShaped	6258	2.61597	0.5	43.1302	53.7698	0	0.585993	-0.810316	0	None	None
ChainingRodShaped	6260	2.99013	0.5	-17.1161	47.0536	0	0.290259	0.956948	0	None	None
ChainingRodShaped	6262	2.56889	0.5	-5.10919	51.1791	0	0.682612	0.730781	0	None	None
ChainingRodShaped	6264	3.19279	0.5	-19.3406	38.391	0	-0.0175327	-0.999846	0	None	None
ChainingRodShaped	6266	2.63111	0.5	-27.3025	37.641	0	0.999503	-0.0315168	0	None	None
ChainingRodShaped	6268	3.06652	0.5	-29.9904	50.8919	0	-0.53116	-0.847271	0	None	None
ChainingRodShaped	6270	2.40906	0.5	37.4891	54.1879	0	0.72142	-0.692498	0	None	None
ChainingRodShaped	6272	2.7866	0.5	-13.904	45.862	0	0.489854	0.871805	0	None	None
ChainingRodShaped	6274	2.38469	0.5	41.0393	51.4056	0	-0.258388	-0.966041	0	None	None
ChainingRodShaped	6276	2.81635	0.5	25.7418	41.703	0	0.629986	-0.776606	0	None	None
ChainingRodShaped	6278	2.44251	0.5	-25.3733	26.4074	0	-0.960805	-0.277225	0	None	None
ChainingRodShaped	6280	2.47451	0.5	2.92592	42.96	0	0.374956	0.927043	0	None	None
ChainingRodShaped	6282	2.78474	0.5	-12.7055	43.9213	0	0.901492	0.432796	0	None	None
ChainingRodShaped	6284	2.92685	0.5	15.9341	48.6667	0	-0.752667	-0.658402	0	None	None
ChainingRodShaped	6286	2.75557	0.5	-6.23131	40.9267	0	-0.959905	0.280324	0	None	None
ChainingRodShaped	6288	2.41557	0.5	-5.25108	31.1925	0	0.952668	0.304012	0	None	None
ChainingRodShaped	6290	2.32998	0.5	-34.7408	49.4528	0	0.447669	-0.894199	0	None	None
ChainingRodShaped	6292	2.81801	0.5	17.0666	50.6303	0	-0.990464	0.137772	0	None	None
ChainingRodShaped	6294	2.33741	0.5	1.80851	51.2011	0	-0.365084	-0.930975	0	None	None
ChainingRodShaped	6296	2.3255	0.5	-46.0773	56.5348	0	-0.00860239	-0.999963	0	None	None
ChainingRodShaped	6298	2.31376	0.5	46.2779	49.0718	0	-0.168313	-0.985734	0	None	None
ChainingRodShaped	6300	2.47725	0.5	32.7487	40.6111	0	-0.323966	0.946069	0	None	None
ChainingRodShaped	6302	2.7083	0.5	-27.9069	35.1746	0	-0.403908	0.914799	0	None	None
ChainingRodShaped	6304	2.39488	0.5	38.5469	35.1428	0	-0.420478	0.907303	0	None	None
ChainingRodShaped	6306	2.71879	0.5	42.0486	46.3247	0	-0.680557	-0.732695	0	None	None
ChainingRodShaped	6308	2.61371	0.5	-17.5523	21.0556	0	0.995848	0.0910355	0	None	None
ChainingRodShaped	6310	2.59604	0.5	-12.4839	20.5136	0	0.880349	0.474327	0	None	None
ChainingRodShaped	6312	2.49977	0.5	2.30988	44.0896	0	0.378251	0.925703	0	None	None
ChainingRodShaped	6314	2.40902	0.5	-26.7286	39.7456	0	0.751763	-0.659434	0	None	None
ChainingRodShaped	6316	2.40489	0.5	-4.79168	49.3579	0	0.996422	0.084517	0	None	None
ChainingRodShaped	6318	2.6342	0.5	34.1401	34.7202	0	-0.167159	-0.98593	0	None	None
ChainingRodShaped	6320	2.32483	0.5	-39.3989	53.6228	0	0.640754	-0.767746	0	None	None
ChainingRodShaped	6322	2.30776	0.5	5.92893	25.9157	0	0.974991	0.222245	0	None	None
ChainingRodShaped	6324	2.63473	0.5	25.8201	52.2435	0	0.121599	-0.992579	0	None	None
ChainingRodShaped	6326	2.46518	0.5	-16.0661	39.8844	0	0.208527	0.978017	0	None	None
ChainingRodShaped	6328	2.23147	0.5	-0.991608	52.5704	0	-0.426892	-0.904302	0	None	None
ChainingRodShaped	6330	2.6191	0.5	-17.476	30.3916	0	-0.0336346	-0.999434	0	None	None
ChainingRodShaped	6332	2.21942	0.5	-29.2786	44.6692	0	0.687714	-0.725982	0	None	None
ChainingRodShaped	6334	2.33404	0.5	-12.8454	45.7146	0	0.477742	0.8785	0	None	None
ChainingRodShaped	6336	2.23436	0.5	30.1146	33.4019	0	-0.774847	-0.632149	0	None	None
ChainingRodShaped	6338	2.3102	0.5	-13.1441	40.2927	0	0.648622	0.761111	0	None	None
ChainingRodShaped	6340	2.30094	0.5	-8.84849	29.227	0	0.932736	0.36056	0	None	None
ChainingRodShaped	6342	2.18775	0.5	-19.1535	19.9817	0	0.925327	-0.37917	0	None	None
ChainingRodShaped	6344	2.34312	0.5	-19.4828	27.0036	0	-0.407516	0.913198	0	None	None
ChainingRodShaped	6346	2.25015	0.5	-31.7979	43.4593	0	-0.476733	-0.879048	0	None	None
ChainingRodShaped	6348	2.39031	0.5	41.6805	47.4752	0	-0.64571	-0.763583	0	None	None
ChainingRodShaped	6350	2.32022	0.5	-9.25018	49.0238	0	0.575355	0.817904	0	None	None
ChainingRodShaped	6352	2.30876	0.5	3.51321	57.4144	0	0.764998	-0.644033	0	None	None
ChainingRodShaped	6354	2.14221	0.5	-5.30528	54.3413	0	-0.904715	-0.426018	0	None	None
ChainingRodShaped	6356	2.22388	0.5	-28.192	53.5242	0	-0.0136686	-0.999907	0	None	None
ChainingRodShaped	6358	2.22883	0.5	-14.3757	22.117	0	0.928017	0.372538	0	None	None
ChainingRodShaped	6360	2.31915	0.5	22.7232	39.3589	0	-0.561432	0.827523	0	None	None
ChainingRodShaped	6362	2.17026	0.5	-9.83741	55.3874	0	-0.946669	-0.322207	0	None	None
ChainingRodShaped	6364	2.22827	0.5	0.467654	26.4479	0	0.208757	0.977968	0	None	None
ChainingRodShaped	6366	2.22419	0.5	27.2472	47.434	0	-0.0887935	-0.99605	0	None	None
ChainingRodShaped	6368	2.11801	0.5	-32.0086	38.0365	0	-0.165248	-0.986252	0	None	None
ChainingRodShaped	6370	2.10598	0.5	2.52318	27.4531	0	0.881978	0.47129	0	None	None
ChainingRodShaped	6372	2.10635	0.5	8.66946	20.2171	0	0.911341	0.411653	0	None	None
ChainingRodShaped	6374	2.19598	0.5	-42.069	49.9974	0	-0.110004	-0.993931	0	None	None
ChainingRodShaped	6376	2.22129	0.5	-15.3402	26.3241	0	-0.58469	-0.811257	0	None	None
ChainingRodShaped	6378	2.09105	0.5	-29.2398	46.4086	0	0.509606	-0.860408	0	None	None
ChainingRodShaped	6380	2.07983	0.5	-5.74223	42.9336	0	-0.32504	0.9457	0	None	None
ChainingRodShaped	6382	2.09065	0.5	-2.36244	33.1726	0	0.729516	0.683963	0	None	None
ChainingRodShaped	6384	2.14264	0.5	0.316226	22.7728	0	0.558905	0.829232	0	None	None
ChainingRodShaped	6386	2.05761	0.5	6.74891	55.0639	0	0.137563	-0.990493	0	None	None
ChainingRodShaped	6388	2.10263	0.5	-15.2236	22.8508	0	-0.927718	-0.373283	0	None	None
ChainingRodShaped	6390	2.06245	0.5	-31.3851	40.8642	0	0.161437	-0.986883	0	None	None
ChainingRodShaped	6392	2.09799	0.5	-22.8711	50.8661	0	-0.911034	-0.412331	0	None	None
ChainingRodShaped	6394	2.06266	0.5	32.9627	50.1154	0	-0.332975	0.942936	0	None	None
ChainingRodShaped	6396	2.04097	0.5	-14.6682	28.9231	0	-0.546597	-0.837396	0	None	None
ChainingRodShaped	6398	2.02575	0.5	18.2817	42.3796	0	0.543111	-0.839661	0	None	None
ChainingRodShaped	6400	2.01191	0.5	17.4171	41.8806	0	0.542343	-0.840157	0	None	None
ChainingRodShaped	6402	2.00565	0.5	36.2473	51.9042	0	0.399115	-0.916901	0	None	None
