cell_type	cell_id	length	radius	pos_x	pos_y	pos_z	ori_x	ori_y	ori_z	lower_link	upper_link
ChainingRodShaped	5775	2.78651	0.5	19.35	29.3711	0	-0.147068	0.989126	0	5776	None
ChainingRodShaped	7329	3.05315	0.5	-19.2649	57.505	0	0.0341867	0.999415	0	None	None
ChainingRodShaped	5771	3.52526	0.5	34.0095	34.9807	0	0.381171	-0.924504	0	5772	None
ChainingRodShaped	7357	2.60101	0.5	-4.24056	64.8841	0	0.275385	0.961334	0	None	None
ChainingRodShaped	5767	3.60975	0.5	7.81809	28.9367	0	-0.687473	-0.726209	0	5768	None
ChainingRodShaped	6841	4.7392	0.5	-11.8917	49.7396	0	-0.956781	-0.290808	0	None	None
ChainingRodShaped	5763	3.68141	0.5	19.8431	31.4429	0	-0.708848	0.705362	0	5764	None
ChainingRodShaped	5761	2.86291	0.5	-43.6742	37.558	0	-0.381871	0.924215	0	5762	None
ChainingRodShaped	5759	3.90065	0.5	-16.7966	28.4112	0	0.446235	-0.894916	0	5760	None
ChainingRodShaped	7283	3.00625	0.5	6.36213	34.6378	0	0.910816	0.412812	0	None	None
ChainingRodShaped	7413	2.34358	0.5	24.6528	29.0549	0	0.0898799	-0.995953	0	None	None
ChainingRodShaped	5753	3.21453	0.5	-39.3899	44.501	0	-0.520945	-0.85359	0	5754	None
ChainingRodShaped	5751	4.00187	0.5	-4.35108	21.4625	0	0.390168	0.920744	0	5752	None
ChainingRodShaped	6883	3.24394	0.5	32.9905	34.936	0	0.380087	-0.924951	0	None	None
ChainingRodShaped	7085	3.38084	0.5	28.6367	59.0199	0	-0.196854	0.980433	0	None	None
ChainingRodShaped	6781	3.56701	0.5	-34.7467	22.2819	0	-0.487819	-0.872945	0	None	None
ChainingRodShaped	7067	4.2668	0.5	-8.66658	7.60739	0	-0.69857	0.715542	0	None	None
ChainingRodShaped	5741	4.0096	0.5	11.2695	37.952	0	0.269355	-0.963041	0	5742	None
ChainingRodShaped	5739	2.79267	0.5	18.4767	23.2558	0	-0.462657	0.886538	0	5740	None
ChainingRodShaped	5737	3.64777	0.5	0.602713	36.3062	0	-0.999771	0.0214129	0	5738	None
ChainingRodShaped	7465	2.25764	0.5	32.0033	46.2457	0	-0.164453	0.986385	0	None	None
ChainingRodShaped	5733	3.61781	0.5	20.5451	27.8645	0	-0.144757	0.989467	0	5734	None
ChainingRodShaped	5731	2.99364	0.5	13.0926	41.9808	0	0.246343	-0.969183	0	5732	None
ChainingRodShaped	5729	3.34937	0.5	-43.0873	39.9203	0	0.10148	-0.994838	0	5730	None
ChainingRodShaped	6885	4.95499	0.5	8.07723	59.0714	0	0.366342	0.93048	0	None	None
ChainingRodShaped	5725	4.02222	0.5	22.4301	50.8846	0	-0.605082	-0.796163	0	5726	None
ChainingRodShaped	5723	3.3023	0.5	17.8164	31.5645	0	-0.205787	0.978597	0	5724	None
ChainingRodShaped	5721	3.59412	0.5	9.34878	36.2384	0	0.56367	-0.826	0	5722	None
ChainingRodShaped	7221	2.5585	0.5	-30.0224	44.8313	0	0.598442	-0.801166	0	None	None
ChainingRodShaped	6861	4.54817	0.5	14.6568	51.491	0	-0.843363	-0.537344	0	None	None
ChainingRodShaped	7267	2.59443	0.5	-7.71261	56.0763	0	-0.896954	-0.442125	0	None	None
ChainingRodShaped	6391	4.73572	0.5	-26.4514	57.9296	0	-0.601503	-0.79887	0	None	None
ChainingRodShaped	7585	2.0407	0.5	-25.417	8.23624	0	0.749527	-0.661974	0	None	None
ChainingRodShaped	6387	4.57831	0.5	-19.9965	10.9594	0	-0.802999	-0.595981	0	None	None
ChainingRodShaped	5707	3.32337	0.5	-2.96024	21.8904	0	0.216186	0.976352	0	5708	None
ChainingRodShaped	6847	4.92445	0.5	-20.321	16.7128	0	-0.0336647	-0.999433	0	None	None
ChainingRodShaped	6843	4.35962	0.5	-37.6595	38.5082	0	-0.00654785	0.999979	0	None	None
ChainingRodShaped	7033	4.19765	0.5	-44.1334	36.0757	0	0.382525	-0.923945	0	None	None
ChainingRodShaped	7545	2.20621	0.5	1.70126	66.387	0	0.960139	0.279522	0	None	None
ChainingRodShaped	6983	3.49241	0.5	-6.38682	19.1693	0	0.387904	0.9217	0	None	None
ChainingRodShaped	7007	4.13227	0.5	13.9295	35.4786	0	-0.271796	0.962355	0	None	None
ChainingRodShaped	7597	2.03128	0.5	-42.2488	41.1277	0	0.111417	-0.993774	0	None	None
ChainingRodShaped	7017	2.84204	0.5	7.90473	34.1383	0	0.738796	0.673929	0	None	None
ChainingRodShaped	7099	3.82156	0.5	42.7289	30.7004	0	-0.662888	-0.748718	0	None	None
ChainingRodShaped	6225	4.93899	0.5	23.5947	19.5729	0	0.120935	-0.99266	0	None	None
ChainingRodShaped	7253	3.1866	0.5	19.2414	18.7492	0	0.69585	-0.718187	0	None	None
ChainingRodShaped	5683	2.89158	0.5	20.6346	21.2349	0	-0.462341	0.886702	0	5684	None
ChainingRodShaped	5681	3.78054	0.5	-9.91087	26.2081	0	0.516273	0.856424	0	5682	None
ChainingRodShaped	7313	2.58408	0.5	-18.8727	20.5952	0	0.478833	-0.877906	0	None	None
ChainingRodShaped	6297	4.94701	0.5	50.4481	44.3504	0	-0.398808	-0.917035	0	None	None
ChainingRodShaped	5675	2.8929	0.5	8.36688	33.2885	0	0.735899	0.677091	0	5676	None
ChainingRodShaped	7595	2.02492	0.5	-5.52273	52.7903	0	0.157517	0.987516	0	None	None
ChainingRodShaped	5671	3.9633	0.5	16.7375	32.0784	0	-0.215566	0.976489	0	5672	None
ChainingRodShaped	6703	4.66931	0.5	14.7808	48.5361	0	-0.94556	0.325449	0	None	None
ChainingRodShaped	5667	3.4775	0.5	-7.58756	13.123	0	-0.32329	0.9463	0	5668	None
ChainingRodShaped	5665	3.28438	0.5	-37.0502	22.3819	0	-0.494886	-0.868958	0	5666	None
ChainingRodShaped	5663	3.77231	0.5	30.2628	50.4658	0	0.184064	-0.982914	0	5664	None
ChainingRodShaped	6771	3.47743	0.5	-18.6021	50.4865	0	-0.241309	-0.970448	0	None	None
ChainingRodShaped	6993	3.75803	0.5	10.7041	33.8025	0	0.809754	0.58677	0	None	None
ChainingRodShaped	6909	4.0005	0.5	12.7201	36.3724	0	0.279769	-0.960067	0	None	None
ChainingRodShaped	5655	3.62232	0.5	-27.5032	46.0161	0	0.136219	-0.990679	0	5656	None
ChainingRodShaped	5656	3.77133	0.5	-28.141	50.6681	0	0.135578	-0.990767	0	None	5655
ChainingRodShaped	6795	4.53243	0.5	11.2969	41.3966	0	0.26541	-0.964136	0	None	None
ChainingRodShaped	6865	4.34668	0.5	8.47128	26.8413	0	0.684838	0.728696	0	None	None
ChainingRodShaped	7569	2.18138	0.5	-19.7725	65.3411	0	-0.957536	-0.288312	0	None	None
ChainingRodShaped	5664	3.14956	0.5	29.441	54.8471	0	0.184608	-0.982812	0	None	5663
ChainingRodShaped	5666	3.6608	0.5	-34.8369	26.2669	0	-0.495119	-0.868825	0	None	5665
ChainingRodShaped	5668	3.48511	0.5	-6.13584	8.88897	0	-0.325281	0.945618	0	None	5667
ChainingRodShaped	6945	4.52362	0.5	22.9073	47.253	0	-0.150796	0.988565	0	None	None
ChainingRodShaped	5672	3.90945	0.5	17.7966	27.2665	0	-0.214311	0.976766	0	None	5671
ChainingRodShaped	7005	3.05779	0.5	-7.10241	45.0626	0	0.190225	0.98174	0	None	None
ChainingRodShaped	5676	3.98677	0.5	5.10484	30.2784	0	0.734316	0.678808	0	None	5675
ChainingRodShaped	7513	2.25877	0.5	39.7411	43.7306	0	-0.371493	-0.928436	0	None	None
ChainingRodShaped	6671	4.23261	0.5	-26.5259	33.7126	0	0.263469	-0.964668	0	None	None
ChainingRodShaped	5682	3.12114	0.5	-12.2127	22.3982	0	0.517965	0.855402	0	None	5681
ChainingRodShaped	5684	3.09763	0.5	22.4808	17.6931	0	-0.462056	0.886851	0	None	5683
ChainingRodShaped	7581	2.06328	0.5	21.0705	15.9861	0	0.976653	0.214821	0	None	None
ChainingRodShaped	6949	4.22611	0.5	27.233	19.7266	0	-0.283722	-0.958907	0	None	None
ChainingRodShaped	6959	4.77313	0.5	39.4756	40.1912	0	-0.737343	-0.675519	0	None	None
ChainingRodShaped	7281	3.0993	0.5	1.46866	27.897	0	0.755654	0.654971	0	None	None
ChainingRodShaped	6893	4.59239	0.5	-41.0818	44.102	0	-0.124841	-0.992177	0	None	None
ChainingRodShaped	7075	3.11297	0.5	15.3423	30.5857	0	0.267469	0.963566	0	None	None
ChainingRodShaped	6807	3.41574	0.5	-8.56369	21.7087	0	0.32606	0.945349	0	None	None
ChainingRodShaped	7155	2.95257	0.5	-3.53813	61.2696	0	0.459508	0.888174	0	None	None
ChainingRodShaped	6859	4.45483	0.5	-49.3133	43.6689	0	-0.0996256	-0.995025	0	None	None
ChainingRodShaped	6803	4.58952	0.5	-34.7276	36.0342	0	-0.697106	0.716968	0	None	None
ChainingRodShaped	6923	3.62025	0.5	-18.6222	23.9678	0	-0.00882595	-0.999961	0	None	None
ChainingRodShaped	5708	3.08409	0.5	-3.86219	17.7858	0	0.213586	0.976924	0	None	5707
ChainingRodShaped	6375	4.62882	0.5	-20.1397	12.0592	0	-0.80406	-0.594548	0	None	None
ChainingRodShaped	6823	3.87103	0.5	-25.2902	15.5246	0	-0.0679044	-0.997692	0	None	None
ChainingRodShaped	6655	3.90558	0.5	-26.2314	50.1738	0	-0.374207	-0.927345	0	None	None
ChainingRodShaped	7181	2.73008	0.5	-2.61589	49.3923	0	-0.195724	0.980659	0	None	None
ChainingRodShaped	7265	3.26872	0.5	13.6584	54.2148	0	-0.383398	-0.923583	0	None	None
ChainingRodShaped	6987	4.08123	0.5	-28.9874	49.878	0	0.129073	-0.991635	0	None	None
ChainingRodShaped	5722	3.19446	0.5	6.86959	39.8601	0	0.566114	-0.824327	0	None	5721
ChainingRodShaped	5724	2.77448	0.5	18.6405	27.6147	0	-0.202646	0.979252	0	None	5723
ChainingRodShaped	5726	2.95412	0.5	25.1424	54.4588	0	-0.603942	-0.797028	0	None	5725
ChainingRodShaped	7529	2.17212	0.5	6.74933	60.9499	0	0.368191	0.92975	0	None	None
ChainingRodShaped	5730	3.49238	0.5	-43.5331	44.3164	0	0.100488	-0.994938	0	None	5729
ChainingRodShaped	5732	3.3045	0.5	12.0825	46.0038	0	0.241003	-0.970524	0	None	5731
ChainingRodShaped	5734	3.34751	0.5	21.1846	23.432	0	-0.140769	0.990042	0	None	5733
ChainingRodShaped	7527	2.27762	0.5	34.0029	46.48	0	-0.226276	0.974063	0	None	None
ChainingRodShaped	5738	3.71331	0.5	5.27538	36.177	0	-0.999426	0.0338763	0	None	5737
ChainingRodShaped	5740	3.23071	0.5	20.3274	19.7012	0	-0.461023	0.887388	0	None	5739
ChainingRodShaped	5742	3.77666	0.5	9.9588	42.6628	0	0.266859	-0.963736	0	None	5741
ChainingRodShaped	6455	4.6127	0.5	-5.62415	10.4072	0	0.326569	-0.945174	0	None	None
ChainingRodShaped	6763	3.49846	0.5	-31.9589	25.4802	0	-0.51271	-0.858562	0	None	None
ChainingRodShaped	7137	3.83297	0.5	30.6138	59.4882	0	-0.554835	0.83196	0	None	None
ChainingRodShaped	7563	2.16665	0.5	30.9391	37.366	0	0.442974	-0.896534	0	None	None
ChainingRodShaped	5752	3.89787	0.5	-6.28039	16.9015	0	0.38879	0.921326	0	None	5751
ChainingRodShaped	5754	3.25375	0.5	-37.1863	48.1147	0	-0.520256	-0.85401	0	None	5753
ChainingRodShaped	7125	2.97464	0.5	21.2375	35.0078	0	0.318443	-0.947942	0	None	None
ChainingRodShaped	7589	2.08067	0.5	-10.1588	27.8342	0	0.404671	0.914462	0	None	None
ChainingRodShaped	5760	3.6147	0.5	-18.9146	32.6654	0	0.44499	-0.895535	0	None	5759
ChainingRodShaped	5762	3.12421	0.5	-42.1494	33.8698	0	-0.382188	0.924084	0	None	5761
ChainingRodShaped	5764	3.42413	0.5	23.0664	28.2329	0	-0.708134	0.706078	0	None	5763
ChainingRodShaped	6999	3.62317	0.5	-3.74835	51.3046	0	0.113387	0.993551	0	None	None
ChainingRodShaped	5768	4.00172	0.5	11.1086	32.4336	0	-0.683172	-0.730258	0	None	5767
ChainingRodShaped	7375	2.86258	0.5	-6.12197	54.7106	0	0.221963	0.975055	0	None	None
ChainingRodShaped	5772	2.85344	0.5	32.4173	38.8516	0	0.379598	-0.925151	0	None	5771
ChainingRodShaped	7269	2.56861	0.5	-24.5225	49.4278	0	0.363495	0.931596	0	None	None
ChainingRodShaped	5776	3.56838	0.5	19.9555	25.2389	0	-0.143021	0.98972	0	None	5775
ChainingRodShaped	7061	3.75857	0.5	-27.5637	60.2852	0	0.146443	-0.989219	0	None	None
ChainingRodShaped	7369	2.37379	0.5	-4.40545	6.92254	0	-0.778828	-0.627237	0	None	None
ChainingRodShaped	6821	3.89311	0.5	-16.7527	67.4015	0	-0.915803	-0.401627	0	None	None
ChainingRodShaped	7353	2.68981	0.5	23.581	49.2043	0	-0.159098	0.987263	0	None	None
ChainingRodShaped	7485	2.49835	0.5	-4.97816	25.6802	0	0.245427	0.969415	0	None	None
ChainingRodShaped	7377	2.33927	0.5	-42.858	32.3658	0	-0.693327	0.720623	0	None	None
ChainingRodShaped	6917	4.40971	0.5	-12.8376	9.17299	0	0.943466	0.33147	0	None	None
ChainingRodShaped	6223	4.95301	0.5	-19.0201	30.7496	0	0.441612	-0.897206	0	None	None
ChainingRodShaped	7013	2.93897	0.5	4.15872	35.3034	0	0.999709	-0.0241344	0	None	None
ChainingRodShaped	7213	3.49116	0.5	8.96776	47.1449	0	0.120981	-0.992655	0	None	None
ChainingRodShaped	6717	3.53534	0.5	-0.327368	62.3559	0	0.533059	0.846078	0	None	None
ChainingRodShaped	7297	2.47881	0.5	-26.6798	51.5971	0	-0.379826	-0.925058	0	None	None
ChainingRodShaped	6921	4.21871	0.5	-9.3457	59.3515	0	0.687043	0.726616	0	None	None
ChainingRodShaped	6575	4.52175	0.5	20.0992	32.5195	0	0.704306	-0.709897	0	None	None
ChainingRodShaped	6697	4.24902	0.5	-25.1748	9.34416	0	0.749751	-0.66172	0	None	None
ChainingRodShaped	6747	4.59243	0.5	18.0827	61.3346	0	-0.620302	-0.784363	0	None	None
ChainingRodShaped	6961	3.7729	0.5	37.1398	49.5204	0	-0.481995	0.876174	0	None	None
ChainingRodShaped	6511	4.35804	0.5	-35.2005	54.0451	0	-0.721444	-0.692473	0	None	None
ChainingRodShaped	7367	2.32108	0.5	21.6895	45.3237	0	0.342693	0.939447	0	None	None
ChainingRodShaped	6833	4.72808	0.5	47.9193	52.6079	0	0.655349	-0.755326	0	None	None
ChainingRodShaped	6997	3.08685	0.5	14.8754	12.8729	0	0.89467	0.446728	0	None	None
ChainingRodShaped	6713	4.0831	0.5	3.06235	49.3062	0	-0.107536	0.994201	0	None	None
ChainingRodShaped	7157	3.75164	0.5	31.0948	22.4187	0	-0.555764	-0.83134	0	None	None
ChainingRodShaped	7169	3.06593	0.5	-29.3955	42.7949	0	0.884959	-0.465669	0	None	None
ChainingRodShaped	7175	3.55888	0.5	24.6769	18.7952	0	0.120113	-0.99276	0	None	None
ChainingRodShaped	7229	2.66242	0.5	-39.3106	46.4544	0	-0.511691	-0.85917	0	None	None
ChainingRodShaped	6347	4.69832	0.5	40.9799	42.9094	0	-0.730776	-0.682618	0	None	None
ChainingRodShaped	6627	3.74333	0.5	-16.09	63.9137	0	0.994112	0.108361	0	None	None
ChainingRodShaped	6613	3.89291	0.5	-8.45614	8.79973	0	0.695741	-0.718292	0	None	None
ChainingRodShaped	6779	3.53052	0.5	-4.62153	51.9918	0	0.115537	0.993303	0	None	None
ChainingRodShaped	6401	4.91311	0.5	39.0357	50.1739	0	0.474678	-0.880159	0	None	None
ChainingRodShaped	7065	3.79989	0.5	4.69995	31.1306	0	0.74107	0.671428	0	None	None
ChainingRodShaped	6793	4.452	0.5	-48.4607	42.1018	0	-0.121849	-0.992549	0	None	None
ChainingRodShaped	6491	4.55857	0.5	-21.0339	55.4662	0	0.358452	0.933548	0	None	None
ChainingRodShaped	7577	2.07762	0.5	-26.9902	30.1502	0	-0.722465	0.691408	0	None	None
ChainingRodShaped	7173	2.7723	0.5	-26.3245	14.8424	0	-0.0700938	-0.99754	0	None	None
ChainingRodShaped	6693	4.0424	0.5	1.58068	45.753	0	-0.353628	-0.935386	0	None	None
ChainingRodShaped	7071	3.41444	0.5	14.407	26.2622	0	0.953685	-0.300808	0	None	None
ChainingRodShaped	6875	4.56897	0.5	-27.4863	33.6076	0	0.261407	-0.965229	0	None	None
ChainingRodShaped	7231	3.14473	0.5	7.63811	60.5813	0	0.368394	0.92967	0	None	None
ChainingRodShaped	7153	3.74151	0.5	-17.9306	16.1023	0	-0.794918	-0.606718	0	None	None
ChainingRodShaped	6611	4.76338	0.5	15.171	22.4384	0	0.767729	0.640775	0	None	None
ChainingRodShaped	6715	4.18586	0.5	-48.9589	48.8122	0	-0.335473	-0.94205	0	None	None
ChainingRodShaped	6645	3.72366	0.5	-19.0864	37.8031	0	-0.598962	-0.800778	0	None	None
ChainingRodShaped	7249	3.43515	0.5	9.60438	29.434	0	0.688681	0.725065	0	None	None
ChainingRodShaped	6863	3.43642	0.5	18.5844	18.0185	0	0.695392	-0.718631	0	None	None
ChainingRodShaped	6777	4.07433	0.5	16.6511	50.5287	0	-0.849599	-0.527429	0	None	None
ChainingRodShaped	6881	3.82907	0.5	16.4572	41.0884	0	0.342574	-0.939491	0	None	None
ChainingRodShaped	6857	3.76511	0.5	40.0671	37.6094	0	-0.997776	0.0666629	0	None	None
ChainingRodShaped	6499	4.41535	0.5	0.0644248	49.1994	0	0.0144247	-0.999896	0	None	None
ChainingRodShaped	6621	3.71321	0.5	-40.2161	49.1416	0	-0.213843	-0.976868	0	None	None
ChainingRodShaped	6739	4.84582	0.5	-8.24835	48.5729	0	0.253792	0.967259	0	None	None
ChainingRodShaped	6349	4.63847	0.5	-6.05615	60.0733	0	0.691177	0.722685	0	None	None
ChainingRodShaped	7131	3.04122	0.5	-15.06	34.4052	0	-0.999948	-0.0102245	0	None	None
ChainingRodShaped	6623	3.80717	0.5	31.2941	39.0925	0	0.375511	-0.926818	0	None	None
ChainingRodShaped	7427	2.40084	0.5	11.0795	52.3469	0	-0.143351	-0.989672	0	None	None
ChainingRodShaped	6505	4.06743	0.5	28.0966	46.2707	0	0.489239	-0.87215	0	None	None
ChainingRodShaped	7601	2.01308	0.5	7.91716	51.0702	0	-0.173402	-0.984851	0	None	None
ChainingRodShaped	6913	3.50381	0.5	20.7131	45.4193	0	0.348205	0.937418	0	None	None
ChainingRodShaped	7135	3.48678	0.5	-7.89835	64.0436	0	-0.950028	-0.312163	0	None	None
ChainingRodShaped	6663	3.90266	0.5	-18.4834	6.83724	0	0.998307	-0.0581718	0	None	None
ChainingRodShaped	6977	3.02874	0.5	-33.4651	36.1326	0	-0.694207	0.719775	0	None	None
ChainingRodShaped	6473	4.64262	0.5	31.4099	54.9289	0	-0.183448	0.983029	0	None	None
ChainingRodShaped	7115	3.48277	0.5	-34.528	31.7965	0	0.964737	-0.263214	0	None	None
ChainingRodShaped	7019	3.72951	0.5	14.9361	14.008	0	0.893922	0.448223	0	None	None
ChainingRodShaped	7201	3.63569	0.5	-1.73033	13.3093	0	-0.977254	-0.212073	0	None	None
ChainingRodShaped	6951	4.24438	0.5	29.1564	21.2963	0	-0.465213	-0.885199	0	None	None
ChainingRodShaped	7063	3.46325	0.5	-39.4207	32.6744	0	0.322991	-0.946402	0	None	None
ChainingRodShaped	6653	4.81189	0.5	-34.0642	60.3865	0	0.559844	-0.828598	0	None	None
ChainingRodShaped	7343	2.77192	0.5	-26.8901	53.6295	0	-0.378811	-0.925474	0	None	None
ChainingRodShaped	7161	3.05741	0.5	-30.1879	42.1398	0	0.889577	-0.456786	0	None	None
ChainingRodShaped	6625	4.32964	0.5	-25.437	33.3208	0	-0.262848	0.964837	0	None	None
ChainingRodShaped	7531	2.30059	0.5	38.3615	36.5405	0	-0.879618	0.47568	0	None	None
ChainingRodShaped	6811	4.34268	0.5	-25.8429	48.624	0	-0.364908	-0.931043	0	None	None
ChainingRodShaped	6919	3.04635	0.5	42.0132	57.6516	0	0.997109	-0.0759815	0	None	None
ChainingRodShaped	6887	3.61457	0.5	-15.7242	43.7042	0	-0.191877	0.981419	0	None	None
ChainingRodShaped	6727	3.46857	0.5	-1.23251	27.3323	0	0.894172	0.447724	0	None	None
ChainingRodShaped	6569	3.95125	0.5	4.66211	20.4226	0	0.909801	0.415046	0	None	None
ChainingRodShaped	7433	2.43221	0.5	-24.3644	46.8608	0	0.244975	0.969529	0	None	None
ChainingRodShaped	7047	3.96282	0.5	-3.84005	12.011	0	-0.84794	0.530092	0	None	None
ChainingRodShaped	6971	3.48312	0.5	-23.2723	15.395	0	-0.00647284	-0.999979	0	None	None
ChainingRodShaped	6953	2.9927	0.5	-32.7116	18.1773	0	-0.00408444	-0.999992	0	None	None
ChainingRodShaped	6873	4.8959	0.5	-11.9138	59.7332	0	0.956093	0.293063	0	None	None
ChainingRodShaped	6629	3.6228	0.5	0.240115	42.0666	0	-0.964088	0.265584	0	None	None
ChainingRodShaped	7475	2.44803	0.5	18.2341	37.2699	0	0.504535	-0.863391	0	None	None
ChainingRodShaped	7419	2.34996	0.5	-47.2413	42.0449	0	-0.321833	-0.946796	0	None	None
ChainingRodShaped	7097	3.93517	0.5	47.4567	50.0936	0	0.650842	-0.759213	0	None	None
ChainingRodShaped	6783	3.6884	0.5	31.3616	28.2648	0	-0.913577	-0.406666	0	None	None
ChainingRodShaped	6273	4.81827	0.5	41.9265	46.549	0	-0.368527	-0.929617	0	None	None
ChainingRodShaped	7407	2.27236	0.5	-13.2439	22.5025	0	-0.5265	-0.850175	0	None	None
ChainingRodShaped	7463	2.3645	0.5	2.69215	44.0415	0	-0.305377	0.952232	0	None	None
ChainingRodShaped	7041	3.31592	0.5	23.8987	22.8655	0	0.548558	-0.836112	0	None	None
ChainingRodShaped	6579	4.40272	0.5	-1.20967	51.4634	0	0.176012	-0.984388	0	None	None
ChainingRodShaped	7543	2.27081	0.5	35.6526	26.1869	0	-0.740909	-0.671606	0	None	None
ChainingRodShaped	6649	4.21428	0.5	-15.3912	58.7497	0	0.757683	-0.652623	0	None	None
ChainingRodShaped	7113	3.18216	0.5	1.59228	53.7399	0	-0.0845559	-0.996419	0	None	None
ChainingRodShaped	7565	2.12263	0.5	-33.9802	28.9145	0	0.896452	0.44314	0	None	None
ChainingRodShaped	7345	2.81491	0.5	-0.343954	34.8497	0	0.93041	0.366521	0	None	None
ChainingRodShaped	7301	2.87524	0.5	-16.6085	14.1329	0	-0.578884	-0.81541	0	None	None
ChainingRodShaped	7587	2.06925	0.5	3.46433	53.1725	0	-0.118557	-0.992947	0	None	None
ChainingRodShaped	7049	4.29573	0.5	-31.3882	40.4186	0	0.924689	-0.380722	0	None	None
ChainingRodShaped	7195	3.5477	0.5	-17.6899	22.2066	0	-0.00959127	-0.999954	0	None	None
ChainingRodShaped	7397	2.28309	0.5	15.2708	34.1228	0	-0.262155	0.965026	0	None	None
ChainingRodShaped	7011	3.1296	0.5	-0.959928	66.9326	0	0.745312	0.666716	0	None	None
ChainingRodShaped	7333	2.35996	0.5	-28.7641	30.911	0	-0.257804	0.966197	0	None	None
ChainingRodShaped	7177	3.59275	0.5	3.8423	27.4406	0	0.654727	0.755866	0	None	None
ChainingRodShaped	7105	4.10567	0.5	-21.965	33.3909	0	-0.0505124	-0.998723	0	None	None
ChainingRodShaped	6753	4.57194	0.5	33.7886	43.6352	0	-0.314398	0.949291	0	None	None
ChainingRodShaped	6679	4.63742	0.5	40.7536	51.0571	0	0.473985	-0.880533	0	None	None
ChainingRodShaped	6745	3.73667	0.5	-0.276732	54.1482	0	-0.0656082	-0.997845	0	None	None
ChainingRodShaped	6661	3.56542	0.5	6.0997	47.4319	0	-0.118913	0.992905	0	None	None
ChainingRodShaped	7469	2.56528	0.5	-28.321	33.0306	0	0.260951	-0.965352	0	None	None
ChainingRodShaped	7217	3.40727	0.5	15.8936	20.5237	0	0.754762	0.655999	0	None	None
ChainingRodShaped	7237	3.22579	0.5	-32.0568	57.373	0	-0.345886	-0.938276	0	None	None
ChainingRodShaped	6527	4.29499	0.5	43.8863	39.781	0	-0.996768	-0.0803391	0	None	None
ChainingRodShaped	7383	2.33151	0.5	-31.9155	53.1133	0	-0.497308	-0.867574	0	None	None
ChainingRodShaped	6515	4.49117	0.5	-47.8901	48.879	0	-0.334611	-0.942356	0	None	None
ChainingRodShaped	7127	2.87375	0.5	16.168	24.5479	0	0.745446	0.666566	0	None	None
ChainingRodShaped	7197	3.10914	0.5	35.5784	53.6023	0	0.184162	-0.982896	0	None	None
ChainingRodShaped	7139	2.91663	0.5	12.9006	23.2165	0	0.992345	-0.123498	0	None	None
ChainingRodShaped	6581	4.77374	0.5	7.88039	15.6395	0	0.851202	0.524838	0	None	None
ChainingRodShaped	7551	2.26054	0.5	43.7162	41.3998	0	-0.759105	-0.650969	0	None	None
ChainingRodShaped	6685	3.91771	0.5	-8.33814	35.2678	0	-0.999743	0.0226857	0	None	None
ChainingRodShaped	6533	4.54815	0.5	-41.4696	47.9673	0	-0.174171	-0.984715	0	None	None
ChainingRodShaped	7185	2.91253	0.5	-9.8925	40.2269	0	0.460845	0.88748	0	None	None
ChainingRodShaped	6905	4.75692	0.5	-10.471	43.4083	0	0.399193	0.916867	0	None	None
ChainingRodShaped	6659	3.74002	0.5	30.191	34.8468	0	-0.554107	0.832445	0	None	None
ChainingRodShaped	6879	3.54444	0.5	-18.4586	47.026	0	0.243674	0.969857	0	None	None
ChainingRodShaped	7163	3.19918	0.5	-36.197	56.3906	0	0.947509	-0.31973	0	None	None
ChainingRodShaped	7159	3.00153	0.5	-49.5041	50.2351	0	-0.337061	-0.941483	0	None	None
ChainingRodShaped	7149	3.3581	0.5	17.7728	40.7294	0	0.213129	-0.977024	0	None	None
ChainingRodShaped	7143	3.62569	0.5	-12.0104	54.9877	0	0.665782	0.746146	0	None	None
ChainingRodShaped	7211	3.07226	0.5	4.93469	25.7335	0	0.647619	0.761965	0	None	None
ChainingRodShaped	6955	3.41257	0.5	-11.5884	45.4706	0	0.396167	0.918178	0	None	None
ChainingRodShaped	7295	3.09037	0.5	4.02102	49.063	0	-0.107655	0.994188	0	None	None
ChainingRodShaped	7101	3.76173	0.5	10.1337	52.6431	0	-0.186938	-0.982372	0	None	None
ChainingRodShaped	6525	4.9356	0.5	-3.4847	41.5303	0	0.0564334	0.998406	0	None	None
ChainingRodShaped	6709	4.61993	0.5	-5.70249	46.3822	0	-0.324206	0.945986	0	None	None
ChainingRodShaped	7287	2.61463	0.5	37.3977	51.1591	0	-0.460579	0.887619	0	None	None
ChainingRodShaped	7515	2.31585	0.5	13.8751	52.1255	0	-0.840059	-0.542495	0	None	None
ChainingRodShaped	7003	3.10712	0.5	-31.8671	35.8802	0	-0.697971	0.716126	0	None	None
ChainingRodShaped	7037	2.92718	0.5	-38.6771	53.1041	0	-0.525385	-0.850865	0	None	None
ChainingRodShaped	7439	2.28854	0.5	25.1767	42.7381	0	-0.094334	0.995541	0	None	None
ChainingRodShaped	7579	2.10835	0.5	30.0091	42.7651	0	0.302759	-0.953067	0	None	None
ChainingRodShaped	6907	3.77809	0.5	1.73271	58.6438	0	-0.34545	-0.938437	0	None	None
ChainingRodShaped	7355	2.8652	0.5	28.7575	47.9832	0	0.180566	-0.983563	0	None	None
ChainingRodShaped	7421	2.6269	0.5	-10.0189	13.1844	0	0.948664	0.316285	0	None	None
ChainingRodShaped	6493	4.61373	0.5	11.8897	51.2737	0	-0.133442	-0.991057	0	None	None
ChainingRodShaped	6869	3.3809	0.5	9.30843	62.442	0	0.688006	-0.725705	0	None	None
ChainingRodShaped	6839	3.71326	0.5	17.8957	48.4871	0	-0.946987	0.321272	0	None	None
ChainingRodShaped	6607	4.41983	0.5	0.492139	8.99297	0	-0.838131	-0.54547	0	None	None
ChainingRodShaped	6437	4.46553	0.5	-46.0311	51.4633	0	-0.219729	-0.975561	0	None	None
ChainingRodShaped	7035	4.00959	0.5	24.6059	48.8633	0	0.16332	-0.986573	0	None	None
ChainingRodShaped	6973	3.60509	0.5	34.7326	52.8709	0	-0.193158	0.981168	0	None	None
ChainingRodShaped	7311	3.14279	0.5	8.38561	11.6164	0	0.65287	0.75747	0	None	None
ChainingRodShaped	7309	2.47443	0.5	1.76406	32.4764	0	0.82684	0.562438	0	None	None
ChainingRodShaped	6789	4.18157	0.5	-41.6026	35.1296	0	0.381002	-0.924574	0	None	None
ChainingRodShaped	6477	4.81517	0.5	27.538	35.4417	0	-0.50766	0.861557	0	None	None
ChainingRodShaped	7341	2.90081	0.5	-37.2083	32.165	0	0.326169	-0.945311	0	None	None
ChainingRodShaped	6551	4.60166	0.5	19.1407	50.9579	0	-0.844281	-0.5359	0	None	None
ChainingRodShaped	6935	3.23306	0.5	-25.9563	62.3289	0	0.436817	0.89955	0	None	None
ChainingRodShaped	6877	3.57352	0.5	21.9825	35.7466	0	0.322452	-0.946586	0	None	None
ChainingRodShaped	7029	3.94841	0.5	-31.1422	47.7784	0	0.639589	-0.768717	0	None	None
ChainingRodShaped	6543	4.26644	0.5	-35.453	57.1688	0	0.949552	-0.313608	0	None	None
ChainingRodShaped	7187	3.63899	0.5	-30.1945	28.0168	0	-0.108482	0.994098	0	None	None
ChainingRodShaped	7505	2.27605	0.5	19.8716	58.6538	0	-0.873372	0.487053	0	None	None
ChainingRodShaped	6421	4.33377	0.5	-36.9813	61.1154	0	0.884418	-0.466696	0	None	None
ChainingRodShaped	6731	4.35338	0.5	-36.0252	44.5298	0	-0.528001	-0.849244	0	None	None
ChainingRodShaped	6967	4.56068	0.5	-15.7035	22.4774	0	-0.0707782	-0.997492	0	None	None
ChainingRodShaped	7189	2.69636	0.5	23.8858	35.1216	0	-0.753397	0.657566	0	None	None
ChainingRodShaped	7193	2.68868	0.5	-23.8261	35.6074	0	-0.0111208	0.999938	0	None	None
ChainingRodShaped	7389	2.30589	0.5	-22.1501	51.2578	0	0.0380801	0.999275	0	None	None
ChainingRodShaped	7415	2.662	0.5	-4.17325	10.6531	0	-0.660246	0.75105	0	None	None
ChainingRodShaped	6413	4.90307	0.5	9.06685	9.39513	0	0.687661	0.726032	0	None	None
ChainingRodShaped	7103	2.75341	0.5	2.09451	27.1933	0	0.761587	0.648062	0	None	None
ChainingRodShaped	6443	4.63335	0.5	-28.1337	26.5115	0	0.104233	-0.994553	0	None	None
ChainingRodShaped	6937	4.32634	0.5	13.0085	59.5949	0	-0.416718	-0.909036	0	None	None
ChainingRodShaped	6975	4.18086	0.5	-26.9777	12.4447	0	0.697632	-0.716456	0	None	None
ChainingRodShaped	7051	3.80113	0.5	-4.0669	36.2316	0	0.9992	0.0399991	0	None	None
ChainingRodShaped	7109	3.40609	0.5	21.3307	32.6051	0	0.705866	-0.708346	0	None	None
ChainingRodShaped	6447	4.73659	0.5	-46.307	41.737	0	-0.32884	-0.944386	0	None	None
ChainingRodShaped	6495	4.60792	0.5	33.167	50.8151	0	-0.184206	0.982888	0	None	None
ChainingRodShaped	7179	3.35757	0.5	35.472	38.9958	0	-0.370432	0.92886	0	None	None
ChainingRodShaped	7481	2.41616	0.5	-4.22566	14.0029	0	-0.999835	0.0181487	0	None	None
ChainingRodShaped	7083	3.81486	0.5	-23.3967	61.7872	0	-0.361086	-0.932533	0	None	None
ChainingRodShaped	7559	2.11197	0.5	-31.5881	16.6389	0	0.125015	-0.992155	0	None	None
ChainingRodShaped	7299	2.92915	0.5	-13.4154	28.1267	0	0.306515	-0.951866	0	None	None
ChainingRodShaped	7425	2.27102	0.5	15.6232	16.5738	0	0.899954	0.435984	0	None	None
ChainingRodShaped	7497	2.32863	0.5	-14.9611	60.8786	0	-0.963521	-0.267631	0	None	None
ChainingRodShaped	7455	2.51181	0.5	-18.5132	53.5581	0	-0.448222	-0.893923	0	None	None
ChainingRodShaped	7541	2.23637	0.5	-24.2239	16.7377	0	-0.016471	-0.999864	0	None	None
ChainingRodShaped	7239	3.12267	0.5	-0.962635	40.4193	0	-0.959404	0.282036	0	None	None
ChainingRodShaped	7373	2.43113	0.5	-36.0818	26.0455	0	0.499656	0.866224	0	None	None
ChainingRodShaped	6689	3.69048	0.5	33.7077	25.3032	0	-0.362961	-0.931805	0	None	None
ChainingRodShaped	6981	4.64925	0.5	24.5254	58.4805	0	0.346635	-0.938	0	None	None
ChainingRodShaped	6513	4.19797	0.5	-26.6527	38.707	0	0.0160497	-0.999871	0	None	None
ChainingRodShaped	6743	3.48601	0.5	-26.0229	43.3547	0	0.425096	0.905148	0	None	None
ChainingRodShaped	6827	3.77049	0.5	-23.3257	45.6533	0	0.0469369	0.998898	0	None	None
ChainingRodShaped	7205	3.36877	0.5	-34.1769	30.6911	0	0.965932	-0.258795	0	None	None
ChainingRodShaped	7203	3.06018	0.5	0.517021	45.5488	0	-0.362965	-0.931803	0	None	None
ChainingRodShaped	6957	4.45524	0.5	-5.10677	31.5137	0	0.99864	-0.0521347	0	None	None
ChainingRodShaped	6603	3.82749	0.5	-9.58196	53.3692	0	0.704458	0.709746	0	None	None
ChainingRodShaped	7351	2.86978	0.5	-22.072	55.3697	0	-0.367768	-0.929917	0	None	None
ChainingRodShaped	6851	4.73457	0.5	27.6243	26.3874	0	-0.591619	-0.806218	0	None	None
ChainingRodShaped	7337	2.6438	0.5	3.4366	40.8019	0	-0.432284	0.901738	0	None	None
ChainingRodShaped	6705	3.52532	0.5	-12.1559	62.6899	0	-0.957212	-0.289387	0	None	None
ChainingRodShaped	6939	3.06983	0.5	-20.9264	42.3374	0	-0.400387	-0.916346	0	None	None
ChainingRodShaped	7245	3.13427	0.5	-5.021	30.5792	0	0.99899	-0.0449317	0	None	None
ChainingRodShaped	7031	3.52945	0.5	7.23762	20.3141	0	-0.958614	-0.284708	0	None	None
ChainingRodShaped	6711	4.73992	0.5	-16.1964	53.883	0	0.453525	0.891244	0	None	None
ChainingRodShaped	6657	4.80746	0.5	-6.78958	23.9241	0	0.335496	0.942042	0	None	None
ChainingRodShaped	6565	4.64578	0.5	-10.1874	32.9978	0	0.983436	0.181258	0	None	None
ChainingRodShaped	6523	4.44515	0.5	-21.1874	62.0028	0	-0.336195	-0.941792	0	None	None
ChainingRodShaped	6915	4.00442	0.5	-8.45589	61.812	0	0.953943	0.299988	0	None	None
ChainingRodShaped	6589	4.69257	0.5	7.04535	47.5286	0	-0.112635	0.993636	0	None	None
ChainingRodShaped	6615	4.9928	0.5	-43.8163	56.0493	0	0.506487	-0.862248	0	None	None
ChainingRodShaped	6549	4.82272	0.5	38.0574	56.081	0	0.520295	-0.853987	0	None	None
ChainingRodShaped	6691	3.98619	0.5	14.0451	27.3884	0	0.95063	-0.310326	0	None	None
ChainingRodShaped	6765	3.68261	0.5	-19.8945	39.8846	0	-0.584465	-0.811419	0	None	None
ChainingRodShaped	7077	4.11795	0.5	2.92075	9.40306	0	0.839865	0.542796	0	None	None
ChainingRodShaped	7289	2.53396	0.5	25.2536	23.9286	0	-0.0275043	-0.999622	0	None	None
ChainingRodShaped	6889	4.97751	0.5	6.16092	16.8224	0	0.841515	0.540234	0	None	None
ChainingRodShaped	7443	2.33155	0.5	48.84	43.1417	0	-0.400148	-0.916451	0	None	None
ChainingRodShaped	6989	3.76673	0.5	-18.7771	36.7287	0	-0.606917	-0.794765	0	None	None
ChainingRodShaped	7021	3.78814	0.5	22.2881	22.2829	0	0.13086	-0.991401	0	None	None
ChainingRodShaped	7567	2.17882	0.5	43.9792	37.8022	0	-0.997183	-0.0750121	0	None	None
ChainingRodShaped	6947	4.72696	0.5	-11.9965	38.2431	0	0.456194	0.88988	0	None	None
ChainingRodShaped	6619	4.50431	0.5	5.36695	60.0753	0	-0.36731	-0.930099	0	None	None
ChainingRodShaped	6635	4.6781	0.5	40.96	40.2324	0	-0.736322	-0.676631	0	None	None
ChainingRodShaped	6675	3.89213	0.5	-19.9387	20.5904	0	-0.472863	0.881136	0	None	None
ChainingRodShaped	6725	3.42422	0.5	8.87984	22.7665	0	0.962849	0.27004	0	None	None
ChainingRodShaped	7347	2.68338	0.5	25.6837	44.721	0	-0.474269	0.88038	0	None	None
ChainingRodShaped	6242	4.9614	0.5	36.9865	34.5186	0	-0.637647	0.770329	0	None	None
ChainingRodShaped	7275	2.86493	0.5	12.4292	32.4525	0	0.684415	0.729093	0	None	None
ChainingRodShaped	6985	3.19276	0.5	-15.1957	9.38926	0	0.940291	0.340372	0	None	None
ChainingRodShaped	7191	3.42621	0.5	3.75071	61.8881	0	-0.240251	-0.970711	0	None	None
ChainingRodShaped	7459	2.23705	0.5	14.4715	40.9113	0	0.348327	-0.937373	0	None	None
ChainingRodShaped	7409	2.76631	0.5	-38.618	38.1533	0	0.00852818	-0.999964	0	None	None
ChainingRodShaped	6595	4.51001	0.5	9.75851	55.677	0	-0.196755	-0.980453	0	None	None
ChainingRodShaped	6903	4.27833	0.5	43.1784	51.7485	0	0.0830836	-0.996543	0	None	None
ChainingRodShaped	7271	2.89004	0.5	47.4453	55.7132	0	0.49428	-0.869303	0	None	None
ChainingRodShaped	6773	3.616	0.5	-19.7609	53.2829	0	0.308585	0.951197	0	None	None
ChainingRodShaped	7321	2.84521	0.5	-1.76432	62.1151	0	0.609153	0.793053	0	None	None
ChainingRodShaped	7555	2.1783	0.5	-22.958	32.8636	0	-0.0540316	-0.998539	0	None	None
ChainingRodShaped	7087	3.04579	0.5	-30.856	39.1662	0	0.922563	-0.385847	0	None	None
ChainingRodShaped	6667	4.01271	0.5	-34.3533	53.5423	0	-0.723611	-0.690208	0	None	None
ChainingRodShaped	6270	4.83621	0.5	38.6694	56.9639	0	0.521099	-0.853496	0	None	None
ChainingRodShaped	6835	4.0814	0.5	-15.6356	52.9108	0	0.447895	0.894086	0	None	None
ChainingRodShaped	6274	4.68658	0.5	42.1261	52.5549	0	0.083708	-0.99649	0	None	None
ChainingRodShaped	6817	4.64763	0.5	28.8447	40.0343	0	0.326892	-0.945062	0	None	None
ChainingRodShaped	7539	2.26639	0.5	-34.0281	21.5418	0	-0.484256	-0.874926	0	None	None
ChainingRodShaped	7277	3.18332	0.5	8.30524	39.4201	0	-0.577073	0.816692	0	None	None
ChainingRodShaped	6787	4.65208	0.5	-12.4505	45.7579	0	0.386965	0.922094	0	None	None
ChainingRodShaped	6687	3.92676	0.5	15.5398	50.9405	0	-0.844847	-0.535008	0	None	None
ChainingRodShaped	6801	4.0462	0.5	-4.24548	38.1013	0	-0.999497	-0.031698	0	None	None
ChainingRodShaped	7363	2.60349	0.5	-3.86595	28.6761	0	0.999739	-0.0228536	0	None	None
ChainingRodShaped	6290	4.72916	0.5	-37.5761	53.041	0	-0.530461	-0.84771	0	None	None
ChainingRodShaped	7471	2.50275	0.5	16.1433	55.8483	0	-0.843646	-0.5369	0	None	None
ChainingRodShaped	6294	4.84979	0.5	3.50529	57.9754	0	-0.361416	-0.932405	0	None	None
ChainingRodShaped	6296	4.76402	0.5	-48.3095	58.5971	0	-0.226669	-0.973972	0	None	None
ChainingRodShaped	6298	4.71153	0.5	50.5886	50.1934	0	0.166802	-0.98599	0	None	None
ChainingRodShaped	7089	3.3267	0.5	32.2388	42.1422	0	-0.310666	0.950519	0	None	None
ChainingRodShaped	6761	4.07803	0.5	-34.4228	34.0596	0	-0.617951	0.786217	0	None	None
ChainingRodShaped	7285	3.06816	0.5	40.4852	33.1322	0	-0.183839	0.982956	0	None	None
ChainingRodShaped	7335	3.04332	0.5	46.2417	46.9336	0	-0.492389	-0.870375	0	None	None
ChainingRodShaped	6829	3.50521	0.5	-15.0369	14.3949	0	0.6604	0.750914	0	None	None
ChainingRodShaped	6837	4.1333	0.5	-7.88534	10.7096	0	0.373002	-0.927831	0	None	None
ChainingRodShaped	6941	4.71355	0.5	5.33429	45.8496	0	-0.118674	0.992933	0	None	None
ChainingRodShaped	7151	3.30246	0.5	-30.9687	41.3259	0	0.917389	-0.397993	0	None	None
ChainingRodShaped	7147	3.52808	0.5	-1.63709	56.2202	0	0.245528	-0.969389	0	None	None
ChainingRodShaped	6759	3.499	0.5	38.8725	29.8869	0	0.0610389	-0.998135	0	None	None
ChainingRodShaped	7399	2.60808	0.5	-41.7647	58.1758	0	0.803154	-0.595771	0	None	None
ChainingRodShaped	7437	2.6807	0.5	7.45002	23.4088	0	0.976768	0.214297	0	None	None
ChainingRodShaped	7331	2.73469	0.5	27.4335	55.0313	0	0.182764	-0.983157	0	None	None
ChainingRodShaped	6901	4.12335	0.5	-17.3937	43.7497	0	0.222615	0.974906	0	None	None
ChainingRodShaped	6328	4.62924	0.5	2.03691	62.8982	0	-0.260034	-0.965599	0	None	None
ChainingRodShaped	6707	3.50387	0.5	-17.9608	18.4884	0	-0.7867	-0.617335	0	None	None
ChainingRodShaped	6332	4.58961	0.5	-32.3629	46.2754	0	0.622312	-0.782769	0	None	None
ChainingRodShaped	7107	2.72924	0.5	-14.6643	47.4904	0	-0.27972	0.960082	0	None	None
ChainingRodShaped	7405	2.74439	0.5	31.0125	31.587	0	-0.996584	-0.0825886	0	None	None
ChainingRodShaped	7009	3.60316	0.5	-9.74	42.8351	0	0.390005	0.920813	0	None	None
ChainingRodShaped	6995	3.79104	0.5	-8.81948	26.2037	0	0.512075	0.858941	0	None	None
ChainingRodShaped	7535	2.21235	0.5	-23.0912	10.8268	0	0.273032	-0.962005	0	None	None
ChainingRodShaped	7593	2.02767	0.5	-21.9294	21.0183	0	0.130878	0.991399	0	None	None
ChainingRodShaped	7045	3.59375	0.5	-38.6409	43.916	0	-0.52065	-0.85377	0	None	None
ChainingRodShaped	6749	3.45927	0.5	43.1907	47.1069	0	-0.366705	-0.930337	0	None	None
ChainingRodShaped	6845	4.22066	0.5	-9.72032	56.103	0	0.662158	0.749364	0	None	None
ChainingRodShaped	7525	2.20287	0.5	10.4461	64.1112	0	0.684462	-0.729048	0	None	None
ChainingRodShaped	6354	4.70405	0.5	-1.52705	68.1699	0	-0.884844	-0.465887	0	None	None
ChainingRodShaped	7081	3.12249	0.5	-28.3343	58.9063	0	0.155718	-0.987802	0	None	None
ChainingRodShaped	6991	3.76313	0.5	-10.1343	20.1709	0	0.373653	0.927569	0	None	None
ChainingRodShaped	6775	3.90479	0.5	23.5319	38.7626	0	-0.487157	0.873315	0	None	None
ChainingRodShaped	7241	3.08386	0.5	-9.85838	65.4743	0	-0.949857	-0.312685	0	None	None
ChainingRodShaped	6931	4.25484	0.5	-2.00747	21.9987	0	0.225938	0.974142	0	None	None
ChainingRodShaped	6911	3.17407	0.5	29.5038	49.2902	0	0.184776	-0.982781	0	None	None
ChainingRodShaped	6368	4.79606	0.5	-38.3783	32.6207	0	0.317334	-0.948314	0	None	None
ChainingRodShaped	6370	4.55888	0.5	1.33211	24.3656	0	0.895429	0.445204	0	None	None
ChainingRodShaped	6372	4.64558	0.5	11.9449	16.9052	0	0.872691	0.488272	0	None	None
ChainingRodShaped	6933	3.16719	0.5	-45.1149	51.0452	0	-0.222299	-0.974979	0	None	None
ChainingRodShaped	6805	4.72774	0.5	-18.1688	14.7222	0	-0.800465	-0.59938	0	None	None
ChainingRodShaped	6378	4.74803	0.5	-33.3467	50.2233	0	0.999786	-0.0206954	0	None	None
ChainingRodShaped	6380	4.4236	0.5	-4.43073	41.2716	0	0.0542199	0.998529	0	None	None
ChainingRodShaped	6382	4.89784	0.5	1.55895	31.1958	0	0.824447	0.565939	0	None	None
ChainingRodShaped	6897	4.99381	0.5	-0.255659	20.1022	0	0.556361	0.830941	0	None	None
ChainingRodShaped	6386	4.31164	0.5	9.46184	63.7131	0	0.684259	-0.729239	0	None	None
ChainingRodShaped	7059	3.9222	0.5	-13.13	14.9766	0	-0.337356	-0.941377	0	None	None
ChainingRodShaped	7477	2.51165	0.5	-39.5795	37.0127	0	0.00239737	-0.999997	0	None	None
ChainingRodShaped	6871	3.88692	0.5	-25.3008	61.065	0	-0.602933	-0.797792	0	None	None
ChainingRodShaped	6979	3.76332	0.5	32.8098	55.2525	0	-0.417286	0.908775	0	None	None
ChainingRodShaped	7027	3.33223	0.5	-14.8622	21.1779	0	-0.0807529	-0.996734	0	None	None
ChainingRodShaped	7319	2.48984	0.5	19.3292	42.5636	0	0.193554	-0.98109	0	None	None
ChainingRodShaped	7223	2.99552	0.5	19.477	37.2809	0	0.308948	-0.951079	0	None	None
ChainingRodShaped	7395	2.32786	0.5	36.7938	54.2009	0	0.449922	-0.893068	0	None	None
ChainingRodShaped	6891	4.35228	0.5	-29.1596	27.2391	0	-0.10067	0.99492	0	None	None
ChainingRodShaped	6927	3.27226	0.5	-13.4748	39.5051	0	0.46905	0.883171	0	None	None
ChainingRodShaped	6408	4.47325	0.5	24.0299	36.2348	0	-0.754754	0.656008	0	None	None
ChainingRodShaped	7225	3.00921	0.5	3.73826	8.10597	0	0.579355	0.815076	0	None	None
ChainingRodShaped	6412	4.4072	0.5	8.06097	46.9347	0	-0.120669	0.992693	0	None	None
ChainingRodShaped	7441	2.25243	0.5	5.14835	6.94752	0	0.991305	0.131582	0	None	None
ChainingRodShaped	7015	3.30899	0.5	-2.02074	50.9411	0	-0.185854	0.982577	0	None	None
ChainingRodShaped	6849	4.19581	0.5	39.936	50.5335	0	0.474627	-0.880187	0	None	None
ChainingRodShaped	6963	3.52517	0.5	-30.5133	53.6304	0	-0.480175	-0.877173	0	None	None
ChainingRodShaped	7273	3.20102	0.5	-37.6358	62.5807	0	0.882142	-0.470984	0	None	None
ChainingRodShaped	6895	4.35098	0.5	1.61762	21.2099	0	0.550615	0.834759	0	None	None
ChainingRodShaped	7093	3.29239	0.5	-2.81904	4.59338	0	-0.912507	-0.409062	0	None	None
ChainingRodShaped	7025	4.02994	0.5	1.00706	12.9123	0	-0.979004	-0.203842	0	None	None
ChainingRodShaped	6899	4.76171	0.5	-2.66872	37.2052	0	0.99955	0.0299962	0	None	None
ChainingRodShaped	6925	4.6313	0.5	4.49191	53.7854	0	0.12849	0.991711	0	None	None
ChainingRodShaped	7501	2.31882	0.5	-22.3565	29.8087	0	-0.455892	0.890035	0	None	None
ChainingRodShaped	7259	3.24703	0.5	-16.6807	30.3179	0	0.447889	-0.894089	0	None	None
ChainingRodShaped	6969	4.22639	0.5	-46.1703	56.576	0	0.0378715	-0.999283	0	None	None
ChainingRodShaped	6965	4.44219	0.5	33.6515	27.8572	0	-0.36969	-0.929155	0	None	None
ChainingRodShaped	6442	4.30938	0.5	-4.96266	34.3316	0	-0.998506	-0.0546419	0	None	None
ChainingRodShaped	7483	2.23265	0.5	-29.6062	34.0579	0	0.264376	-0.96442	0	None	None
ChainingRodShaped	7307	2.62114	0.5	-24.2899	23.9005	0	0.521629	-0.853173	0	None	None
ChainingRodShaped	7261	2.5851	0.5	-44.7067	46.0964	0	-0.35494	-0.934889	0	None	None
ChainingRodShaped	7121	2.75054	0.5	-29.7815	17.6085	0	0.701386	-0.712782	0	None	None
ChainingRodShaped	6452	4.61787	0.5	-10.2983	37.396	0	0.463659	0.886014	0	None	None
ChainingRodShaped	7215	3.01895	0.5	11.3669	44.9282	0	0.237638	-0.971354	0	None	None
ChainingRodShaped	7315	2.54209	0.5	-6.19185	14.6707	0	-0.39799	-0.91739	0	None	None
ChainingRodShaped	6458	4.7584	0.5	-11.1711	53.0938	0	0.697324	0.716756	0	None	None
ChainingRodShaped	7053	2.80435	0.5	-3.06068	47.3157	0	-0.309778	0.950809	0	None	None
ChainingRodShaped	6929	4.40761	0.5	-28.1274	17.498	0	0.393135	-0.919481	0	None	None
ChainingRodShaped	7091	2.77862	0.5	-39.4219	58.7617	0	0.691921	-0.721974	0	None	None
ChainingRodShaped	6466	4.69279	0.5	12.9426	61.7969	0	-0.417883	-0.908501	0	None	None
ChainingRodShaped	6468	4.46309	0.5	-45.2158	41.9209	0	-0.328952	-0.944347	0	None	None
ChainingRodShaped	7055	3.07099	0.5	-32.5855	51.1445	0	0.999859	-0.0167999	0	None	None
ChainingRodShaped	7001	3.34941	0.5	14.6295	14.9511	0	0.892522	0.451003	0	None	None
ChainingRodShaped	7603	2.00368	0.5	32.1993	50.6921	0	-0.183859	0.982953	0	None	None
ChainingRodShaped	7111	3.76529	0.5	36.2282	47.1154	0	-0.477144	0.878825	0	None	None
ChainingRodShaped	7461	2.6092	0.5	27.5848	30.7221	0	-0.856844	-0.515576	0	None	None
ChainingRodShaped	6943	4.5296	0.5	-7.81596	46.1188	0	0.196235	0.980557	0	None	None
ChainingRodShaped	7235	3.2744	0.5	27.7566	23.2921	0	-0.596511	-0.802605	0	None	None
ChainingRodShaped	7255	3.4136	0.5	9.60578	17.8232	0	0.856409	0.516299	0	None	None
ChainingRodShaped	6486	4.99344	0.5	-28.085	19.8822	0	-0.383921	0.923366	0	None	None
ChainingRodShaped	7207	3.19769	0.5	-42.497	47.6514	0	-0.164315	-0.986408	0	None	None
ChainingRodShaped	7339	2.43398	0.5	30.8003	52.9097	0	-0.185118	0.982716	0	None	None
ChainingRodShaped	6492	4.65058	0.5	-23.1043	50.8269	0	0.0480556	0.998845	0	None	None
ChainingRodShaped	7233	3.37677	0.5	13.3335	55.9604	0	-0.49438	-0.869246	0	None	None
ChainingRodShaped	7057	3.56952	0.5	35.0751	46.2723	0	-0.243687	0.969854	0	None	None
ChainingRodShaped	7141	3.67522	0.5	4.62192	17.8847	0	-0.992184	-0.124781	0	None	None
ChainingRodShaped	7023	3.72626	0.5	0.672317	54.0849	0	-0.0745945	-0.997214	0	None	None
ChainingRodShaped	7123	3.14223	0.5	8.12242	30.6443	0	0.717783	0.696267	0	None	None
ChainingRodShaped	6504	4.4307	0.5	39.5311	32.8717	0	-0.181869	0.983323	0	None	None
ChainingRodShaped	6506	4.87954	0.5	26.1666	51.2636	0	0.185049	-0.982729	0	None	None
ChainingRodShaped	7243	3.05981	0.5	0.864216	16.6637	0	-0.645639	-0.763643	0	None	None
ChainingRodShaped	7227	3.35409	0.5	17.1	58.3626	0	-0.571155	-0.820842	0	None	None
ChainingRodShaped	7145	3.1101	0.5	-34.554	57.8895	0	0.9512	-0.308574	0	None	None
ChainingRodShaped	7095	3.46131	0.5	-28.3244	44.1186	0	0.569275	-0.822147	0	None	None
ChainingRodShaped	7457	2.29141	0.5	-46.9912	53.0977	0	0.0553473	-0.998467	0	None	None
ChainingRodShaped	7517	2.34528	0.5	15.6442	21.5829	0	0.761285	0.648418	0	None	None
ChainingRodShaped	6520	4.8413	0.5	8.12324	9.83178	0	0.687448	0.726234	0	None	None
ChainingRodShaped	7043	3.91973	0.5	-21.2214	49.7801	0	-0.00174915	0.999998	0	None	None
ChainingRodShaped	7069	4.18106	0.5	-20.2352	61.7999	0	-0.342345	-0.939574	0	None	None
ChainingRodShaped	7039	3.98566	0.5	-0.738379	39.3616	0	-0.956535	0.291616	0	None	None
ChainingRodShaped	7365	2.77407	0.5	45.7373	41.6008	0	-0.833273	-0.552862	0	None	None
ChainingRodShaped	7119	3.13184	0.5	13.6849	25.1257	0	0.996885	-0.0788703	0	None	None
ChainingRodShaped	6532	4.80682	0.5	27.6483	24.7937	0	-0.594944	-0.803767	0	None	None
ChainingRodShaped	7467	2.36658	0.5	-41.4736	52.3359	0	0.14996	-0.988692	0	None	None
ChainingRodShaped	7573	2.13415	0.5	-11.5071	29.1844	0	0.516608	-0.856222	0	None	None
ChainingRodShaped	7219	3.51731	0.5	27.0598	27.2616	0	-0.59305	-0.805166	0	None	None
ChainingRodShaped	7327	2.92677	0.5	38.9516	44.3953	0	0.36857	0.9296	0	None	None
ChainingRodShaped	7133	3.63091	0.5	-21.7609	25.8872	0	0.686704	-0.726937	0	None	None
ChainingRodShaped	7349	2.63344	0.5	-41.4159	61.0958	0	0.981778	-0.19003	0	None	None
ChainingRodShaped	7167	2.74261	0.5	-24.8301	40.2427	0	-0.0323627	0.999476	0	None	None
ChainingRodShaped	6548	3.82461	0.5	0.312599	43.0427	0	-0.966491	0.256701	0	None	None
ChainingRodShaped	6550	4.13482	0.5	36.1578	60.2474	0	-0.175227	-0.984528	0	None	None
ChainingRodShaped	6552	4.85948	0.5	21.8084	51.6237	0	-0.610739	-0.791832	0	None	None
ChainingRodShaped	6554	3.81958	0.5	36.2084	39.7281	0	-0.36915	0.92937	0	None	None
ChainingRodShaped	7503	2.17803	0.5	-12.6267	28.7859	0	0.305538	-0.95218	0	None	None
ChainingRodShaped	7079	4.1989	0.5	49.7907	47.7509	0	0.0695432	-0.997579	0	None	None
ChainingRodShaped	7073	2.98065	0.5	28.499	43.5094	0	0.466849	-0.884337	0	None	None
ChainingRodShaped	6562	4.16181	0.5	-23.6946	58.6817	0	-0.46012	-0.887857	0	None	None
ChainingRodShaped	6564	3.93189	0.5	-4.18994	24.9303	0	0.254254	0.967137	0	None	None
ChainingRodShaped	6566	3.89775	0.5	-14.1887	33.5242	0	0.999795	0.0202294	0	None	None
ChainingRodShaped	7385	2.43997	0.5	44.681	36.8613	0	0.997029	0.0770332	0	None	None
ChainingRodShaped	6570	4.91635	0.5	0.32236	17.5052	0	0.640938	0.767592	0	None	None
ChainingRodShaped	7165	3.30116	0.5	-6.29522	32.9543	0	0.955263	0.295757	0	None	None
ChainingRodShaped	6574	4.85855	0.5	-19.5693	60.8303	0	-0.349689	-0.936866	0	None	None
ChainingRodShaped	6576	4.08373	0.5	16.027	35.5155	0	0.742382	-0.669977	0	None	None
ChainingRodShaped	6578	4.45444	0.5	-22.0697	24.8424	0	-0.688595	0.725146	0	None	None
ChainingRodShaped	6580	4.72941	0.5	-4.04489	55.9168	0	0.781601	-0.623779	0	None	None
ChainingRodShaped	7509	2.29499	0.5	8.10908	13.1697	0	0.468343	0.883547	0	None	None
ChainingRodShaped	7599	2.01872	0.5	16.6008	36.8791	0	0.958887	-0.283789	0	None	None
ChainingRodShaped	7129	3.3914	0.5	-40.2152	29.5972	0	0.606459	-0.795115	0	None	None
ChainingRodShaped	7495	2.43516	0.5	-26.8961	22.2564	0	0.43833	-0.898814	0	None	None
ChainingRodShaped	7393	2.48606	0.5	8.9855	42.6334	0	-0.275169	0.961396	0	None	None
ChainingRodShaped	7303	2.8565	0.5	-8.98497	24.099	0	-0.503451	-0.864024	0	None	None
ChainingRodShaped	6594	4.7015	0.5	24.3575	41.1925	0	-0.084365	0.996435	0	None	None
ChainingRodShaped	7171	3.67124	0.5	11.1891	60.4946	0	-0.456069	-0.889944	0	None	None
ChainingRodShaped	7429	2.35441	0.5	-39.4122	25.9057	0	0.783477	-0.621421	0	None	None
ChainingRodShaped	7199	3.26987	0.5	-14.1865	65.7127	0	-0.590765	0.806844	0	None	None
ChainingRodShaped	7117	3.70655	0.5	-19.4325	29.4558	0	0.448907	-0.893578	0	None	None
ChainingRodShaped	6604	4.80233	0.5	-13.0111	50.383	0	0.95964	0.281232	0	None	None
ChainingRodShaped	7445	2.53652	0.5	1.83374	12.0955	0	-0.980155	-0.198234	0	None	None
ChainingRodShaped	6608	3.79969	0.5	3.40493	11.3222	0	-0.990299	-0.138956	0	None	None
ChainingRodShaped	7247	3.07973	0.5	16.9286	46.7634	0	0.931659	0.363334	0	None	None
ChainingRodShaped	6612	3.84155	0.5	10.7489	19.6556	0	0.851294	0.524689	0	None	None
ChainingRodShaped	6614	3.7099	0.5	-11.0023	10.8432	0	0.951977	0.306169	0	None	None
ChainingRodShaped	6616	4.74455	0.5	-43.8037	58.4632	0	0.797466	-0.603364	0	None	None
ChainingRodShaped	7479	2.2286	0.5	32.9467	59.5681	0	-0.9934	-0.114703	0	None	None
ChainingRodShaped	6620	4.83527	0.5	5.95997	65.1455	0	0.363246	-0.931693	0	None	None
ChainingRodShaped	6622	4.81865	0.5	-40.7478	54.1086	0	0.140061	-0.990143	0	None	None
ChainingRodShaped	7317	2.89408	0.5	31.1156	42.4654	0	0.304024	-0.952664	0	None	None
ChainingRodShaped	7583	2.08607	0.5	-23.7104	29.638	0	-0.719876	0.694103	0	None	None
ChainingRodShaped	7251	3.02591	0.5	-18.3371	61.3419	0	0.354062	0.935222	0	None	None
ChainingRodShaped	6630	3.89651	0.5	0.370844	41.0358	0	-0.962096	0.272713	0	None	None
ChainingRodShaped	6632	4.81152	0.5	-22.9799	40.4786	0	0.0503255	-0.998733	0	None	None
ChainingRodShaped	7183	3.65033	0.5	13.6151	58.6247	0	-0.425786	-0.904824	0	None	None
ChainingRodShaped	6636	4.47766	0.5	45.1018	43.9507	0	-0.746516	-0.665367	0	None	None
ChainingRodShaped	7473	2.37489	0.5	0.80574	33.1802	0	0.897846	0.44031	0	None	None
ChainingRodShaped	7209	3.40788	0.5	6.71192	55.1012	0	0.741909	0.6705	0	None	None
ChainingRodShaped	6642	4.16703	0.5	-24.9319	23.1238	0	0.526651	-0.850081	0	None	None
ChainingRodShaped	6644	4.77888	0.5	25.4493	30.9681	0	-0.0799205	0.996801	0	None	None
ChainingRodShaped	7523	2.1116	0.5	-20.5027	37.4009	0	-0.590905	-0.806741	0	None	None
ChainingRodShaped	6648	4.45318	0.5	23.488	31.2152	0	0.0852881	-0.996356	0	None	None
ChainingRodShaped	7411	2.70378	0.5	-16.0849	61.5587	0	-0.958681	-0.284485	0	None	None
ChainingRodShaped	6652	4.22748	0.5	47.8898	45.6522	0	0.0256338	-0.999671	0	None	None
ChainingRodShaped	7431	2.24951	0.5	-35.2043	59.1201	0	0.950268	-0.311434	0	None	None
ChainingRodShaped	7293	2.5646	0.5	-24.6582	54.0743	0	-0.364069	-0.931372	0	None	None
ChainingRodShaped	6658	4.15143	0.5	-8.64183	18.7623	0	0.378759	0.925495	0	None	None
ChainingRodShaped	6660	3.82113	0.5	33.9105	32.4593	0	-0.992522	0.122068	0	None	None
ChainingRodShaped	6662	3.81429	0.5	8.05874	42.4316	0	-0.283565	0.958953	0	None	None
ChainingRodShaped	6664	3.69663	0.5	-24.4521	10.9594	0	0.43906	-0.898458	0	None	None
ChainingRodShaped	6666	3.90457	0.5	-36.5314	45.5085	0	-0.525356	-0.850882	0	None	None
ChainingRodShaped	6668	4.43207	0.5	-31.1496	57.0423	0	-0.346409	-0.938084	0	None	None
ChainingRodShaped	6670	4.00615	0.5	27.5234	39.0574	0	-0.589882	0.80749	0	None	None
ChainingRodShaped	6672	4.61967	0.5	-27.5603	38.9244	0	0.013315	-0.999911	0	None	None
ChainingRodShaped	7449	2.23624	0.5	-30.572	60.7792	0	0.908494	-0.417899	0	None	None
ChainingRodShaped	7257	3.09395	0.5	-21.1732	19.0703	0	0.084573	0.996417	0	None	None
ChainingRodShaped	6678	3.84143	0.5	16.1098	54.6996	0	-0.845182	-0.534479	0	None	None
ChainingRodShaped	6680	4.07745	0.5	40.9791	54.3645	0	0.0924672	-0.995716	0	None	None
ChainingRodShaped	7263	2.94144	0.5	-31.9286	38.5785	0	0.918924	-0.394436	0	None	None
ChainingRodShaped	7279	3.14183	0.5	27.2794	37.818	0	-0.58176	0.81336	0	None	None
ChainingRodShaped	6686	3.91218	0.5	-3.45669	35.3329	0	-0.999002	-0.044658	0	None	None
ChainingRodShaped	6688	3.55338	0.5	19.542	53.4735	0	-0.843232	-0.53755	0	None	None
ChainingRodShaped	6690	4.07631	0.5	36.5476	29.2352	0	-0.480015	-0.877261	0	None	None
ChainingRodShaped	6692	4.0435	0.5	9.79599	26.8756	0	0.691396	0.722476	0	None	None
ChainingRodShaped	7371	2.74853	0.5	2.04522	49.9533	0	0.0975812	-0.995228	0	None	None
ChainingRodShaped	6696	4.05021	0.5	-8.80373	58.5552	0	0.683915	0.729562	0	None	None
ChainingRodShaped	6698	4.6383	0.5	-29.037	13.1663	0	0.690946	-0.722907	0	None	None
ChainingRodShaped	7381	2.48408	0.5	-15.3274	29.9338	0	0.517977	-0.855394	0	None	None
ChainingRodShaped	7417	2.38473	0.5	19.3701	55.8913	0	-0.746276	-0.665636	0	None	None
ChainingRodShaped	6704	3.99933	0.5	18.5688	45.1121	0	0.351686	0.936118	0	None	None
ChainingRodShaped	7591	2.04484	0.5	-9.8999	64.4242	0	-0.950185	-0.311687	0	None	None
ChainingRodShaped	7361	2.3324	0.5	-16.7037	21.7043	0	-0.0607927	-0.99815	0	None	None
ChainingRodShaped	7291	2.87483	0.5	-5.75954	43.8083	0	-0.314718	0.949185	0	None	None
ChainingRodShaped	6712	4.61655	0.5	-16.9547	48.6364	0	-0.272838	0.96206	0	None	None
ChainingRodShaped	7451	2.4068	0.5	3.26894	45.289	0	-0.314874	0.949133	0	None	None
ChainingRodShaped	6716	3.7299	0.5	-48.0107	53.5736	0	0.0568872	-0.998381	0	None	None
ChainingRodShaped	6718	3.64694	0.5	-2.12429	59.0644	0	0.818944	0.573874	0	None	None
ChainingRodShaped	7305	2.91316	0.5	-44.788	48.5484	0	-0.371785	-0.928319	0	None	None
ChainingRodShaped	6722	4.45722	0.5	-7.64529	63.1016	0	-0.950733	-0.310012	0	None	None
ChainingRodShaped	6724	4.24234	0.5	15.0395	17.3852	0	0.902473	0.430747	0	None	None
ChainingRodShaped	6726	4.57082	0.5	4.21784	21.2518	0	0.909988	0.414634	0	None	None
ChainingRodShaped	6728	4.50386	0.5	-4.65435	27.7951	0	0.999917	-0.012854	0	None	None
ChainingRodShaped	6730	3.51052	0.5	-4.82409	29.6412	0	0.999273	-0.0381295	0	None	None
ChainingRodShaped	6732	4.10098	0.5	-33.7119	46.4661	0	0.620604	-0.784124	0	None	None
ChainingRodShaped	7325	2.82154	0.5	27.7509	58.4508	0	0.204277	-0.978913	0	None	None
ChainingRodShaped	7499	2.19383	0.5	-6.70754	21.2029	0	0.27786	0.960622	0	None	None
ChainingRodShaped	7557	2.13462	0.5	43.8523	46.1215	0	-0.361172	-0.932499	0	None	None
ChainingRodShaped	7323	2.66629	0.5	-10.0571	46.5714	0	0.429188	0.903215	0	None	None
ChainingRodShaped	7511	2.21889	0.5	43.3728	34.8128	0	0.462895	0.886413	0	None	None
ChainingRodShaped	7537	2.26151	0.5	-25.7518	40.5855	0	-0.0224066	0.999749	0	None	None
ChainingRodShaped	7359	2.57634	0.5	-0.440422	58.1694	0	-0.326624	-0.945154	0	None	None
ChainingRodShaped	7435	2.26481	0.5	21.1147	59.3959	0	-0.964281	0.264882	0	None	None
ChainingRodShaped	6750	3.42219	0.5	44.2057	51.2963	0	0.0817609	-0.996652	0	None	None
ChainingRodShaped	7561	2.14181	0.5	-24.4074	25.9556	0	-0.522781	0.852467	0	None	None
ChainingRodShaped	6754	4.13382	0.5	34.3323	39.2777	0	-0.372815	0.927906	0	None	None
ChainingRodShaped	7379	2.58594	0.5	-9.73136	48.9299	0	0.671285	0.741199	0	None	None
ChainingRodShaped	7447	2.30437	0.5	27.3871	50.0005	0	0.18829	-0.982113	0	None	None
ChainingRodShaped	6760	4.94355	0.5	36.2717	33.872	0	0.634047	-0.773294	0	None	None
ChainingRodShaped	6762	4.25693	0.5	-31.9202	31.6069	0	-0.274004	0.961728	0	None	None
ChainingRodShaped	6764	4.46673	0.5	-32.3659	26.6662	0	-0.507191	-0.861834	0	None	None
ChainingRodShaped	6766	4.47721	0.5	-18.121	44.5249	0	-0.232348	-0.972633	0	None	None
ChainingRodShaped	6768	3.70399	0.5	-22.2514	43.7534	0	-0.0603198	0.998179	0	None	None
ChainingRodShaped	6770	4.66019	0.5	7.13791	37.8389	0	-0.557411	0.830237	0	None	None
ChainingRodShaped	6772	4.09727	0.5	-16.776	54.8244	0	-0.452054	-0.891991	0	None	None
ChainingRodShaped	6774	4.95723	0.5	-19.9146	49.094	0	0.23159	0.972813	0	None	None
ChainingRodShaped	7391	2.59525	0.5	26.0889	36.0114	0	-0.507983	0.861367	0	None	None
ChainingRodShaped	6778	4.2678	0.5	20.9945	53.2538	0	-0.848565	-0.529091	0	None	None
ChainingRodShaped	7401	2.56655	0.5	-5.54648	49.1789	0	-0.226714	0.973961	0	None	None
ChainingRodShaped	7423	2.37473	0.5	-34.4969	24.9037	0	-0.491769	-0.870726	0	None	None
ChainingRodShaped	6784	3.9809	0.5	31.7392	29.4828	0	-0.914575	-0.404415	0	None	None
ChainingRodShaped	7387	2.54845	0.5	45.9847	38.9576	0	-0.996635	-0.0819635	0	None	None
ChainingRodShaped	7553	2.12585	0.5	-14.3483	41.907	0	0.451299	0.892373	0	None	None
ChainingRodShaped	6790	3.48576	0.5	-41.3205	39.5637	0	-0.381345	-0.924433	0	None	None
ChainingRodShaped	6792	4.63402	0.5	-16.157	58.1873	0	0.753844	-0.657053	0	None	None
ChainingRodShaped	6794	4.08689	0.5	-46.576	46.6776	0	-0.362483	-0.93199	0	None	None
ChainingRodShaped	7521	2.1795	0.5	10.2258	45.5682	0	0.218621	-0.97581	0	None	None
ChainingRodShaped	6798	4.78471	0.5	-0.469644	64.4613	0	0.920047	0.391808	0	None	None
ChainingRodShaped	6800	3.72945	0.5	13.6835	28.4871	0	0.953423	-0.301637	0	None	None
ChainingRodShaped	6802	4.51007	0.5	0.796826	37.8437	0	-0.944024	0.329876	0	None	None
ChainingRodShaped	6804	4.02207	0.5	-34.7552	38.3342	0	-0.979445	0.20171	0	None	None
ChainingRodShaped	6806	3.71477	0.5	-14.0797	17.9227	0	-0.790228	-0.612813	0	None	None
ChainingRodShaped	7549	2.15314	0.5	-9.90022	18.1968	0	0.37988	0.925036	0	None	None
ChainingRodShaped	7403	2.36994	0.5	-15.3427	12.3497	0	0.535939	0.844257	0	None	None
ChainingRodShaped	6812	4.50467	0.5	-23.8079	53.6229	0	-0.360552	-0.932739	0	None	None
ChainingRodShaped	7487	2.47616	0.5	-29.9234	12.6592	0	0.691112	-0.722747	0	None	None
ChainingRodShaped	6816	3.48244	0.5	15.2614	38.6009	0	0.892677	-0.450697	0	None	None
ChainingRodShaped	6818	3.81239	0.5	26.724	44.778	0	0.475671	-0.879623	0	None	None
ChainingRodShaped	6820	4.46812	0.5	13.2945	45.0577	0	0.246451	-0.969155	0	None	None
ChainingRodShaped	7453	2.43464	0.5	-12.5097	67.5779	0	-0.89849	0.438993	0	None	None
ChainingRodShaped	7571	2.15967	0.5	-25.3432	19.4814	0	0.245192	-0.969474	0	None	None
ChainingRodShaped	7533	2.2445	0.5	23.1288	59.4155	0	-0.345656	0.938361	0	None	None
ChainingRodShaped	7575	2.09337	0.5	-23.9921	41.9961	0	-0.0557057	0.998447	0	None	None
ChainingRodShaped	7507	2.28948	0.5	-17.5743	11.5326	0	0.799117	0.601175	0	None	None
ChainingRodShaped	6832	4.41272	0.5	-22.308	13.8664	0	0.00514065	0.999987	0	None	None
ChainingRodShaped	6834	3.6039	0.5	44.7909	55.9811	0	0.943787	-0.330554	0	None	None
ChainingRodShaped	7493	2.43908	0.5	-16.0853	48.9495	0	-0.278538	0.960425	0	None	None
ChainingRodShaped	7491	2.25525	0.5	-10.9282	11.8848	0	0.951785	0.306765	0	None	None
ChainingRodShaped	6840	3.57814	0.5	20.2038	48.681	0	-0.903422	0.428753	0	None	None
ChainingRodShaped	7489	2.23605	0.5	-9.17064	52.4483	0	-0.711501	-0.702685	0	None	None
ChainingRodShaped	6844	3.61494	0.5	-35.7957	34.2596	0	-0.616799	0.787121	0	None	None
ChainingRodShaped	6846	3.97658	0.5	-13.1435	52.3816	0	0.690127	0.723688	0	None	None
ChainingRodShaped	6848	4.50724	0.5	-17.5758	17.592	0	-0.788811	-0.614635	0	None	None
ChainingRodShaped	6850	4.70391	0.5	37.3874	55.2962	0	0.518016	-0.855371	0	None	None
ChainingRodShaped	6852	3.57799	0.5	30.5192	29.9945	0	-0.913268	-0.407358	0	None	None
ChainingRodShaped	6854	4.76259	0.5	9.27969	58.2581	0	-0.178738	-0.983897	0	None	None
ChainingRodShaped	6856	4.756	0.5	-39.3281	27.1038	0	0.783045	-0.621965	0	None	None
ChainingRodShaped	6858	3.14339	0.5	42.1593	38.6642	0	-0.997521	-0.070367	0	None	None
ChainingRodShaped	6860	3.31323	0.5	-47.5584	46.8533	0	-0.359821	-0.933022	0	None	None
ChainingRodShaped	7519	2.12898	0.5	18.3026	53.8212	0	-0.839367	-0.543566	0	None	None
ChainingRodShaped	6864	3.57927	0.5	16.2456	19.5565	0	0.756469	0.65403	0	None	None
ChainingRodShaped	6866	4.39185	0.5	5.817	24.0017	0	0.971157	0.23844	0	None	None
ChainingRodShaped	6868	4.20021	0.5	2.70008	67.7081	0	0.95749	0.288467	0	None	None
ChainingRodShaped	6870	3.57145	0.5	6.70925	65.8962	0	0.358497	-0.933531	0	None	None
ChainingRodShaped	6872	4.55264	0.5	-22.4873	64.9805	0	-0.790671	-0.612242	0	None	None
ChainingRodShaped	7547	2.26077	0.5	-12.0644	58.5236	0	0.91384	0.406074	0	None	None
ChainingRodShaped	6876	3.89098	0.5	-28.4655	38.6346	0	0.0116119	-0.999933	0	None	None
ChainingRodShaped	6878	4.52892	0.5	20.7005	40.5955	0	0.203352	-0.979106	0	None	None
ChainingRodShaped	6880	4.76135	0.5	-20.0192	42.1519	0	0.391231	0.920292	0	None	None
ChainingRodShaped	6882	3.79539	0.5	14.9378	45.3624	0	0.596727	-0.802444	0	None	None
ChainingRodShaped	6884	3.92052	0.5	31.0415	35.2952	0	0.560041	-0.828465	0	None	None
ChainingRodShaped	6886	3.34944	0.5	7.20373	52.4881	0	0.163536	0.986537	0	None	None
ChainingRodShaped	6888	3.22841	0.5	-16.3485	39.6383	0	0.209382	0.977834	0	None	None
ChainingRodShaped	6890	4.37665	0.5	2.58623	15.3987	0	0.733551	0.679635	0	None	None
ChainingRodShaped	6892	3.35294	0.5	-28.1492	22.576	0	-0.43955	0.898218	0	None	None
ChainingRodShaped	6894	4.26695	0.5	-38.3844	49.8763	0	-0.518301	-0.855198	0	None	None
ChainingRodShaped	6896	3.61709	0.5	-1.18852	17.1595	0	0.641386	0.767218	0	None	None
ChainingRodShaped	6898	4.13847	0.5	-3.07298	16.9512	0	0.223348	0.974739	0	None	None
ChainingRodShaped	6900	3.36473	0.5	-7.67418	37.1359	0	0.999779	-0.0210088	0	None	None
ChainingRodShaped	6902	3.21664	0.5	-16.9137	41.5138	0	0.212846	0.977086	0	None	None
ChainingRodShaped	6904	3.08515	0.5	42.8712	55.3981	0	0.709705	-0.704499	0	None	None
ChainingRodShaped	6906	4.83854	0.5	-8.28356	40.5225	0	0.0024955	0.999997	0	None	None
ChainingRodShaped	6908	4.75891	0.5	3.22686	63.6633	0	-0.250998	-0.967988	0	None	None
ChainingRodShaped	6910	3.15114	0.5	12.3592	41.0505	0	0.256025	-0.96667	0	None	None
ChainingRodShaped	6912	4.36653	0.5	28.6204	53.96	0	0.182776	-0.983155	0	None	None
ChainingRodShaped	6914	4.7766	0.5	21.5638	40.9581	0	-0.201582	0.979472	0	None	None
ChainingRodShaped	6916	3.951	0.5	-13.1979	60.3536	0	0.957761	0.287566	0	None	None
ChainingRodShaped	6918	3.62453	0.5	-17.4144	7.76445	0	0.99844	-0.0558414	0	None	None
ChainingRodShaped	6920	3.50834	0.5	38.9937	58.3277	0	0.519357	-0.854557	0	None	None
ChainingRodShaped	6922	3.15033	0.5	-12.4842	55.912	0	0.664903	0.74693	0	None	None
ChainingRodShaped	6924	4.42304	0.5	-20.0704	28.615	0	0.456831	-0.889553	0	None	None
ChainingRodShaped	6926	3.31362	0.5	5.13618	51.3424	0	0.14925	0.9888	0	None	None
ChainingRodShaped	6928	3.687	0.5	-15.4966	37.0954	0	0.999985	-0.00539078	0	None	None
ChainingRodShaped	6930	3.54115	0.5	-30.0944	22.0277	0	0.409662	-0.912238	0	None	None
ChainingRodShaped	6932	3.25849	0.5	-0.870276	20.792	0	0.546955	0.837162	0	None	None
ChainingRodShaped	6934	2.99446	0.5	-44.8515	55.0054	0	0.225267	-0.974297	0	None	None
ChainingRodShaped	6936	3.50408	0.5	-28.4638	63.3903	0	0.949803	-0.312848	0	None	None
ChainingRodShaped	6938	4.32267	0.5	14.9195	64.1142	0	-0.0542757	-0.998526	0	None	None
ChainingRodShaped	6940	3.31681	0.5	-19.6355	46.2523	0	-0.241312	-0.970448	0	None	None
ChainingRodShaped	6942	3.21113	0.5	6.86	43.1873	0	-0.275616	0.961268	0	None	None
ChainingRodShaped	6944	4.4699	0.5	-7.34354	40.3443	0	0.00176835	0.999998	0	None	None
ChainingRodShaped	6946	3.34639	0.5	23.3226	42.4005	0	-0.09432	0.995542	0	None	None
ChainingRodShaped	6948	4.51372	0.5	-15.8033	35.3079	0	1	0.000218258	0	None	None
ChainingRodShaped	6950	3.10504	0.5	29.3681	23.7751	0	-0.608311	-0.793699	0	None	None
ChainingRodShaped	6952	4.28354	0.5	31.7228	25.7948	0	-0.39973	-0.916633	0	None	None
ChainingRodShaped	6954	3.01751	0.5	-33.1494	20.6538	0	-0.671639	-0.740879	0	None	None
ChainingRodShaped	6956	3.45277	0.5	-13.6131	41.2613	0	0.460206	0.887812	0	None	None
ChainingRodShaped	6958	3.83692	0.5	-9.46921	30.7184	0	0.999841	-0.0178498	0	None	None
ChainingRodShaped	6960	3.74532	0.5	43.3488	43.715	0	-0.74841	-0.663237	0	None	None
ChainingRodShaped	6962	3.18405	0.5	38.1467	45.4878	0	0.250465	0.968126	0	None	None
ChainingRodShaped	6964	4.2664	0.5	-29.0449	57.2505	0	0.162138	-0.986768	0	None	None
ChainingRodShaped	6966	4.29544	0.5	35.761	29.8216	0	-0.480289	-0.87711	0	None	None
ChainingRodShaped	6968	4.66242	0.5	-14.8317	25.9174	0	0.214414	-0.976743	0	None	None
ChainingRodShaped	6970	3.50885	0.5	-46.8339	60.5533	0	-0.227116	-0.973868	0	None	None
ChainingRodShaped	6972	4.62587	0.5	-22.9684	20.4107	0	-0.128606	-0.991696	0	None	None
ChainingRodShaped	6974	3.88568	0.5	36.546	48.5671	0	-0.481941	0.876204	0	None	None
ChainingRodShaped	6976	4.02136	0.5	-28.9802	15.5347	0	0.806942	-0.590631	0	None	None
ChainingRodShaped	6978	3.73894	0.5	-31.199	32.548	0	-0.274534	0.961577	0	None	None
ChainingRodShaped	6980	3.45438	0.5	34.1304	50.8842	0	-0.18699	0.982362	0	None	None
ChainingRodShaped	6982	3.91152	0.5	25.5681	58.4503	0	0.340733	-0.94016	0	None	None
ChainingRodShaped	6984	4.17902	0.5	-8.96692	15.3268	0	0.762688	0.646766	0	None	None
ChainingRodShaped	6986	4.47732	0.5	-20.2386	8.34608	0	0.796553	0.604569	0	None	None
ChainingRodShaped	6988	3.90444	0.5	-28.2023	54.2745	0	-0.672757	-0.739864	0	None	None
ChainingRodShaped	6990	3.51687	0.5	-15.8223	36.2026	0	-0.999993	0.0038359	0	None	None
ChainingRodShaped	6992	3.99485	0.5	-11.899	15.6419	0	0.337849	0.941201	0	None	None
ChainingRodShaped	6994	3.92617	0.5	7.03463	30.8208	0	0.724725	0.689038	0	None	None
ChainingRodShaped	6996	4.35787	0.5	-11.4392	21.903	0	0.509386	0.860538	0	None	None
ChainingRodShaped	6998	4.10138	0.5	12.2068	11.6421	0	0.923867	-0.382715	0	None	None
ChainingRodShaped	7000	3.96182	0.5	-3.89161	46.8476	0	-0.306066	0.95201	0	None	None
ChainingRodShaped	7002	3.64881	0.5	10.5898	14.4316	0	0.92383	-0.382804	0	None	None
ChainingRodShaped	7004	3.57345	0.5	-30.0727	32.0922	0	-0.267465	0.963568	0	None	None
ChainingRodShaped	7006	3.53694	0.5	-6.40213	40.8967	0	0.00779764	0.99997	0	None	None
ChainingRodShaped	7008	3.19607	0.5	13.5416	31.1751	0	0.273728	0.961807	0	None	None
ChainingRodShaped	7010	2.87286	0.5	-12.5789	39.1807	0	0.461945	0.886908	0	None	None
ChainingRodShaped	7012	3.10419	0.5	-3.4938	64.0752	0	0.284976	0.958535	0	None	None
ChainingRodShaped	7014	4.28671	0.5	-0.954044	33.3334	0	0.886825	0.462106	0	None	None
ChainingRodShaped	7016	3.0234	0.5	-0.911228	46.9846	0	-0.272135	0.962259	0	None	None
ChainingRodShaped	7018	4.42481	0.5	4.29552	31.9817	0	0.747757	0.663973	0	None	None
ChainingRodShaped	7020	3.13217	0.5	11.0045	13.2053	0	0.923896	-0.382644	0	None	None
ChainingRodShaped	7022	3.46333	0.5	21.6523	26.843	0	0.154644	-0.98797	0	None	None
ChainingRodShaped	7024	2.96654	0.5	0.622064	58.3396	0	-0.336048	-0.941845	0	None	None
ChainingRodShaped	7026	4.2963	0.5	4.91739	13.7152	0	-0.953743	0.300625	0	None	None
ChainingRodShaped	7028	4.21003	0.5	-13.9128	25.9384	0	0.207434	-0.978249	0	None	None
ChainingRodShaped	7030	2.8389	0.5	-30.0514	50.7083	0	0.121088	-0.992642	0	None	None
ChainingRodShaped	7032	4.0068	0.5	9.35677	21.9074	0	-0.963372	-0.268169	0	None	None
ChainingRodShaped	7034	3.24395	0.5	-44.6874	40.4833	0	-0.332362	-0.943152	0	None	None
ChainingRodShaped	7036	2.88069	0.5	25.1958	51.1621	0	0.184132	-0.982901	0	None	None
ChainingRodShaped	7038	3.33282	0.5	-39.8856	54.9804	0	0.133603	-0.991035	0	None	None
ChainingRodShaped	7040	3.63202	0.5	3.72304	37.7726	0	-0.92754	0.373724	0	None	None
ChainingRodShaped	7042	3.97833	0.5	23.4001	25.7142	0	0.456834	-0.889552	0	None	None
ChainingRodShaped	7044	3.30842	0.5	-21.3789	45.2493	0	-0.0192382	0.999815	0	None	None
ChainingRodShaped	7046	3.53684	0.5	-36.2656	47.7901	0	-0.521656	-0.853156	0	None	None
ChainingRodShaped	7048	3.56197	0.5	-0.766829	11.3013	0	-0.868752	0.495247	0	None	None
ChainingRodShaped	7050	3.11143	0.5	-35.8707	41.4999	0	0.98981	-0.142396	0	None	None
ChainingRodShaped	7052	2.93285	0.5	-8.37654	36.2053	0	0.999782	-0.020856	0	None	None
ChainingRodShaped	7054	3.24709	0.5	-2.43461	43.4358	0	0.0557561	0.998444	0	None	None
ChainingRodShaped	7056	3.98459	0.5	-33.9481	52.6208	0	0.723861	0.689946	0	None	None
ChainingRodShaped	7058	2.97258	0.5	36.3293	42.2021	0	-0.336116	0.941821	0	None	None
ChainingRodShaped	7060	4.11862	0.5	-11.0961	20.1951	0	-0.382907	-0.923787	0	None	None
ChainingRodShaped	7062	3.02542	0.5	-30.1624	62.8397	0	0.886287	-0.463137	0	None	None
ChainingRodShaped	7064	3.85991	0.5	-40.5457	37.0369	0	-0.00218296	-0.999998	0	None	None
ChainingRodShaped	7066	3.98614	0.5	0.23643	29.0597	0	0.941424	0.337226	0	None	None
ChainingRodShaped	7068	3.88526	0.5	-3.77433	6.1715	0	-0.777312	-0.629115	0	None	None
ChainingRodShaped	7070	3.48125	0.5	-17.2188	64.7691	0	-0.993336	-0.115253	0	None	None
ChainingRodShaped	7072	3.78132	0.5	10.2172	25.9705	0	0.693488	0.720468	0	None	None
ChainingRodShaped	7074	3.57449	0.5	26.4566	47.2205	0	0.48866	-0.872474	0	None	None
ChainingRodShaped	7076	3.7826	0.5	16.5842	28.283	0	-0.21351	0.976941	0	None	None
ChainingRodShaped	7078	3.86789	0.5	-1.25532	6.68812	0	0.839826	0.542856	0	None	None
ChainingRodShaped	7080	3.11334	0.5	47.5256	51.5386	0	0.653178	-0.757204	0	None	None
ChainingRodShaped	7082	4.09413	0.5	-31	62.1659	0	0.886887	-0.461986	0	None	None
ChainingRodShaped	7084	2.97976	0.5	-21.9269	62.8568	0	-0.336051	-0.941844	0	None	None
ChainingRodShaped	7086	4.23245	0.5	29.999	57.1537	0	-0.18704	0.982352	0	None	None
ChainingRodShaped	7088	3.53757	0.5	-34.9323	40.3873	0	0.988336	-0.152291	0	None	None
ChainingRodShaped	7090	3.19351	0.5	33.7433	38.18	0	-0.380218	0.924897	0	None	None
ChainingRodShaped	7092	4.19374	0.5	-42.1302	59.6827	0	0.799659	-0.600454	0	None	None
ChainingRodShaped	7094	2.85236	0.5	1.18359	7.09717	0	-0.834395	-0.551168	0	None	None
ChainingRodShaped	7096	3.96577	0.5	-29.7626	47.6241	0	0.636095	-0.771611	0	None	None
ChainingRodShaped	7098	4.14511	0.5	45.0764	52.8318	0	0.0797538	-0.996815	0	None	None
ChainingRodShaped	7100	3.25863	0.5	44.3003	34.4522	0	-0.465568	-0.885012	0	None	None
ChainingRodShaped	7102	3.53442	0.5	11.0439	57.1439	0	-0.206727	-0.978399	0	None	None
ChainingRodShaped	7104	3.81151	0.5	-1.5833	25.0804	0	0.901732	0.432295	0	None	None
ChainingRodShaped	7106	3.68029	0.5	-21.9575	38.226	0	-0.0236455	-0.99972	0	None	None
ChainingRodShaped	7108	3.15766	0.5	-13.6835	45.2086	0	0.38064	0.924723	0	None	None
ChainingRodShaped	7110	3.45212	0.5	18.7012	35.2522	0	0.9505	-0.310726	0	None	None
ChainingRodShaped	7112	2.93091	0.5	36.9398	43.3788	0	-0.334852	0.942271	0	None	None
ChainingRodShaped	7114	3.28588	0.5	2.42002	57.7987	0	-0.354815	-0.934937	0	None	None
ChainingRodShaped	7116	2.81711	0.5	-37.1481	29.4978	0	0.892612	0.450826	0	None	None
ChainingRodShaped	7118	4.09499	0.5	-21.0079	33.5835	0	-0.0579339	-0.99832	0	None	None
ChainingRodShaped	7120	3.22624	0.5	10.7835	25.2021	0	0.687571	0.726117	0	None	None
ChainingRodShaped	7122	3.79935	0.5	-30.6507	20.8559	0	0.401584	-0.915822	0	None	None
ChainingRodShaped	7124	3.58962	0.5	5.16666	27.4817	0	0.65652	0.754309	0	None	None
ChainingRodShaped	7126	3.13522	0.5	20.1037	38.8688	0	0.213125	-0.977025	0	None	None
ChainingRodShaped	7128	3.02828	0.5	12.7864	24.2282	0	0.996573	-0.082723	0	None	None
ChainingRodShaped	7130	2.71802	0.5	-43.1426	31.2342	0	0.694913	-0.719093	0	None	None
ChainingRodShaped	7132	3.75684	0.5	-9.94403	34.3605	0	-0.99983	0.018422	0	None	None
ChainingRodShaped	7134	3.85747	0.5	-24.8238	29.4011	0	0.717512	-0.696546	0	None	None
ChainingRodShaped	7136	3.03433	0.5	-4.87945	66.2121	0	-0.268829	-0.963188	0	None	None
ChainingRodShaped	7138	3.20748	0.5	33.16	56.9067	0	-0.393986	0.919116	0	None	None
ChainingRodShaped	7140	3.7735	0.5	11.6565	21.5537	0	0.938941	0.344078	0	None	None
ChainingRodShaped	7142	3.55411	0.5	7.82776	19.5078	0	-0.959834	-0.280569	0	None	None
ChainingRodShaped	7144	3.62376	0.5	-14.8833	52.3224	0	0.43893	0.898521	0	None	None
ChainingRodShaped	7146	2.87046	0.5	-38.1794	59.4357	0	0.859519	-0.511105	0	None	None
ChainingRodShaped	7148	3.5761	0.5	-3.89692	57.0022	0	0.777245	-0.629198	0	None	None
ChainingRodShaped	7150	3.4138	0.5	17.3646	44.6001	0	-0.360259	-0.932852	0	None	None
ChainingRodShaped	7152	2.72156	0.5	-34.7939	42.3351	0	0.991993	-0.126292	0	None	None
ChainingRodShaped	7154	2.9039	0.5	-14.5513	18.728	0	-0.785989	-0.618241	0	None	None
ChainingRodShaped	7156	3.45991	0.5	-6.32522	58.4234	0	0.697135	0.716939	0	None	None
ChainingRodShaped	7158	2.99961	0.5	34.9058	24.0738	0	-0.706265	-0.707948	0	None	None
ChainingRodShaped	7160	2.68378	0.5	-49.03	53.9783	0	0.0578077	-0.998328	0	None	None
ChainingRodShaped	7162	3.15925	0.5	-34.0478	43.1876	0	0.990682	-0.136198	0	None	None
ChainingRodShaped	7164	3.48976	0.5	-38.5892	56.4391	0	0.685001	-0.728542	0	None	None
ChainingRodShaped	7166	3.78213	0.5	-10.1875	31.6715	0	0.999858	-0.0168474	0	None	None
ChainingRodShaped	7168	3.10044	0.5	-24.7574	36.3293	0	-0.00111608	0.999999	0	None	None
ChainingRodShaped	7170	3.44312	0.5	-33.3558	44.0521	0	0.989912	-0.141681	0	None	None
ChainingRodShaped	7172	3.23022	0.5	11.8022	64.5189	0	0.384248	-0.92323	0	None	None
ChainingRodShaped	7174	3.03259	0.5	-26.3351	18.708	0	0.139839	-0.990174	0	None	None
ChainingRodShaped	7176	3.73887	0.5	25.7735	20.0122	0	-0.0175081	-0.999847	0	None	None
ChainingRodShaped	7178	2.84159	0.5	0.585953	25.0451	0	0.899197	0.437543	0	None	None
ChainingRodShaped	7180	2.64051	0.5	37.3834	35.5537	0	-0.642443	0.766334	0	None	None
ChainingRodShaped	7182	2.83909	0.5	-1.56078	45.7983	0	-0.281754	0.959487	0	None	None
ChainingRodShaped	7184	3.44595	0.5	16.2051	62.2265	0	-0.589076	-0.808078	0	None	None
ChainingRodShaped	7186	3.62721	0.5	-11.8494	36.4582	0	0.457812	0.889049	0	None	None
ChainingRodShaped	7188	2.85879	0.5	-30.1017	24.3407	0	-0.445229	0.895417	0	None	None
ChainingRodShaped	7190	2.61079	0.5	26.3043	32.6176	0	-0.0669668	0.997755	0	None	None
ChainingRodShaped	7192	3.20259	0.5	5.02044	64.0451	0	0.170417	-0.985372	0	None	None
ChainingRodShaped	7194	2.74568	0.5	-24.1864	32.3756	0	-0.272479	0.962162	0	None	None
ChainingRodShaped	7196	3.47384	0.5	-17.3484	25.3912	0	0.453762	-0.891123	0	None	None
ChainingRodShaped	7198	3.00412	0.5	34.069	57.2568	0	0.392017	-0.919958	0	None	None
ChainingRodShaped	7200	3.55033	0.5	-12.6447	65.3829	0	-0.469759	0.882794	0	None	None
ChainingRodShaped	7202	2.71449	0.5	1.56175	15.7741	0	-0.726716	-0.686938	0	None	None
ChainingRodShaped	7204	3.42849	0.5	1.11506	49.6192	0	0.0876254	-0.996153	0	None	None
ChainingRodShaped	7206	3.07415	0.5	-36.0952	28.9495	0	0.891897	0.452239	0	None	None
ChainingRodShaped	7208	2.79584	0.5	-42.362	51.5554	0	0.202692	-0.979243	0	None	None
ChainingRodShaped	7210	3.51136	0.5	6.15437	51.876	0	0.159148	0.987255	0	None	None
ChainingRodShaped	7212	2.77429	0.5	1.80387	23.5686	0	0.894709	0.446649	0	None	None
ChainingRodShaped	7214	2.7047	0.5	8.90239	51.1753	0	-0.177088	-0.984195	0	None	None
ChainingRodShaped	7216	3.00451	0.5	10.6614	48.7786	0	0.0645252	-0.997916	0	None	None
ChainingRodShaped	7218	3.46796	0.5	12.2409	18.1848	0	0.877407	0.479747	0	None	None
ChainingRodShaped	7220	2.86355	0.5	28.029	29.8637	0	-0.861952	-0.50699	0	None	None
ChainingRodShaped	7222	3.38612	0.5	-32.4808	47.9255	0	0.631863	-0.77508	0	None	None
ChainingRodShaped	7224	2.77485	0.5	18.662	41.0437	0	0.203366	-0.979103	0	None	None
ChainingRodShaped	7226	3.26874	0.5	0.662022	5.48684	0	0.809461	0.587173	0	None	None
ChainingRodShaped	7228	2.68211	0.5	20.0156	60.6904	0	-0.990191	-0.13972	0	None	None
ChainingRodShaped	7230	3.42165	0.5	-37.2415	49.8976	0	-0.517859	-0.855466	0	None	None
ChainingRodShaped	7232	2.92812	0.5	6.18914	56.8355	0	0.35399	0.935249	0	None	None
ChainingRodShaped	7234	3.36125	0.5	15.5564	59.6847	0	-0.594683	-0.80396	0	None	None
ChainingRodShaped	7236	2.6112	0.5	30.276	26.2777	0	-0.743609	-0.668615	0	None	None
ChainingRodShaped	7238	2.77728	0.5	-32.2832	60.5132	0	0.853503	-0.521087	0	None	None
ChainingRodShaped	7240	3.12835	0.5	2.92101	39.0962	0	-0.923756	0.382982	0	None	None
ChainingRodShaped	7242	2.5515	0.5	-6.45447	67.0528	0	-0.786775	-0.61724	0	None	None
ChainingRodShaped	7244	2.70906	0.5	3.81443	18.7543	0	-0.991702	-0.128561	0	None	None
ChainingRodShaped	7246	3.19621	0.5	-9.14279	29.7622	0	0.999927	-0.0120702	0	None	None
ChainingRodShaped	7248	3.23914	0.5	13.9931	47.807	0	0.944842	-0.327526	0	None	None
ChainingRodShaped	7250	3.04879	0.5	6.73101	26.3399	0	0.670419	0.741982	0	None	None
ChainingRodShaped	7252	3.23407	0.5	-18.3345	57.1503	0	0.0401814	0.999192	0	None	None
ChainingRodShaped	7254	2.72282	0.5	18.1032	21.8838	0	0.457162	-0.889383	0	None	None
ChainingRodShaped	7256	2.68217	0.5	6.17519	15.7001	0	0.845908	0.533328	0	None	None
ChainingRodShaped	7258	2.95179	0.5	-21.3332	15.0726	0	0.0151169	0.999886	0	None	None
ChainingRodShaped	7260	2.6243	0.5	-18.3974	33.7992	0	0.440462	-0.897771	0	None	None
ChainingRodShaped	7262	2.87028	0.5	-43.3146	49.2979	0	-0.0939162	-0.99558	0	None	None
ChainingRodShaped	7264	2.50921	0.5	-35.4663	39.4969	0	0.986762	-0.162174	0	None	None
ChainingRodShaped	7266	2.55946	0.5	15.429	57.6517	0	-0.506475	-0.862254	0	None	None
ChainingRodShaped	7268	3.12799	0.5	-3.76402	54.4751	0	-0.783774	0.621047	0	None	None
ChainingRodShaped	7270	2.6964	0.5	-25.8196	46.073	0	0.416137	0.909302	0	None	None
ChainingRodShaped	7272	2.76886	0.5	44.7786	57.6857	0	0.701645	-0.712526	0	None	None
ChainingRodShaped	7274	2.88715	0.5	-41.0738	62.6954	0	0.796694	-0.604383	0	None	None
ChainingRodShaped	7276	2.93934	0.5	11.6187	30.1948	0	0.676993	0.735989	0	None	None
ChainingRodShaped	7278	2.48123	0.5	10.4565	36.2965	0	-0.569318	0.822117	0	None	None
ChainingRodShaped	7280	2.64547	0.5	29.2418	34.5363	0	-0.548208	0.836342	0	None	None
ChainingRodShaped	7282	2.67068	0.5	-1.84516	25.9958	0	0.898607	0.438753	0	None	None
ChainingRodShaped	7284	3.04116	0.5	3.06471	34.0807	0	0.861686	-0.507441	0	None	None
ChainingRodShaped	7286	2.5646	0.5	40.4831	29.5005	0	0.411194	0.911548	0	None	None
ChainingRodShaped	7288	2.84974	0.5	39.1664	47.9017	0	-0.485905	0.874012	0	None	None
ChainingRodShaped	7290	3.24623	0.5	25.5212	26.9673	0	-0.647955	-0.761678	0	None	None
ChainingRodShaped	7292	2.56863	0.5	-5.46451	40.2582	0	0.0178068	0.999841	0	None	None
ChainingRodShaped	7294	3.22973	0.5	-23.1646	57.6302	0	-0.464642	-0.885499	0	None	None
ChainingRodShaped	7296	2.62388	0.5	4.45239	45.2753	0	-0.128596	0.991697	0	None	None
ChainingRodShaped	7298	2.4395	0.5	-25.4105	54.7815	0	-0.363476	-0.931604	0	None	None
ChainingRodShaped	7300	2.4034	0.5	-15.0669	31.3948	0	0.464938	-0.885343	0	None	None
ChainingRodShaped	7302	3.01461	0.5	-13.8949	16.8893	0	-0.787655	-0.616117	0	None	None
ChainingRodShaped	7304	2.77378	0.5	-7.2154	25.552	0	-0.330895	-0.943668	0	None	None
ChainingRodShaped	7306	2.78951	0.5	-43.8259	52.2313	0	-0.232059	-0.972702	0	None	None
ChainingRodShaped	7308	2.77979	0.5	-26.3951	26.8665	0	0.676607	-0.736345	0	None	None
ChainingRodShaped	7310	3.00715	0.5	-1.10159	30.5551	0	0.612807	0.790232	0	None	None
ChainingRodShaped	7312	2.6297	0.5	5.72649	8.81507	0	0.711929	0.702251	0	None	None
ChainingRodShaped	7314	2.84625	0.5	-19.5672	24.087	0	-0.016185	-0.999869	0	None	None
ChainingRodShaped	7316	2.39665	0.5	-4.80372	17.7326	0	-0.223335	-0.974742	0	None	None
ChainingRodShaped	7318	3.0989	0.5	31.0396	46.1293	0	0.159753	-0.987157	0	None	None
ChainingRodShaped	7320	2.73767	0.5	19.9147	45.9852	0	-0.349884	-0.936793	0	None	None
ChainingRodShaped	7322	2.84659	0.5	-3.21528	59.4543	0	0.824644	0.565652	0	None	None
ChainingRodShaped	7324	2.93801	0.5	-11.6107	43.1268	0	0.405348	0.914163	0	None	None
ChainingRodShaped	7326	2.90938	0.5	27.7637	61.7417	0	-0.628318	-0.777956	0	None	None
ChainingRodShaped	7328	2.84119	0.5	37.9374	40.8019	0	0.436355	0.899775	0	None	None
ChainingRodShaped	7330	2.92722	0.5	-20.5722	54.0399	0	0.349097	0.937087	0	None	None
ChainingRodShaped	7332	2.88393	0.5	26.5128	58.7037	0	0.334574	-0.942369	0	None	None
ChainingRodShaped	7334	2.70024	0.5	-26.6146	28.4718	0	-0.715505	0.698608	0	None	None
ChainingRodShaped	7336	2.86953	0.5	45.9041	48.3297	0	-0.485585	-0.874189	0	None	None
ChainingRodShaped	7338	2.98597	0.5	5.73634	38.2878	0	-0.555166	0.83174	0	None	None
ChainingRodShaped	7340	2.46693	0.5	31.4189	49.5306	0	-0.178023	0.984026	0	None	None
ChainingRodShaped	7342	2.55224	0.5	-37.6328	34.8677	0	0.687106	-0.726557	0	None	None
ChainingRodShaped	7344	2.44344	0.5	-25.4873	57.3172	0	-0.468976	-0.883211	0	None	None
ChainingRodShaped	7346	2.77103	0.5	-3.53966	33.0325	0	0.891402	0.453214	0	None	None
ChainingRodShaped	7348	2.89989	0.5	26.99	41.3976	0	-0.570617	0.821217	0	None	None
ChainingRodShaped	7350	2.41748	0.5	-43.5831	62.0777	0	0.939845	0.341602	0	None	None
ChainingRodShaped	7352	2.65889	0.5	-22.0067	57.7924	0	-0.473479	-0.880805	0	None	None
ChainingRodShaped	7354	2.4495	0.5	24.118	45.6998	0	-0.149645	0.98874	0	None	None
ChainingRodShaped	7356	2.40431	0.5	28.0856	51.5379	0	0.183914	-0.982942	0	None	None
ChainingRodShaped	7358	2.69116	0.5	-5.83642	61.7337	0	0.690176	0.723642	0	None	None
ChainingRodShaped	7360	2.41889	0.5	0.650603	61.4724	0	-0.269679	-0.96295	0	None	None
ChainingRodShaped	7362	2.62083	0.5	-16.8779	26.5203	0	0.455169	-0.890405	0	None	None
ChainingRodShaped	7364	2.69771	0.5	-7.46268	28.7818	0	0.999911	-0.0133227	0	None	None
ChainingRodShaped	7366	2.53472	0.5	48.2851	41.0803	0	-0.999999	-0.00160884	0	None	None
ChainingRodShaped	7368	2.52697	0.5	22.3279	42.6935	0	-0.0940279	0.99557	0	None	None
ChainingRodShaped	7370	2.65659	0.5	-2.64471	8.76913	0	-0.99055	-0.13715	0	None	None
ChainingRodShaped	7372	2.39946	0.5	2.51391	53.3944	0	-0.0945152	-0.995523	0	None	None
ChainingRodShaped	7374	2.79283	0.5	-38.5943	23.659	0	0.706017	0.708195	0	None	None
ChainingRodShaped	7376	2.77652	0.5	-7.84118	51.8123	0	0.907166	0.420773	0	None	None
ChainingRodShaped	7378	2.83655	0.5	-39.8683	30.7699	0	-0.601314	0.799012	0	None	None
ChainingRodShaped	7380	2.78654	0.5	-12.5012	48.5644	0	0.953825	0.300364	0	None	None
ChainingRodShaped	7382	2.864	0.5	-17.0129	33.1097	0	0.449661	-0.893199	0	None	None
ChainingRodShaped	7384	2.56698	0.5	-30.4492	56.181	0	-0.33701	-0.941501	0	None	None
ChainingRodShaped	7386	2.41873	0.5	41.3229	36.5392	0	0.997059	-0.0766378	0	None	None
ChainingRodShaped	7388	2.4416	0.5	48.26	39.9998	0	-0.997847	0.0655825	0	None	None
ChainingRodShaped	7390	2.58178	0.5	-22.2719	47.8544	0	0.0569246	0.998378	0	None	None
ChainingRodShaped	7392	2.3842	0.5	27.2764	32.8717	0	-0.0484234	0.998827	0	None	None
ChainingRodShaped	7394	2.45833	0.5	9.89708	39.3017	0	-0.276482	0.961019	0	None	None
ChainingRodShaped	7396	2.66909	0.5	35.1227	57.2803	0	0.392054	-0.919942	0	None	None
ChainingRodShaped	7398	2.74145	0.5	14.4214	30.8113	0	0.270585	0.962696	0	None	None
ChainingRodShaped	7400	2.63708	0.5	-44.6394	60.3401	0	0.793748	-0.608246	0	None	None
ChainingRodShaped	7402	2.61872	0.5	-4.52734	45.7848	0	-0.314715	0.949186	0	None	None
ChainingRodShaped	7404	2.3496	0.5	-17.3252	9.81736	0	0.429984	0.902837	0	None	None
ChainingRodShaped	7406	2.2754	0.5	34.345	31.2705	0	-0.999766	-0.0216495	0	None	None
ChainingRodShaped	7408	2.77721	0.5	-12.0918	26.2616	0	-0.514059	-0.857755	0	None	None
ChainingRodShaped	7410	2.59153	0.5	-38.3945	41.7654	0	-0.242919	-0.970047	0	None	None
ChainingRodShaped	7412	2.29387	0.5	-13.8796	63.2038	0	-0.964059	-0.265689	0	None	None
ChainingRodShaped	7414	2.36256	0.5	24.3545	32.3698	0	0.0898857	-0.995952	0	None	None
ChainingRodShaped	7416	2.31139	0.5	-1.24136	9.90885	0	-0.995591	0.0937984	0	None	None
ChainingRodShaped	7418	2.29039	0.5	23.1201	55.2888	0	-0.839371	0.543559	0	None	None
ChainingRodShaped	7420	2.35696	0.5	-46.1083	45.1836	0	-0.362244	-0.932083	0	None	None
ChainingRodShaped	7422	2.63118	0.5	-13.426	12.2363	0	0.905751	0.42381	0	None	None
ChainingRodShaped	7424	2.55546	0.5	-32.7733	27.8907	0	-0.503749	-0.86385	0	None	None
ChainingRodShaped	7426	2.70901	0.5	12.3976	15.4339	0	0.994232	0.107247	0	None	None
ChainingRodShaped	7428	2.25408	0.5	11.7065	55.5648	0	-0.19693	-0.980418	0	None	None
ChainingRodShaped	7430	2.37492	0.5	-42.1016	28.1822	0	0.327688	-0.944786	0	None	None
ChainingRodShaped	7432	2.40483	0.5	-38.1285	60.6014	0	0.882455	-0.470398	0	None	None
ChainingRodShaped	7434	2.41022	0.5	-24.82	43.6676	0	0.416024	0.909354	0	None	None
ChainingRodShaped	7436	2.28947	0.5	23.3273	61.59	0	-0.982846	-0.18443	0	None	None
ChainingRodShaped	7438	2.38804	0.5	4.1654	22.308	0	0.892841	0.450373	0	None	None
ChainingRodShaped	7440	2.55754	0.5	25.4298	39.3654	0	-0.074365	0.997231	0	None	None
ChainingRodShaped	7442	2.5194	0.5	2.3272	5.36904	0	0.846192	0.532878	0	None	None
ChainingRodShaped	7444	2.42845	0.5	48.8589	46.3309	0	0.0310965	-0.999516	0	None	None
ChainingRodShaped	7446	2.66069	0.5	5.1664	12.6258	0	-0.956673	0.291166	0	None	None
ChainingRodShaped	7448	2.59437	0.5	26.7502	53.3742	0	0.183835	-0.982957	0	None	None
ChainingRodShaped	7450	2.4735	0.5	-33.5027	62.3623	0	0.883036	-0.469306	0	None	None
ChainingRodShaped	7452	2.52688	0.5	5.07578	42.6721	0	-0.890003	0.455955	0	None	None
ChainingRodShaped	7454	2.39326	0.5	-10.438	66.3235	0	-0.949457	-0.313898	0	None	None
ChainingRodShaped	7456	2.46328	0.5	-17.4027	56.7472	0	-0.0480395	-0.998845	0	None	None
ChainingRodShaped	7458	2.64202	0.5	-47.1626	56.5404	0	0.0397495	-0.99921	0	None	None
ChainingRodShaped	7460	2.2784	0.5	14.6595	43.4899	0	0.256128	-0.966643	0	None	None
ChainingRodShaped	7462	2.32379	0.5	29.4479	32.4352	0	-0.997141	-0.0755637	0	None	None
ChainingRodShaped	7464	2.2865	0.5	4.48666	41.3712	0	-0.615005	0.788523	0	None	None
ChainingRodShaped	7466	2.22488	0.5	32.9185	43.1803	0	-0.31339	0.949625	0	None	None
ChainingRodShaped	7468	2.44453	0.5	-42.3919	55.5587	0	0.499603	-0.866255	0	None	None
ChainingRodShaped	7470	2.57103	0.5	-29.3127	36.4085	0	0.30253	-0.95314	0	None	None
ChainingRodShaped	7472	2.24127	0.5	18.7283	57.4796	0	-0.997455	-0.0712958	0	None	None
ChainingRodShaped	7474	2.30823	0.5	-1.78781	31.2525	0	0.607364	0.794423	0	None	None
ChainingRodShaped	7476	2.40312	0.5	15.705	40.3622	0	0.345839	-0.938294	0	None	None
ChainingRodShaped	7478	2.18895	0.5	-39.6555	40.3307	0	0.0412318	-0.99915	0	None	None
ChainingRodShaped	7480	2.20429	0.5	34.8312	61.5392	0	-0.631646	-0.775257	0	None	None
ChainingRodShaped	7482	2.19867	0.5	-1.46748	14.6913	0	-0.993471	0.114082	0	None	None
ChainingRodShaped	7484	2.29745	0.5	-31.0676	36.776	0	0.758824	-0.651296	0	None	None
ChainingRodShaped	7486	2.27022	0.5	-5.57558	22.6937	0	-0.262822	0.964844	0	None	None
ChainingRodShaped	7488	2.37024	0.5	-32.3493	15.055	0	0.7526	-0.658478	0	None	None
ChainingRodShaped	7490	2.17004	0.5	-7.2147	54.263	0	-0.194041	-0.980993	0	None	None
ChainingRodShaped	7492	2.33258	0.5	-14.0513	10.8574	0	0.938028	0.346559	0	None	None
ChainingRodShaped	7494	2.38532	0.5	-15.1992	45.7077	0	-0.202579	0.979266	0	None	None
ChainingRodShaped	7496	2.1544	0.5	-27.0458	25.259	0	0.113906	-0.993491	0	None	None
ChainingRodShaped	7498	2.38254	0.5	-11.8004	61.7919	0	-0.955971	-0.29346	0	None	None
ChainingRodShaped	7500	2.39808	0.5	-7.86765	18.1808	0	0.387991	0.921663	0	None	None
ChainingRodShaped	7502	2.2587	0.5	-20.4689	27.3507	0	-0.450418	0.892818	0	None	None
ChainingRodShaped	7504	2.28963	0.5	-14.1101	31.5513	0	0.456066	-0.889946	0	None	None
ChainingRodShaped	7506	2.35097	0.5	22.5555	57.2566	0	-0.613708	0.789533	0	None	None
ChainingRodShaped	7508	2.23378	0.5	-20.1925	9.60434	0	0.799871	0.600172	0	None	None
ChainingRodShaped	7510	2.14929	0.5	6.17098	10.6518	0	0.707959	0.706254	0	None	None
ChainingRodShaped	7512	2.36044	0.5	41.6648	32.5298	0	-0.112818	0.993616	0	None	None
ChainingRodShaped	7514	2.33647	0.5	40.9648	46.77	0	-0.377282	-0.926098	0	None	None
ChainingRodShaped	7516	2.30091	0.5	16.6488	53.9114	0	-0.844546	-0.535483	0	None	None
ChainingRodShaped	7518	2.30608	0.5	12.9551	19.6952	0	0.909419	0.41588	0	None	None
ChainingRodShaped	7520	2.3239	0.5	20.786	55.8176	0	-0.657962	-0.753051	0	None	None
ChainingRodShaped	7522	2.28167	0.5	9.74382	48.7112	0	0.0745395	-0.997218	0	None	None
ChainingRodShaped	7524	2.26766	0.5	-18.6867	39.9408	0	-0.592557	-0.805528	0	None	None
ChainingRodShaped	7526	2.18835	0.5	8.20429	66.3612	0	0.792837	-0.609434	0	None	None
ChainingRodShaped	7528	2.12594	0.5	34.8698	43.4327	0	-0.322045	0.946724	0	None	None
ChainingRodShaped	7530	2.2046	0.5	5.594	57.9932	0	0.36333	0.931661	0	None	None
ChainingRodShaped	7532	2.18976	0.5	41.3285	35.3275	0	-0.959593	0.281392	0	None	None
ChainingRodShaped	7534	2.14394	0.5	24.2596	56.4493	0	-0.355999	0.934486	0	None	None
ChainingRodShaped	7536	2.1731	0.5	-24.2536	13.5898	0	0.108475	-0.994099	0	None	None
ChainingRodShaped	7538	2.21857	0.5	-25.6966	37.4057	0	-0.0060713	0.999982	0	None	None
ChainingRodShaped	7540	2.31141	0.5	-31.9217	23.6643	0	-0.510889	-0.859647	0	None	None
ChainingRodShaped	7542	2.18495	0.5	-24.4245	19.8694	0	0.247082	-0.968995	0	None	None
ChainingRodShaped	7544	2.10478	0.5	37.4115	28.7695	0	-0.472672	-0.881238	0	None	None
ChainingRodShaped	7546	2.21467	0.5	-1.25546	65.1926	0	0.91769	0.397296	0	None	None
ChainingRodShaped	7548	2.1806	0.5	-13.403	56.3406	0	0.663999	0.747733	0	None	None
ChainingRodShaped	7550	2.23991	0.5	-11.0628	15.2383	0	0.347281	0.937761	0	None	None
ChainingRodShaped	7552	2.23888	0.5	46.1242	43.5408	0	-0.74086	-0.671659	0	None	None
ChainingRodShaped	7554	2.19911	0.5	-15.5042	39.0891	0	0.199615	0.979875	0	None	None
ChainingRodShaped	7556	2.24071	0.5	-22.8989	36.0139	0	0.0211162	-0.999777	0	None	None
ChainingRodShaped	7558	2.1043	0.5	45.123	48.9486	0	-0.486442	-0.873713	0	None	None
ChainingRodShaped	7560	2.13512	0.5	-31.7096	19.7372	0	-0.0140838	-0.999901	0	None	None
ChainingRodShaped	7562	2.1619	0.5	-22.3231	23.7262	0	-0.695811	0.718225	0	None	None
ChainingRodShaped	7564	2.13077	0.5	29.7891	40.2533	0	0.333491	-0.942753	0	None	None
ChainingRodShaped	7566	2.12405	0.5	-36.7438	27.5289	0	0.889618	0.456705	0	None	None
ChainingRodShaped	7568	2.12401	0.5	47.1106	38.0507	0	-0.99648	-0.0838333	0	None	None
ChainingRodShaped	7570	2.17312	0.5	-16.6647	65.8282	0	-0.993515	-0.113705	0	None	None
ChainingRodShaped	7572	2.14225	0.5	-25.8727	22.4883	0	0.394225	-0.919014	0	None	None
ChainingRodShaped	7574	2.08698	0.5	-13.1377	31.702	0	0.4523	-0.891866	0	None	None
ChainingRodShaped	7576	2.09218	0.5	-23.8396	38.9493	0	-0.0423441	0.999103	0	None	None
ChainingRodShaped	7578	2.08494	0.5	-24.7845	28.038	0	-0.717234	0.696832	0	None	None
ChainingRodShaped	7580	2.13528	0.5	30.0419	45.7112	0	0.0740993	-0.997251	0	None	None
ChainingRodShaped	7582	2.12524	0.5	18.0575	16.1009	0	0.998959	-0.0456244	0	None	None
ChainingRodShaped	7584	2.06196	0.5	-21.7845	27.2925	0	-0.672506	0.740092	0	None	None
ChainingRodShaped	7586	2.08858	0.5	-27.6784	10.2809	0	0.678929	-0.734204	0	None	None
ChainingRodShaped	7588	2.07817	0.5	3.80376	56.1106	0	-0.35984	-0.933014	0	None	None
ChainingRodShaped	7590	2.03834	0.5	-11.6352	25.2013	0	0.52201	0.852939	0	None	None
ChainingRodShaped	7592	2.04707	0.5	-7.01649	65.3737	0	-0.948207	-0.317654	0	None	None
ChainingRodShaped	7594	2.03863	0.5	-22.2257	18.0477	0	0.0711007	0.997469	0	None	None
ChainingRodShaped	7596	2.04578	0.5	-6.82424	50.3111	0	0.24411	0.969748	0	None	None
ChainingRodShaped	7598	2.04344	0.5	-42.4102	44.1008	0	0.20622	-0.978506	0	None	None
ChainingRodShaped	7600	2.04196	0.5	13.9838	38.201	0	0.897186	-0.441654	0	None	None
ChainingRodShaped	7602	2.01317	0.5	8.42839	53.9974	0	-0.153659	-0.988124	0	None	None
ChainingRodShaped	7604	2.00271	0.5	32.7353	47.7527	0	-0.174307	0.984691	0	None	None
