cell_type	cell_id	length	radius	pos_x	pos_y	pos_z	ori_x	ori_y	ori_z	lower_link	upper_link
ChainingRodShaped	4791	2.18364	0.5	1.97702	20.5117	0	-0.0874016	-0.996173	0	4792	None
ChainingRodShaped	4375	3.16469	0.5	27.3706	18.8699	0	0.134917	-0.990857	0	4376	None
ChainingRodShaped	4553	4.06301	0.5	7.64028	22.5127	0	-0.90188	-0.431986	0	None	None
ChainingRodShaped	4149	4.84864	0.5	23.0334	50.1799	0	0.709461	0.704745	0	None	None
ChainingRodShaped	3803	4.79993	0.5	-28.2183	36.2526	0	-0.828187	0.560452	0	4443	None
ChainingRodShaped	4523	3.81602	0.5	35.2746	46.1935	0	-0.811746	0.584011	0	None	None
ChainingRodShaped	4425	3.10981	0.5	-30.257	47.1785	0	-0.566128	-0.824317	0	4426	None
ChainingRodShaped	4077	4.58245	0.5	-5.23366	41.9035	0	0.555253	0.831681	0	None	None
ChainingRodShaped	4545	3.84712	0.5	19.412	46.4152	0	-0.792582	-0.609765	0	None	None
ChainingRodShaped	4027	3.74728	0.5	4.59857	45.2541	0	0.370441	0.928856	0	4028	None
ChainingRodShaped	4669	2.22043	0.5	-11.735	16.7426	0	-0.180945	-0.983493	0	4670	None
ChainingRodShaped	4167	4.06079	0.5	13.9858	56.7376	0	0.271532	0.96243	0	4168	None
ChainingRodShaped	4367	4.14811	0.5	-8.82534	26.4208	0	-0.147366	-0.989082	0	None	None
ChainingRodShaped	4819	2.32179	0.5	0.416887	26.1725	0	-0.0372846	-0.999305	0	None	None
ChainingRodShaped	4685	3.2515	0.5	-28.9544	38.0806	0	0.7796	-0.626278	0	None	None
ChainingRodShaped	4499	3.6684	0.5	18.7343	28.2322	0	0.987167	-0.159693	0	None	None
ChainingRodShaped	4343	3.22964	0.5	0.424147	43.4091	0	0.450071	-0.892993	0	4344	None
ChainingRodShaped	3777	4.5836	0.5	-24.9578	31.4611	0	0.998625	-0.0524307	0	4695	None
ChainingRodShaped	4407	3.76698	0.5	-19.745	47.8822	0	0.342128	0.939653	0	None	None
ChainingRodShaped	4043	4.90495	0.5	35.873	22.982	0	0.687939	-0.725769	0	4044	None
ChainingRodShaped	3771	4.67753	0.5	-5.16135	30.5548	0	0.421789	0.906694	0	4089	None
ChainingRodShaped	4271	3.33681	0.5	-18.9648	24.4803	0	-0.203451	-0.979085	0	4272	None
ChainingRodShaped	4557	3.55017	0.5	-33.4748	47.4844	0	-0.0979041	0.995196	0	None	None
ChainingRodShaped	4315	3.11046	0.5	12.9587	23.908	0	0.904347	0.426799	0	4316	None
ChainingRodShaped	4057	4.26202	0.5	-1.68066	31.5806	0	0.745449	-0.666563	0	4058	None
ChainingRodShaped	4655	2.82752	0.5	19.2457	43.8023	0	-0.856371	-0.516361	0	None	None
ChainingRodShaped	4325	3.15889	0.5	46.6563	39.1507	0	0.809313	-0.587377	0	4326	None
ChainingRodShaped	3757	4.80911	0.5	25.2985	26.7049	0	0.137733	-0.990469	0	4437	None
ChainingRodShaped	4053	4.98746	0.5	4.08023	33.1759	0	-0.390041	-0.920797	0	4054	None
ChainingRodShaped	4359	3.37133	0.5	12.6571	13.8649	0	-0.754732	-0.656033	0	None	None
ChainingRodShaped	4707	2.62849	0.5	-5.18041	26.1959	0	-0.898565	-0.438841	0	None	None
ChainingRodShaped	3999	4.85045	0.5	-1.2151	37.0541	0	0.258966	-0.965887	0	4000	None
ChainingRodShaped	4261	4.40194	0.5	5.13786	55.0422	0	0.313042	0.949739	0	None	None
ChainingRodShaped	4387	4.47995	0.5	36.2588	48.4472	0	-0.995597	-0.0937365	0	None	None
ChainingRodShaped	4119	4.32371	0.5	2.09078	41.6094	0	-0.37044	-0.928856	0	None	None
ChainingRodShaped	4713	2.66499	0.5	37.1748	26.2344	0	0.257532	-0.96627	0	None	None
ChainingRodShaped	4513	2.83278	0.5	-26.3853	23.6104	0	-0.922748	0.385405	0	4514	None
ChainingRodShaped	4395	4.86542	0.5	-30.535	49.3837	0	-0.384647	-0.923064	0	None	None
ChainingRodShaped	4547	3.81578	0.5	-26.248	33.7186	0	0.827124	-0.56202	0	None	None
ChainingRodShaped	4633	3.48993	0.5	32.8493	44.9814	0	0.438606	-0.898679	0	None	None
ChainingRodShaped	3731	4.83882	0.5	-6.79855	34.7744	0	0.746972	-0.664856	0	4055	None
ChainingRodShaped	4197	4.75863	0.5	21.9027	44.5187	0	0.739436	0.673227	0	None	None
ChainingRodShaped	4133	4.38407	0.5	19.1198	48.5366	0	-0.47667	-0.879083	0	4134	None
ChainingRodShaped	4469	3.59583	0.5	-46.7397	39.8549	0	0.563016	-0.826446	0	None	None
ChainingRodShaped	4853	2.09686	0.5	3.56191	27.1784	0	-0.0785257	-0.996912	0	None	None
ChainingRodShaped	4129	4.16938	0.5	-26.1161	45.9323	0	-0.982927	-0.183995	0	None	None
ChainingRodShaped	4663	3.32071	0.5	32.6661	27.8075	0	0.691248	-0.722618	0	None	None
ChainingRodShaped	4693	2.50464	0.5	-43.3919	48.9995	0	-0.0265736	0.999647	0	None	None
ChainingRodShaped	4843	2.03454	0.5	-3.09676	30.9575	0	-0.370045	0.929014	0	4844	None
ChainingRodShaped	4237	4.68103	0.5	-16.4235	24.0154	0	0.0708313	-0.997488	0	None	None
ChainingRodShaped	4349	3.50677	0.5	-9.77014	49.7318	0	0.949985	-0.312297	0	None	None
ChainingRodShaped	4291	2.82012	0.5	12.5011	22.1734	0	0.742656	0.669673	0	4292	None
ChainingRodShaped	4211	3.26984	0.5	-15.2304	43.8832	0	-0.825366	0.564598	0	4212	None
ChainingRodShaped	4671	2.3429	0.5	-7.55616	46.4952	0	-0.169608	-0.985512	0	4672	None
ChainingRodShaped	4071	4.81249	0.5	-19.5013	27.7592	0	-0.117996	-0.993014	0	4072	None
ChainingRodShaped	4433	3.97281	0.5	13.5056	47.9184	0	-0.702964	-0.711225	0	None	None
ChainingRodShaped	4521	2.92475	0.5	-15.4234	34.247	0	-0.192775	0.981243	0	4522	None
ChainingRodShaped	4865	2.02783	0.5	-19.0084	19.2224	0	-0.823551	0.567242	0	None	None
ChainingRodShaped	4439	4.35391	0.5	41.6374	44.9676	0	-0.980574	0.196148	0	None	None
ChainingRodShaped	4451	3.03375	0.5	45.9532	44.8715	0	-0.29884	-0.954303	0	None	None
ChainingRodShaped	4807	2.16803	0.5	-10.8887	11.695	0	-0.545622	-0.838032	0	None	None
ChainingRodShaped	4049	4.08104	0.5	-13.833	26.2124	0	-0.195648	0.980674	0	4050	4522
ChainingRodShaped	4615	3.13103	0.5	14.193	51.3811	0	-0.706839	-0.707374	0	None	None
ChainingRodShaped	4015	4.09881	0.5	-18.2349	38.6584	0	-0.111919	-0.993717	0	4016	4072
ChainingRodShaped	4335	2.99302	0.5	-6.33781	53.589	0	-0.168728	-0.985663	0	4336	4672
ChainingRodShaped	3995	4.40746	0.5	-7.61718	38.6128	0	-0.817924	0.575326	0	3996	4212
ChainingRodShaped	4785	2.19441	0.5	6.3517	16.6016	0	0.739646	0.672996	0	4786	4292
ChainingRodShaped	4473	4.63562	0.5	-9.68685	53.4283	0	0.996591	-0.0824989	0	None	None
ChainingRodShaped	4103	4.30906	0.5	-24.8264	21.8537	0	0.926926	-0.375244	0	None	None
ChainingRodShaped	4447	2.56272	0.5	-0.770739	25.0798	0	-0.365176	0.930938	0	4448	4844
ChainingRodShaped	4561	3.1672	0.5	-40.566	44.5872	0	0.145632	0.989339	0	None	None
ChainingRodShaped	4657	3.22566	0.5	31.7199	32.6137	0	0.649248	-0.760576	0	None	None
ChainingRodShaped	4511	4.433	0.5	-27.6573	49.2449	0	-0.560585	-0.828097	0	None	None
ChainingRodShaped	4445	3.28768	0.5	9.55849	32.8388	0	-0.659809	-0.751434	0	None	None
ChainingRodShaped	4827	2.21085	0.5	-44.1184	40.6339	0	0.35872	-0.933445	0	None	None
ChainingRodShaped	4759	2.17676	0.5	23.6971	56.9626	0	-0.47916	-0.877727	0	4760	4134
ChainingRodShaped	4403	4.32888	0.5	12.5022	45.5719	0	0.744603	0.667507	0	None	None
ChainingRodShaped	4055	4.95033	0.5	-11.1919	38.6914	0	0.745827	-0.66614	0	4056	3731
ChainingRodShaped	4789	2.53739	0.5	34.4522	50.4969	0	0.297982	-0.954571	0	None	None
ChainingRodShaped	4691	2.63976	0.5	-29.8584	33.2951	0	0.925909	-0.377747	0	None	None
ChainingRodShaped	4697	2.53416	0.5	-26.6555	55.3292	0	0.90611	0.423042	0	None	None
ChainingRodShaped	4097	4.55711	0.5	-18.668	20.3873	0	-0.922632	0.385682	0	4098	4514
ChainingRodShaped	4617	2.81377	0.5	39.3341	29.5318	0	0.573519	-0.819192	0	None	None
ChainingRodShaped	4841	2.16949	0.5	0.00905453	48.6137	0	0.455292	-0.890342	0	None	None
ChainingRodShaped	4837	2.15565	0.5	35.7837	51.3953	0	-0.243205	-0.969975	0	None	None
ChainingRodShaped	4703	2.56983	0.5	3.65742	50.1432	0	-0.844947	-0.53485	0	None	None
ChainingRodShaped	4093	4.40811	0.5	-3.767	46.5809	0	0.258373	-0.966045	0	4094	4000
ChainingRodShaped	4453	4.62664	0.5	-3.29361	21.5453	0	-0.0365943	0.99933	0	None	None
ChainingRodShaped	4161	4.32647	0.5	15.8873	17.0712	0	0.0381369	-0.999273	0	None	None
ChainingRodShaped	4181	3.95936	0.5	8.20863	42.886	0	-0.391139	-0.920332	0	4182	4054
ChainingRodShaped	4437	2.7401	0.5	24.6434	31.4304	0	0.136602	-0.990626	0	4438	3757
ChainingRodShaped	4189	2.78162	0.5	40.5425	43.5867	0	0.809532	-0.587076	0	4190	4326
ChainingRodShaped	4381	4.39888	0.5	25.9347	48.6371	0	-0.568837	0.82245	0	None	None
ChainingRodShaped	3764	4.65941	0.5	-9.50076	38.4831	0	0.752882	-0.658155	0	None	4058
ChainingRodShaped	3766	4.42453	0.5	4.82256	20.085	0	0.905608	0.424116	0	None	4316
ChainingRodShaped	4709	2.98978	0.5	-28.9284	44.9332	0	-0.562569	0.82675	0	None	None
ChainingRodShaped	4063	4.67962	0.5	-17.2022	32.9573	0	-0.20379	-0.979015	0	4064	4272
ChainingRodShaped	4089	4.52778	0.5	-7.52103	25.4782	0	0.421141	0.906995	0	4090	3771
ChainingRodShaped	4297	3.0701	0.5	28.915	30.3437	0	0.684823	-0.72871	0	4298	4044
ChainingRodShaped	4717	2.81443	0.5	-18.8819	44.6283	0	0.353922	0.935275	0	None	None
ChainingRodShaped	4695	2.43913	0.5	-29.4611	31.6931	0	0.998759	-0.0498124	0	4696	3777
ChainingRodShaped	4635	2.44751	0.5	-3.08936	50.3897	0	0.448692	-0.893686	0	4636	4344
ChainingRodShaped	4253	3.99905	0.5	10.4769	26.0832	0	0.524	0.851718	0	None	None
ChainingRodShaped	4625	2.96661	0.5	-31.917	40.8539	0	0.935502	-0.353321	0	None	None
ChainingRodShaped	4541	3.95979	0.5	1.3699	24.9643	0	-0.0936876	-0.995602	0	None	None
ChainingRodShaped	4347	4.77378	0.5	-11.9927	26.1029	0	-0.170443	-0.985367	0	None	None
ChainingRodShaped	3790	4.34937	0.5	11.5432	48.0635	0	0.270609	0.962689	0	None	4168
ChainingRodShaped	4137	4.12991	0.5	-10.3575	24.1801	0	-0.183216	-0.983073	0	4138	4670
ChainingRodShaped	4421	2.97182	0.5	1.29706	36.8945	0	0.363614	0.93155	0	4422	4028
ChainingRodShaped	4749	2.38496	0.5	26.0821	50.1545	0	-0.573737	0.819039	0	None	None
ChainingRodShaped	4397	4.18775	0.5	-9.48268	46.1704	0	0.547463	-0.83683	0	None	None
ChainingRodShaped	3800	4.3156	0.5	-25.1885	54.5746	0	-0.564361	-0.825528	0	None	4426
ChainingRodShaped	4525	3.64013	0.5	34.701	45.409	0	-0.812122	0.583487	0	None	None
ChainingRodShaped	4443	2.59431	0.5	-24.3269	33.6265	0	-0.830068	0.557662	0	4444	3803
ChainingRodShaped	4389	4.99513	0.5	22.6749	43.925	0	0.737378	0.67548	0	None	None
ChainingRodShaped	4875	2.0001	0.5	14.2941	30.5262	0	-0.952633	0.304124	0	None	None
ChainingRodShaped	4303	3.08674	0.5	26.2376	27.1114	0	0.13849	-0.990364	0	4304	4376
ChainingRodShaped	3812	4.27863	0.5	2.63101	27.8029	0	-0.0911418	-0.995838	0	None	4792
ChainingRodShaped	4361	4.4128	0.5	-9.87458	18.0681	0	-0.4266	-0.90444	0	None	None
ChainingRodShaped	4609	2.92746	0.5	11.7984	26.3737	0	-0.532414	-0.846484	0	None	None
ChainingRodShaped	4799	2.40877	0.5	9.28957	35.4772	0	-0.658247	-0.752802	0	None	None
ChainingRodShaped	4249	3.94438	0.5	-7.0059	44.6726	0	0.543774	0.839232	0	None	None
ChainingRodShaped	4665	2.85488	0.5	20.6667	39.8341	0	0.0551822	0.998476	0	None	None
ChainingRodShaped	4591	2.93782	0.5	24.8209	48.5353	0	-0.572297	0.820046	0	None	None
ChainingRodShaped	4721	2.71907	0.5	-4.37563	24.1037	0	-0.0396636	0.999213	0	None	None
ChainingRodShaped	4637	3.2687	0.5	-43.2183	41.0512	0	-0.363337	0.931658	0	None	None
ChainingRodShaped	4423	3.11926	0.5	44.3537	46.9412	0	-0.508923	-0.860812	0	None	None
ChainingRodShaped	4045	4.82311	0.5	38.2128	49.6139	0	-0.995974	-0.0896397	0	None	None
ChainingRodShaped	4831	2.16368	0.5	-13.4028	55.304	0	0.969336	0.245738	0	None	None
ChainingRodShaped	4205	4.16558	0.5	18.9432	50.252	0	0.472899	0.881117	0	None	None
ChainingRodShaped	4583	3.77904	0.5	4.51219	31.3269	0	-0.394231	-0.919012	0	None	None
ChainingRodShaped	4651	2.58048	0.5	16.6074	27.5874	0	0.987623	-0.156844	0	None	None
ChainingRodShaped	4351	4.67893	0.5	5.51675	47.9801	0	-0.990265	-0.139192	0	None	None
ChainingRodShaped	4787	2.2171	0.5	13.4168	49.2073	0	-0.699538	-0.714595	0	None	None
ChainingRodShaped	4815	2.24949	0.5	-8.28536	30.3242	0	0.320305	-0.947314	0	None	None
ChainingRodShaped	4833	2.16614	0.5	-0.755399	16.8521	0	-0.718427	0.695602	0	None	None
ChainingRodShaped	4477	4.35335	0.5	16.62	23.6739	0	-0.996733	-0.0807673	0	None	None
ChainingRodShaped	4391	3.46505	0.5	-43.8373	52.6455	0	-0.905375	0.424612	0	None	None
ChainingRodShaped	4337	3.53593	0.5	-35.6438	47.0168	0	0.761114	-0.648619	0	None	None
ChainingRodShaped	4309	4.75061	0.5	-23.9434	51.0441	0	-0.880912	-0.473279	0	None	None
ChainingRodShaped	4489	4.26718	0.5	-38.3622	54.944	0	-0.146594	-0.989197	0	None	None
ChainingRodShaped	4705	2.97223	0.5	15.0954	45.3937	0	0.0200395	0.999799	0	None	None
ChainingRodShaped	4861	2.05511	0.5	25.6002	52.3901	0	-0.661505	0.749941	0	None	None
ChainingRodShaped	4519	4.21043	0.5	-32.4384	46.9092	0	0.0959766	-0.995384	0	None	None
ChainingRodShaped	4107	4.42119	0.5	13.2215	20.0273	0	-0.865085	-0.501625	0	None	None
ChainingRodShaped	4621	2.65175	0.5	-41.0543	35.2615	0	-0.624252	0.781223	0	None	None
ChainingRodShaped	4277	4.65806	0.5	38.2279	29.2452	0	0.511159	-0.859486	0	None	None
ChainingRodShaped	4293	4.96539	0.5	30.6228	39.4006	0	0.998811	-0.0487457	0	None	None
ChainingRodShaped	4485	4.36165	0.5	47.6443	49.7454	0	-0.0285281	-0.999593	0	None	None
ChainingRodShaped	4659	2.60797	0.5	-24.3343	25.8364	0	0.41891	-0.908028	0	None	None
ChainingRodShaped	4399	3.2757	0.5	-19.113	39.5921	0	0.111431	0.993772	0	None	None
ChainingRodShaped	4735	2.68883	0.5	15.1778	54.8913	0	-0.787108	-0.616816	0	None	None
ChainingRodShaped	4127	4.70217	0.5	7.94519	53.8297	0	-0.982267	-0.187489	0	None	None
ChainingRodShaped	4465	3.96115	0.5	39.0671	33.9443	0	0.866635	-0.498944	0	None	None
ChainingRodShaped	4577	3.64021	0.5	29.6746	33.8102	0	0.184766	-0.982783	0	None	None
ChainingRodShaped	4345	4.77977	0.5	-28.8248	43.0783	0	-0.568128	0.82294	0	None	None
ChainingRodShaped	4301	3.85767	0.5	-13.3305	48.9671	0	0.909797	-0.415053	0	None	None
ChainingRodShaped	4419	4.72733	0.5	2.46809	46.7621	0	0.333438	-0.942772	0	None	None
ChainingRodShaped	4539	4.16236	0.5	10.8203	42.4363	0	0.66056	0.750774	0	None	None
ChainingRodShaped	4503	3.25399	0.5	-14.0378	33.8011	0	0.0100482	-0.99995	0	None	None
ChainingRodShaped	4459	3.07392	0.5	39.8027	36.9327	0	0.268005	0.963418	0	None	None
ChainingRodShaped	4241	4.42779	0.5	29.6833	51.0464	0	-0.743584	0.668642	0	None	None
ChainingRodShaped	4401	4.71959	0.5	1.81754	35.4393	0	-0.384154	-0.923269	0	None	None
ChainingRodShaped	4639	2.55862	0.5	29.8597	44.4568	0	-0.421366	0.906891	0	None	None
ChainingRodShaped	4229	3.95983	0.5	-28.4603	25.6078	0	-0.156475	-0.987682	0	None	None
ChainingRodShaped	4409	4.87421	0.5	-7.22511	42.5232	0	0.545685	0.83799	0	None	None
ChainingRodShaped	4287	3.89488	0.5	20.962	29.6479	0	-0.966887	-0.255203	0	None	None
ChainingRodShaped	4299	3.66981	0.5	-24.8017	42.4763	0	-0.579497	0.814974	0	None	None
ChainingRodShaped	4747	2.69626	0.5	-7.22243	13.1764	0	-0.73696	-0.675936	0	None	None
ChainingRodShaped	4371	4.73431	0.5	-45.8667	42.4497	0	0.35386	-0.935298	0	None	None
ChainingRodShaped	4505	2.95974	0.5	2.23983	55.3544	0	-0.807315	-0.59012	0	None	None
ChainingRodShaped	4605	3.37485	0.5	-10.1708	14.9854	0	-0.409453	-0.912331	0	None	None
ChainingRodShaped	4549	3.60162	0.5	32.5553	50.1516	0	-0.305284	-0.952261	0	None	None
ChainingRodShaped	4257	4.04257	0.5	12.845	39.2273	0	0.215276	-0.976553	0	None	None
ChainingRodShaped	4393	3.37396	0.5	-27.0994	46.7332	0	-0.984681	-0.174365	0	None	None
ChainingRodShaped	4265	3.97865	0.5	14.7541	25.8763	0	-0.99224	0.124339	0	None	None
ChainingRodShaped	4801	2.28438	0.5	-30.548	35.1382	0	0.693226	-0.72072	0	None	None
ChainingRodShaped	4139	4.63249	0.5	-35.6629	36.3183	0	0.675715	-0.737163	0	None	None
ChainingRodShaped	4441	3.21674	0.5	19.0306	19.5832	0	-0.705494	-0.708715	0	None	None
ChainingRodShaped	4739	2.42408	0.5	-45.3275	47.9161	0	0.0476195	-0.998866	0	None	None
ChainingRodShaped	4259	4.86342	0.5	38.3689	54.725	0	-0.564646	-0.825333	0	None	None
ChainingRodShaped	4131	4.66777	0.5	-13.9549	44.8894	0	0.942393	-0.334508	0	None	None
ChainingRodShaped	4243	3.83989	0.5	38.5046	42.4933	0	-0.767455	0.641103	0	None	None
ChainingRodShaped	4471	2.97744	0.5	14.3734	41.3732	0	-0.528919	0.848673	0	None	None
ChainingRodShaped	4279	4.49224	0.5	19.4611	35.8787	0	0.0912971	0.995824	0	None	None
ChainingRodShaped	4781	2.39832	0.5	-10.7787	27.3357	0	-0.177422	-0.984135	0	None	None
ChainingRodShaped	4743	2.38567	0.5	23.0424	53.7387	0	-0.47814	-0.878283	0	None	None
ChainingRodShaped	4849	2.07345	0.5	-35.2481	48.0243	0	0.761458	-0.648214	0	None	None
ChainingRodShaped	4311	4.72258	0.5	8.55735	27.091	0	0.84624	0.532802	0	None	None
ChainingRodShaped	4151	4.74539	0.5	22.6846	40.4438	0	0.0808708	0.996725	0	None	None
ChainingRodShaped	4431	4.40433	0.5	-39.546	31.4261	0	-0.502611	0.864513	0	None	None
ChainingRodShaped	4723	2.83382	0.5	-20.2123	22.1372	0	0.927975	-0.372641	0	None	None
ChainingRodShaped	4527	3.82465	0.5	34.6068	32.4468	0	0.291303	-0.956631	0	None	None
ChainingRodShaped	4341	3.70419	0.5	30.4743	38.4495	0	0.998905	-0.0467814	0	None	None
ChainingRodShaped	4331	4.30303	0.5	5.20615	48.9127	0	-0.990161	-0.139934	0	None	None
ChainingRodShaped	4619	2.87475	0.5	-38.3994	37.842	0	-0.601253	0.799058	0	None	None
ChainingRodShaped	4481	4.58366	0.5	-20.348	55.8221	0	-0.69415	-0.71983	0	None	None
ChainingRodShaped	4643	3.15748	0.5	10.726	30.6093	0	0.888682	0.458525	0	None	None
ChainingRodShaped	4317	4.45564	0.5	-36.1404	46.1496	0	0.761354	-0.648336	0	None	None
ChainingRodShaped	4449	3.4443	0.5	-7.3323	32.2383	0	0.0047831	-0.999989	0	None	None
ChainingRodShaped	4283	4.34579	0.5	-31.0623	56.5121	0	0.937192	0.348814	0	None	None
ChainingRodShaped	4467	3.87263	0.5	9.18667	30.8954	0	-0.884051	-0.467391	0	None	None
ChainingRodShaped	4551	3.92269	0.5	-43.9623	44.2431	0	-0.656904	0.753974	0	None	None
ChainingRodShaped	4215	4.86546	0.5	-36.0302	43.4776	0	0.779274	-0.626684	0	None	None
ChainingRodShaped	4273	3.82264	0.5	25.0106	46.5594	0	-0.570241	0.821477	0	None	None
ChainingRodShaped	3988	3.96506	0.5	-36.839	32.0526	0	0.998826	-0.0484344	0	None	4696
ChainingRodShaped	4321	4.64393	0.5	28.374	53.5659	0	-0.993825	-0.110958	0	None	None
ChainingRodShaped	4825	2.20306	0.5	16.119	46.6409	0	-0.0525426	0.998619	0	None	None
ChainingRodShaped	4307	4.72739	0.5	19.1983	39.7055	0	0.310514	0.950569	0	None	None
ChainingRodShaped	3996	4.38297	0.5	-3.21425	35.5008	0	-0.815337	0.578987	0	None	3995
ChainingRodShaped	4601	2.89912	0.5	17.8218	30.5183	0	-0.974581	0.224035	0	None	None
ChainingRodShaped	4000	3.24208	0.5	-2.52042	41.9239	0	0.258823	-0.965925	0	4093	3999
ChainingRodShaped	4491	4.25533	0.5	-33.3713	52.5218	0	0.99713	0.0757024	0	None	None
ChainingRodShaped	4004	3.33051	0.5	1.19391	11.9022	0	0.739128	0.673565	0	None	4786
ChainingRodShaped	4653	2.52693	0.5	2.17366	11.4496	0	-0.739045	-0.673656	0	None	None
ChainingRodShaped	4497	3.60694	0.5	1.88275	33.0851	0	-0.404156	-0.91469	0	None	None
ChainingRodShaped	4531	3.56825	0.5	-22.2602	50.481	0	0.955627	0.294579	0	None	None
ChainingRodShaped	4869	2.01698	0.5	-39.8834	54.1527	0	0.260018	-0.965604	0	None	None
ChainingRodShaped	4683	2.88789	0.5	-1.48868	20.6086	0	-0.589717	0.80761	0	None	None
ChainingRodShaped	4016	4.39703	0.5	-17.6525	43.8733	0	-0.110235	-0.993906	0	None	4015
ChainingRodShaped	4245	4.14812	0.5	-5.30083	22.5733	0	-0.0330793	0.999453	0	None	None
ChainingRodShaped	4689	2.63221	0.5	16.5667	50.9072	0	-0.741131	-0.67136	0	None	None
ChainingRodShaped	4629	2.69625	0.5	-30.5002	43.8019	0	-0.562209	0.826995	0	None	None
ChainingRodShaped	4729	2.43654	0.5	39.5514	46.9884	0	-0.752907	-0.658127	0	None	None
ChainingRodShaped	4269	4.53562	0.5	12.7155	16.8158	0	-0.296714	-0.954966	0	None	None
ChainingRodShaped	4028	3.64686	0.5	2.86926	40.8973	0	0.367339	0.930087	0	4421	4027
ChainingRodShaped	4333	4.12604	0.5	7.98915	25.5767	0	0.841217	0.540698	0	None	None
ChainingRodShaped	4487	3.46047	0.5	-13.2029	30.9083	0	-0.139091	-0.99028	0	None	None
ChainingRodShaped	4463	4.56829	0.5	-0.571895	18.0346	0	-0.725347	0.688383	0	None	None
ChainingRodShaped	4339	3.71856	0.5	34.2208	28.6579	0	0.920627	-0.390444	0	None	None
ChainingRodShaped	4661	3.16091	0.5	32.7175	56.3495	0	0.908405	-0.418091	0	None	None
ChainingRodShaped	4711	2.8223	0.5	-3.38327	16.6913	0	-0.128296	0.991736	0	None	None
ChainingRodShaped	4863	2.05205	0.5	-9.92948	52.306	0	0.999616	0.0277096	0	None	None
ChainingRodShaped	4044	4.14883	0.5	32.0747	26.9933	0	0.687102	-0.726561	0	4297	4043
ChainingRodShaped	4623	3.42971	0.5	38.2616	50.6057	0	-0.995832	-0.0912115	0	None	None
ChainingRodShaped	4731	2.63646	0.5	7.35136	38.4038	0	0.402866	0.915259	0	None	None
ChainingRodShaped	4050	4.51081	0.5	-12.794	21.0212	0	-0.196811	0.980442	0	None	4049
ChainingRodShaped	4411	4.20232	0.5	19.6391	55.6016	0	-0.997081	0.0763459	0	None	None
ChainingRodShaped	4054	4.0835	0.5	6.24344	38.2683	0	-0.39205	-0.919944	0	4181	4053
ChainingRodShaped	4056	3.96625	0.5	-15.248	42.3313	0	0.742441	-0.669911	0	None	4055
ChainingRodShaped	4058	3.97672	0.5	-5.50587	34.9773	0	0.75014	-0.66128	0	3764	4057
ChainingRodShaped	4765	2.71771	0.5	41.5603	46.3519	0	-0.997361	-0.0726033	0	None	None
ChainingRodShaped	4379	4.33627	0.5	-21.7865	43.2893	0	0.487172	0.873306	0	None	None
ChainingRodShaped	4064	4.76371	0.5	-16.034	38.5583	0	-0.20455	-0.978856	0	None	4063
ChainingRodShaped	4435	4.22453	0.5	3.55279	34.4453	0	-0.392389	-0.919799	0	None	None
ChainingRodShaped	4369	3.5099	0.5	39.0041	32.8345	0	0.866256	-0.499601	0	None	None
ChainingRodShaped	4727	2.88232	0.5	37.6624	39.1027	0	0.230255	-0.97313	0	None	None
ChainingRodShaped	4072	4.51787	0.5	-18.8393	33.3853	0	-0.115647	-0.99329	0	4015	4071
ChainingRodShaped	4537	3.28829	0.5	-24.7511	38.4778	0	-0.407726	0.913104	0	None	None
ChainingRodShaped	4817	2.30234	0.5	29.1285	47.4259	0	-0.572986	0.819565	0	None	None
ChainingRodShaped	4509	2.95368	0.5	-4.92498	45.6723	0	-0.0191247	0.999817	0	None	None
ChainingRodShaped	4355	4.7006	0.5	-40.6933	52.515	0	-0.941929	0.335813	0	None	None
ChainingRodShaped	4597	3.71132	0.5	13.1089	34.9589	0	-0.99774	-0.0671884	0	None	None
ChainingRodShaped	4725	2.82614	0.5	6.77815	46.3734	0	-0.75047	-0.660904	0	None	None
ChainingRodShaped	4086	4.75666	0.5	-48.0107	46.5577	0	0.161254	-0.986913	0	None	None
ChainingRodShaped	4363	3.99363	0.5	21.7589	24.1196	0	-0.995353	-0.0962915	0	None	None
ChainingRodShaped	4090	3.2182	0.5	-9.56501	21.0583	0	0.417944	0.908473	0	None	4089
ChainingRodShaped	4585	3.43432	0.5	5.12587	42.1747	0	-0.699271	-0.714856	0	None	None
ChainingRodShaped	4094	3.36904	0.5	-5.02804	51.3008	0	0.257816	-0.966194	0	None	4093
ChainingRodShaped	4751	2.74219	0.5	-46.6117	50.2354	0	0.178579	-0.983926	0	None	None
ChainingRodShaped	4098	3.38643	0.5	-14.0857	18.4693	0	-0.922229	0.386645	0	None	4097
ChainingRodShaped	4753	2.62915	0.5	-29.3667	53.6655	0	0.990957	0.134183	0	None	None
ChainingRodShaped	4427	4.15886	0.5	-20.8903	49.4921	0	-0.783637	-0.621219	0	None	None
ChainingRodShaped	4515	3.78596	0.5	-26.0985	25.6381	0	0.585912	-0.810375	0	None	None
ChainingRodShaped	4797	2.32929	0.5	-13.8552	15.958	0	-0.821972	0.569528	0	None	None
ChainingRodShaped	4479	4.19624	0.5	13.9067	21.5585	0	-0.863617	-0.504149	0	None	None
ChainingRodShaped	4110	4.77706	0.5	26.8409	34.1011	0	0.74553	-0.666472	0	None	None
ChainingRodShaped	4429	3.87629	0.5	15.367	53.7854	0	-0.78761	-0.616174	0	None	None
ChainingRodShaped	4383	4.92565	0.5	-26.1473	42.6625	0	-0.584396	0.811469	0	None	None
ChainingRodShaped	4529	4.1235	0.5	-10.9735	45.9677	0	0.691683	-0.722201	0	None	None
ChainingRodShaped	4809	2.12744	0.5	-33.5185	35.4262	0	0.67464	-0.738147	0	None	None
ChainingRodShaped	4573	3.92759	0.5	1.48221	45.1285	0	0.087264	-0.996185	0	None	None
ChainingRodShaped	4415	4.52575	0.5	2.16876	52.1903	0	-0.195406	-0.980722	0	None	None
ChainingRodShaped	4587	3.49276	0.5	44.0009	53.9683	0	-0.0590121	-0.998257	0	None	None
ChainingRodShaped	4126	4.92653	0.5	39.0598	37.9277	0	0.268475	0.963287	0	None	None
ChainingRodShaped	4613	2.89942	0.5	10.704	55.1768	0	-0.971246	0.238078	0	None	None
ChainingRodShaped	4533	3.95063	0.5	-24.619	45.2262	0	-0.981983	-0.18897	0	None	None
ChainingRodShaped	4132	4.6523	0.5	-15.7875	46.5593	0	0.946475	-0.322777	0	None	None
ChainingRodShaped	4134	4.31379	0.5	21.6691	53.2353	0	-0.477147	-0.878824	0	4759	4133
ChainingRodShaped	4829	2.16989	0.5	41.2336	41.3288	0	-0.510341	0.859972	0	None	None
ChainingRodShaped	4138	3.00293	0.5	-9.52387	28.6676	0	-0.181927	-0.983312	0	None	4137
ChainingRodShaped	4603	3.51045	0.5	-37.9833	40.7335	0	0.577676	-0.816266	0	None	None
ChainingRodShaped	4475	4.04689	0.5	27.4002	42.9193	0	-0.815984	0.578075	0	None	None
ChainingRodShaped	4483	4.47377	0.5	27.7023	54.4782	0	-0.993416	-0.114562	0	None	None
ChainingRodShaped	4146	4.31927	0.5	-43.0911	54.3015	0	-0.999584	0.0288401	0	None	None
ChainingRodShaped	4501	4.05975	0.5	46.54	52.0839	0	0.0603731	-0.998176	0	None	None
ChainingRodShaped	4535	3.12715	0.5	22.3098	47.7464	0	0.647311	0.762226	0	None	None
ChainingRodShaped	4579	3.91015	0.5	22.112	35.5653	0	0.465236	0.885187	0	None	None
ChainingRodShaped	4555	3.75569	0.5	20.5042	26.9554	0	-0.99569	-0.092747	0	None	None
ChainingRodShaped	4565	2.78929	0.5	-7.90216	17.6257	0	-0.424891	-0.905245	0	None	None
ChainingRodShaped	4667	3.39826	0.5	48.5053	54.4062	0	0.465384	-0.885109	0	None	None
ChainingRodShaped	4457	3.78221	0.5	13.6604	36.2086	0	0.992506	-0.122197	0	None	None
ChainingRodShaped	4571	2.69955	0.5	16.8958	18.4101	0	0.112103	-0.993697	0	None	None
ChainingRodShaped	4543	3.47812	0.5	10.9115	29.6248	0	0.889661	0.456622	0	None	None
ChainingRodShaped	4495	3.07832	0.5	34.4339	39.2755	0	0.668423	0.743781	0	None	None
ChainingRodShaped	4168	2.81149	0.5	12.7826	52.4695	0	0.27103	0.962571	0	3790	4167
ChainingRodShaped	4170	4.05957	0.5	-11.5231	36.859	0	0.520259	-0.854008	0	None	None
ChainingRodShaped	4647	3.11068	0.5	-14.4363	52.9914	0	0.969025	0.246961	0	None	None
ChainingRodShaped	4461	3.41082	0.5	7.36701	34.7552	0	-0.656355	-0.754452	0	None	None
ChainingRodShaped	4769	2.60089	0.5	-17.0072	55.4223	0	-0.960404	-0.27861	0	None	None
ChainingRodShaped	4455	2.9778	0.5	-11.1878	30.8942	0	-0.127189	-0.991879	0	None	None
ChainingRodShaped	4567	2.87541	0.5	-22.5218	27.2178	0	0.553155	-0.833078	0	None	None
ChainingRodShaped	4182	3.76657	0.5	10.1062	47.3603	0	-0.389784	-0.920906	0	None	4181
ChainingRodShaped	4595	2.74766	0.5	34.2389	35.993	0	-0.655299	-0.755369	0	None	None
ChainingRodShaped	4681	2.93436	0.5	-7.89245	14.888	0	-0.313589	-0.949559	0	None	None
ChainingRodShaped	4563	2.95224	0.5	-23.3833	53.444	0	-0.433248	-0.901275	0	None	None
ChainingRodShaped	4190	4.0581	0.5	36.9644	46.1806	0	0.809726	-0.586808	0	None	4189
ChainingRodShaped	4755	2.56775	0.5	-37.5587	53.6515	0	-0.14409	-0.989565	0	None	None
ChainingRodShaped	4194	4.12953	0.5	-33.2181	32.8652	0	-0.998803	0.0489161	0	None	None
ChainingRodShaped	4493	4.56698	0.5	-39.2411	36.7577	0	-0.789797	0.613368	0	None	None
ChainingRodShaped	4867	2.01817	0.5	18.8259	41.643	0	0.320002	0.947417	0	None	None
ChainingRodShaped	4679	3.17233	0.5	-33.0408	50.7942	0	0.844392	0.535726	0	None	None
ChainingRodShaped	4761	2.27657	0.5	17.5961	41.0402	0	0.340965	0.940076	0	None	None
ChainingRodShaped	4805	2.37273	0.5	-31.9567	38.7783	0	0.93058	-0.36609	0	None	None
ChainingRodShaped	4733	2.81487	0.5	17.0598	47.2903	0	-0.0584186	0.998292	0	None	None
ChainingRodShaped	4507	2.89951	0.5	-41.5043	45.0617	0	0.140997	0.99001	0	None	None
ChainingRodShaped	4575	2.75915	0.5	-32.0744	55.066	0	0.933538	0.358479	0	None	None
ChainingRodShaped	4212	3.43004	0.5	-11.6484	41.4235	0	-0.823249	0.56768	0	3995	4211
ChainingRodShaped	4581	2.99222	0.5	17.5347	58.5474	0	-0.858212	-0.513295	0	None	None
ChainingRodShaped	4627	3.15074	0.5	-37.2236	45.7785	0	0.757766	-0.652526	0	None	None
ChainingRodShaped	4517	4.18006	0.5	30.671	37.4821	0	0.998998	-0.0447487	0	None	None
ChainingRodShaped	4220	4.58724	0.5	-42.965	35.665	0	-0.705221	0.708987	0	None	None
ChainingRodShaped	4645	3.35794	0.5	-2.17801	24.2232	0	-0.754923	0.655813	0	None	None
ChainingRodShaped	4589	3.53088	0.5	23.666	52.8662	0	-0.479909	-0.877318	0	None	None
ChainingRodShaped	4226	4.08554	0.5	-41.6788	37.423	0	-0.763108	0.646271	0	None	None
ChainingRodShaped	4228	4.83438	0.5	21.3929	32.7304	0	-0.76737	-0.641204	0	None	None
ChainingRodShaped	4559	3.68301	0.5	-29.6285	27.2883	0	0.0772829	-0.997009	0	None	None
ChainingRodShaped	4641	2.52314	0.5	-19.7939	41.7876	0	0.799485	0.600686	0	None	None
ChainingRodShaped	4611	2.74745	0.5	-39.2882	56.9633	0	0.0140077	-0.999902	0	None	None
ChainingRodShaped	4236	4.12951	0.5	-30.6155	42.2352	0	-0.557949	0.829875	0	None	None
ChainingRodShaped	4767	2.62851	0.5	-17.9283	24.5736	0	-0.203625	-0.979049	0	None	None
ChainingRodShaped	4607	3.63266	0.5	27.3194	34.9736	0	0.746538	-0.665343	0	None	None
ChainingRodShaped	4777	2.45265	0.5	30.839	48.3709	0	-0.586793	0.809737	0	None	None
ChainingRodShaped	4244	4.86296	0.5	41.4324	37.9463	0	-0.298474	0.954418	0	None	None
ChainingRodShaped	4741	2.31025	0.5	-4.68177	17.3372	0	-0.319609	0.94755	0	None	None
ChainingRodShaped	4569	3.67413	0.5	-27.8142	38.4121	0	-0.777799	0.628513	0	None	None
ChainingRodShaped	4757	2.47311	0.5	-9.8775	43.43	0	0.72889	-0.684631	0	None	None
ChainingRodShaped	4252	4.89819	0.5	4.67525	18.5993	0	-0.971251	-0.238057	0	None	None
ChainingRodShaped	4599	2.65418	0.5	7.49234	23.8992	0	0.770574	0.637351	0	None	None
ChainingRodShaped	4256	4.09123	0.5	9.13345	51.6531	0	-0.602415	-0.798183	0	None	None
ChainingRodShaped	4859	2.08948	0.5	11.9887	42.2793	0	-0.669636	-0.74269	0	None	None
ChainingRodShaped	4593	3.00401	0.5	40.0313	54.835	0	-0.728308	-0.68525	0	None	None
ChainingRodShaped	4687	2.9975	0.5	4.17305	51.6233	0	-0.847767	-0.530368	0	None	None
ChainingRodShaped	4803	2.21877	0.5	-40.8742	50.4959	0	0.944397	-0.328809	0	None	None
ChainingRodShaped	4675	2.59588	0.5	18.9862	25.8359	0	-0.996568	-0.0827836	0	None	None
ChainingRodShaped	4268	4.69067	0.5	-44.3623	48.4119	0	0.0491677	-0.998791	0	None	None
ChainingRodShaped	4270	4.87638	0.5	16.3685	20.6738	0	-0.874044	-0.485846	0	None	None
ChainingRodShaped	4272	2.651	0.5	-18.1523	28.3902	0	-0.203497	-0.979076	0	4063	4271
ChainingRodShaped	4649	3.07269	0.5	25.4486	43.0917	0	-0.759377	0.650651	0	None	None
ChainingRodShaped	4276	4.18022	0.5	-27.0207	29.2236	0	0.723835	-0.689973	0	None	None
ChainingRodShaped	4811	2.30104	0.5	35.9106	31.5548	0	0.287616	-0.957746	0	None	None
ChainingRodShaped	4631	2.85084	0.5	17.1482	33.5931	0	0.842422	0.538818	0	None	None
ChainingRodShaped	4282	4.80317	0.5	-0.0221333	53.6393	0	-0.0864162	-0.996259	0	None	None
ChainingRodShaped	4677	2.76644	0.5	-34.5738	57.054	0	0.936565	0.350494	0	None	None
ChainingRodShaped	4813	2.2455	0.5	41.7078	52.5314	0	0.256203	-0.966623	0	None	None
ChainingRodShaped	4288	4.68197	0.5	23.7383	30.8448	0	0.13005	-0.991507	0	None	None
ChainingRodShaped	4673	2.61702	0.5	-5.2201	14.6865	0	-0.0369961	0.999315	0	None	None
ChainingRodShaped	4292	3.79855	0.5	9.30795	19.2855	0	0.740881	0.671636	0	4785	4291
ChainingRodShaped	4294	4.89348	0.5	25.5276	41.7426	0	0.756318	-0.654204	0	None	None
ChainingRodShaped	4296	3.58505	0.5	10.8049	38.9569	0	-0.424471	-0.905441	0	None	None
ChainingRodShaped	4298	2.87513	0.5	26.1997	33.2365	0	0.684034	-0.72945	0	None	4297
ChainingRodShaped	4300	3.80072	0.5	-22.5203	38.388	0	-0.32631	0.945263	0	None	None
ChainingRodShaped	4699	2.99829	0.5	-17.3397	48.8085	0	0.871747	0.489957	0	None	None
ChainingRodShaped	4304	3.04431	0.5	25.6704	31.1325	0	0.14082	-0.990035	0	None	4303
ChainingRodShaped	4719	2.40359	0.5	27.924	51.0761	0	-0.619486	0.785008	0	None	None
ChainingRodShaped	4715	2.37311	0.5	17.6907	35.4175	0	0.691226	0.722638	0	None	None
ChainingRodShaped	4310	4.15032	0.5	-20.4901	53.5204	0	-0.969666	-0.244434	0	None	None
ChainingRodShaped	4779	2.55004	0.5	4.52898	26.5219	0	0.120584	0.992703	0	None	None
ChainingRodShaped	4314	4.56975	0.5	-36.6662	42.7331	0	0.780519	-0.625132	0	None	None
ChainingRodShaped	4316	3.23094	0.5	9.18962	22.1332	0	0.905073	0.425257	0	3766	4315
ChainingRodShaped	4318	3.55164	0.5	-40.5061	48.2954	0	0.943894	-0.330249	0	None	None
ChainingRodShaped	4701	2.47732	0.5	-1.04482	14.4073	0	0.0910619	0.995845	0	None	None
ChainingRodShaped	4322	4.40222	0.5	31.5538	53.3889	0	-0.314386	-0.949295	0	None	None
ChainingRodShaped	4324	4.16726	0.5	38.6279	52.4942	0	-0.869068	-0.494693	0	None	None
ChainingRodShaped	4326	2.58464	0.5	43.5232	41.4245	0	0.809363	-0.587309	0	4189	4325
ChainingRodShaped	4328	4.43873	0.5	15.9091	39.1194	0	0.285971	0.958238	0	None	None
ChainingRodShaped	4745	2.86404	0.5	-35.1812	38.7221	0	0.662367	-0.749179	0	None	None
ChainingRodShaped	4332	3.61769	0.5	9.51121	50.54	0	-0.602648	-0.798007	0	None	None
ChainingRodShaped	4771	2.52743	0.5	4.94209	24.3567	0	0.598769	0.800922	0	None	None
ChainingRodShaped	4336	3.25799	0.5	-5.64269	57.6548	0	-0.168347	-0.985728	0	None	4335
ChainingRodShaped	4338	3.74915	0.5	-39.9424	49.133	0	0.944702	-0.327931	0	None	None
ChainingRodShaped	4823	2.22815	0.5	34.6017	29.574	0	0.921806	-0.387652	0	None	None
ChainingRodShaped	4873	2.00299	0.5	26.8811	39.2727	0	0.751868	-0.659314	0	None	None
ChainingRodShaped	4344	2.97726	0.5	-1.42186	47.0734	0	0.449719	-0.89317	0	4635	4343
ChainingRodShaped	4346	3.56	0.5	-25.8953	38.4822	0	-0.439299	0.898341	0	None	None
ChainingRodShaped	4737	2.58283	0.5	-12.5622	28.5824	0	-0.18725	-0.982312	0	None	None
ChainingRodShaped	4350	3.37627	0.5	-10.9155	51.2818	0	0.99966	0.0260885	0	None	None
ChainingRodShaped	4855	2.08718	0.5	5.7301	44.1579	0	-0.757043	-0.653365	0	None	None
ChainingRodShaped	4354	3.33056	0.5	18.8042	53.6752	0	-0.839331	-0.543621	0	None	None
ChainingRodShaped	4356	3.61962	0.5	-35.7337	51.3948	0	-0.999987	0.00518611	0	None	None
ChainingRodShaped	4358	4.74086	0.5	-15.8903	50.5856	0	0.971342	0.237685	0	None	None
ChainingRodShaped	4360	4.41085	0.5	14.6886	16.3355	0	0.183629	-0.982996	0	None	None
ChainingRodShaped	4362	4.14001	0.5	-7.65939	22.8467	0	-0.416219	-0.909264	0	None	None
ChainingRodShaped	4364	3.70158	0.5	22.6599	25.1972	0	-0.995166	-0.0982118	0	None	None
ChainingRodShaped	4783	2.43617	0.5	42.981	51.4759	0	0.104203	-0.994556	0	None	None
ChainingRodShaped	4368	3.78326	0.5	-6.44368	30.1126	0	-0.419015	-0.907979	0	None	None
ChainingRodShaped	4775	2.33901	0.5	36.5418	33.3544	0	0.176529	-0.984295	0	None	None
ChainingRodShaped	4773	2.37911	0.5	-46.2735	46.7128	0	0.0368902	-0.999319	0	None	None
ChainingRodShaped	4763	2.48326	0.5	34.7766	53.3569	0	0.146787	-0.989168	0	None	None
ChainingRodShaped	4376	3.19868	0.5	26.805	23.0112	0	0.135735	-0.990745	0	4303	4375
ChainingRodShaped	4378	3.51031	0.5	-14.3489	17.5052	0	-0.921932	0.387351	0	None	None
ChainingRodShaped	4380	4.84294	0.5	-21.4683	38.3155	0	-0.322373	0.946613	0	None	None
ChainingRodShaped	4793	2.27382	0.5	28.3481	45.0705	0	-0.54884	0.835928	0	None	None
ChainingRodShaped	4384	4.02407	0.5	-23.4186	38.0104	0	-0.330365	0.943853	0	None	None
ChainingRodShaped	4871	2.00505	0.5	32.8865	42.6804	0	-0.915933	0.401332	0	None	None
ChainingRodShaped	4835	2.11223	0.5	37.847	47.6121	0	-0.995259	-0.0972625	0	None	None
ChainingRodShaped	4795	2.24656	0.5	21.7252	40.7021	0	0.081946	0.996637	0	None	None
ChainingRodShaped	4392	3.83402	0.5	-39.4907	51.0517	0	-0.943813	0.330481	0	None	None
ChainingRodShaped	4394	3.88016	0.5	-25.4301	47.9792	0	-0.99934	-0.0363307	0	None	None
ChainingRodShaped	4396	4.13843	0.5	-27.7613	52.5316	0	-0.556204	-0.831046	0	None	None
ChainingRodShaped	4821	2.19899	0.5	-9.55934	48.553	0	0.928697	-0.370839	0	None	None
ChainingRodShaped	4400	3.32261	0.5	-19.8419	35.3736	0	0.254902	0.966967	0	None	None
ChainingRodShaped	4402	4.32661	0.5	4.46933	40.1186	0	-0.70221	-0.71197	0	None	None
ChainingRodShaped	4847	2.07999	0.5	9.91136	44.3186	0	0.358353	0.933586	0	None	None
ChainingRodShaped	4839	2.16645	0.5	-16.8179	53.4124	0	0.969988	0.243154	0	None	None
ChainingRodShaped	4408	4.30433	0.5	-22.41	44.1597	0	0.49001	0.871717	0	None	None
ChainingRodShaped	4410	4.55683	0.5	-11.0942	42.5394	0	0.892512	-0.451023	0	None	None
ChainingRodShaped	4412	4.34905	0.5	21.8428	57.6574	0	-0.860607	-0.50927	0	None	None
ChainingRodShaped	4857	2.06323	0.5	-0.0890718	13.8884	0	0.0953243	0.995446	0	None	None
ChainingRodShaped	4416	4.92929	0.5	3.91545	54.4876	0	-0.308414	-0.951252	0	None	None
ChainingRodShaped	4418	4.31541	0.5	6.51669	30.3305	0	-0.532468	-0.84645	0	None	None
ChainingRodShaped	4420	4.10561	0.5	0.839346	51.437	0	-0.0616612	-0.998097	0	None	None
ChainingRodShaped	4422	2.85468	0.5	-0.120488	33.2562	0	0.362528	0.931973	0	None	4421
ChainingRodShaped	4424	3.73478	0.5	44.767	51.7361	0	-0.374801	-0.927105	0	None	None
ChainingRodShaped	4426	3.25548	0.5	-27.8911	50.6263	0	-0.565428	-0.824797	0	3800	4425
ChainingRodShaped	4428	3.4655	0.5	-16.618	51.421	0	-0.971307	-0.237831	0	None	None
ChainingRodShaped	4845	2.15409	0.5	19.1974	57.2386	0	-0.858938	-0.51208	0	None	None
ChainingRodShaped	4432	4.20104	0.5	-36.6103	29.7844	0	-0.768264	0.640134	0	None	None
ChainingRodShaped	4851	2.07929	0.5	15.4654	48.5198	0	-0.6997	-0.714436	0	None	None
ChainingRodShaped	4436	3.38509	0.5	5.44128	38.8494	0	-0.393983	-0.919118	0	None	None
ChainingRodShaped	4438	3.19925	0.5	24.1078	35.3581	0	0.133726	-0.991018	0	None	4437
ChainingRodShaped	4440	4.14642	0.5	45.0011	45.1599	0	-0.298711	-0.954344	0	None	None
ChainingRodShaped	4442	3.42687	0.5	22.2814	22.3817	0	-0.838288	-0.545228	0	None	None
ChainingRodShaped	4444	2.90265	0.5	-21.2162	31.539	0	-0.830574	0.556908	0	None	4443
ChainingRodShaped	4446	3.83655	0.5	13.2992	32.9596	0	-0.943215	0.332184	0	None	None
ChainingRodShaped	4448	2.66576	0.5	0.540691	21.7179	0	-0.361802	0.932255	0	None	4447
ChainingRodShaped	4450	3.37388	0.5	-9.21445	34.9989	0	0.53391	-0.845541	0	None	None
ChainingRodShaped	4452	3.57741	0.5	46.0081	48.9691	0	0.343888	-0.939011	0	None	None
ChainingRodShaped	4454	4.31124	0.5	-2.34169	16.3002	0	-0.129181	0.991621	0	None	None
ChainingRodShaped	4456	3.27728	0.5	-11.2409	34.5132	0	0.532623	-0.846352	0	None	None
ChainingRodShaped	4458	4.0327	0.5	9.63073	34.4039	0	0.655628	0.755084	0	None	None
ChainingRodShaped	4460	4.48974	0.5	41.3613	34.5992	0	-0.262835	0.964841	0	None	None
ChainingRodShaped	4462	4.03361	0.5	9.66811	38.7982	0	-0.420627	-0.907234	0	None	None
ChainingRodShaped	4464	4.71539	0.5	4.32674	16.6301	0	-0.823811	-0.566865	0	None	None
ChainingRodShaped	4466	3.03935	0.5	37.0727	37.3972	0	0.239974	-0.970779	0	None	None
ChainingRodShaped	4468	3.01669	0.5	12.9257	32.065	0	-0.94129	0.337598	0	None	None
ChainingRodShaped	4470	4.17551	0.5	-47.934	43.0585	0	0.657513	-0.753443	0	None	None
ChainingRodShaped	4472	4.16125	0.5	13.8496	39.1436	0	-0.222337	0.97497	0	None	None
ChainingRodShaped	4474	4.71804	0.5	-12.5252	54.5024	0	0.969355	0.245665	0	None	None
ChainingRodShaped	4476	3.20374	0.5	32.3774	40.2894	0	-0.998512	0.0545268	0	None	None
ChainingRodShaped	4478	4.54088	0.5	17.593	24.7328	0	-0.996546	-0.0830476	0	None	None
ChainingRodShaped	4480	4.72089	0.5	19.0586	22.886	0	-0.996484	-0.083782	0	None	None
ChainingRodShaped	4482	4.6346	0.5	-18.4656	56.226	0	-0.722157	-0.69173	0	None	None
ChainingRodShaped	4484	3.67419	0.5	30.3949	56.5213	0	0.307743	-0.951469	0	None	None
ChainingRodShaped	4486	2.90802	0.5	47.569	54.0486	0	0.465348	-0.885128	0	None	None
ChainingRodShaped	4488	4.37658	0.5	-13.0964	35.7779	0	0.115387	-0.993321	0	None	None
ChainingRodShaped	4490	3.71556	0.5	-38.6593	59.827	0	0.246066	-0.969253	0	None	None
ChainingRodShaped	4492	3.10533	0.5	-35.5375	53.6035	0	0.76089	0.648881	0	None	None
ChainingRodShaped	4494	4.09397	0.5	-37.8311	34.4562	0	-0.932186	0.361979	0	None	None
ChainingRodShaped	4496	3.87309	0.5	32.111	35.8422	0	0.843205	0.537592	0	None	None
ChainingRodShaped	4498	3.10808	0.5	3.60402	37.0759	0	-0.402673	-0.915344	0	None	None
ChainingRodShaped	4500	3.1866	0.5	14.4681	29.2468	0	0.982266	-0.18749	0	None	None
ChainingRodShaped	4502	3.55777	0.5	45.9929	55.8294	0	-0.550023	-0.835149	0	None	None
ChainingRodShaped	4504	3.31984	0.5	-14.4247	37.7039	0	-0.224432	-0.97449	0	None	None
ChainingRodShaped	4506	3.70918	0.5	2.73121	56.9424	0	-0.808442	-0.588576	0	None	None
ChainingRodShaped	4508	4.1991	0.5	-40.948	40.6845	0	-0.359221	0.933253	0	None	None
ChainingRodShaped	4510	4.14684	0.5	-6.61192	41.6511	0	0.546445	0.837495	0	None	None
ChainingRodShaped	4512	4.01744	0.5	-24.6025	53.1657	0	-0.43312	-0.901336	0	None	None
ChainingRodShaped	4514	2.67452	0.5	-22.9238	22.1651	0	-0.92284	0.385184	0	4097	4513
ChainingRodShaped	4516	3.74569	0.5	-28.6808	29.4432	0	0.724501	-0.689274	0	None	None
ChainingRodShaped	4518	4.17773	0.5	26.1203	38.6417	0	0.74596	-0.665991	0	None	None
ChainingRodShaped	4520	3.66901	0.5	-30.9633	50.8668	0	-0.390562	-0.920577	0	None	None
ChainingRodShaped	4522	2.69171	0.5	-14.6877	30.5127	0	-0.193921	0.981017	0	4049	4521
ChainingRodShaped	4524	2.82607	0.5	38.7102	43.6046	0	-0.772114	0.635484	0	None	None
ChainingRodShaped	4526	4.00129	0.5	37.3827	41.897	0	-0.675051	0.737771	0	None	None
ChainingRodShaped	4528	4.31382	0.5	33.1928	32.8416	0	0.404699	-0.91445	0	None	None
ChainingRodShaped	4530	3.5686	0.5	-15.0798	47.9163	0	0.999742	-0.0227142	0	None	None
ChainingRodShaped	4532	3.71148	0.5	-24.8592	48.9728	0	0.999261	0.0384306	0	None	None
ChainingRodShaped	4534	3.29506	0.5	-21.8137	47.5253	0	-0.784882	-0.619645	0	None	None
ChainingRodShaped	4536	3.04797	0.5	19.2567	45.0219	0	0.827097	0.562059	0	None	None
ChainingRodShaped	4538	3.79782	0.5	-22.9227	35.0453	0	-0.83118	0.556004	0	None	None
ChainingRodShaped	4540	3.93433	0.5	8.29769	38.1566	0	0.411999	0.911184	0	None	None
ChainingRodShaped	4542	3.87155	0.5	1.79147	29.7511	0	-0.260326	-0.965521	0	None	None
ChainingRodShaped	4544	3.62453	0.5	7.039	27.294	0	0.844872	0.534969	0	None	None
ChainingRodShaped	4546	3.96087	0.5	20.9027	49.7747	0	-0.481613	-0.876384	0	None	None
ChainingRodShaped	4548	3.86605	0.5	-30.1495	36.1446	0	0.692576	-0.721345	0	None	None
ChainingRodShaped	4550	3.38763	0.5	32.187	52.1945	0	-0.311897	-0.950116	0	None	None
ChainingRodShaped	4552	2.91907	0.5	-41.9172	40.444	0	-0.360307	0.932834	0	None	None
ChainingRodShaped	4554	3.10148	0.5	11.7873	24.4323	0	-0.905423	-0.42451	0	None	None
ChainingRodShaped	4556	3.27505	0.5	22.7029	28.0422	0	-0.916188	0.400749	0	None	None
ChainingRodShaped	4558	3.66718	0.5	-32.4488	43.2294	0	-0.556516	0.830837	0	None	None
ChainingRodShaped	4560	4.00581	0.5	-32.1314	29.5219	0	0.722612	-0.691254	0	None	None
ChainingRodShaped	4562	3.5934	0.5	-39.0098	40.1626	0	-0.663214	0.74843	0	None	None
ChainingRodShaped	4564	2.98687	0.5	-22.0507	56.9758	0	-0.000537144	-1	0	None	None
ChainingRodShaped	4566	3.95736	0.5	-6.45731	21.5616	0	-0.0841916	-0.99645	0	None	None
ChainingRodShaped	4568	2.99957	0.5	-24.1244	29.8779	0	0.910096	-0.414398	0	None	None
ChainingRodShaped	4570	2.8278	0.5	-25.3154	35.479	0	-0.826813	0.562477	0	None	None
ChainingRodShaped	4572	3.20958	0.5	18.8777	20.8385	0	-0.705246	-0.708963	0	None	None
ChainingRodShaped	4574	3.60443	0.5	-0.466812	47.3774	0	0.454008	-0.890997	0	None	None
ChainingRodShaped	4576	3.32581	0.5	-35.2423	55.1457	0	0.761682	0.647951	0	None	None
ChainingRodShaped	4578	3.73301	0.5	27.0172	36.5443	0	0.744719	-0.667378	0	None	None
ChainingRodShaped	4580	3.38245	0.5	18.9949	32.3859	0	0.870805	0.491628	0	None	None
ChainingRodShaped	4582	3.51167	0.5	21.0511	59.4931	0	-0.861512	-0.507738	0	None	None
ChainingRodShaped	4584	3.13422	0.5	6.81198	32.6686	0	-0.663969	-0.74776	0	None	None
ChainingRodShaped	4586	2.89	0.5	7.40626	43.4755	0	-0.389916	-0.92085	0	None	None
ChainingRodShaped	4588	3.34287	0.5	45.2782	57.7812	0	-0.16345	-0.986552	0	None	None
ChainingRodShaped	4590	3.3149	0.5	26.7898	55.3683	0	-0.993181	-0.116584	0	None	None
ChainingRodShaped	4592	3.66157	0.5	27.2339	45.0056	0	-0.557172	0.830397	0	None	None
ChainingRodShaped	4594	2.99631	0.5	42.7517	57.3765	0	-0.895179	0.445706	0	None	None
ChainingRodShaped	4596	3.16262	0.5	35.3707	38.8608	0	-0.666814	-0.745225	0	None	None
ChainingRodShaped	4598	2.64969	0.5	16.8112	35.9049	0	-0.684837	-0.728697	0	None	None
ChainingRodShaped	4600	2.93085	0.5	5.05696	22.3395	0	0.414604	0.910002	0	None	None
ChainingRodShaped	4602	3.07982	0.5	21.3671	31.4336	0	-0.768334	-0.640049	0	None	None
ChainingRodShaped	4604	3.66088	0.5	-39.4538	44.2139	0	-0.265306	-0.964164	0	None	None
ChainingRodShaped	4606	3.72736	0.5	-8.29263	19.119	0	-0.42374	-0.905784	0	None	None
ChainingRodShaped	4608	3.54409	0.5	24.3429	38.263	0	0.425564	-0.904928	0	None	None
ChainingRodShaped	4610	2.89267	0.5	15.0116	26.8494	0	-0.989142	0.14696	0	None	None
ChainingRodShaped	4612	3.33707	0.5	-40.1744	60.3194	0	-0.0459926	-0.998942	0	None	None
ChainingRodShaped	4614	3.59912	0.5	11.655	52.1052	0	0.269512	0.962997	0	None	None
ChainingRodShaped	4616	3.0314	0.5	17.3439	53.8996	0	-0.844168	-0.536079	0	None	None
ChainingRodShaped	4618	2.56588	0.5	38.9048	31.6046	0	0.908923	-0.416965	0	None	None
ChainingRodShaped	4620	2.9384	0.5	-35.7746	35.0004	0	-0.677377	0.735636	0	None	None
ChainingRodShaped	4622	2.55899	0.5	-38.08	33.4943	0	-0.934063	0.357108	0	None	None
ChainingRodShaped	4624	3.29373	0.5	41.1383	50.9313	0	-0.670002	0.742359	0	None	None
ChainingRodShaped	4626	2.92973	0.5	-34.1356	43.2135	0	0.781326	-0.624123	0	None	None
ChainingRodShaped	4628	3.18925	0.5	-40.8922	47.3959	0	0.943088	-0.332544	0	None	None
ChainingRodShaped	4630	3.12447	0.5	-28.2937	40.5954	0	-0.576014	0.81744	0	None	None
ChainingRodShaped	4632	3.47059	0.5	16.7779	32.2163	0	0.847765	0.530372	0	None	None
ChainingRodShaped	4634	2.92532	0.5	33.1271	48.7065	0	-0.296407	-0.955062	0	None	None
ChainingRodShaped	4636	2.27145	0.5	-4.59595	53.392	0	0.448339	-0.893863	0	None	4635
ChainingRodShaped	4638	3.42768	0.5	-43.9249	38.0392	0	-0.70529	0.708919	0	None	None
ChainingRodShaped	4640	3.28086	0.5	32.4309	41.8166	0	-0.916608	0.399788	0	None	None
ChainingRodShaped	4642	2.59983	0.5	-20.6071	38.8313	0	-0.314973	0.949101	0	None	None
ChainingRodShaped	4644	3.36791	0.5	7.07213	28.4694	0	0.83948	0.543391	0	None	None
ChainingRodShaped	4646	3.48632	0.5	-0.660267	21.1222	0	-0.59341	0.8049	0	None	None
ChainingRodShaped	4648	3.04972	0.5	-18.3617	52.016	0	0.972365	0.233466	0	None	None
ChainingRodShaped	4650	2.69823	0.5	28.5716	40.9229	0	-0.920527	0.390678	0	None	None
ChainingRodShaped	4652	3.11775	0.5	12.955	28.5303	0	0.984139	-0.177397	0	None	None
ChainingRodShaped	4654	3.0662	0.5	5.07495	13.8832	0	-0.752452	-0.658647	0	None	None
ChainingRodShaped	4656	2.97544	0.5	22.2902	46.1773	0	-0.734972	-0.678097	0	None	None
ChainingRodShaped	4658	2.86016	0.5	29.8571	36.5436	0	0.998984	-0.0450553	0	None	None
ChainingRodShaped	4660	3.37012	0.5	-25.332	28.9817	0	0.722976	-0.690873	0	None	None
ChainingRodShaped	4662	3.02102	0.5	31.7869	58.1368	0	0.830167	-0.557514	0	None	None
ChainingRodShaped	4664	2.61604	0.5	29.9439	30.6802	0	0.690209	-0.72361	0	None	None
ChainingRodShaped	4666	3.12686	0.5	20.4227	35.8581	0	0.0813324	0.996687	0	None	None
ChainingRodShaped	4668	2.91395	0.5	47.8058	57.854	0	0.49238	-0.87038	0	None	None
ChainingRodShaped	4670	2.39231	0.5	-11.1357	19.9926	0	-0.181857	-0.983325	0	4137	4669
ChainingRodShaped	4672	2.53175	0.5	-6.97368	49.8817	0	-0.169396	-0.985548	0	4335	4671
ChainingRodShaped	4674	2.5234	0.5	-4.18695	11.4951	0	-0.705464	0.708746	0	None	None
ChainingRodShaped	4676	3.13531	0.5	22.8046	26.1977	0	-0.994713	-0.102699	0	None	None
ChainingRodShaped	4678	3.16265	0.5	-36.7455	58.9153	0	0.614047	-0.78927	0	None	None
ChainingRodShaped	4680	2.48323	0.5	-35.6829	49.6681	0	0.806537	-0.591184	0	None	None
ChainingRodShaped	4682	2.81179	0.5	-6.25715	18.3645	0	-0.543341	-0.839512	0	None	None
ChainingRodShaped	4684	3.25911	0.5	1.26124	17.6527	0	-0.724379	0.689401	0	None	None
ChainingRodShaped	4686	3.23709	0.5	-32.6269	40.0843	0	0.934193	-0.356767	0	None	None
ChainingRodShaped	4688	3.26254	0.5	7.44336	52.302	0	-0.900295	-0.43528	0	None	None
ChainingRodShaped	4690	3.01519	0.5	19.6697	53.0806	0	-0.837165	-0.546951	0	None	None
ChainingRodShaped	4692	3.04857	0.5	-32.5364	35.8039	0	0.678214	-0.734864	0	None	None
ChainingRodShaped	4694	2.75454	0.5	-42.6371	45.5889	0	-0.00956271	0.999954	0	None	None
ChainingRodShaped	4696	2.18806	0.5	-32.7688	31.8555	0	0.998833	-0.0483052	0	3988	4695
ChainingRodShaped	4698	2.51836	0.5	-29.8284	54.8623	0	0.935197	0.354127	0	None	None
ChainingRodShaped	4700	2.55448	0.5	-19.414	45.9503	0	0.350507	0.93656	0	None	None
ChainingRodShaped	4702	2.84962	0.5	-2.05927	10.9454	0	0.281335	0.95961	0	None	None
ChainingRodShaped	4704	3.06566	0.5	6.35244	50.6015	0	-0.874226	-0.48552	0	None	None
ChainingRodShaped	4706	2.71072	0.5	14.8275	42.4642	0	-0.52814	0.849157	0	None	None
ChainingRodShaped	4708	2.93285	0.5	-2.66989	26.5159	0	-0.528197	0.849122	0	None	None
ChainingRodShaped	4710	2.6288	0.5	-26.7553	41.839	0	-0.583785	0.811908	0	None	None
ChainingRodShaped	4712	2.71135	0.5	-2.993	12.9599	0	-0.0699454	0.997551	0	None	None
ChainingRodShaped	4714	2.64132	0.5	37.3507	28.4723	0	0.609085	-0.793105	0	None	None
ChainingRodShaped	4716	2.82638	0.5	14.5733	33.9973	0	0.999944	-0.0106038	0	None	None
ChainingRodShaped	4718	2.83149	0.5	-21.0091	42.6541	0	0.492324	0.870412	0	None	None
ChainingRodShaped	4720	2.5759	0.5	29.8269	48.1202	0	-0.578668	0.815563	0	None	None
ChainingRodShaped	4722	2.89808	0.5	-4.23089	20.3097	0	-0.0388712	0.999244	0	None	None
ChainingRodShaped	4724	2.50097	0.5	-22.8522	23.6623	0	0.999998	-0.00210025	0	None	None
ChainingRodShaped	4726	2.68707	0.5	9.486	48.8855	0	-0.594637	-0.803994	0	None	None
ChainingRodShaped	4728	2.51557	0.5	34.7303	43.6201	0	0.531712	-0.846925	0	None	None
ChainingRodShaped	4730	2.844	0.5	42.3532	48.3149	0	-0.715215	-0.698904	0	None	None
ChainingRodShaped	4732	2.4942	0.5	5.98196	35.151	0	0.412098	0.91114	0	None	None
ChainingRodShaped	4734	2.82114	0.5	16.9801	43.5212	0	0.0028982	0.999996	0	None	None
ChainingRodShaped	4736	2.69361	0.5	17.5334	57.3926	0	-0.857363	-0.514712	0	None	None
ChainingRodShaped	4738	2.80738	0.5	-12.0184	32.226	0	-0.126225	-0.992002	0	None	None
ChainingRodShaped	4740	2.546	0.5	-45.7677	51.3435	0	0.256012	-0.966674	0	None	None
ChainingRodShaped	4742	2.58484	0.5	-4.08857	13.9766	0	-0.0903505	0.99591	0	None	None
ChainingRodShaped	4744	2.32737	0.5	25.1405	56.3261	0	-0.854319	-0.519749	0	None	None
ChainingRodShaped	4746	2.46982	0.5	-37.4011	41.6231	0	0.578774	-0.815488	0	None	None
ChainingRodShaped	4748	2.74499	0.5	-6.29468	16.1141	0	-0.409584	-0.912272	0	None	None
ChainingRodShaped	4750	2.41509	0.5	27.9969	47.3613	0	-0.56476	0.825255	0	None	None
ChainingRodShaped	4752	2.67533	0.5	-46.6604	53.7093	0	-0.428935	-0.903335	0	None	None
ChainingRodShaped	4754	2.59386	0.5	-32.9315	53.5456	0	0.996606	0.0823235	0	None	None
ChainingRodShaped	4756	2.35512	0.5	-36.934	56.7465	0	0.238281	-0.971196	0	None	None
ChainingRodShaped	4758	2.63439	0.5	-12.3576	45.963	0	0.70566	-0.708551	0	None	None
ChainingRodShaped	4760	2.20947	0.5	25.2275	59.7649	0	-0.479397	-0.877598	0	None	4759
ChainingRodShaped	4762	2.47445	0.5	16.557	37.868	0	0.285826	0.958281	0	None	None
ChainingRodShaped	4764	2.29393	0.5	35.0537	56.1128	0	0.544571	-0.838715	0	None	None
ChainingRodShaped	4766	2.58291	0.5	43.894	48.4316	0	-0.708567	-0.705643	0	None	None
ChainingRodShaped	4768	2.28107	0.5	-17.2249	27.9534	0	-0.204881	-0.978787	0	None	None
ChainingRodShaped	4770	2.25603	0.5	-13.6914	56.2576	0	-0.969295	-0.2459	0	None	None
ChainingRodShaped	4772	2.34783	0.5	3.47792	21.3376	0	0.45461	0.890691	0	None	None
ChainingRodShaped	4774	2.42934	0.5	-47.474	49.3991	0	0.174972	-0.984573	0	None	None
ChainingRodShaped	4776	2.61699	0.5	36.2255	36.7446	0	0.235762	-0.971811	0	None	None
ChainingRodShaped	4778	2.32841	0.5	31.6519	45.2129	0	-0.431157	0.902277	0	None	None
ChainingRodShaped	4780	2.33896	0.5	3.26649	23.9978	0	0.098826	0.995105	0	None	None
ChainingRodShaped	4782	2.41339	0.5	-10.1649	30.6829	0	-0.173139	-0.984897	0	None	None
ChainingRodShaped	4784	2.38353	0.5	43.06	54.8587	0	-0.0578595	-0.998325	0	None	None
ChainingRodShaped	4786	2.21937	0.5	3.98306	14.4442	0	0.739029	0.673674	0	4004	4785
ChainingRodShaped	4788	2.30172	0.5	15.7297	51.4697	0	-0.73707	-0.675816	0	None	None
ChainingRodShaped	4790	2.24864	0.5	33.7087	53.7771	0	0.149309	-0.988791	0	None	None
ChainingRodShaped	4792	2.0928	0.5	2.25315	23.6363	0	-0.0888749	-0.996043	0	3812	4791
ChainingRodShaped	4794	2.30009	0.5	29.8858	42.2501	0	-0.600838	0.799371	0	None	None
ChainingRodShaped	4796	2.28294	0.5	21.4995	37.4662	0	0.0700768	0.997542	0	None	None
ChainingRodShaped	4798	2.39394	0.5	-11.8905	13.5029	0	-0.189359	0.981908	0	None	None
ChainingRodShaped	4800	2.31937	0.5	11.4128	37.9561	0	-0.422938	-0.906159	0	None	None
ChainingRodShaped	4802	2.35853	0.5	-32.8118	37.5466	0	0.677231	-0.735771	0	None	None
ChainingRodShaped	4804	2.27636	0.5	-43.9086	51.5826	0	0.903998	-0.427537	0	None	None
ChainingRodShaped	4806	2.17154	0.5	-34.8786	40.0037	0	0.758661	-0.651485	0	None	None
ChainingRodShaped	4808	2.21926	0.5	-9.24569	14.4102	0	-0.430554	-0.902565	0	None	None
ChainingRodShaped	4810	2.14256	0.5	-35.6271	37.7393	0	0.669395	-0.742906	0	None	None
ChainingRodShaped	4812	2.30752	0.5	35.359	34.7394	0	-0.0621855	-0.998065	0	None	None
ChainingRodShaped	4814	2.18905	0.5	42.0998	55.4728	0	-0.0522704	-0.998633	0	None	None
ChainingRodShaped	4816	2.28112	0.5	-9.32475	33.3318	0	0.536957	-0.84361	0	None	None
ChainingRodShaped	4818	2.14575	0.5	30.8069	44.7221	0	-0.423778	0.905766	0	None	None
ChainingRodShaped	4820	2.22728	0.5	0.686868	29.392	0	-0.268811	-0.963193	0	None	None
ChainingRodShaped	4822	2.21585	0.5	-12.5416	49.6904	0	0.911148	-0.412079	0	None	None
ChainingRodShaped	4824	2.18579	0.5	31.6739	30.8378	0	0.896062	-0.443929	0	None	None
ChainingRodShaped	4826	2.21129	0.5	16.023	43.4735	0	0.00691018	0.999976	0	None	None
ChainingRodShaped	4828	2.23811	0.5	-45.2302	43.6453	0	0.378034	-0.925792	0	None	None
ChainingRodShaped	4830	2.17024	0.5	42.3327	38.3955	0	-0.298959	0.954266	0	None	None
ChainingRodShaped	4832	2.16811	0.5	-16.4634	54.5233	0	0.968022	0.250864	0	None	None
ChainingRodShaped	4834	2.08337	0.5	1.51645	14.7522	0	-0.681739	0.731596	0	None	None
ChainingRodShaped	4836	2.12993	0.5	40.5372	48.802	0	-0.988817	-0.149136	0	None	None
ChainingRodShaped	4838	2.14369	0.5	36.4624	54.398	0	-0.431314	-0.902202	0	None	None
ChainingRodShaped	4840	2.14009	0.5	-19.8649	52.6613	0	0.969982	0.243179	0	None	None
ChainingRodShaped	4842	2.18646	0.5	-1.45267	51.4228	0	0.467446	-0.884022	0	None	None
ChainingRodShaped	4844	2.03813	0.5	-1.97834	28.1432	0	-0.368479	0.929636	0	4447	4843
ChainingRodShaped	4846	2.09564	0.5	21.8792	58.8285	0	-0.860979	-0.508641	0	None	None
ChainingRodShaped	4848	2.15837	0.5	8.67687	41.504	0	0.396943	0.917843	0	None	None
ChainingRodShaped	4850	2.08364	0.5	-37.909	49.4739	0	0.947934	-0.318467	0	None	None
ChainingRodShaped	4852	2.06809	0.5	17.7398	50.4733	0	-0.628752	-0.777605	0	None	None
ChainingRodShaped	4854	2.08486	0.5	4.96504	29.6842	0	-0.523978	-0.851732	0	None	None
ChainingRodShaped	4856	2.05828	0.5	8.04217	46.1635	0	-0.757152	-0.653239	0	None	None
ChainingRodShaped	4858	2.08029	0.5	-1.00293	11.012	0	0.281224	0.959642	0	None	None
ChainingRodShaped	4860	2.07172	0.5	13.6501	44.8226	0	-0.468589	-0.883416	0	None	None
ChainingRodShaped	4862	2.02058	0.5	27.4598	50.0421	0	-0.632856	0.774269	0	None	None
ChainingRodShaped	4864	2.05027	0.5	-12.963	52.2023	0	0.994262	0.106976	0	None	None
ChainingRodShaped	4866	2.04049	0.5	-16.5871	17.4072	0	-0.775484	0.631368	0	None	None
ChainingRodShaped	4868	2.01746	0.5	17.8706	38.799	0	0.306195	0.951969	0	None	None
ChainingRodShaped	4870	2.01459	0.5	-40.7131	57.0395	0	0.291215	-0.956658	0	None	None
ChainingRodShaped	4872	2.00707	0.5	35.5946	41.4329	0	-0.928801	0.370579	0	None	None
ChainingRodShaped	4874	2.00412	0.5	24.6183	41.2422	0	0.762822	-0.646609	0	None	None
ChainingRodShaped	4876	2.00017	0.5	17.1521	29.6183	0	-0.955563	0.294787	0	None	None
