cell_type	cell_id	length	radius	pos_x	pos_y	pos_z	ori_x	ori_y	ori_z	lower_link	upper_link
ChainingRodShaped	134	4.44404	0.5	9.25891	29.6124	0	0.827943	0.560812	0	None	None
ChainingRodShaped	210	2.11859	0.5	-10.8823	6.28507	0	0.0774517	-0.996996	0	211	None
ChainingRodShaped	78	3.19307	0.5	-13.7029	42.5923	0	0.0774518	-0.996996	0	214	103
ChainingRodShaped	128	4.65155	0.5	10.248	36.8401	0	0.923772	-0.382942	0	None	None
ChainingRodShaped	162	4.17653	0.5	11.1916	33.1031	0	0.405791	-0.913966	0	None	None
ChainingRodShaped	98	4.27196	0.5	10.9979	40.5981	0	0.760686	-0.64912	0	None	None
ChainingRodShaped	114	4.0355	0.5	-12.2316	23.6536	0	0.0774517	-0.996996	0	115	97
ChainingRodShaped	138	3.24829	0.5	-1.03094	34.9442	0	0.964728	-0.26325	0	None	None
ChainingRodShaped	186	2.78888	0.5	9.16967	31.7885	0	0.997703	-0.0677473	0	None	None
ChainingRodShaped	176	2.93566	0.5	4.46722	33.6992	0	0.898285	-0.439413	0	None	None
ChainingRodShaped	190	2.4331	0.5	-14.4702	52.4694	0	0.077452	-0.996996	0	191	215
ChainingRodShaped	202	2.21129	0.5	8.68832	46.0344	0	0.949504	-0.313756	0	None	None
ChainingRodShaped	76	4.81286	0.5	9.36683	40.6885	0	0.758997	-0.651094	0	None	None
ChainingRodShaped	126	4.72934	0.5	-0.0158724	41.3015	0	0.255027	-0.966934	0	None	None
ChainingRodShaped	102	3.87609	0.5	-13.0045	33.603	0	0.0774517	-0.996996	0	103	115
ChainingRodShaped	142	4.71125	0.5	5.25824	31.0566	0	0.997853	-0.0654887	0	None	None
ChainingRodShaped	208	2.24841	0.5	-10.1771	36.3558	0	-0.920027	0.391855	0	None	None
ChainingRodShaped	150	2.99185	0.5	6.92539	35.42	0	0.39069	-0.920522	0	None	None
ChainingRodShaped	96	4.31556	0.5	-11.4485	13.5725	0	0.0774517	-0.996996	0	97	211
ChainingRodShaped	170	3.68851	0.5	10.4164	38.475	0	0.757481	-0.652857	0	None	None
ChainingRodShaped	152	3.77394	0.5	3.38015	49.6244	0	0.875935	-0.482428	0	None	None
ChainingRodShaped	88	4.41823	0.5	0.867178	41.7854	0	0.253773	-0.967264	0	None	None
ChainingRodShaped	212	2.20213	0.5	-5.27157	39.8835	0	-0.0660589	-0.997816	0	None	None
ChainingRodShaped	110	4.58189	0.5	-5.77761	47.961	0	-0.310845	-0.950461	0	None	None
ChainingRodShaped	154	4.58048	0.5	9.38706	44.7539	0	0.949368	-0.314166	0	None	None
ChainingRodShaped	166	3.1805	0.5	-4.62279	33.0654	0	0.998438	-0.05587	0	None	None
ChainingRodShaped	204	2.18149	0.5	3.48668	46.1377	0	0.894934	-0.446198	0	None	None
ChainingRodShaped	108	4.19936	0.5	1.90137	30.6227	0	0.886813	-0.462128	0	None	None
ChainingRodShaped	192	2.37579	0.5	-7.37446	38.3198	0	0.249881	-0.968276	0	None	None
ChainingRodShaped	174	2.88661	0.5	2.40351	40.3563	0	-0.00240284	-0.999997	0	None	None
ChainingRodShaped	116	3.93969	0.5	-3.41539	36.0266	0	-0.8396	-0.543205	0	None	None
ChainingRodShaped	180	2.85618	0.5	-7.23442	48.41	0	0.0728529	-0.997343	0	None	None
ChainingRodShaped	136	4.52664	0.5	-7.10534	44.8009	0	0.461615	-0.88708	0	None	None
ChainingRodShaped	122	4.42146	0.5	-7.2218	42.8854	0	0.463987	-0.885842	0	None	None
ChainingRodShaped	140	3.78686	0.5	0.359041	53.0424	0	0.955112	-0.296244	0	None	None
ChainingRodShaped	73	3.932	0.5	-15.0504	59.9382	0	0.077452	-0.996996	0	None	191
ChainingRodShaped	184	3.16982	0.5	0.909864	37.3937	0	0.73649	-0.676449	0	None	None
ChainingRodShaped	168	3.5147	0.5	5.73249	43.9643	0	0.906282	-0.422674	0	None	None
ChainingRodShaped	214	2.06156	0.5	-13.9833	46.2017	0	0.0774519	-0.996996	0	215	78
ChainingRodShaped	206	2.28869	0.5	6.04943	34.9444	0	0.388191	-0.921579	0	None	None
ChainingRodShaped	160	2.91882	0.5	3.6967	28.5047	0	0.869756	-0.493481	0	None	None
ChainingRodShaped	182	2.91338	0.5	4.61609	35.8008	0	0.383715	-0.923451	0	None	None
ChainingRodShaped	146	4.65043	0.5	-5.70699	36.9564	0	-0.802215	-0.597036	0	None	None
ChainingRodShaped	89	4.65347	0.5	-2.31095	46.4137	0	0.566457	-0.824091	0	None	None
ChainingRodShaped	148	4.5377	0.5	0.264532	49.2132	0	0.819737	-0.57274	0	None	None
ChainingRodShaped	158	3.80178	0.5	-7.20982	40.7275	0	0.465349	-0.885127	0	None	None
ChainingRodShaped	95	4.79899	0.5	-2.9156	50.6095	0	0.612849	-0.7902	0	None	None
ChainingRodShaped	97	3.94726	0.5	-11.8455	18.6835	0	0.0774517	-0.996996	0	114	96
ChainingRodShaped	144	4.33965	0.5	10.44	43.0054	0	0.999498	0.0316697	0	None	None
ChainingRodShaped	156	3.12842	0.5	1.92143	33.3189	0	0.989473	-0.144718	0	None	None
ChainingRodShaped	103	3.49707	0.5	-13.3669	38.2677	0	0.0774517	-0.996996	0	78	102
ChainingRodShaped	164	2.82414	0.5	8.84411	34.7435	0	0.696574	-0.717485	0	None	None
ChainingRodShaped	172	2.70947	0.5	-1.2171	46.5661	0	0.564644	-0.825334	0	None	None
ChainingRodShaped	218	2.03582	0.5	-1.95044	31.8598	0	0.992427	-0.122839	0	None	None
ChainingRodShaped	111	4.06994	0.5	-5.73456	51.4273	0	-0.287325	-0.957833	0	None	None
ChainingRodShaped	113	3.79771	0.5	3.93905	43.7061	0	0.898254	-0.439476	0	None	None
ChainingRodShaped	115	4.03861	0.5	-12.6212	28.6683	0	0.0774517	-0.996996	0	102	114
ChainingRodShaped	117	4.72048	0.5	-2.9725	39.9561	0	0.0698478	-0.997558	0	None	None
ChainingRodShaped	178	3.31857	0.5	-6.25421	53.1381	0	-0.287382	-0.957816	0	None	None
ChainingRodShaped	196	2.3683	0.5	-2.12877	42.76	0	0.768795	-0.639495	0	None	None
ChainingRodShaped	188	2.50709	0.5	-9.14234	46.7572	0	0.129933	-0.991523	0	None	None
ChainingRodShaped	194	2.39	0.5	2.73051	48.8217	0	0.865705	-0.500555	0	None	None
ChainingRodShaped	200	2.29205	0.5	-2.24579	44.5664	0	0.558566	-0.82946	0	None	None
ChainingRodShaped	198	2.31139	0.5	8.02642	39.2236	0	0.757172	-0.653216	0	None	None
ChainingRodShaped	216	2.09187	0.5	3.37535	38.8987	0	-0.0124056	-0.999923	0	None	None
ChainingRodShaped	133	3.29188	0.5	-5.03771	36.2144	0	-0.802459	-0.596707	0	None	None
ChainingRodShaped	135	3.55348	0.5	6.33146	29.5634	0	0.970115	0.242645	0	None	None
ChainingRodShaped	137	3.18163	0.5	-8.41141	49.3751	0	0.142119	-0.98985	0	None	None
ChainingRodShaped	139	4.5108	0.5	-0.935121	37.6581	0	0.460073	-0.887881	0	None	None
ChainingRodShaped	141	4.53403	0.5	-3.21375	55.1182	0	0.964491	-0.264115	0	None	None
ChainingRodShaped	143	4.90683	0.5	0.373164	32.5478	0	0.989423	-0.145059	0	None	None
ChainingRodShaped	145	3.1584	0.5	6.79067	44.5781	0	0.910478	-0.413557	0	None	None
ChainingRodShaped	147	4.47452	0.5	-4.17549	41.44	0	-0.064344	-0.997928	0	None	None
ChainingRodShaped	149	4.05549	0.5	-3.43759	52.8959	0	0.61527	-0.788316	0	None	None
ChainingRodShaped	151	3.32611	0.5	5.32067	39.254	0	0.385528	-0.922696	0	None	None
ChainingRodShaped	153	3.58072	0.5	0.292904	52.0224	0	0.954785	-0.297298	0	None	None
ChainingRodShaped	155	3.68221	0.5	4.66224	46.6836	0	0.900165	-0.435548	0	None	None
ChainingRodShaped	157	4.02876	0.5	-2.59262	33.9396	0	0.997465	-0.0711586	0	None	None
ChainingRodShaped	159	3.40852	0.5	-9.57687	44.6545	0	0.598002	-0.801494	0	None	None
ChainingRodShaped	161	3.8844	0.5	-0.300913	30.2846	0	0.951481	-0.307708	0	None	None
ChainingRodShaped	163	3.47581	0.5	8.50802	32.828	0	0.997727	-0.0673809	0	None	None
ChainingRodShaped	165	3.29418	0.5	6.83754	38.1835	0	0.388346	-0.921514	0	None	None
ChainingRodShaped	167	3.12421	0.5	-8.38194	33.5715	0	0.827516	-0.561443	0	None	None
ChainingRodShaped	169	3.94086	0.5	1.4965	46.026	0	0.892994	-0.450069	0	None	None
ChainingRodShaped	171	2.6852	0.5	7.24991	41.203	0	0.757746	-0.65255	0	None	None
ChainingRodShaped	173	2.70404	0.5	-3.36391	49.5781	0	0.616377	-0.787452	0	None	None
ChainingRodShaped	175	3.10989	0.5	1.36221	44.0825	0	0.529653	-0.848214	0	None	None
ChainingRodShaped	177	2.68406	0.5	2.39743	35.3396	0	0.999936	-0.0113567	0	None	None
ChainingRodShaped	179	2.61732	0.5	-6.51886	55.5786	0	-0.354096	-0.935209	0	None	None
ChainingRodShaped	181	3.16572	0.5	-7.8673	52.3472	0	0.165259	-0.98625	0	None	None
ChainingRodShaped	183	2.74927	0.5	2.35386	37.4848	0	0.6683	-0.743892	0	None	None
ChainingRodShaped	185	2.55561	0.5	-1.31455	40.4291	0	0.605752	-0.795654	0	None	None
ChainingRodShaped	187	3.01288	0.5	5.28633	32.05	0	0.997742	-0.0671561	0	None	None
ChainingRodShaped	189	2.50892	0.5	-9.53977	50.2334	0	0.141208	-0.98998	0	None	None
ChainingRodShaped	191	2.3162	0.5	-14.7312	55.8295	0	0.077452	-0.996996	0	73	190
ChainingRodShaped	193	2.39473	0.5	-8.69215	41.4071	0	0.46437	-0.885642	0	None	None
ChainingRodShaped	195	2.56488	0.5	-0.161048	50.7235	0	0.820637	-0.57145	0	None	None
ChainingRodShaped	197	2.41735	0.5	-4.46581	44.9332	0	0.917854	-0.396918	0	None	None
ChainingRodShaped	199	2.69879	0.5	5.32413	41.5492	0	0.76061	-0.64921	0	None	None
ChainingRodShaped	201	2.67802	0.5	-4.24466	47.0154	0	0.296033	-0.955178	0	None	None
ChainingRodShaped	203	2.31252	0.5	5.69421	47.2903	0	0.900536	-0.43478	0	None	None
ChainingRodShaped	205	2.50985	0.5	0.507401	47.6325	0	0.891466	-0.453088	0	None	None
ChainingRodShaped	207	2.28645	0.5	4.79024	37.9708	0	0.381657	-0.924304	0	None	None
ChainingRodShaped	209	2.31953	0.5	-7.67256	34.5329	0	-0.913009	0.407939	0	None	None
ChainingRodShaped	211	2.09682	0.5	-11.1229	9.3818	0	0.0774517	-0.996996	0	96	210
ChainingRodShaped	213	2.11428	0.5	-5.06331	43.0295	0	-0.0618309	-0.998087	0	None	None
ChainingRodShaped	215	2.0516	0.5	-14.2195	49.2425	0	0.0774519	-0.996996	0	190	214
ChainingRodShaped	217	2.08187	0.5	3.38813	41.9366	0	0.200131	-0.979769	0	None	None
ChainingRodShaped	219	2.0779	0.5	-4.98888	32.0868	0	0.998432	-0.0559761	0	None	None
