cell_type	cell_id	length	radius	pos_x	pos_y	pos_z	ori_x	ori_y	ori_z	lower_link	upper_link
ChainingRodShaped	3811	4.95798	0.5	2.38023	22.7254	0	-0.15061	-0.988593	0	3812	None
ChainingRodShaped	4375	2.93194	0.5	25.9494	19.9419	0	0.0701193	-0.997539	0	4376	None
ChainingRodShaped	4553	3.34651	0.5	7.89744	23.2296	0	-0.916655	-0.39968	0	None	None
ChainingRodShaped	4149	4.50498	0.5	22.8537	49.2863	0	0.679984	0.733227	0	None	None
ChainingRodShaped	3803	4.67266	0.5	-28.0137	36.659	0	-0.825638	0.564201	0	4443	None
ChainingRodShaped	4523	3.23639	0.5	35.061	45.7805	0	-0.71929	0.69471	0	None	None
ChainingRodShaped	4425	2.85174	0.5	-29.8717	46.7602	0	-0.554291	-0.832323	0	4426	None
ChainingRodShaped	4077	4.31465	0.5	-5.27965	42.6569	0	0.472872	0.881131	0	None	None
ChainingRodShaped	4545	3.21955	0.5	19.485	45.8477	0	-0.786182	-0.617995	0	None	None
ChainingRodShaped	4027	3.58699	0.5	5.24496	44.8433	0	0.394675	0.918821	0	4028	None
ChainingRodShaped	4669	2.09924	0.5	-11.3902	17.3057	0	-0.178271	-0.983981	0	4670	None
ChainingRodShaped	4167	3.8056	0.5	14.2748	55.6672	0	0.2809	0.959737	0	4168	None
ChainingRodShaped	4367	3.72633	0.5	-8.64931	26.6032	0	-0.195443	-0.980715	0	None	None
ChainingRodShaped	4007	4.85016	0.5	1.26605	28.4826	0	-0.172868	-0.984945	0	None	None
ChainingRodShaped	4685	2.52778	0.5	-29.6843	39.132	0	0.767977	-0.640478	0	None	None
ChainingRodShaped	4499	3.17804	0.5	18.1221	29.0008	0	0.985797	-0.167941	0	None	None
ChainingRodShaped	4343	3.00221	0.5	1.20307	44.1856	0	0.581715	-0.813393	0	4344	None
ChainingRodShaped	3777	4.46616	0.5	-25.0229	32.0325	0	0.998419	-0.0562039	0	4695	None
ChainingRodShaped	4407	3.38304	0.5	-19.8508	47.4944	0	0.529627	0.848231	0	None	None
ChainingRodShaped	4043	4.63201	0.5	35.6209	24.2833	0	0.724792	-0.688968	0	4044	None
ChainingRodShaped	3771	4.55583	0.5	-5.14323	31.0544	0	0.404699	0.91445	0	4089	None
ChainingRodShaped	4271	3.12849	0.5	-19.3524	24.7155	0	-0.280038	-0.959989	0	4272	None
ChainingRodShaped	4557	3.00957	0.5	-33.1377	47.6533	0	0.00952697	0.999955	0	None	None
ChainingRodShaped	4315	2.92208	0.5	13.1108	24.4127	0	0.916667	0.399653	0	4316	None
ChainingRodShaped	4057	4.03975	0.5	-0.940898	31.6875	0	0.770813	-0.637061	0	4058	None
ChainingRodShaped	4655	2.40346	0.5	19.5218	43.4206	0	-0.807251	-0.590208	0	None	None
ChainingRodShaped	4325	2.95622	0.5	46.0675	39.3035	0	0.815286	-0.579059	0	4326	None
ChainingRodShaped	3757	4.68142	0.5	24.4225	27.4591	0	0.0739771	-0.99726	0	4437	None
ChainingRodShaped	4053	4.6993	0.5	4.69696	33.3899	0	-0.395853	-0.918314	0	4054	None
ChainingRodShaped	4359	3.10744	0.5	12.6349	14.0378	0	-0.737051	-0.675837	0	None	None
ChainingRodShaped	4707	2.22227	0.5	-5.45078	25.3507	0	-0.998823	0.0484967	0	None	None
ChainingRodShaped	3999	4.60561	0.5	-0.81075	36.8539	0	0.297654	-0.954674	0	4000	None
ChainingRodShaped	4261	4.03563	0.5	5.06799	54.2021	0	0.132906	0.991129	0	None	None
ChainingRodShaped	4387	3.96673	0.5	35.8925	48.1746	0	-0.989724	-0.142988	0	None	None
ChainingRodShaped	4119	4.05494	0.5	2.9096	41.9058	0	-0.392996	-0.91954	0	None	None
ChainingRodShaped	4713	2.20517	0.5	36.9478	26.8001	0	0.342314	-0.939586	0	None	None
ChainingRodShaped	4513	2.57334	0.5	-25.5946	23.2295	0	-0.939144	0.343525	0	4514	None
ChainingRodShaped	4395	4.25475	0.5	-30.458	48.555	0	-0.340782	-0.940142	0	None	None
ChainingRodShaped	4547	3.19206	0.5	-26.5961	34.4855	0	0.824624	-0.565682	0	None	None
ChainingRodShaped	4633	2.79228	0.5	32.8043	44.6989	0	0.33438	-0.942439	0	None	None
ChainingRodShaped	3731	4.70978	0.5	-6.89097	35.2249	0	0.792741	-0.609559	0	4055	None
ChainingRodShaped	4197	4.38908	0.5	21.7412	43.8674	0	0.790735	0.612159	0	None	None
ChainingRodShaped	4133	4.10362	0.5	19.2241	47.9045	0	-0.475896	-0.879502	0	4134	None
ChainingRodShaped	4469	3.17107	0.5	-46.0149	40.3211	0	0.68287	-0.73054	0	None	None
ChainingRodShaped	4417	4.4187	0.5	5.05399	29.3083	0	-0.448532	-0.893767	0	None	None
ChainingRodShaped	4129	3.91589	0.5	-26.0571	45.8206	0	-0.967212	-0.253969	0	None	None
ChainingRodShaped	4663	2.63227	0.5	32.0704	29.0264	0	0.725558	-0.688161	0	None	None
ChainingRodShaped	4693	2.19245	0.5	-42.7114	48.7764	0	-0.0986571	0.995121	0	None	None
ChainingRodShaped	3715	4.89634	0.5	-2.62719	29.1331	0	-0.394241	0.919007	0	4447	None
ChainingRodShaped	4237	4.29332	0.5	-16.4994	24.061	0	0.163306	-0.986576	0	None	None
ChainingRodShaped	4349	3.22405	0.5	-9.95414	49.546	0	0.990805	-0.1353	0	None	None
ChainingRodShaped	4291	2.68863	0.5	12.2998	22.5497	0	0.748784	0.662815	0	4292	None
ChainingRodShaped	4211	3.09473	0.5	-15.5885	43.3162	0	-0.876337	0.481699	0	4212	None
ChainingRodShaped	4671	2.15276	0.5	-7.75281	46.6803	0	-0.148839	-0.988861	0	4672	None
ChainingRodShaped	4071	4.52538	0.5	-19.6721	28.5006	0	-0.114289	-0.993448	0	4072	None
ChainingRodShaped	4433	3.50073	0.5	13.8684	47.5515	0	-0.736556	-0.676377	0	None	None
ChainingRodShaped	4521	2.62978	0.5	-15.0444	33.9392	0	-0.200671	0.979659	0	4522	None
ChainingRodShaped	4377	4.42791	0.5	-17.3069	18.5514	0	-0.823644	0.567108	0	None	None
ChainingRodShaped	4439	3.77851	0.5	41.6741	45.0542	0	-0.998987	-0.0449906	0	None	None
ChainingRodShaped	4451	2.77033	0.5	45.615	45.2675	0	-0.207424	-0.978251	0	None	None
ChainingRodShaped	4185	4.80386	0.5	-9.83503	13.7428	0	-0.544204	-0.838953	0	None	None
ChainingRodShaped	4049	3.88346	0.5	-13.4857	26.3741	0	-0.203067	0.979165	0	4050	4522
ChainingRodShaped	4615	2.62957	0.5	14.5848	50.8911	0	-0.725506	-0.688215	0	None	None
ChainingRodShaped	4015	3.91236	0.5	-18.4921	38.9113	0	-0.11091	-0.99383	0	4016	4072
ChainingRodShaped	4335	2.81291	0.5	-6.7543	53.3215	0	-0.148548	-0.988905	0	4336	4672
ChainingRodShaped	3995	4.20164	0.5	-7.80512	39.0508	0	-0.876949	0.480583	0	3996	4212
ChainingRodShaped	4003	4.93643	0.5	5.33418	16.3626	0	0.746904	0.664932	0	4004	4292
ChainingRodShaped	4473	3.92828	0.5	-10.5608	52.8839	0	0.999725	-0.0234505	0	None	None
ChainingRodShaped	4103	4.05462	0.5	-24.8157	21.8811	0	0.939165	-0.343466	0	None	None
ChainingRodShaped	4447	2.42026	0.5	-0.792073	24.853	0	-0.393712	0.919234	0	4448	3715
ChainingRodShaped	4561	2.74822	0.5	-40.1614	44.5237	0	0.123477	0.992347	0	None	None
ChainingRodShaped	4657	2.59624	0.5	30.8989	33.3812	0	0.66228	-0.749257	0	None	None
ChainingRodShaped	4511	3.69269	0.5	-27.3512	48.7815	0	-0.549267	-0.835647	0	None	None
ChainingRodShaped	4445	2.96247	0.5	10.0579	32.8926	0	-0.725836	-0.687868	0	None	None
ChainingRodShaped	4267	4.67745	0.5	-44.2824	42.4819	0	0.267426	-0.963578	0	None	None
ChainingRodShaped	4759	2.00628	0.5	23.5475	55.902	0	-0.476491	-0.879179	0	4760	4134
ChainingRodShaped	4403	3.82645	0.5	12.8875	45.3582	0	0.760575	0.649251	0	None	None
ChainingRodShaped	4055	4.66455	0.5	-11.4026	38.6856	0	0.794181	-0.607681	0	4056	3731
ChainingRodShaped	4373	4.80293	0.5	33.6511	51.2388	0	0.290237	-0.956955	0	None	None
ChainingRodShaped	4691	2.24648	0.5	-30.3954	34.1659	0	0.717321	-0.696743	0	None	None
ChainingRodShaped	4697	2.20195	0.5	-26.8175	54.1006	0	0.883445	0.468535	0	None	None
ChainingRodShaped	4097	4.28353	0.5	-18.1856	20.5201	0	-0.939203	0.343363	0	4098	4514
ChainingRodShaped	4617	2.4525	0.5	39.0851	29.8094	0	0.601664	-0.798749	0	None	None
ChainingRodShaped	4281	4.63154	0.5	-0.191098	49.5884	0	0.573291	-0.819352	0	None	None
ChainingRodShaped	4323	4.60665	0.5	35.9773	52.1566	0	-0.405539	-0.914078	0	None	None
ChainingRodShaped	4703	2.20296	0.5	3.7601	49.5034	0	-0.90124	-0.433321	0	None	None
ChainingRodShaped	4093	4.15204	0.5	-3.65632	45.9265	0	0.301058	-0.953606	0	4094	4000
ChainingRodShaped	4453	3.95355	0.5	-3.27765	21.0801	0	-0.129036	0.99164	0	None	None
ChainingRodShaped	4161	4.04072	0.5	15.7978	17.7028	0	0.0550583	-0.998483	0	None	None
ChainingRodShaped	4181	3.70664	0.5	8.68011	42.6461	0	-0.393901	-0.919153	0	4182	4054
ChainingRodShaped	4437	2.56087	0.5	24.0779	32.0658	0	0.0755297	-0.997144	0	4438	3757
ChainingRodShaped	4189	2.67829	0.5	40.1175	43.5287	0	0.815449	-0.578829	0	4190	4326
ChainingRodShaped	4381	3.91307	0.5	25.5853	47.9398	0	-0.622227	0.782837	0	None	None
ChainingRodShaped	3764	4.53853	0.5	-8.73068	38.0642	0	0.776443	-0.630188	0	None	4058
ChainingRodShaped	3766	4.31432	0.5	5.18845	20.9725	0	0.917685	0.397308	0	None	4316
ChainingRodShaped	4709	2.32798	0.5	-28.745	44.7345	0	-0.58408	0.811696	0	None	None
ChainingRodShaped	4063	4.41362	0.5	-17.024	32.6998	0	-0.279996	-0.960001	0	4064	4272
ChainingRodShaped	4089	4.26044	0.5	-7.3314	26.113	0	0.405083	0.91428	0	4090	3771
ChainingRodShaped	4297	2.89443	0.5	28.5936	30.9767	0	0.72278	-0.691078	0	4298	4044
ChainingRodShaped	4717	2.24503	0.5	-19.3074	44.6305	0	0.518954	0.854802	0	None	None
ChainingRodShaped	4695	2.16618	0.5	-29.331	32.2738	0	0.99846	-0.055469	0	4696	3777
ChainingRodShaped	4635	2.23653	0.5	-3.11104	50.2165	0	0.581879	-0.813275	0	4636	4344
ChainingRodShaped	4253	3.69753	0.5	10.7005	26.3407	0	0.615477	0.788155	0	None	None
ChainingRodShaped	4625	2.52383	0.5	-32.0272	41.3855	0	0.924549	-0.381064	0	None	None
ChainingRodShaped	4541	3.30329	0.5	1.88359	26.0661	0	-0.154149	-0.988048	0	None	None
ChainingRodShaped	4347	4.25513	0.5	-11.7151	26.5299	0	-0.179626	-0.983735	0	None	None
ChainingRodShaped	3790	4.24258	0.5	11.8269	47.286	0	0.279796	0.960059	0	None	4168
ChainingRodShaped	4137	3.87819	0.5	-10.1052	24.3531	0	-0.18069	-0.98354	0	4138	4670
ChainingRodShaped	4421	2.75111	0.5	1.85657	36.8803	0	0.387858	0.921719	0	4422	4028
ChainingRodShaped	4749	2.04895	0.5	25.684	49.3872	0	-0.632025	0.774948	0	None	None
ChainingRodShaped	4397	3.71941	0.5	-9.92616	46.2158	0	0.712466	-0.701706	0	None	None
ChainingRodShaped	3800	4.21035	0.5	-25.1708	53.8311	0	-0.553085	-0.833125	0	None	4426
ChainingRodShaped	4525	3.11548	0.5	34.4538	45.0062	0	-0.715718	0.698389	0	None	None
ChainingRodShaped	4443	2.44536	0.5	-24.2506	34.0903	0	-0.826402	0.56308	0	4444	3803
ChainingRodShaped	4389	4.36692	0.5	22.6507	43.3497	0	0.790994	0.611824	0	None	None
ChainingRodShaped	3997	4.74274	0.5	15.4121	30.6872	0	-0.963769	0.266738	0	None	None
ChainingRodShaped	4303	2.90473	0.5	25.3865	27.7947	0	0.0739311	-0.997263	0	4304	4376
ChainingRodShaped	3812	4.17505	0.5	3.22574	28.2226	0	-0.153641	-0.988127	0	None	3811
ChainingRodShaped	4361	3.94708	0.5	-9.69912	18.3394	0	-0.40787	-0.91304	0	None	None
ChainingRodShaped	4609	2.53688	0.5	12.3782	26.7956	0	-0.66484	-0.746986	0	None	None
ChainingRodShaped	4295	4.79002	0.5	10.8602	36.3253	0	-0.728643	-0.684894	0	None	None
ChainingRodShaped	4249	3.65306	0.5	-7.3513	44.7781	0	0.697421	0.716662	0	None	None
ChainingRodShaped	4665	2.40059	0.5	20.8536	39.8388	0	0.0445414	0.999008	0	None	None
ChainingRodShaped	4591	2.56247	0.5	24.4897	47.7513	0	-0.617792	0.786341	0	None	None
ChainingRodShaped	4721	2.21155	0.5	-4.54731	23.2249	0	-0.119494	0.992835	0	None	None
ChainingRodShaped	4637	2.66576	0.5	-42.8321	41.282	0	-0.337729	0.941243	0	None	None
ChainingRodShaped	4423	2.85987	0.5	43.6582	47.4106	0	-0.723281	-0.690553	0	None	None
ChainingRodShaped	4045	4.55682	0.5	37.8161	49.4327	0	-0.994602	-0.103765	0	None	None
ChainingRodShaped	4405	4.50971	0.5	-15.3772	54.3583	0	0.969992	0.243137	0	None	None
ChainingRodShaped	4205	3.87142	0.5	18.9967	49.531	0	0.472936	0.881097	0	None	None
ChainingRodShaped	4583	3.09174	0.5	5.11536	31.8345	0	-0.388647	-0.921387	0	None	None
ChainingRodShaped	4651	2.29185	0.5	16.0979	28.3627	0	0.984069	-0.177787	0	None	None
ChainingRodShaped	4351	4.1744	0.5	5.85833	47.4511	0	-0.998321	-0.0579239	0	None	None
ChainingRodShaped	4353	4.82448	0.5	14.836	49.7753	0	-0.730768	-0.682626	0	None	None
ChainingRodShaped	3975	4.86442	0.5	-8.71957	32.0216	0	0.342729	-0.939434	0	None	None
ChainingRodShaped	4413	4.49757	0.5	0.362813	16.2441	0	-0.752974	0.65805	0	None	None
ChainingRodShaped	4477	3.71149	0.5	16.0424	24.1351	0	-0.985564	-0.169304	0	None	None
ChainingRodShaped	4391	3.15731	0.5	-43.5499	52.1681	0	-0.953305	0.302009	0	None	None
ChainingRodShaped	4337	3.25371	0.5	-35.4613	46.9618	0	0.810097	-0.586296	0	None	None
ChainingRodShaped	4309	4.28826	0.5	-23.5139	50.7716	0	-0.909371	-0.415986	0	None	None
ChainingRodShaped	4489	3.61709	0.5	-38.2702	54.4079	0	-0.121349	-0.99261	0	None	None
ChainingRodShaped	4705	2.34609	0.5	15.3149	45.1664	0	-0.031697	0.999498	0	None	None
ChainingRodShaped	4305	4.5306	0.5	26.1856	50.3174	0	-0.641289	0.767299	0	None	None
ChainingRodShaped	4519	3.51241	0.5	-32.1622	46.4872	0	0.00047193	-1	0	None	None
ChainingRodShaped	4107	4.15307	0.5	13.0213	20.5852	0	-0.886195	-0.463312	0	None	None
ChainingRodShaped	4621	2.35664	0.5	-40.5879	35.8951	0	-0.653037	0.757326	0	None	None
ChainingRodShaped	4277	4.24165	0.5	37.8995	29.5984	0	0.51499	-0.857196	0	None	None
ChainingRodShaped	4293	4.48739	0.5	30.206	39.5363	0	0.99854	-0.0540237	0	None	None
ChainingRodShaped	4485	3.68923	0.5	47.1784	49.9646	0	-0.161718	-0.986837	0	None	None
ChainingRodShaped	4659	2.29473	0.5	-24.6465	25.8955	0	0.354412	-0.935089	0	None	None
ChainingRodShaped	4399	3.00256	0.5	-19.3483	40.1383	0	0.12096	0.992657	0	None	None
ChainingRodShaped	4735	2.16791	0.5	15.614	54.2616	0	-0.827246	-0.561839	0	None	None
ChainingRodShaped	4127	4.38652	0.5	8.0173	52.7153	0	-0.993172	-0.116657	0	None	None
ChainingRodShaped	4465	3.44646	0.5	38.2859	34.5238	0	0.809483	-0.587144	0	None	None
ChainingRodShaped	4577	3.02576	0.5	29.2153	33.8443	0	0.424378	-0.905485	0	None	None
ChainingRodShaped	4345	4.26019	0.5	-28.7483	43.0682	0	-0.589616	0.807684	0	None	None
ChainingRodShaped	4301	3.54812	0.5	-13.8151	48.5444	0	0.928301	-0.37183	0	None	None
ChainingRodShaped	4419	4.11033	0.5	3.11408	46.4748	0	0.481996	-0.876173	0	None	None
ChainingRodShaped	4539	3.44844	0.5	10.8288	41.8201	0	0.574626	0.818416	0	None	None
ChainingRodShaped	4503	2.88287	0.5	-13.698	33.6651	0	-0.0176999	-0.999843	0	None	None
ChainingRodShaped	4459	2.79441	0.5	38.9405	37.2442	0	0.281491	0.959564	0	None	None
ChainingRodShaped	4241	4.07497	0.5	29.4697	50.5698	0	-0.867544	0.497361	0	None	None
ChainingRodShaped	4401	4.13322	0.5	2.40033	35.5724	0	-0.404777	-0.914416	0	None	None
ChainingRodShaped	4639	2.29137	0.5	29.4226	44.4381	0	-0.583397	0.812187	0	None	None
ChainingRodShaped	4229	3.68171	0.5	-27.9417	25.7536	0	0.0972033	-0.995265	0	None	None
ChainingRodShaped	4409	4.24411	0.5	-8.13365	42.5585	0	0.698312	0.715793	0	None	None
ChainingRodShaped	4287	3.59247	0.5	20.4563	30.037	0	-0.996802	-0.0799091	0	None	None
ChainingRodShaped	4299	3.39201	0.5	-24.6573	42.4929	0	-0.550467	0.834857	0	None	None
ChainingRodShaped	4747	2.09271	0.5	-7.17094	13.7758	0	-0.372451	-0.928052	0	None	None
ChainingRodShaped	4371	4.19309	0.5	-45.4086	42.8577	0	0.263995	-0.964524	0	None	None
ChainingRodShaped	4505	2.67225	0.5	2.29407	54.5107	0	-0.698149	-0.715952	0	None	None
ChainingRodShaped	4605	2.80233	0.5	-9.88197	15.578	0	-0.519729	-0.854331	0	None	None
ChainingRodShaped	4549	3.05132	0.5	32.1547	49.0925	0	-0.191504	-0.981492	0	None	None
ChainingRodShaped	4257	3.73248	0.5	13.245	39.3298	0	0.255795	-0.966731	0	None	None
ChainingRodShaped	4393	3.08128	0.5	-27.0776	46.5611	0	-0.968394	-0.249426	0	None	None
ChainingRodShaped	4265	3.67356	0.5	15.0349	26.2675	0	-0.999997	-0.00260153	0	None	None
ChainingRodShaped	4329	4.7604	0.5	-31.6542	36.961	0	0.676684	-0.736273	0	None	None
ChainingRodShaped	4139	4.32115	0.5	-35.8131	37.1357	0	0.684707	-0.728818	0	None	None
ChainingRodShaped	4441	2.91216	0.5	18.677	20.2888	0	-0.613647	-0.78958	0	None	None
ChainingRodShaped	4739	2.08611	0.5	-44.5219	47.1783	0	0.107357	-0.994221	0	None	None
ChainingRodShaped	4259	4.42871	0.5	38.5226	54.3882	0	-0.57416	-0.818743	0	None	None
ChainingRodShaped	4131	4.35409	0.5	-14.0812	44.3549	0	0.979507	-0.20141	0	None	None
ChainingRodShaped	4243	3.56799	0.5	37.95	42.6186	0	-0.791306	0.61142	0	None	None
ChainingRodShaped	4471	2.71595	0.5	14.7284	41.3624	0	-0.52686	0.849952	0	None	None
ChainingRodShaped	4279	4.10093	0.5	19.5258	36.1941	0	0.190819	0.981625	0	None	None
ChainingRodShaped	4177	4.91061	0.5	-10.2662	28.9388	0	-0.181508	-0.98339	0	None	None
ChainingRodShaped	4743	2.06284	0.5	23.3337	53.4516	0	-0.501879	-0.864938	0	None	None
ChainingRodShaped	4263	4.62856	0.5	-36.2983	48.7841	0	0.94547	-0.32571	0	None	None
ChainingRodShaped	4311	4.26445	0.5	8.75622	27.2867	0	0.919691	0.392643	0	None	None
ChainingRodShaped	4151	4.41337	0.5	22.7908	39.6967	0	0.0338524	0.999427	0	None	None
ChainingRodShaped	4431	3.8295	0.5	-39.1331	32.2651	0	-0.402242	0.915533	0	None	None
ChainingRodShaped	4723	2.24463	0.5	-20.3488	22.3697	0	0.938828	-0.344386	0	None	None
ChainingRodShaped	4527	3.24067	0.5	34.4849	32.8471	0	0.234678	-0.972073	0	None	None
ChainingRodShaped	4341	3.38969	0.5	30.1155	38.5647	0	0.998731	-0.0503528	0	None	None
ChainingRodShaped	4331	3.89306	0.5	5.47123	48.4104	0	-0.998297	-0.0583277	0	None	None
ChainingRodShaped	4619	2.47893	0.5	-38.0901	37.9643	0	-0.748219	0.663452	0	None	None
ChainingRodShaped	4481	3.86035	0.5	-20.599	54.9387	0	-0.720439	-0.693519	0	None	None
ChainingRodShaped	4643	2.59984	0.5	11.0622	30.8593	0	0.850835	0.525433	0	None	None
ChainingRodShaped	4317	4.03818	0.5	-35.967	46.0377	0	0.787468	-0.616355	0	None	None
ChainingRodShaped	4449	3.07649	0.5	-7.15478	32.5445	0	-0.100491	-0.994938	0	None	None
ChainingRodShaped	4283	3.97381	0.5	-31.1542	55.7381	0	0.967668	0.252226	0	None	None
ChainingRodShaped	4467	3.37876	0.5	9.45808	31.0363	0	-0.856046	-0.516899	0	None	None
ChainingRodShaped	4551	3.26096	0.5	-43.0864	43.9127	0	-0.595011	0.803718	0	None	None
ChainingRodShaped	4215	4.46953	0.5	-35.9774	43.5524	0	0.796333	-0.604858	0	None	None
ChainingRodShaped	4273	3.53827	0.5	24.7376	45.8333	0	-0.60802	0.793921	0	None	None
ChainingRodShaped	3988	3.79968	0.5	-36.372	32.6635	0	0.998463	-0.0554288	0	None	4696
ChainingRodShaped	4321	4.18459	0.5	27.9522	52.6887	0	-0.961199	-0.275855	0	None	None
ChainingRodShaped	4201	4.73274	0.5	16.3034	44.7152	0	-0.036473	0.999335	0	None	None
ChainingRodShaped	4307	4.26898	0.5	19.2768	39.2946	0	0.32859	0.944473	0	None	None
ChainingRodShaped	3996	4.17925	0.5	-3.25789	36.5554	0	-0.876401	0.481582	0	None	3995
ChainingRodShaped	4601	2.52609	0.5	17.672	31.1416	0	-0.979872	0.199629	0	None	None
ChainingRodShaped	4000	3.13539	0.5	-2.26281	41.4996	0	0.299258	-0.954172	0	4093	3999
ChainingRodShaped	4491	3.60397	0.5	-33.1276	51.8999	0	0.999497	-0.0317006	0	None	None
ChainingRodShaped	4004	3.21525	0.5	1.5446	12.9882	0	0.746748	0.665107	0	None	4003
ChainingRodShaped	4653	2.26037	0.5	1.99573	12.0577	0	-0.746356	-0.665547	0	None	None
ChainingRodShaped	4497	3.13485	0.5	2.43772	33.2668	0	-0.434121	-0.900854	0	None	None
ChainingRodShaped	4531	3.06313	0.5	-21.724	50.3563	0	0.945642	0.325209	0	None	None
ChainingRodShaped	4233	4.57645	0.5	-39.9957	55.1553	0	0.239291	-0.970948	0	None	None
ChainingRodShaped	4683	2.37541	0.5	-1.52485	20.6374	0	-0.692306	0.721605	0	None	None
ChainingRodShaped	4016	4.18409	0.5	-17.934	43.9266	0	-0.110397	-0.993888	0	None	4015
ChainingRodShaped	4245	3.82996	0.5	-5.41506	22.1907	0	-0.120121	0.992759	0	None	None
ChainingRodShaped	4689	2.2463	0.5	16.7088	50.1716	0	-0.73419	-0.678944	0	None	None
ChainingRodShaped	4629	2.372	0.5	-30.4784	43.7709	0	-0.582456	0.812862	0	None	None
ChainingRodShaped	4729	2.12074	0.5	39.4869	46.4408	0	-0.495814	-0.868429	0	None	None
ChainingRodShaped	4269	4.14179	0.5	13.0074	17.5464	0	-0.125476	-0.992097	0	None	None
ChainingRodShaped	4028	3.49579	0.5	3.46183	40.6728	0	0.391481	0.920186	0	4421	4027
ChainingRodShaped	4333	3.74077	0.5	7.97071	25.8804	0	0.916709	0.399557	0	None	None
ChainingRodShaped	4487	3.04429	0.5	-12.9014	31.1033	0	-0.16584	-0.986153	0	None	None
ChainingRodShaped	4463	3.8972	0.5	-0.627264	18.4141	0	-0.756883	0.65355	0	None	None
ChainingRodShaped	4339	3.40268	0.5	34.0591	29.3335	0	0.924452	-0.381299	0	None	None
ChainingRodShaped	4661	2.5573	0.5	32.3885	55.3321	0	0.727385	-0.68623	0	None	None
ChainingRodShaped	4711	2.25697	0.5	-3.22159	17.0061	0	-0.136278	0.990671	0	None	None
ChainingRodShaped	4357	4.45838	0.5	-12.1912	51.6966	0	0.99674	0.0806812	0	None	None
ChainingRodShaped	4044	3.94693	0.5	31.7899	27.9276	0	0.724208	-0.689582	0	4297	4043
ChainingRodShaped	4623	2.77592	0.5	37.5867	50.3993	0	-0.994676	-0.10305	0	None	None
ChainingRodShaped	4731	2.16963	0.5	7.97624	38.5459	0	0.392979	0.919547	0	None	None
ChainingRodShaped	4050	4.27243	0.5	-12.4531	21.4041	0	-0.203725	0.979028	0	None	4049
ChainingRodShaped	4411	3.7185	0.5	19.7806	54.635	0	-0.993564	0.113273	0	None	None
ChainingRodShaped	4054	3.88253	0.5	6.78907	38.2448	0	-0.39556	-0.91844	0	4181	4053
ChainingRodShaped	4056	3.77579	0.5	-15.5485	41.8538	0	0.794999	-0.606611	0	None	4055
ChainingRodShaped	4058	3.78248	0.5	-4.73127	34.8058	0	0.773849	-0.63337	0	3764	4057
ChainingRodShaped	4365	4.98891	0.5	42.5411	47.7181	0	-0.724504	-0.68927	0	None	None
ChainingRodShaped	4379	3.86657	0.5	-22.0864	43.4805	0	0.489816	0.871826	0	None	None
ChainingRodShaped	4064	4.48937	0.5	-15.4969	37.9318	0	-0.280363	-0.959894	0	None	4063
ChainingRodShaped	4435	3.69021	0.5	4.07017	34.412	0	-0.397475	-0.917613	0	None	None
ChainingRodShaped	4369	3.21327	0.5	38.5365	33.1165	0	0.80876	-0.588138	0	None	None
ChainingRodShaped	4727	2.24413	0.5	36.7927	39.8004	0	0.504902	-0.863176	0	None	None
ChainingRodShaped	4072	4.26084	0.5	-19.0604	33.8583	0	-0.112537	-0.993648	0	4015	4071
ChainingRodShaped	4537	2.86353	0.5	-25.063	39.0933	0	-0.398237	0.917282	0	None	None
ChainingRodShaped	4385	4.64322	0.5	29.5624	45.9271	0	-0.582445	0.81287	0	None	None
ChainingRodShaped	4509	2.66356	0.5	-5.28426	45.2825	0	0.290285	0.95694	0	None	None
ChainingRodShaped	4355	4.18533	0.5	-40.2686	52.1585	0	-0.951599	0.307341	0	None	None
ChainingRodShaped	4597	3.00867	0.5	13.2346	35.1538	0	-0.931427	-0.363927	0	None	None
ChainingRodShaped	4725	2.23332	0.5	7.9009	46.2683	0	-0.778369	-0.627807	0	None	None
ChainingRodShaped	4086	4.46886	0.5	-47.2593	46.4691	0	0.182827	-0.983145	0	None	None
ChainingRodShaped	4363	3.60545	0.5	20.625	24.92	0	-0.984617	-0.174727	0	None	None
ChainingRodShaped	4090	3.08936	0.5	-9.22157	21.8403	0	0.403888	0.914808	0	None	4089
ChainingRodShaped	4585	2.88005	0.5	5.53495	41.6504	0	-0.721823	-0.692077	0	None	None
ChainingRodShaped	4094	3.22346	0.5	-5.0691	50.3947	0	0.301948	-0.953324	0	None	4093
ChainingRodShaped	4751	2.09096	0.5	-45.8395	50.1418	0	0.128478	-0.991712	0	None	None
ChainingRodShaped	4098	3.2381	0.5	-13.7175	18.8853	0	-0.938991	0.343941	0	None	4097
ChainingRodShaped	4753	2.04396	0.5	-29.3416	52.7079	0	0.998431	-0.0559899	0	None	None
ChainingRodShaped	4427	3.64973	0.5	-20.8291	49.2292	0	-0.811187	-0.584786	0	None	None
ChainingRodShaped	4515	3.22465	0.5	-26.0264	25.8059	0	0.527617	-0.849482	0	None	None
ChainingRodShaped	4106	4.88144	0.5	-12.8401	15.2974	0	-0.687068	0.726593	0	None	None
ChainingRodShaped	4479	3.59627	0.5	14.0729	22.2414	0	-0.886249	-0.463209	0	None	None
ChainingRodShaped	4110	4.46831	0.5	26.4072	34.4188	0	0.733073	-0.68015	0	None	None
ChainingRodShaped	4429	3.43268	0.5	15.7996	53.1905	0	-0.828111	-0.560565	0	None	None
ChainingRodShaped	4383	4.33118	0.5	-26.0716	42.7114	0	-0.584566	0.811346	0	None	None
ChainingRodShaped	4529	3.44223	0.5	-11.3556	45.9716	0	0.787924	-0.615773	0	None	None
ChainingRodShaped	4118	4.81094	0.5	-34.7289	37.3975	0	0.682682	-0.730715	0	None	None
ChainingRodShaped	4573	3.21087	0.5	2.20527	45.3763	0	0.287674	-0.957728	0	None	None
ChainingRodShaped	4415	3.96691	0.5	2.67672	51.8743	0	-0.170159	-0.985417	0	None	None
ChainingRodShaped	4587	2.91088	0.5	44.1505	53.9769	0	-0.175516	-0.984476	0	None	None
ChainingRodShaped	4126	4.58641	0.5	38.2663	38.4446	0	0.281552	0.959546	0	None	None
ChainingRodShaped	4613	2.50073	0.5	10.4399	53.9315	0	-0.98441	0.175891	0	None	None
ChainingRodShaped	4533	3.3165	0.5	-24.7358	45.1534	0	-0.9675	-0.252869	0	None	None
ChainingRodShaped	4132	4.34044	0.5	-15.7193	46.1834	0	0.910038	-0.414524	0	None	None
ChainingRodShaped	4134	4.0416	0.5	21.6345	52.3641	0	-0.475103	-0.87993	0	4759	4133
ChainingRodShaped	4136	4.74293	0.5	41.0092	40.1332	0	-0.380312	0.924858	0	None	None
ChainingRodShaped	4138	2.8844	0.5	-9.31416	28.6611	0	-0.180462	-0.983582	0	None	4137
ChainingRodShaped	4603	2.88368	0.5	-37.8834	40.9653	0	0.479773	-0.877393	0	None	None
ChainingRodShaped	4475	3.49466	0.5	27.4377	42.5945	0	-0.870945	0.49138	0	None	None
ChainingRodShaped	4483	3.77131	0.5	27.0268	53.4498	0	-0.960607	-0.27791	0	None	None
ChainingRodShaped	4146	4.04059	0.5	-42.7265	53.755	0	-0.996673	-0.0815	0	None	None
ChainingRodShaped	4501	3.45217	0.5	46.2939	51.8847	0	-0.0515662	-0.99867	0	None	None
ChainingRodShaped	4535	2.75782	0.5	22.1336	46.9742	0	0.651848	0.75835	0	None	None
ChainingRodShaped	4579	3.19234	0.5	21.7224	35.3248	0	0.669352	0.742945	0	None	None
ChainingRodShaped	4555	3.14586	0.5	19.4198	27.7032	0	-0.98479	-0.173749	0	None	None
ChainingRodShaped	4565	2.49917	0.5	-7.69612	17.839	0	-0.373215	-0.927745	0	None	None
ChainingRodShaped	4667	2.65357	0.5	48.2385	54.34	0	0.384517	-0.923118	0	None	None
ChainingRodShaped	4457	3.31866	0.5	13.9096	36.5609	0	0.988521	0.151083	0	None	None
ChainingRodShaped	4571	2.43965	0.5	16.7744	19.1509	0	0.145048	-0.989425	0	None	None
ChainingRodShaped	4543	2.98143	0.5	11.209	29.7992	0	0.841793	0.539801	0	None	None
ChainingRodShaped	4495	2.76307	0.5	33.6073	39.2824	0	0.618257	0.785976	0	None	None
ChainingRodShaped	4168	2.711	0.5	13.08	51.5815	0	0.280426	0.959876	0	3790	4167
ChainingRodShaped	4170	3.80387	0.5	-11.2513	36.651	0	0.591751	-0.806121	0	None	None
ChainingRodShaped	4647	2.56587	0.5	-14.7398	52.4497	0	0.975786	0.218727	0	None	None
ChainingRodShaped	4461	3.04313	0.5	7.71355	34.7128	0	-0.726484	-0.687184	0	None	None
ChainingRodShaped	4176	4.9505	0.5	-15.5464	55.3393	0	-0.969638	-0.244544	0	None	None
ChainingRodShaped	4455	2.72484	0.5	-10.9077	30.9401	0	-0.175522	-0.984475	0	None	None
ChainingRodShaped	4567	2.55271	0.5	-22.6238	27.2581	0	0.643789	-0.765203	0	None	None
ChainingRodShaped	4182	3.53872	0.5	10.4964	46.8928	0	-0.392538	-0.919736	0	None	4181
ChainingRodShaped	4595	2.44201	0.5	33.5387	36.2076	0	-0.656234	-0.754557	0	None	None
ChainingRodShaped	4681	2.39582	0.5	-7.60524	15.3788	0	-0.371651	-0.928373	0	None	None
ChainingRodShaped	4563	2.60439	0.5	-23.0352	53.2828	0	-0.145746	-0.989322	0	None	None
ChainingRodShaped	4190	3.78602	0.5	36.6677	45.9773	0	0.815476	-0.578791	0	None	4189
ChainingRodShaped	4755	2.03535	0.5	-37.4226	53.1894	0	-0.120779	-0.992679	0	None	None
ChainingRodShaped	4194	3.84745	0.5	-33.4422	33.7301	0	-0.997136	-0.0756244	0	None	None
ChainingRodShaped	4493	3.82537	0.5	-38.8821	37.2967	0	-0.768261	0.640137	0	None	None
ChainingRodShaped	4198	4.61102	0.5	18.4273	39.7938	0	0.331631	0.943409	0	None	None
ChainingRodShaped	4679	2.50936	0.5	-32.8368	50.3571	0	0.913233	0.407438	0	None	None
ChainingRodShaped	4761	2.00851	0.5	17.7833	40.9066	0	0.332281	0.94318	0	None	None
ChainingRodShaped	4204	4.80331	0.5	-32.8568	39.6076	0	0.919301	-0.393555	0	None	None
ChainingRodShaped	4733	2.21435	0.5	17.2068	46.7743	0	-0.085976	0.996297	0	None	None
ChainingRodShaped	4507	2.62788	0.5	-41.1391	44.8874	0	0.139298	0.990251	0	None	None
ChainingRodShaped	4575	2.47604	0.5	-32.0963	54.404	0	0.95241	0.30482	0	None	None
ChainingRodShaped	4212	3.23284	0.5	-11.9403	41.3154	0	-0.877206	0.480113	0	3995	4211
ChainingRodShaped	4581	2.61058	0.5	18.0543	57.7007	0	-0.856121	-0.516775	0	None	None
ChainingRodShaped	4627	2.61919	0.5	-37.1681	45.7296	0	0.784607	-0.619994	0	None	None
ChainingRodShaped	4517	3.49257	0.5	30.3089	37.5785	0	0.998862	-0.0476961	0	None	None
ChainingRodShaped	4220	4.22951	0.5	-42.3836	35.8854	0	-0.775797	0.630983	0	None	None
ChainingRodShaped	4645	2.69264	0.5	-2.40086	23.6758	0	-0.935101	0.354381	0	None	None
ChainingRodShaped	4589	2.92624	0.5	23.5039	51.8639	0	-0.510506	-0.859874	0	None	None
ChainingRodShaped	4226	3.79308	0.5	-41.0705	37.8344	0	-0.76778	0.640713	0	None	None
ChainingRodShaped	4228	4.43435	0.5	21.2696	33.4053	0	-0.720869	-0.693072	0	None	None
ChainingRodShaped	4559	3.07959	0.5	-29.4661	27.4644	0	0.323389	-0.946266	0	None	None
ChainingRodShaped	4641	2.27147	0.5	-20.1163	42.0543	0	0.696868	0.717199	0	None	None
ChainingRodShaped	4611	2.41785	0.5	-39.2498	56.9164	0	0.114977	-0.993368	0	None	None
ChainingRodShaped	4236	3.82179	0.5	-30.6327	42.2886	0	-0.574298	0.818647	0	None	None
ChainingRodShaped	4238	4.97953	0.5	-17.8535	26.2966	0	-0.28031	-0.95991	0	None	None
ChainingRodShaped	4607	2.94633	0.5	26.7818	35.3998	0	0.737155	-0.675724	0	None	None
ChainingRodShaped	4242	4.91289	0.5	31.1555	46.5555	0	-0.301518	0.95346	0	None	None
ChainingRodShaped	4244	4.43987	0.5	40.471	38.2385	0	-0.279631	0.960108	0	None	None
ChainingRodShaped	4741	2.05201	0.5	-4.72482	18.0244	0	-0.296304	0.955094	0	None	None
ChainingRodShaped	4569	3.0534	0.5	-27.8782	38.8991	0	-0.766424	0.642336	0	None	None
ChainingRodShaped	4757	2.02071	0.5	-10.4289	44.0093	0	0.806611	-0.591082	0	None	None
ChainingRodShaped	4252	4.46116	0.5	3.57415	19.038	0	-0.987395	0.158276	0	None	None
ChainingRodShaped	4599	2.38374	0.5	7.62681	24.4212	0	0.826035	0.563619	0	None	None
ChainingRodShaped	4256	3.7739	0.5	9.25704	50.7095	0	-0.70073	-0.713426	0	None	None
ChainingRodShaped	4258	4.59669	0.5	13.0626	43.3566	0	-0.551193	-0.834378	0	None	None
ChainingRodShaped	4593	2.59782	0.5	40.224	54.4223	0	-0.785475	-0.618894	0	None	None
ChainingRodShaped	4687	2.41596	0.5	4.51481	50.9666	0	-0.900012	-0.435865	0	None	None
ChainingRodShaped	4264	4.78222	0.5	-41.7038	50.5463	0	0.953382	-0.301767	0	None	None
ChainingRodShaped	4675	2.25963	0.5	18.9373	26.6261	0	-0.98522	-0.171297	0	None	None
ChainingRodShaped	4268	4.27466	0.5	-43.6161	48.06	0	0.108602	-0.994085	0	None	None
ChainingRodShaped	4270	4.42961	0.5	16.0261	21.1676	0	-0.818664	-0.574273	0	None	None
ChainingRodShaped	4272	2.54955	0.5	-18.2781	28.3992	0	-0.279915	-0.960025	0	4063	4271
ChainingRodShaped	4649	2.54247	0.5	25.3435	42.679	0	-0.821069	0.570829	0	None	None
ChainingRodShaped	4276	3.83895	0.5	-26.9686	29.3462	0	0.623053	-0.78218	0	None	None
ChainingRodShaped	4278	4.73659	0.5	35.2764	33.7945	0	0.230743	-0.973015	0	None	None
ChainingRodShaped	4631	2.45277	0.5	17.102	34.2584	0	0.923389	0.383867	0	None	None
ChainingRodShaped	4282	4.35954	0.5	0.318751	53.5038	0	-0.255518	-0.966804	0	None	None
ChainingRodShaped	4677	2.33366	0.5	-34.9519	56.3002	0	0.896368	-0.443311	0	None	None
ChainingRodShaped	4286	4.73017	0.5	41.766	53.7148	0	-0.334143	-0.942522	0	None	None
ChainingRodShaped	4288	4.25395	0.5	23.1312	31.5798	0	0.0694121	-0.997588	0	None	None
ChainingRodShaped	4673	2.27453	0.5	-4.96995	14.9721	0	-0.168916	0.98563	0	None	None
ChainingRodShaped	4292	3.51018	0.5	9.23511	19.8319	0	0.747686	0.664053	0	4003	4291
ChainingRodShaped	4294	4.42707	0.5	25.3365	41.4975	0	0.819424	-0.573188	0	None	None
ChainingRodShaped	4296	3.32895	0.5	11.2919	38.9367	0	-0.394273	-0.918993	0	None	None
ChainingRodShaped	4298	2.73146	0.5	25.8415	33.6102	0	0.72229	-0.69159	0	None	4297
ChainingRodShaped	4300	3.50114	0.5	-22.6819	38.5423	0	-0.365392	0.930854	0	None	None
ChainingRodShaped	4699	2.36777	0.5	-17.4523	48.3973	0	0.871509	0.490379	0	None	None
ChainingRodShaped	4304	2.86942	0.5	25.0952	31.6671	0	0.0760296	-0.997106	0	None	4303
ChainingRodShaped	4719	2.11905	0.5	27.5006	50.2885	0	-0.644092	0.764948	0	None	None
ChainingRodShaped	4715	2.11236	0.5	17.5255	35.4936	0	0.919505	0.393079	0	None	None
ChainingRodShaped	4310	3.78887	0.5	-20.3474	53.1125	0	-0.948226	-0.317596	0	None	None
ChainingRodShaped	4312	4.88363	0.5	4.6595	26.336	0	0.4422	0.896916	0	None	None
ChainingRodShaped	4314	4.13637	0.5	-36.5664	42.7692	0	0.797116	-0.603827	0	None	None
ChainingRodShaped	4316	3.02212	0.5	9.47034	22.8287	0	0.917249	0.398314	0	3766	4315
ChainingRodShaped	4318	3.28786	0.5	-40.0976	47.9753	0	0.952877	-0.303357	0	None	None
ChainingRodShaped	4701	2.17045	0.5	-0.851472	14.6699	0	0.303611	0.952796	0	None	None
ChainingRodShaped	4322	3.98488	0.5	30.9079	53.0553	0	-0.188358	-0.9821	0	None	None
ChainingRodShaped	4324	3.79048	0.5	38.7292	52.2349	0	-0.88288	-0.469598	0	None	None
ChainingRodShaped	4326	2.4824	0.5	43.0358	41.4567	0	0.81532	-0.579011	0	4189	4325
ChainingRodShaped	4328	4.01205	0.5	16.313	39.685	0	0.331852	0.943332	0	None	None
ChainingRodShaped	4745	2.12713	0.5	-34.8557	38.9725	0	0.691745	-0.722142	0	None	None
ChainingRodShaped	4332	3.32972	0.5	9.56991	49.6321	0	-0.699099	-0.715025	0	None	None
ChainingRodShaped	4334	4.91263	0.5	4.7118	24.2405	0	0.444477	0.895791	0	None	None
ChainingRodShaped	4336	3.02981	0.5	-6.172	57.1983	0	-0.148526	-0.988908	0	None	4335
ChainingRodShaped	4338	3.42775	0.5	-39.3747	48.7721	0	0.952466	-0.304646	0	None	None
ChainingRodShaped	4340	4.6354	0.5	32.7318	30.9399	0	0.926255	-0.376897	0	None	None
ChainingRodShaped	4342	4.45061	0.5	25.6406	40.1036	0	0.815901	-0.578191	0	None	None
ChainingRodShaped	4344	2.79651	0.5	-1.06523	47.3569	0	0.581816	-0.813321	0	4635	4343
ChainingRodShaped	4346	3.26842	0.5	-26.0692	38.8978	0	-0.406664	0.913578	0	None	None
ChainingRodShaped	4737	2.13503	0.5	-12.2293	29.2171	0	-0.184425	-0.982847	0	None	None
ChainingRodShaped	4350	3.11803	0.5	-11.5714	50.7509	0	0.996744	0.0806365	0	None	None
ChainingRodShaped	4352	4.50722	0.5	7.26751	44.4688	0	-0.772456	-0.635068	0	None	None
ChainingRodShaped	4354	3.07872	0.5	18.7251	52.7735	0	-0.833896	-0.551922	0	None	None
ChainingRodShaped	4356	3.3106	0.5	-35.6871	51.0493	0	-0.995455	0.0952321	0	None	None
ChainingRodShaped	4358	4.21363	0.5	-16.1584	50.0574	0	0.971754	0.235996	0	None	None
ChainingRodShaped	4360	3.94692	0.5	14.4931	16.9558	0	0.156749	-0.987638	0	None	None
ChainingRodShaped	4362	3.72694	0.5	-7.72068	22.7934	0	-0.406713	-0.913556	0	None	None
ChainingRodShaped	4364	3.37026	0.5	21.8498	26.1432	0	-0.983623	-0.180239	0	None	None
ChainingRodShaped	4366	4.85248	0.5	42.8882	52.5185	0	-0.148254	-0.988949	0	None	None
ChainingRodShaped	4368	3.43311	0.5	-6.60911	30.1763	0	-0.404097	-0.914716	0	None	None
ChainingRodShaped	4370	4.88819	0.5	35.8062	35.825	0	0.229936	-0.973206	0	None	None
ChainingRodShaped	4372	4.89783	0.5	-46.255	47.8984	0	0.397064	-0.917791	0	None	None
ChainingRodShaped	4374	4.99883	0.5	34.3604	53.9636	0	0.0972155	-0.995263	0	None	None
ChainingRodShaped	4376	2.95914	0.5	25.6712	23.876	0	0.0710199	-0.997475	0	4303	4375
ChainingRodShaped	4378	3.20724	0.5	-13.8988	17.8972	0	-0.938652	0.344866	0	None	None
ChainingRodShaped	4380	4.27138	0.5	-21.7832	38.9458	0	-0.364303	0.93128	0	None	None
ChainingRodShaped	4382	4.78353	0.5	28.7694	43.6672	0	-0.584226	0.811591	0	None	None
ChainingRodShaped	4384	3.61279	0.5	-23.684	38.4014	0	-0.367108	0.930178	0	None	None
ChainingRodShaped	4386	4.39689	0.5	33.4038	42.1658	0	-0.85624	0.516579	0	None	None
ChainingRodShaped	4388	4.5279	0.5	39.0167	47.9616	0	-0.889254	-0.457413	0	None	None
ChainingRodShaped	4390	4.774	0.5	21.8052	39.1449	0	0.0374759	0.999298	0	None	None
ChainingRodShaped	4392	3.44878	0.5	-39.456	50.8676	0	-0.952938	0.303166	0	None	None
ChainingRodShaped	4394	3.47965	0.5	-24.9952	47.9087	0	-0.999966	0.00828856	0	None	None
ChainingRodShaped	4396	3.68269	0.5	-27.9836	51.3535	0	-0.545269	-0.838261	0	None	None
ChainingRodShaped	4398	4.58026	0.5	-11.6983	48.7633	0	0.929152	-0.369698	0	None	None
ChainingRodShaped	4400	3.03942	0.5	-20.4642	35.9599	0	0.521576	0.853205	0	None	None
ChainingRodShaped	4402	3.82497	0.5	4.90624	39.723	0	-0.72871	-0.684822	0	None	None
ChainingRodShaped	4404	4.46829	0.5	9.67604	42.4978	0	0.392773	0.919635	0	None	None
ChainingRodShaped	4406	4.4885	0.5	-18.4634	52.5447	0	0.967512	0.252825	0	None	None
ChainingRodShaped	4408	3.80364	0.5	-22.6901	44.403	0	0.494965	0.868913	0	None	None
ChainingRodShaped	4410	3.99631	0.5	-11.5972	42.8326	0	0.977444	-0.211196	0	None	None
ChainingRodShaped	4412	3.833	0.5	21.8558	56.5933	0	-0.845458	-0.534042	0	None	None
ChainingRodShaped	4414	4.41756	0.5	-0.382464	12.8875	0	0.307285	0.951618	0	None	None
ChainingRodShaped	4416	4.28117	0.5	4.05068	54.0939	0	-0.131618	-0.9913	0	None	None
ChainingRodShaped	4418	3.80223	0.5	7.24491	30.9883	0	-0.546058	-0.837748	0	None	None
ChainingRodShaped	4420	3.62926	0.5	1.27075	50.7892	0	0.0901381	-0.995929	0	None	None
ChainingRodShaped	4422	2.66057	0.5	0.42335	33.4683	0	0.386763	0.922179	0	None	4421
ChainingRodShaped	4424	3.33275	0.5	44.445	51.5708	0	-0.544464	-0.838784	0	None	None
ChainingRodShaped	4426	2.96353	0.5	-27.7081	50.0115	0	-0.553625	-0.832766	0	3800	4425
ChainingRodShaped	4428	3.11989	0.5	-16.8817	50.9003	0	-0.970776	-0.239987	0	None	None
ChainingRodShaped	4430	4.41954	0.5	20.5499	56.939	0	-0.843108	-0.537744	0	None	None
ChainingRodShaped	4432	3.67481	0.5	-36.7801	30.2425	0	-0.56798	0.823042	0	None	None
ChainingRodShaped	4434	4.38035	0.5	16.6542	48.7843	0	-0.736923	-0.675977	0	None	None
ChainingRodShaped	4436	3.0524	0.5	5.80643	38.4106	0	-0.397924	-0.917418	0	None	None
ChainingRodShaped	4438	2.90884	0.5	23.795	35.7878	0	0.0759508	-0.997112	0	None	4437
ChainingRodShaped	4440	3.62174	0.5	44.666	45.5888	0	-0.207122	-0.978315	0	None	None
ChainingRodShaped	4442	3.06969	0.5	21.3224	23.2406	0	-0.756716	-0.653744	0	None	None
ChainingRodShaped	4444	2.67641	0.5	-21.3099	32.087	0	-0.826461	0.562994	0	None	4443
ChainingRodShaped	4446	3.37272	0.5	13.6787	33.256	0	-0.990007	0.14102	0	None	None
ChainingRodShaped	4448	2.49721	0.5	0.567712	21.6744	0	-0.39297	0.919551	0	None	4447
ChainingRodShaped	4450	3.024	0.5	-8.88045	35.0645	0	0.572203	-0.820112	0	None	None
ChainingRodShaped	4452	3.17545	0.5	45.507	49.117	0	0.314576	-0.949232	0	None	None
ChainingRodShaped	4454	3.71897	0.5	-2.14845	16.5057	0	-0.139613	0.990206	0	None	None
ChainingRodShaped	4456	2.94684	0.5	-10.9551	34.3883	0	0.52913	-0.848541	0	None	None
ChainingRodShaped	4458	3.504	0.5	10.2773	34.4476	0	0.725179	0.68856	0	None	None
ChainingRodShaped	4460	3.84175	0.5	40.3248	34.9817	0	-0.248558	0.968617	0	None	None
ChainingRodShaped	4462	3.5036	0.5	9.95457	38.2431	0	-0.388841	-0.921305	0	None	None
ChainingRodShaped	4464	4.00587	0.5	3.49331	17.1076	0	-0.948556	-0.316609	0	None	None
ChainingRodShaped	4466	2.76658	0.5	36.3436	37.8368	0	0.232387	-0.972623	0	None	None
ChainingRodShaped	4468	2.74856	0.5	12.9839	32.3801	0	-0.988547	0.150911	0	None	None
ChainingRodShaped	4470	3.59645	0.5	-47.3542	43.3349	0	0.646677	-0.762764	0	None	None
ChainingRodShaped	4472	3.58307	0.5	14.2199	39.4028	0	-0.260511	0.965471	0	None	None
ChainingRodShaped	4474	3.98858	0.5	-13.3861	53.7643	0	0.977399	0.211402	0	None	None
ChainingRodShaped	4476	2.87898	0.5	31.7407	40.5217	0	-0.986916	0.161234	0	None	None
ChainingRodShaped	4478	3.84787	0.5	17.3271	25.3538	0	-0.986081	-0.166266	0	None	None
ChainingRodShaped	4480	3.97758	0.5	18.6042	23.5675	0	-0.985879	-0.167457	0	None	None
ChainingRodShaped	4482	3.89703	0.5	-18.373	55.6977	0	-0.722096	-0.691793	0	None	None
ChainingRodShaped	4484	3.19878	0.5	30.2736	55.7631	0	-0.300757	-0.953701	0	None	None
ChainingRodShaped	4486	2.64948	0.5	47.3281	53.9346	0	0.384126	-0.923281	0	None	None
ChainingRodShaped	4488	3.69934	0.5	-12.7057	35.4154	0	0.117937	-0.993021	0	None	None
ChainingRodShaped	4490	3.22364	0.5	-38.4699	58.7102	0	0.318858	-0.947802	0	None	None
ChainingRodShaped	4492	2.7861	0.5	-35.3489	52.8429	0	0.864127	0.503274	0	None	None
ChainingRodShaped	4494	3.48902	0.5	-37.5438	35.0671	0	-0.922191	0.386734	0	None	None
ChainingRodShaped	4496	3.3255	0.5	32.0121	36.0782	0	0.699501	0.714631	0	None	None
ChainingRodShaped	4498	2.78255	0.5	4.05855	36.859	0	-0.40708	-0.913393	0	None	None
ChainingRodShaped	4500	2.83785	0.5	14.2283	29.6485	0	0.999496	-0.0317578	0	None	None
ChainingRodShaped	4502	3.09826	0.5	45.8116	55.3479	0	-0.422441	-0.90639	0	None	None
ChainingRodShaped	4504	2.92924	0.5	-13.9347	37.3144	0	-0.26206	-0.965052	0	None	None
ChainingRodShaped	4506	3.1972	0.5	2.93054	56.6917	0	-0.665464	-0.74643	0	None	None
ChainingRodShaped	4508	3.53501	0.5	-40.4793	40.9831	0	-0.375313	0.926898	0	None	None
ChainingRodShaped	4510	3.49375	0.5	-7.40217	41.8849	0	0.698596	0.715516	0	None	None
ChainingRodShaped	4512	3.40358	0.5	-24.7452	52.4218	0	-0.476879	-0.878969	0	None	None
ChainingRodShaped	4514	2.46439	0.5	-22.2914	22.0213	0	-0.939165	0.343467	0	4097	4513
ChainingRodShaped	4516	3.19703	0.5	-28.3098	29.2929	0	0.665189	-0.746675	0	None	None
ChainingRodShaped	4518	3.49097	0.5	26.1978	38.5363	0	0.810077	-0.586324	0	None	None
ChainingRodShaped	4520	3.14196	0.5	-30.851	50.3117	0	-0.349593	-0.936902	0	None	None
ChainingRodShaped	4522	2.47107	0.5	-14.3309	30.463	0	-0.201507	0.979487	0	4049	4521
ChainingRodShaped	4524	2.56241	0.5	38.2107	43.6522	0	-0.797381	0.603476	0	None	None
ChainingRodShaped	4526	3.36111	0.5	36.8323	41.5968	0	-0.558254	0.82967	0	None	None
ChainingRodShaped	4528	3.57328	0.5	32.8827	33.1067	0	0.505928	-0.862576	0	None	None
ChainingRodShaped	4530	3.06536	0.5	-15.1525	47.5569	0	0.995485	-0.0949145	0	None	None
ChainingRodShaped	4532	3.16023	0.5	-24.5305	48.8904	0	0.999997	-0.00242902	0	None	None
ChainingRodShaped	4534	2.87405	0.5	-21.951	47.2569	0	-0.869175	-0.494504	0	None	None
ChainingRodShaped	4536	2.70459	0.5	19.3745	44.5182	0	0.801909	0.597446	0	None	None
ChainingRodShaped	4538	3.20507	0.5	-23.3582	35.6523	0	-0.698299	0.715806	0	None	None
ChainingRodShaped	4540	3.29569	0.5	8.7963	37.9943	0	0.390417	0.920638	0	None	None
ChainingRodShaped	4542	3.24461	0.5	2.57256	30.2676	0	-0.170201	-0.985409	0	None	None
ChainingRodShaped	4544	3.07864	0.5	7.69158	27.9001	0	0.921095	0.389338	0	None	None
ChainingRodShaped	4546	3.29466	0.5	20.9867	49.089	0	-0.480011	-0.877263	0	None	None
ChainingRodShaped	4548	3.22506	0.5	-29.9989	36.6081	0	0.681337	-0.73197	0	None	None
ChainingRodShaped	4550	2.91086	0.5	31.7081	52.0128	0	-0.186294	-0.982494	0	None	None
ChainingRodShaped	4552	2.60276	0.5	-41.4617	40.4099	0	-0.277318	0.960778	0	None	None
ChainingRodShaped	4554	2.71893	0.5	11.5945	24.8208	0	-0.919626	-0.392796	0	None	None
ChainingRodShaped	4556	2.83217	0.5	21.9863	28.7489	0	-0.973935	0.226829	0	None	None
ChainingRodShaped	4558	3.08578	0.5	-32.8183	43.8629	0	-0.451578	0.892232	0	None	None
ChainingRodShaped	4560	3.28666	0.5	-31.8356	30.0449	0	0.547187	-0.83701	0	None	None
ChainingRodShaped	4562	3.02142	0.5	-38.9267	40.5642	0	-0.546544	0.83743	0	None	None
ChainingRodShaped	4564	2.62637	0.5	-22.0105	56.3179	0	0.0418534	-0.999124	0	None	None
ChainingRodShaped	4566	3.23791	0.5	-6.64205	21.4917	0	-0.0817183	-0.996655	0	None	None
ChainingRodShaped	4568	2.6311	0.5	-24.6079	30.1356	0	0.706502	-0.707711	0	None	None
ChainingRodShaped	4570	2.52088	0.5	-25.6352	36.2301	0	-0.826224	0.563342	0	None	None
ChainingRodShaped	4572	2.7602	0.5	18.4265	21.5871	0	-0.613382	-0.789786	0	None	None
ChainingRodShaped	4574	3.00787	0.5	-0.0409397	47.644	0	0.576673	-0.816975	0	None	None
ChainingRodShaped	4576	2.83138	0.5	-35.1859	54.08	0	0.864552	0.502543	0	None	None
ChainingRodShaped	4578	3.0838	0.5	26.6513	36.8328	0	0.743876	-0.668318	0	None	None
ChainingRodShaped	4580	2.86294	0.5	18.6867	32.8242	0	0.88341	0.468601	0	None	None
ChainingRodShaped	4582	2.93024	0.5	21.305	58.6062	0	-0.842181	-0.539194	0	None	None
ChainingRodShaped	4584	2.69604	0.5	7.41105	33.0964	0	-0.732682	-0.680571	0	None	None
ChainingRodShaped	4586	2.54607	0.5	7.64681	42.7093	0	-0.389023	-0.921228	0	None	None
ChainingRodShaped	4588	2.81942	0.5	45.2146	57.5426	0	-0.092731	-0.995691	0	None	None
ChainingRodShaped	4590	2.79557	0.5	26.194	54.2743	0	-0.966428	-0.256937	0	None	None
ChainingRodShaped	4592	2.99654	0.5	26.7749	44.7721	0	-0.593334	0.804957	0	None	None
ChainingRodShaped	4594	2.59324	0.5	42.8661	56.8852	0	-0.971249	0.238065	0	None	None
ChainingRodShaped	4596	2.68733	0.5	34.6582	39.0315	0	-0.620367	-0.784312	0	None	None
ChainingRodShaped	4598	2.38294	0.5	16.7104	36.1972	0	-0.921585	-0.388177	0	None	None
ChainingRodShaped	4600	2.54603	0.5	5.1987	23.0068	0	0.436786	0.899565	0	None	None
ChainingRodShaped	4602	2.63183	0.5	21.1116	31.8963	0	-0.724276	-0.68951	0	None	None
ChainingRodShaped	4604	2.97169	0.5	-39.1765	44.2225	0	-0.154	-0.988071	0	None	None
ChainingRodShaped	4606	3.00805	0.5	-8.26047	19.0978	0	-0.373121	-0.927783	0	None	None
ChainingRodShaped	4608	2.89499	0.5	24.2997	38.2502	0	0.384617	-0.923076	0	None	None
ChainingRodShaped	4610	2.51674	0.5	15.4599	27.4731	0	-0.98497	0.172723	0	None	None
ChainingRodShaped	4612	2.74746	0.5	-40.0149	60.0494	0	-0.139985	-0.990154	0	None	None
ChainingRodShaped	4614	2.89028	0.5	11.7915	51.3238	0	0.121966	0.992534	0	None	None
ChainingRodShaped	4616	2.57411	0.5	17.4115	53.0835	0	-0.833447	-0.5526	0	None	None
ChainingRodShaped	4618	2.31465	0.5	37.7789	32.0902	0	0.928151	-0.372205	0	None	None
ChainingRodShaped	4620	2.51378	0.5	-35.6321	35.5155	0	-0.688494	0.725242	0	None	None
ChainingRodShaped	4622	2.30588	0.5	-37.8612	34.1242	0	-0.923063	0.384648	0	None	None
ChainingRodShaped	4624	2.70213	0.5	40.5197	50.6036	0	-0.799289	0.600947	0	None	None
ChainingRodShaped	4626	2.50385	0.5	-34.3781	43.5724	0	0.798178	-0.602422	0	None	None
ChainingRodShaped	4628	2.63991	0.5	-40.4118	47.0479	0	0.953588	-0.301113	0	None	None
ChainingRodShaped	4630	2.60079	0.5	-28.4246	40.9724	0	-0.617994	0.786183	0	None	None
ChainingRodShaped	4632	2.78257	0.5	16.3711	32.5673	0	0.811675	0.584109	0	None	None
ChainingRodShaped	4634	2.49205	0.5	32.9731	48.1314	0	-0.182288	-0.983245	0	None	None
ChainingRodShaped	4636	2.14348	0.5	-4.96711	52.8106	0	0.581917	-0.813248	0	None	4635
ChainingRodShaped	4638	2.74918	0.5	-43.1221	38.1882	0	-0.602149	0.798383	0	None	None
ChainingRodShaped	4640	2.66807	0.5	31.8002	42.0012	0	-0.854153	0.520022	0	None	None
ChainingRodShaped	4642	2.31126	0.5	-20.7507	39.1557	0	-0.325461	0.945556	0	None	None
ChainingRodShaped	4644	2.7089	0.5	7.94188	29.0691	0	0.918909	0.394469	0	None	None
ChainingRodShaped	4646	2.75812	0.5	-0.934737	21.4413	0	-0.694127	0.719853	0	None	None
ChainingRodShaped	4648	2.53481	0.5	-18.1669	51.601	0	0.96875	0.248041	0	None	None
ChainingRodShaped	4650	2.3531	0.5	28.2749	40.9707	0	-0.931708	0.363209	0	None	None
ChainingRodShaped	4652	2.56197	0.5	12.7215	28.7352	0	0.999128	-0.0417558	0	None	None
ChainingRodShaped	4654	2.52684	0.5	4.84817	13.7824	0	-0.832636	-0.553821	0	None	None
ChainingRodShaped	4656	2.47558	0.5	22.2299	45.4826	0	-0.787948	-0.615742	0	None	None
ChainingRodShaped	4658	2.41844	0.5	29.3713	36.3495	0	0.947458	-0.31988	0	None	None
ChainingRodShaped	4660	2.6642	0.5	-25.323	29.0128	0	0.526946	-0.849899	0	None	None
ChainingRodShaped	4662	2.49015	0.5	31.5638	57.8695	0	0.552569	-0.833467	0	None	None
ChainingRodShaped	4664	2.29492	0.5	29.5665	31.408	0	0.725682	-0.68803	0	None	None
ChainingRodShaped	4666	2.52804	0.5	20.5495	36.4246	0	0.190958	0.981598	0	None	None
ChainingRodShaped	4668	2.42719	0.5	47.6162	57.6813	0	0.306483	-0.951876	0	None	None
ChainingRodShaped	4670	2.17662	0.5	-10.83	20.3926	0	-0.178963	-0.983856	0	4137	4669
ChainingRodShaped	4672	2.23689	0.5	-7.27785	49.8375	0	-0.148672	-0.988886	0	4335	4671
ChainingRodShaped	4674	2.23288	0.5	-3.57619	12.1247	0	-0.491001	0.871159	0	None	None
ChainingRodShaped	4676	2.49466	0.5	22.2273	27.2164	0	-0.982885	-0.184222	0	None	None
ChainingRodShaped	4678	2.50615	0.5	-36.9666	58.7673	0	0.636019	-0.771673	0	None	None
ChainingRodShaped	4680	2.20996	0.5	-35.8237	49.7349	0	0.922939	-0.384947	0	None	None
ChainingRodShaped	4682	2.34389	0.5	-6.32625	18.4865	0	-0.405128	-0.91426	0	None	None
ChainingRodShaped	4684	2.53237	0.5	1.07631	18.4087	0	-0.819327	0.573326	0	None	None
ChainingRodShaped	4686	2.5217	0.5	-32.8342	40.6625	0	0.920861	-0.389891	0	None	None
ChainingRodShaped	4688	2.52648	0.5	7.7686	51.5275	0	-0.968676	-0.24833	0	None	None
ChainingRodShaped	4690	2.39552	0.5	19.4089	52.0547	0	-0.833979	-0.551796	0	None	None
ChainingRodShaped	4692	2.40398	0.5	-32.644	36.5944	0	0.676489	-0.736453	0	None	None
ChainingRodShaped	4694	2.28776	0.5	-42.2601	45.5407	0	-0.0440446	0.99903	0	None	None
ChainingRodShaped	4696	2.07117	0.5	-32.4436	32.4461	0	0.998482	-0.0550707	0	3988	4695
ChainingRodShaped	4698	2.19597	0.5	-29.8604	53.7521	0	0.999916	0.0129402	0	None	None
ChainingRodShaped	4700	2.20427	0.5	-19.5886	46.046	0	0.525459	0.850819	0	None	None
ChainingRodShaped	4702	2.3034	0.5	-1.85171	11.6008	0	0.292252	0.956341	0	None	None
ChainingRodShaped	4704	2.37957	0.5	6.60652	49.9434	0	-0.889524	-0.456888	0	None	None
ChainingRodShaped	4706	2.253	0.5	15.2685	42.3303	0	-0.526736	0.850029	0	None	None
ChainingRodShaped	4708	2.3299	0.5	-2.62528	25.1796	0	-0.791273	0.611463	0	None	None
ChainingRodShaped	4710	2.20836	0.5	-26.8352	42.1046	0	-0.58539	0.810752	0	None	None
ChainingRodShaped	4712	2.2223	0.5	-2.74336	13.8134	0	-0.170409	0.985373	0	None	None
ChainingRodShaped	4714	2.19787	0.5	36.4006	29.6118	0	0.579851	-0.814722	0	None	None
ChainingRodShaped	4716	2.24887	0.5	14.5618	34.483	0	0.975257	0.221073	0	None	None
ChainingRodShaped	4718	2.25017	0.5	-21.3528	42.6147	0	0.426985	0.904259	0	None	None
ChainingRodShaped	4720	2.16987	0.5	29.41	47.8083	0	-0.574287	0.818654	0	None	None
ChainingRodShaped	4722	2.26422	0.5	-4.13461	20.0299	0	-0.136703	0.990612	0	None	None
ChainingRodShaped	4724	2.14698	0.5	-23.2942	23.5475	0	0.965007	-0.262223	0	None	None
ChainingRodShaped	4726	2.19404	0.5	9.97493	48.6456	0	-0.692077	-0.721824	0	None	None
ChainingRodShaped	4728	2.14266	0.5	34.6806	43.0788	0	0.543182	-0.839615	0	None	None
ChainingRodShaped	4730	2.23343	0.5	41.783	48.3582	0	-0.723792	-0.690018	0	None	None
ChainingRodShaped	4732	2.13171	0.5	6.74596	35.6731	0	0.40978	0.912185	0	None	None
ChainingRodShaped	4734	2.216	0.5	17.3158	43.5873	0	-0.0453522	0.998971	0	None	None
ChainingRodShaped	4736	2.16907	0.5	17.8191	56.3685	0	-0.841524	-0.54022	0	None	None
ChainingRodShaped	4738	2.18705	0.5	-11.6863	32.3241	0	-0.162922	-0.986639	0	None	None
ChainingRodShaped	4740	2.11087	0.5	-44.8563	50.2469	0	0.122364	-0.992485	0	None	None
ChainingRodShaped	4742	2.09804	0.5	-3.96065	15.0685	0	-0.156746	0.987639	0	None	None
ChainingRodShaped	4744	2.05334	0.5	25.1249	55.8914	0	-0.526758	-0.850015	0	None	None
ChainingRodShaped	4746	2.06913	0.5	-36.8158	41.3511	0	0.591081	-0.806612	0	None	None
ChainingRodShaped	4748	2.0992	0.5	-6.02165	16.6442	0	-0.372387	-0.928077	0	None	None
ChainingRodShaped	4750	2.05278	0.5	27.5759	47.009	0	-0.587877	0.80895	0	None	None
ChainingRodShaped	4752	2.08276	0.5	-46.0732	53.2105	0	0.038912	-0.999243	0	None	None
ChainingRodShaped	4754	2.04149	0.5	-32.372	52.8654	0	0.999433	-0.0336687	0	None	None
ChainingRodShaped	4756	2.02211	0.5	-37.0505	56.1842	0	-0.0901777	-0.995926	0	None	None
ChainingRodShaped	4758	2.02777	0.5	-12.8326	45.8295	0	0.80597	-0.591957	0	None	None
ChainingRodShaped	4760	2.00744	0.5	24.9804	58.5443	0	-0.476851	-0.878984	0	None	4759
ChainingRodShaped	4762	2.0146	0.5	16.7917	38.0911	0	0.328378	0.944546	0	None	None
