cell_type	cell_id	length	radius	pos_x	pos_y	pos_z	ori_x	ori_y	ori_z	lower_link	upper_link
ChainingRodShaped	1020	3.2117	0.5	150.86	240.435	0	0.927369	0.374149	0	1021	None
ChainingRodShaped	646	4.77819	0.5	-52.832	28.2671	0	-0.720041	0.693932	0	None	None
ChainingRodShaped	782	4.24079	0.5	-54.1122	40.0224	0	-0.766477	-0.642272	0	None	None
ChainingRodShaped	728	3.794	0.5	87.6588	42.4446	0	-0.26959	0.962975	0	729	775
ChainingRodShaped	706	4.68316	0.5	-54.8945	33.007	0	-0.716123	0.697974	0	None	None
ChainingRodShaped	850	3.78166	0.5	86.9439	147.279	0	-0.982445	0.186553	0	851	485
ChainingRodShaped	1012	4.60447	0.5	3.14399	-15.1598	0	-0.887379	-0.461042	0	1013	733
ChainingRodShaped	1356	2.31371	0.5	-50.9923	50.3262	0	-0.528579	0.848884	0	None	None
ChainingRodShaped	1330	2.3561	0.5	-56.0506	32.7483	0	-0.716234	0.69786	0	None	None
ChainingRodShaped	816	4.10202	0.5	-40.8327	56.8052	0	-0.903552	-0.428478	0	None	None
ChainingRodShaped	990	3.13809	0.5	0.661191	116.953	0	0.700561	0.713593	0	991	1189
ChainingRodShaped	756	4.19934	0.5	-45.2351	38.9617	0	-0.944531	-0.328421	0	None	None
ChainingRodShaped	780	4.5354	0.5	-36.3426	62.4813	0	-0.706508	-0.707706	0	None	None
ChainingRodShaped	926	3.79643	0.5	22.2131	-72.995	0	0.973669	-0.227968	0	927	1073
ChainingRodShaped	1178	3.49459	0.5	-32.4337	13.3031	0	-0.696447	-0.717608	0	None	None
ChainingRodShaped	608	4.63326	0.5	62.894	212.085	0	0.865269	0.501308	0	609	703
ChainingRodShaped	1268	2.56536	0.5	-47.4728	53.8304	0	-0.816803	-0.576917	0	None	None
ChainingRodShaped	1024	3.37616	0.5	-32.5451	60.774	0	-0.908499	0.417887	0	None	None
ChainingRodShaped	570	4.51701	0.5	29.9311	41.0945	0	0.568753	-0.822508	0	894	947
ChainingRodShaped	1216	2.79999	0.5	61.1023	99.225	0	0.748102	-0.663584	0	1217	999
ChainingRodShaped	1284	2.72021	0.5	-32.2923	62.8349	0	-0.923121	-0.38451	0	None	None
ChainingRodShaped	1190	2.57221	0.5	-36.0367	15.0588	0	-0.844057	0.536253	0	None	None
ChainingRodShaped	1082	2.8069	0.5	-53.5786	34.0545	0	-0.963752	0.266798	0	None	None
ChainingRodShaped	1320	2.81247	0.5	-55.006	36.637	0	-0.9287	0.370831	0	None	None
ChainingRodShaped	1008	3.00093	0.5	-52.5679	-100.056	0	-0.68958	0.724209	0	1009	1421
ChainingRodShaped	1050	4.32515	0.5	-9.03065	45.5209	0	0.950787	-0.309845	0	None	None
ChainingRodShaped	676	4.15306	0.5	-33.2734	35.6787	0	-0.878416	-0.477896	0	None	None
ChainingRodShaped	924	3.4882	0.5	-25.4745	27.7599	0	-0.996827	-0.0795979	0	None	None
ChainingRodShaped	814	3.61348	0.5	54.2581	-20.211	0	-0.582378	0.812918	0	815	981
ChainingRodShaped	918	4.91932	0.5	-10.9322	45.1211	0	0.948452	-0.316922	0	None	None
ChainingRodShaped	510	4.56806	0.5	30.4495	62.893	0	-0.994507	-0.104667	0	1124	1047
ChainingRodShaped	858	4.11127	0.5	-14.4704	45.5602	0	0.840324	-0.542084	0	None	None
ChainingRodShaped	1104	2.74663	0.5	-35.3313	45.6517	0	0.802795	-0.596255	0	None	None
ChainingRodShaped	958	3.49458	0.5	100.844	223.931	0	0.980816	0.194938	0	959	1167
ChainingRodShaped	1004	3.67182	0.5	-30.1794	43.1789	0	0.810946	-0.585121	0	None	None
ChainingRodShaped	1034	2.85798	0.5	111.804	102.248	0	0.555563	0.831474	0	1035	1275
ChainingRodShaped	922	4.48218	0.5	-35.5227	49.3136	0	-0.822803	0.568327	0	None	None
ChainingRodShaped	868	3.24464	0.5	-40.6577	26.1138	0	-0.742143	0.670242	0	None	None
ChainingRodShaped	1260	2.77215	0.5	-36.2246	-13.9532	0	-0.508636	0.860982	0	1261	551
ChainingRodShaped	766	4.14398	0.5	-33.0132	-36.027	0	0.987255	-0.159145	0	1404	907
ChainingRodShaped	558	4.68412	0.5	-49.0484	34.6918	0	-0.960272	-0.279067	0	None	None
ChainingRodShaped	1068	2.98168	0.5	51.0488	162.889	0	-0.666399	0.745595	0	1069	1451
ChainingRodShaped	1332	2.27961	0.5	-17.9635	34.4032	0	-0.759552	-0.650446	0	None	None
ChainingRodShaped	1370	2.23367	0.5	-42.4247	17.9973	0	-0.800232	0.599691	0	None	None
ChainingRodShaped	1164	2.94296	0.5	-18.2306	25.387	0	-0.748213	-0.663459	0	None	None
ChainingRodShaped	1376	2.29295	0.5	54.1892	-60.2795	0	0.563728	0.825961	0	1377	1341
ChainingRodShaped	1388	2.34156	0.5	-32.4452	22.3002	0	-0.889389	-0.45715	0	None	None
ChainingRodShaped	1344	2.36871	0.5	-31.1713	-125.94	0	-0.441373	0.897324	0	1345	843
ChainingRodShaped	1214	2.59093	0.5	69.4404	-2.40366	0	0.970913	0.239431	0	1215	1241
ChainingRodShaped	996	4.14636	0.5	-35.9848	57.7574	0	-0.995066	0.0992182	0	None	None
ChainingRodShaped	800	4.06293	0.5	-7.13263	47.03	0	0.961675	-0.274193	0	None	None
ChainingRodShaped	1292	2.57913	0.5	-43.2292	45.9247	0	0.848515	-0.529172	0	None	None
ChainingRodShaped	896	3.24349	0.5	-49.5001	49.8047	0	-0.529033	0.848601	0	None	None
ChainingRodShaped	678	4.15735	0.5	-28.6154	18.2421	0	-0.756212	-0.654327	0	None	None
ChainingRodShaped	1130	3.50153	0.5	-17.2566	53.4843	0	-0.986556	0.163423	0	None	None
ChainingRodShaped	1014	3.85957	0.5	-2.97784	74.012	0	-0.62559	0.780152	0	1015	867
ChainingRodShaped	1300	2.73217	0.5	-44.0864	32.1122	0	-0.966394	-0.257064	0	None	None
ChainingRodShaped	1076	3.00201	0.5	58.7677	65.8156	0	-0.999029	0.0440546	0	1077	915
ChainingRodShaped	556	4.62759	0.5	-13.5792	58.03	0	-0.145699	0.989329	0	None	None
ChainingRodShaped	1056	3.72148	0.5	-51.9058	38.0498	0	-0.969067	-0.246797	0	None	None
ChainingRodShaped	1158	3.42724	0.5	-12.7084	28.7432	0	0.742265	0.670106	0	1159	1119
ChainingRodShaped	1160	3.57808	0.5	-42.9764	38.7237	0	-0.90694	-0.421259	0	None	None
ChainingRodShaped	1412	2.18294	0.5	-13.0119	-22.2451	0	-0.970016	-0.24304	0	1413	1375
ChainingRodShaped	554	4.88485	0.5	-37.8451	22.5133	0	-0.606215	-0.795301	0	None	None
ChainingRodShaped	752	4.0404	0.5	-65.0972	-55.5456	0	0.360883	0.932611	0	1288	1397
ChainingRodShaped	1086	3.05016	0.5	34.9414	121.611	0	0.897072	-0.441884	0	1087	683
ChainingRodShaped	1212	2.75627	0.5	-23.7024	45.5303	0	-0.832986	0.553293	0	None	None
ChainingRodShaped	1042	3.04297	0.5	-40.8609	54.1298	0	-0.735409	0.677624	0	None	None
ChainingRodShaped	520	4.9953	0.5	44.8046	190.366	0	0.283294	0.959033	0	1394	1297
ChainingRodShaped	880	3.41447	0.5	-21.0542	60.8646	0	-0.513317	0.858199	0	None	None
ChainingRodShaped	1266	3.10101	0.5	107.667	138.404	0	-0.732537	0.680727	0	1267	1347
ChainingRodShaped	1080	2.9757	0.5	-36.9445	39.1168	0	-0.977208	0.212285	0	None	None
ChainingRodShaped	616	4.62897	0.5	80.003	89.1223	0	0.980124	-0.198384	0	1174	1045
ChainingRodShaped	836	3.85668	0.5	-24.158	-166.334	0	0.0301903	0.999544	0	837	1309
ChainingRodShaped	1146	2.72415	0.5	-29.466	61.2617	0	-0.666801	0.745236	0	None	None
ChainingRodShaped	1436	2.06499	0.5	44.1333	7.6078	0	0.540604	-0.841277	0	1437	1391
ChainingRodShaped	1362	2.24345	0.5	68.6498	151.197	0	-0.945908	0.324434	0	1363	1277
ChainingRodShaped	1022	3.69315	0.5	-20.3706	35.32	0	-0.996247	0.0865613	0	None	None
ChainingRodShaped	822	3.66954	0.5	-33.7927	22.9846	0	-0.618134	-0.786073	0	None	None
ChainingRodShaped	1338	2.71829	0.5	-12.6636	31.4371	0	-0.721522	-0.692392	0	None	None
ChainingRodShaped	1202	3.48675	0.5	132.439	233.112	0	0.934342	0.356377	0	1203	759
ChainingRodShaped	802	3.77525	0.5	-46.1146	56.1348	0	-0.812159	-0.583436	0	None	None
ChainingRodShaped	1336	2.36416	0.5	-16.7803	54.3847	0	-0.986696	0.162573	0	None	None
ChainingRodShaped	870	3.33254	0.5	59.9067	-44.9085	0	0.157631	0.987498	0	871	1137
ChainingRodShaped	934	4.67374	0.5	-48.6741	31.8156	0	-0.993346	0.115169	0	None	None
ChainingRodShaped	1408	2.2425	0.5	-38.5894	19.6203	0	-0.476825	-0.878998	0	None	None
ChainingRodShaped	1084	3.8663	0.5	-7.41918	104.192	0	0.350825	0.936441	0	1085	627
ChainingRodShaped	656	4.99077	0.5	-43.8286	33.1705	0	-0.964525	-0.263991	0	None	None
ChainingRodShaped	686	4.17221	0.5	-34.9685	54.7616	0	-0.994664	0.103164	0	None	None
ChainingRodShaped	1230	2.58008	0.5	-1.7862	-57.7914	0	0.684607	-0.728912	0	1231	893
ChainingRodShaped	1006	4.42558	0.5	88.6754	22.3761	0	0.164181	0.98643	0	1007	835
ChainingRodShaped	1234	3.05958	0.5	35.1796	-7.38114	0	-0.976226	0.216757	0	1235	1201
ChainingRodShaped	604	4.81133	0.5	-45.9915	57.4284	0	-0.815845	-0.57827	0	None	None
ChainingRodShaped	1218	3.14104	0.5	-1.18024	46.0308	0	0.998764	-0.049713	0	None	None
ChainingRodShaped	1040	3.19434	0.5	0.719956	44.9593	0	-0.733296	-0.67991	0	None	None
ChainingRodShaped	978	4.59185	0.5	-38.043	1.0998	0	0.234004	0.972236	0	979	913
ChainingRodShaped	1236	2.67697	0.5	-52.0316	48.104	0	0.0275796	0.99962	0	None	None
ChainingRodShaped	1180	2.82569	0.5	75.9811	218.155	0	0.944653	0.32807	0	1181	1129
ChainingRodShaped	1382	2.43782	0.5	-41.1537	-111.624	0	-0.681576	0.731748	0	1383	1115
ChainingRodShaped	480	4.90899	0.5	-19.2202	37.1258	0	-0.995189	0.0979702	0	None	None
ChainingRodShaped	1170	3.48595	0.5	76.6266	59.5931	0	-0.798645	0.601802	0	1171	865
ChainingRodShaped	1192	3.17414	0.5	-31.6948	52.6137	0	-0.787401	0.616441	0	None	None
ChainingRodShaped	1440	2.10891	0.5	17.4717	125.115	0	0.996974	0.0777322	0	1441	1003
ChainingRodShaped	806	4.62929	0.5	-20.6509	54.185	0	-0.162186	-0.98676	0	None	None
ChainingRodShaped	682	4.60002	0.5	43.1746	116.328	0	0.79214	-0.61034	0	683	1457
ChainingRodShaped	966	3.94193	0.5	-25.19	39.5634	0	-0.999354	-0.0359325	0	None	None
ChainingRodShaped	1156	2.64433	0.5	-65.5639	-79.8982	0	-0.326712	0.945124	0	1157	1255
ChainingRodShaped	1052	3.12836	0.5	-28.4773	43.1134	0	0.809335	-0.587347	0	None	None
ChainingRodShaped	1100	3.26364	0.5	-41.4447	47.8241	0	0.982873	-0.184284	0	None	None
ChainingRodShaped	1368	2.44952	0.5	42.3717	-70.6658	0	0.883212	0.468974	0	1369	975
ChainingRodShaped	636	3.9768	0.5	6.91277	47.2147	0	0.848929	0.528507	0	1048	1349
ChainingRodShaped	1106	3.76141	0.5	-23.7358	61.8487	0	-0.8388	0.54444	0	None	None
ChainingRodShaped	1238	3.14011	0.5	-45.3976	26.5028	0	-0.870608	0.491978	0	None	None
ChainingRodShaped	1306	2.87319	0.5	-38.5903	27.2237	0	-0.946335	-0.323187	0	None	None
ChainingRodShaped	1264	2.61288	0.5	-23.4438	22.4072	0	-0.785226	-0.619209	0	None	None
ChainingRodShaped	848	4.2225	0.5	-23.4077	52.6102	0	-0.401806	0.915725	0	None	None
ChainingRodShaped	592	4.3697	0.5	44.1526	64.7964	0	-0.989864	-0.142017	0	914	1125
ChainingRodShaped	688	4.70941	0.5	-24.9861	-182.989	0	0.0616354	0.998099	0	1162	1387
ChainingRodShaped	1314	2.79752	0.5	115.541	125.452	0	-0.257579	0.966257	0	1315	1155
ChainingRodShaped	1142	3.38543	0.5	-27.5194	29.5074	0	-0.98115	-0.193246	0	None	None
ChainingRodShaped	1194	3.23954	0.5	-27.3114	46.984	0	-0.800877	0.598829	0	None	None
ChainingRodShaped	888	4.81201	0.5	-45.3232	22.6566	0	-0.988217	-0.153059	0	None	None
ChainingRodShaped	764	4.64948	0.5	-35.8588	19.2113	0	-0.955096	-0.296296	0	None	None
ChainingRodShaped	812	4.41935	0.5	-24.9927	-147.594	0	-0.140643	0.99006	0	1334	971
ChainingRodShaped	1282	2.94561	0.5	116.35	227.632	0	0.960048	0.279836	0	1283	1133
ChainingRodShaped	940	4.29626	0.5	-4.96879	53.5007	0	-0.793297	0.608835	0	None	None
ChainingRodShaped	1092	2.91373	0.5	-46.9163	33.2843	0	-0.956324	-0.292309	0	None	None
ChainingRodShaped	1138	3.07083	0.5	-26.7428	28.6239	0	-0.991397	-0.130889	0	None	None
ChainingRodShaped	1038	3.24914	0.5	-56.1229	-43.1924	0	0.772633	0.634853	0	1039	715
ChainingRodShaped	950	3.00867	0.5	-4.8728	45.4968	0	0.997245	-0.0741769	0	None	None
ChainingRodShaped	898	3.56478	0.5	-30.8323	49.5359	0	-0.813473	0.581602	0	None	None
ChainingRodShaped	778	3.47684	0.5	-22.2074	32.8778	0	-0.743803	0.668399	0	None	None
ChainingRodShaped	866	4.0053	0.5	-7.6593	82.1499	0	-0.36282	0.931859	0	867	1253
ChainingRodShaped	1262	3.01195	0.5	-18.4136	52.6112	0	-0.961802	0.273747	0	None	None
ChainingRodShaped	1134	3.54191	0.5	-17.4623	42.574	0	-0.824428	0.565966	0	None	None
ChainingRodShaped	860	3.92959	0.5	-20.8406	38.4017	0	-0.983198	0.182543	0	None	None
ChainingRodShaped	932	3.8505	0.5	-18.087	55.6929	0	-0.792569	-0.609783	0	None	None
ChainingRodShaped	1454	2.03081	0.5	-29.7847	15.9443	0	-0.748323	-0.663335	0	None	None
ChainingRodShaped	1458	2.00282	0.5	-52.003	37.0106	0	-0.971487	-0.237094	0	None	None
ChainingRodShaped	1316	2.39001	0.5	-39.0103	30.2338	0	-0.92391	-0.382611	0	None	None
ChainingRodShaped	968	3.43186	0.5	-31.0887	64.4842	0	-0.903826	-0.4279	0	None	None
ChainingRodShaped	882	4.07474	0.5	-39.0194	33.058	0	-0.788676	-0.614809	0	None	None
ChainingRodShaped	792	4.16448	0.5	-29.74	40.5887	0	-0.910316	-0.413913	0	None	None
ChainingRodShaped	644	4.84367	0.5	-25.1416	54.1516	0	-0.401761	0.915745	0	None	None
ChainingRodShaped	1434	2.15785	0.5	55.0863	206.747	0	0.761454	0.648219	0	1435	609
ChainingRodShaped	1228	2.84213	0.5	81.8321	5.70348	0	0.627044	0.778983	0	1229	1033
ChainingRodShaped	1426	2.07832	0.5	-15.2779	51.187	0	-0.985147	0.171714	0	None	None
ChainingRodShaped	986	4.55006	0.5	-25.31	25.0574	0	-0.702968	0.711221	0	None	None
ChainingRodShaped	984	3.98385	0.5	-45.7227	20.7015	0	-0.974503	0.224375	0	None	None
ChainingRodShaped	998	4.2386	0.5	67.757	94.208	0	0.841625	-0.540062	0	999	1175
ChainingRodShaped	1448	2.0568	0.5	-36.2898	21.4264	0	-0.623376	-0.781922	0	None	None
ChainingRodShaped	790	3.64127	0.5	-43.6275	60.0223	0	-0.936682	-0.35018	0	None	None
ChainingRodShaped	1446	2.05691	0.5	-45.3898	44.0339	0	-0.996726	-0.0808541	0	None	None
ChainingRodShaped	890	4.94683	0.5	-13.6696	-45.3573	0	0.738981	-0.673726	0	1424	1117
ChainingRodShaped	1010	3.2081	0.5	-13.8089	34.3521	0	-0.716894	-0.697182	0	None	None
ChainingRodShaped	1294	2.44509	0.5	-18.9095	27.8267	0	-0.850703	-0.525647	0	None	None
ChainingRodShaped	1108	3.53399	0.5	-37.5929	45.145	0	-0.983899	0.178723	0	None	None
ChainingRodShaped	1318	2.74538	0.5	-26.2287	-21.7	0	-0.937209	0.348769	0	1319	731
ChainingRodShaped	1036	3.64335	0.5	-36.2988	32.7028	0	-0.814479	-0.580193	0	None	None
ChainingRodShaped	1054	4.08564	0.5	-26.7881	17.2264	0	0.767687	0.640825	0	1055	1063
ChainingRodShaped	770	4.20531	0.5	-35.3284	55.7605	0	-0.995088	0.0989947	0	None	None
ChainingRodShaped	1000	3.73712	0.5	-45.528	41.2736	0	-0.871053	-0.49119	0	None	None
ChainingRodShaped	832	4.20228	0.5	-37.4927	48.3076	0	0.837777	-0.546013	0	None	None
ChainingRodShaped	976	4.38405	0.5	-22.5731	55.5349	0	0.389465	-0.921041	0	None	None
ChainingRodShaped	930	3.47412	0.5	-19.5855	45.1444	0	-0.843239	0.537538	0	None	None
ChainingRodShaped	884	4.29478	0.5	97.3846	90.8573	0	0.921062	0.389417	0	885	877
ChainingRodShaped	622	4.05307	0.5	-28.3989	53.5028	0	-0.899572	0.436773	0	None	None
ChainingRodShaped	1360	2.61681	0.5	-46.456	41.8753	0	-0.868802	-0.495159	0	None	None
ChainingRodShaped	690	4.24876	0.5	51.5312	108.766	0	0.696823	-0.717243	0	1456	711
ChainingRodShaped	1352	2.57283	0.5	-8.1076	34.6829	0	-0.610457	-0.792049	0	None	None
ChainingRodShaped	602	4.51284	0.5	-33.8353	31.9741	0	-0.846053	-0.533099	0	None	None
ChainingRodShaped	1270	2.86698	0.5	20.0814	-7.84632	0	-0.964657	-0.263508	0	1271	1103
ChainingRodShaped	1224	3.2414	0.5	-15.2863	55.1269	0	-0.986645	0.162887	0	None	None
ChainingRodShaped	988	4.08348	0.5	12.3615	-69.1719	0	0.877656	-0.479291	0	989	927
ChainingRodShaped	754	4.91561	0.5	45.5751	172.152	0	-0.36007	0.932925	0	1450	1385
ChainingRodShaped	1182	2.81294	0.5	12.1028	63.8958	0	-0.955035	0.296493	0	1183	961
ChainingRodShaped	1400	2.247	0.5	-18.7807	61.0088	0	-0.987404	-0.158221	0	None	None
ChainingRodShaped	1112	3.41324	0.5	37.6897	23.5392	0	0.303873	-0.952713	0	1113	965
ChainingRodShaped	908	4.19907	0.5	-53.3795	38.9287	0	-0.856857	-0.515554	0	None	None
ChainingRodShaped	1026	3.39956	0.5	-29.8594	39.5179	0	-0.906123	-0.423014	0	None	None
ChainingRodShaped	1354	2.39991	0.5	20.1605	49.2278	0	0.942445	-0.334362	0	1355	895
ChainingRodShaped	1058	3.58144	0.5	-29.5211	46.2145	0	-0.811169	0.584812	0	None	None
ChainingRodShaped	662	4.44074	0.5	-3.31097	38.1828	0	0.683777	0.729691	0	1118	1049
ChainingRodShaped	1274	2.42892	0.5	114.867	108.585	0	0.298776	0.954323	0	1275	945
ChainingRodShaped	634	4.63501	0.5	-67.3655	-67.9535	0	0.00434889	0.999991	0	1254	1289
ChainingRodShaped	952	4.90488	0.5	-20.1496	42.0745	0	-0.832835	0.553522	0	None	None
ChainingRodShaped	658	4.96227	0.5	-50.7006	28.9911	0	-0.703078	0.711113	0	None	None
ChainingRodShaped	1244	2.62561	0.5	-33.2583	31.2076	0	-0.851342	-0.524611	0	None	None
ChainingRodShaped	1418	2.16604	0.5	53.3637	-0.69206	0	0.90756	-0.419922	0	1419	1111
ChainingRodShaped	972	3.6399	0.5	-35.8094	58.7104	0	-0.99509	0.0989694	0	None	None
ChainingRodShaped	1280	3.04588	0.5	-39.514	51.8718	0	0.864222	-0.50311	0	None	None
ChainingRodShaped	994	3.75098	0.5	-52.1502	31.8032	0	-0.747171	0.664631	0	None	None
ChainingRodShaped	1122	3.51473	0.5	-36.9764	51.4827	0	-0.835643	0.549273	0	None	None
ChainingRodShaped	722	4.09661	0.5	58.1023	156.679	0	-0.814929	0.579561	0	1276	1069
ChainingRodShaped	712	4.3614	0.5	-36.4471	18.0175	0	-0.955717	-0.294289	0	None	None
ChainingRodShaped	1196	2.97216	0.5	-18.1972	56.8387	0	-0.791447	-0.611238	0	None	None
ChainingRodShaped	1172	3.3626	0.5	-43.9146	-36.5806	0	0.961399	0.275157	0	1173	1405
ChainingRodShaped	732	4.35014	0.5	-6.02826	-19.6818	0	-0.912224	-0.409693	0	733	1413
ChainingRodShaped	742	4.31465	0.5	-39.1076	48.1854	0	0.845761	-0.533561	0	None	None
ChainingRodShaped	1308	2.7841	0.5	-24.0932	-158.571	0	-0.0200044	0.9998	0	1309	1335
ChainingRodShaped	1416	2.26881	0.5	-29.7399	19.2007	0	-0.381801	-0.924245	0	None	None
ChainingRodShaped	758	4.84794	0.5	141.453	236.651	0	0.928395	0.371596	0	759	1021
ChainingRodShaped	1094	3.93192	0.5	-36.2319	40.8714	0	-0.975558	0.219743	0	None	None
ChainingRodShaped	1398	2.33891	0.5	-21.3892	58.1876	0	-0.978285	-0.207262	0	None	None
ChainingRodShaped	1304	2.7452	0.5	82.0385	54.2955	0	-0.60831	0.7937	0	1305	1171
ChainingRodShaped	980	4.81245	0.5	47.6319	-13.4793	0	-0.792798	0.609485	0	981	719
ChainingRodShaped	902	3.69674	0.5	-25.6554	22.6581	0	-0.184757	0.982784	0	None	None
ChainingRodShaped	970	4.00221	0.5	-26.8369	-138.216	0	-0.249832	0.968289	0	971	697
ChainingRodShaped	760	4.58938	0.5	-9.47116	94.6357	0	0.074126	0.997249	0	1252	1085
ChainingRodShaped	1144	3.17318	0.5	91.2375	222.06	0	0.980741	0.195314	0	1145	959
ChainingRodShaped	433	4.90252	0.5	-45.9913	49.8947	0	0.865654	-0.500643	0	None	None
ChainingRodShaped	1312	2.86355	0.5	-28.4306	50.3665	0	-0.886056	0.463578	0	None	None
ChainingRodShaped	437	4.97927	0.5	-2.14422	49.0542	0	-0.9948	0.101847	0	None	None
ChainingRodShaped	1242	2.80653	0.5	58.7418	-28.7057	0	-0.334203	0.942501	0	1243	815
ChainingRodShaped	808	3.56617	0.5	-21.8716	30.4832	0	-0.972682	-0.232141	0	None	None
ChainingRodShaped	872	4.54079	0.5	-25.1603	36.6954	0	-0.997911	-0.0646078	0	None	None
ChainingRodShaped	942	3.86615	0.5	-12.1878	39.5881	0	-0.788705	-0.614772	0	None	None
ChainingRodShaped	1340	2.66367	0.5	57.399	-54.1768	0	0.367876	0.929875	0	1341	871
ChainingRodShaped	874	3.42134	0.5	-59.119	-92.0655	0	-0.566857	0.823816	0	1420	709
ChainingRodShaped	844	3.77068	0.5	-45.9026	19.7317	0	-0.974822	0.222982	0	None	None
ChainingRodShaped	796	4.73769	0.5	-22.4329	26.0778	0	-0.998219	-0.0596496	0	None	None
ChainingRodShaped	786	3.49229	0.5	50.4628	201.776	0	0.606048	0.795428	0	1296	1435
ChainingRodShaped	1428	2.10473	0.5	-36.97	-116.531	0	-0.60818	0.793799	0	1429	1383
ChainingRodShaped	1396	2.29001	0.5	-61.7085	-49.0546	0	0.584632	0.811299	0	1397	1039
ChainingRodShaped	788	3.45202	0.5	-28.5441	65.8705	0	-0.922748	0.385403	0	None	None
ChainingRodShaped	1060	4.27134	0.5	-27.9985	61.0884	0	-0.66421	0.747546	0	None	None
ChainingRodShaped	738	4.32292	0.5	-8.66617	51.6295	0	-0.955609	0.294637	0	None	None
ChainingRodShaped	1248	2.41889	0.5	-27.4759	30.5877	0	-0.991048	-0.133508	0	None	None
ChainingRodShaped	834	3.41529	0.5	89.3024	32.4085	0	-0.0503883	0.99873	0	835	729
ChainingRodShaped	1166	3.23325	0.5	108.919	225.675	0	0.973009	0.230765	0	1167	1283
ChainingRodShaped	1442	2.07313	0.5	66.5883	64.7012	0	-0.966257	0.257581	0	1443	1077
ChainingRodShaped	956	3.99355	0.5	-40.8607	25.0269	0	-0.742006	0.670393	0	None	None
ChainingRodShaped	878	3.2767	0.5	-26.0305	61.4816	0	-0.203495	0.979076	0	None	None
ChainingRodShaped	1090	3.25059	0.5	-6.77282	41.8773	0	-0.585568	-0.810623	0	None	None
ChainingRodShaped	1220	2.9994	0.5	-16.9919	33.9917	0	-0.753009	-0.658011	0	None	None
ChainingRodShaped	794	3.92496	0.5	-36.5459	59.7602	0	-0.995202	0.0978432	0	None	None
ChainingRodShaped	485	4.75101	0.5	81.8241	148.213	0	-0.984736	0.174052	0	850	841
ChainingRodShaped	1350	2.32397	0.5	95.4724	145.263	0	-0.95446	0.298338	0	1351	851
ChainingRodShaped	820	3.53648	0.5	-16.894	32.8038	0	-0.74836	-0.663293	0	None	None
ChainingRodShaped	938	3.78397	0.5	-29.8979	30.8891	0	-0.885488	-0.464663	0	None	None
ChainingRodShaped	1392	2.32844	0.5	-10.7397	35.9767	0	-0.818248	-0.574865	0	None	None
ChainingRodShaped	1226	3.29955	0.5	-22.2266	63.282	0	-0.99489	-0.100964	0	None	None
ChainingRodShaped	1072	3.17326	0.5	30.9412	-73.7649	0	0.997884	0.0650191	0	1073	847
ChainingRodShaped	1386	2.18408	0.5	-24.5409	-175.39	0	0.0528542	0.998602	0	1387	837
ChainingRodShaped	1322	2.76163	0.5	-32.8043	15.7394	0	-0.68675	-0.726894	0	None	None
ChainingRodShaped	768	4.10424	0.5	-35.3603	56.7281	0	-0.995211	0.0977512	0	None	None
ChainingRodShaped	505	4.68852	0.5	-30.2261	38.3195	0	-0.90185	-0.432049	0	None	None
ChainingRodShaped	912	4.39017	0.5	-33.5542	10.3316	0	0.608953	0.793206	0	913	1055
ChainingRodShaped	948	3.873	0.5	-27.9358	57.6204	0	-0.484631	0.874719	0	None	None
ChainingRodShaped	1124	3.3253	0.5	35.2982	63.4819	0	-0.990083	-0.14048	0	1125	510
ChainingRodShaped	513	4.93823	0.5	-41.5823	38.3304	0	-0.902684	-0.430304	0	None	None
ChainingRodShaped	1088	3.96323	0.5	-4.53271	39.6955	0	-0.698503	-0.715607	0	None	None
ChainingRodShaped	818	4.24938	0.5	-11.499	42.7584	0	-0.977462	-0.211112	0	None	None
ChainingRodShaped	1204	3.16333	0.5	-45.3303	30.8085	0	-0.969194	-0.246297	0	None	None
ChainingRodShaped	1394	2.19149	0.5	43.7199	185.974	0	0.155784	0.987791	0	1395	520
ChainingRodShaped	886	3.31882	0.5	-31.5901	58.201	0	-0.907929	0.419124	0	None	None
ChainingRodShaped	830	3.63048	0.5	-19.9323	48.4631	0	0.562118	-0.827057	0	None	None
ChainingRodShaped	962	3.31683	0.5	-43.2126	28.9874	0	-0.927633	0.373493	0	None	None
ChainingRodShaped	876	3.39154	0.5	106.326	96.2255	0	0.769448	0.63871	0	877	1035
ChainingRodShaped	531	4.90158	0.5	-39.1713	22.3558	0	-0.605026	-0.796205	0	None	None
ChainingRodShaped	1324	2.42699	0.5	-17.8865	47.3594	0	0.638548	-0.769582	0	None	None
ChainingRodShaped	1168	3.48709	0.5	-12.5856	60.2237	0	-0.607663	0.794195	0	None	None
ChainingRodShaped	954	4.21002	0.5	-9.20084	52.8192	0	-0.956411	0.292024	0	None	None
ChainingRodShaped	539	4.70184	0.5	-49.5055	41.9036	0	-0.0591482	-0.998249	0	None	None
ChainingRodShaped	1114	2.71464	0.5	-46.7931	-105.881	0	-0.710839	0.703355	0	1115	1009
ChainingRodShaped	1140	2.97348	0.5	-37.1638	42.1658	0	-0.996882	0.0789079	0	None	None
ChainingRodShaped	852	4.50983	0.5	-36.4699	39.9739	0	-0.976452	0.215734	0	None	None
ChainingRodShaped	906	3.38213	0.5	-22.887	-39.0514	0	0.911373	-0.411581	0	907	1425
ChainingRodShaped	1298	2.95204	0.5	-49.8086	35.4923	0	-0.962606	-0.270907	0	None	None
ChainingRodShaped	551	4.30651	0.5	-37.8867	-9.82612	0	-0.27271	0.962096	0	1260	979
ChainingRodShaped	992	3.34553	0.5	-19.6823	28.7577	0	-0.923765	-0.382959	0	None	None
ChainingRodShaped	1096	3.39194	0.5	-37.4957	26.589	0	-0.943054	-0.332639	0	None	None
ChainingRodShaped	557	4.98862	0.5	-9.31116	56.1843	0	-0.698435	0.715674	0	None	None
ChainingRodShaped	1028	3.39731	0.5	-44.2411	36.13	0	-0.954567	-0.297997	0	None	None
ChainingRodShaped	1032	3.55979	0.5	85.941	12.7043	0	0.390467	0.920617	0	1033	1007
ChainingRodShaped	1188	2.52313	0.5	6.73965	121.659	0	0.872345	0.488891	0	1189	917
ChainingRodShaped	946	3.58514	0.5	34.7791	31.8935	0	0.370303	-0.928911	0	947	1113
ChainingRodShaped	892	3.18893	0.5	4.21713	-63.5608	0	0.76257	-0.646906	0	893	989
ChainingRodShaped	1044	3.25462	0.5	88.6974	88.5665	0	0.995256	0.0972923	0	1045	885
ChainingRodShaped	894	3.16778	0.5	26.9268	44.7926	0	0.707391	-0.706823	0	895	570
ChainingRodShaped	1046	3.82247	0.5	20.1682	62.5366	0	-0.998467	0.0553519	0	1047	1183
ChainingRodShaped	1208	2.97904	0.5	-7.00875	39.9381	0	-0.710423	-0.703775	0	None	None
ChainingRodShaped	577	4.87611	0.5	-39.192	36.3038	0	-0.561682	-0.827353	0	None	None
ChainingRodShaped	1326	2.52275	0.5	-46.3119	46.6689	0	-0.8598	0.510631	0	None	None
ChainingRodShaped	1062	3.33652	0.5	-19.2544	23.2405	0	0.783684	0.62116	0	1063	1159
ChainingRodShaped	936	3.43724	0.5	-13.3116	48.3025	0	0.873004	-0.487714	0	None	None
ChainingRodShaped	928	3.37397	0.5	-20.5934	39.3087	0	-0.984137	0.177412	0	None	None
ChainingRodShaped	1102	3.83982	0.5	11.8502	-10.8821	0	-0.913057	-0.407833	0	1103	1013
ChainingRodShaped	1430	2.10197	0.5	-15.1135	42.9723	0	-0.991385	-0.130981	0	None	None
ChainingRodShaped	1002	4.06483	0.5	26.7461	124.378	0	0.979289	-0.202466	0	1003	1087
ChainingRodShaped	914	4.051	0.5	49.2611	65.4333	0	-0.994602	-0.103762	0	915	592
ChainingRodShaped	944	3.38132	0.5	116.369	118.112	0	0.023697	0.999719	0	945	1315
ChainingRodShaped	597	4.38562	0.5	-27.7325	43.7297	0	-0.810203	0.58615	0	None	None
ChainingRodShaped	1120	2.8439	0.5	-12.3291	38.2678	0	-0.79481	-0.606859	0	None	None
ChainingRodShaped	1200	2.85878	0.5	27.2	-6.69941	0	-0.99893	-0.0462516	0	1201	1271
ChainingRodShaped	1210	3.41258	0.5	-29.5251	34.3968	0	-0.8962	-0.44365	0	None	None
ChainingRodShaped	605	4.51399	0.5	-40.9727	60.0128	0	-0.902964	-0.429716	0	None	None
ChainingRodShaped	964	4.38433	0.5	40.977	14.0782	0	0.367641	-0.929968	0	965	1437
ChainingRodShaped	609	4.21797	0.5	58.3755	209.22	0	0.820481	0.571674	0	1434	608
ChainingRodShaped	1328	2.43798	0.5	-36.2345	36.2343	0	-0.880254	-0.474503	0	None	None
ChainingRodShaped	960	3.75295	0.5	3.5529	68.0201	0	-0.83172	0.555195	0	961	1015
ChainingRodShaped	615	4.18867	0.5	-2.56483	48.1279	0	-0.995049	0.0993864	0	None	None
ChainingRodShaped	1174	2.70457	0.5	75.5459	90.2768	0	0.944299	-0.32909	0	1175	616
ChainingRodShaped	1064	3.73361	0.5	-50.6622	27.5534	0	-0.703654	0.710543	0	None	None
ChainingRodShaped	974	3.12404	0.5	49.6172	-65.4794	0	0.738645	0.674095	0	975	1377
ChainingRodShaped	1246	2.60721	0.5	-27.46	51.9914	0	-0.895157	0.44575	0	None	None
ChainingRodShaped	1030	3.72119	0.5	-34.4576	52.3505	0	-0.754368	0.656451	0	None	None
ChainingRodShaped	627	4.19428	0.5	-5.34226	108.713	0	0.477714	0.878515	0	1084	991
ChainingRodShaped	982	3.73543	0.5	-45.5493	34.7079	0	-0.957499	-0.288436	0	None	None
ChainingRodShaped	1240	2.76373	0.5	76.2028	0.567977	0	0.83648	0.547997	0	1241	1229
ChainingRodShaped	1150	3.71294	0.5	-31.9492	30.8829	0	-0.857799	-0.513985	0	None	None
ChainingRodShaped	1254	3.1567	0.5	-67.1512	-72.7673	0	-0.110735	0.99385	0	1255	634
ChainingRodShaped	1048	3.20871	0.5	3.2422	44.5857	0	0.766822	0.64186	0	1049	636
ChainingRodShaped	1126	3.85949	0.5	-48.5152	29.5663	0	-0.691467	0.722408	0	None	None
ChainingRodShaped	1148	3.12239	0.5	-28.5606	37.0355	0	-0.895698	-0.444664	0	None	None
ChainingRodShaped	1016	3.73003	0.5	-35.6779	48.2585	0	0.827218	-0.561881	0	None	None
ChainingRodShaped	645	4.03244	0.5	-22.7852	49.2978	0	-0.552779	0.833328	0	None	None
ChainingRodShaped	1018	4.51115	0.5	-48.7358	24.5713	0	-0.85921	0.511623	0	None	None
ChainingRodShaped	1098	2.96675	0.5	-39.7354	43.2881	0	-0.998964	0.0455025	0	None	None
ChainingRodShaped	1074	3.12167	0.5	-3.10794	39.7825	0	-0.691311	-0.722558	0	None	None
ChainingRodShaped	1380	2.44598	0.5	-16.7032	49.3318	0	0.840288	-0.54214	0	None	None
ChainingRodShaped	1310	2.44592	0.5	-46.9645	51.5849	0	0.862457	-0.50613	0	None	None
ChainingRodShaped	1066	4.03463	0.5	-40.3948	33.1886	0	-0.78249	-0.622663	0	None	None
ChainingRodShaped	659	4.97927	0.5	-46.1063	25.267	0	-0.857678	0.514188	0	None	None
ChainingRodShaped	1222	3.05829	0.5	-10.3364	55.8242	0	-0.702936	0.711253	0	None	None
ChainingRodShaped	1118	2.9145	0.5	-6.48013	34.8223	0	0.689912	0.723893	0	1119	662
ChainingRodShaped	1070	3.14417	0.5	-34.6098	25.1197	0	-0.608235	-0.793757	0	None	None
ChainingRodShaped	1258	2.79003	0.5	-30.2644	47.9452	0	-0.810897	0.585188	0	None	None
ChainingRodShaped	1132	3.44417	0.5	124.663	230.285	0	0.945669	0.325132	0	1133	1203
ChainingRodShaped	1250	2.81606	0.5	-24.5117	43.7713	0	-0.821761	0.569832	0	None	None
ChainingRodShaped	673	4.69771	0.5	-11.298	31.3992	0	-0.72332	-0.690513	0	None	None
ChainingRodShaped	675	4.50394	0.5	-9.21502	48.7257	0	0.951559	-0.307467	0	None	None
ChainingRodShaped	1176	3.42624	0.5	-29.0716	37.8365	0	-0.897487	-0.441041	0	None	None
ChainingRodShaped	1186	2.85319	0.5	-27.9965	20.972	0	-0.346657	-0.937992	0	None	None
ChainingRodShaped	1116	3.23374	0.5	-7.19802	-51.8505	0	0.673793	-0.738921	0	1117	1231
ChainingRodShaped	683	4.08795	0.5	38.8562	119.374	0	0.843307	-0.537432	0	1086	682
ChainingRodShaped	1078	2.77631	0.5	-11.0079	51.3067	0	-0.961953	0.273214	0	None	None
ChainingRodShaped	1290	2.6093	0.5	-33.6002	52.8887	0	-0.756921	0.653507	0	None	None
ChainingRodShaped	1162	3.59609	0.5	-25.3046	-188.113	0	0.0625093	0.998044	0	1163	688
ChainingRodShaped	1456	2.01139	0.5	48.6585	111.657	0	0.71939	-0.694607	0	1457	690
ChainingRodShaped	1342	2.33043	0.5	-41.2745	45.8491	0	0.852896	-0.522081	0	None	None
ChainingRodShaped	1110	3.81347	0.5	61.6455	-2.83914	0	0.994723	-0.102595	0	1111	1215
ChainingRodShaped	697	4.76046	0.5	-28.3347	-133.136	0	-0.31116	0.950358	0	970	1345
ChainingRodShaped	1136	3.70838	0.5	60.2517	-36.1461	0	-0.0776943	0.996977	0	1137	1243
ChainingRodShaped	1374	2.258	0.5	-19.2877	-23.0027	0	-0.99989	0.0148307	0	1375	1319
ChainingRodShaped	703	4.87852	0.5	67.9092	214.75	0	0.89905	0.437845	0	608	1181
ChainingRodShaped	705	4.89153	0.5	-26.4008	21.5999	0	0.174924	-0.984582	0	None	None
ChainingRodShaped	707	4.54395	0.5	-54.2751	35.2594	0	-0.962494	0.271301	0	None	None
ChainingRodShaped	709	4.92014	0.5	-61.8169	-87.7556	0	-0.502818	0.864393	0	874	1157
ChainingRodShaped	711	4.4327	0.5	55.2147	104.963	0	0.695083	-0.718929	0	690	1217
ChainingRodShaped	1444	2.0812	0.5	-34.6842	16.5829	0	-0.677778	-0.735267	0	None	None
ChainingRodShaped	715	4.95174	0.5	-52.0018	-40.3037	0	0.848848	0.528636	0	1038	1173
ChainingRodShaped	1154	3.42217	0.5	112.507	132.444	0	-0.519391	0.854537	0	1155	1267
ChainingRodShaped	719	4.19111	0.5	43.1023	-10.4732	0	-0.873712	0.486444	0	980	1235
ChainingRodShaped	1128	3.24277	0.5	83.2505	220.292	0	0.970245	0.242126	0	1129	1145
ChainingRodShaped	1276	2.94272	0.5	61.8409	154.267	0	-0.870664	0.491878	0	1277	722
ChainingRodShaped	1198	2.91537	0.5	-32.7183	33.8146	0	-0.873068	-0.487598	0	None	None
ChainingRodShaped	1372	2.4731	0.5	-48.3833	44.5504	0	-0.00138278	0.999999	0	None	None
ChainingRodShaped	729	4.68175	0.5	88.7454	37.3754	0	-0.158542	0.987352	0	834	728
ChainingRodShaped	731	4.78158	0.5	-30.3979	-19.5376	0	-0.848515	0.529172	0	1318	1261
ChainingRodShaped	733	3.8381	0.5	-1.46447	-17.5176	0	-0.893782	-0.448501	0	1012	732
ChainingRodShaped	1152	2.68217	0.5	-30.9177	18.8666	0	-0.372535	-0.928018	0	None	None
ChainingRodShaped	1272	2.42529	0.5	-17.4153	41.3812	0	-0.825741	0.56405	0	None	None
ChainingRodShaped	1410	2.22899	0.5	-4.58041	50.4461	0	-0.972889	0.231273	0	None	None
ChainingRodShaped	741	4.61949	0.5	-21.6662	45.3463	0	-0.838477	0.544936	0	None	None
ChainingRodShaped	743	4.54001	0.5	-43.7775	50.9195	0	0.87902	-0.476784	0	None	None
ChainingRodShaped	745	4.18932	0.5	-41.5111	24.3382	0	-0.739314	0.673361	0	None	None
ChainingRodShaped	747	4.75002	0.5	-10.3887	38.5427	0	-0.806585	-0.591118	0	None	None
ChainingRodShaped	1184	2.86744	0.5	-26.7663	34.4049	0	-0.959719	-0.280962	0	None	None
ChainingRodShaped	1414	2.23917	0.5	-25.2942	49.0291	0	-0.791144	0.61163	0	None	None
ChainingRodShaped	1288	2.75056	0.5	-66.4436	-59.6559	0	0.243024	0.97002	0	1289	752
ChainingRodShaped	1450	2.0424	0.5	47.332	168.104	0	-0.470875	0.8822	0	1451	754
ChainingRodShaped	1206	2.61169	0.5	-44.3814	40.6684	0	-0.822077	-0.569377	0	None	None
ChainingRodShaped	759	3.59156	0.5	136.631	234.736	0	0.930658	0.36589	0	1202	758
ChainingRodShaped	1252	2.64714	0.5	-9.54678	90.073	0	-0.0722188	0.997389	0	1253	760
ChainingRodShaped	1286	2.7195	0.5	-32.4521	26.5548	0	-0.506671	-0.86214	0	None	None
ChainingRodShaped	1402	2.1214	0.5	-35.1193	20.4555	0	-0.94857	-0.316568	0	None	None
ChainingRodShaped	1404	2.2823	0.5	-37.1314	-35.5985	0	0.99989	-0.0148346	0	1405	766
ChainingRodShaped	769	3.9636	0.5	-30.5249	55.5795	0	-0.9103	0.413949	0	None	None
ChainingRodShaped	771	3.87469	0.5	-31.0288	53.8334	0	-0.64529	0.763937	0	None	None
ChainingRodShaped	773	4.52403	0.5	-37.4157	16.6978	0	-0.953803	-0.300432	0	None	None
ChainingRodShaped	775	4.41513	0.5	85.9915	47.2097	0	-0.382893	0.923793	0	728	1305
ChainingRodShaped	1232	2.81653	0.5	-43.1621	56.7722	0	-0.898905	-0.438144	0	None	None
ChainingRodShaped	1422	2.09443	0.5	-22.0477	34.0456	0	-0.749146	0.662405	0	None	None
ChainingRodShaped	1256	2.85755	0.5	-35.573	65.1138	0	-0.998827	0.0484157	0	None	None
ChainingRodShaped	1406	2.25954	0.5	-51.4601	42.1263	0	-0.0543564	-0.998522	0	None	None
ChainingRodShaped	1278	2.78006	0.5	-18.142	26.8598	0	-0.718986	-0.695025	0	None	None
ChainingRodShaped	1296	2.82433	0.5	48.1641	198.398	0	0.509152	0.860677	0	1297	786
ChainingRodShaped	789	4.27225	0.5	-23.8705	64.6665	0	-0.986824	0.161798	0	None	None
ChainingRodShaped	1366	2.54566	0.5	-39.8833	61.6345	0	-0.902215	-0.431286	0	None	None
ChainingRodShaped	793	3.85818	0.5	-24.7142	41.4861	0	-0.9995	-0.0316227	0	None	None
ChainingRodShaped	795	4.76243	0.5	-34.4823	62.6815	0	-0.539465	-0.842008	0	None	None
ChainingRodShaped	797	4.09783	0.5	-12.6446	32.8031	0	-0.718664	-0.695357	0	None	None
ChainingRodShaped	799	3.85893	0.5	-5.14862	40.4371	0	-0.70335	-0.710844	0	None	None
ChainingRodShaped	1438	2.11367	0.5	-11.0005	48.2706	0	0.934413	-0.356191	0	None	None
ChainingRodShaped	803	4.68358	0.5	-41.5569	58.6417	0	-0.90251	-0.43067	0	None	None
ChainingRodShaped	805	4.50382	0.5	-37.7105	32.8635	0	-0.794785	-0.606891	0	None	None
ChainingRodShaped	807	3.72591	0.5	-20.3174	57.4326	0	-0.976164	-0.217035	0	None	None
ChainingRodShaped	809	4.51141	0.5	-20.3132	29.8665	0	-0.972821	-0.23156	0	None	None
ChainingRodShaped	1378	2.35829	0.5	-42.595	53.7761	0	0.937426	-0.348185	0	None	None
ChainingRodShaped	1334	2.2844	0.5	-24.4633	-151.841	0	-0.0955192	0.995428	0	1335	812
ChainingRodShaped	815	4.53012	0.5	56.8505	-24.5002	0	-0.460702	0.887555	0	1242	814
ChainingRodShaped	817	4.6314	0.5	-38.9101	54.739	0	-0.920631	0.390434	0	None	None
ChainingRodShaped	819	3.88445	0.5	-6.62831	43.9576	0	-0.954066	-0.299596	0	None	None
ChainingRodShaped	1302	2.34692	0.5	-16.5479	31.822	0	-0.747296	-0.664491	0	None	None
ChainingRodShaped	823	3.92972	0.5	-31.1151	26.9301	0	-0.515261	-0.857033	0	None	None
ChainingRodShaped	825	3.65028	0.5	-47.4024	44.2942	0	0.00119864	0.999999	0	None	None
ChainingRodShaped	1390	2.23141	0.5	48.2102	2.75532	0	0.738715	-0.674018	0	1391	1419
ChainingRodShaped	829	4.75947	0.5	-8.57085	36.2699	0	-0.838725	-0.544555	0	None	None
ChainingRodShaped	831	4.34076	0.5	-22.4132	52.7112	0	0.398657	-0.9171	0	None	None
ChainingRodShaped	1364	2.53097	0.5	-41.1618	50.588	0	0.865028	-0.501724	0	None	None
ChainingRodShaped	835	4.24277	0.5	89.2649	27.6285	0	0.0567753	0.998387	0	1006	834
ChainingRodShaped	837	4.12955	0.5	-24.344	-171.274	0	0.044546	0.999007	0	1386	836
ChainingRodShaped	1346	2.68666	0.5	101.974	142.519	0	-0.877643	0.479314	0	1347	1351
ChainingRodShaped	841	4.8848	0.5	76.1698	149.281	0	-0.980364	0.197194	0	485	1363
ChainingRodShaped	843	3.96922	0.5	-33.1231	-122.361	0	-0.503264	0.864133	0	1344	1429
ChainingRodShaped	845	4.14401	0.5	-41.3331	18.4215	0	-0.800323	0.599569	0	None	None
ChainingRodShaped	847	3.88877	0.5	35.3587	-73.125	0	0.977847	0.209322	0	1072	1369
ChainingRodShaped	849	3.60988	0.5	-21.0199	48.3622	0	-0.553821	0.832636	0	None	None
ChainingRodShaped	851	3.83828	0.5	91.5885	146.294	0	-0.973515	0.228622	0	1350	850
ChainingRodShaped	853	3.71163	0.5	-31.7084	40.767	0	-0.919178	-0.393843	0	None	None
ChainingRodShaped	855	3.70458	0.5	-47.3234	37.233	0	-0.957489	-0.288471	0	None	None
ChainingRodShaped	1384	2.25542	0.5	43.5767	179.591	0	-0.109995	0.993932	0	1385	1395
ChainingRodShaped	859	4.4216	0.5	-17.2791	45.4917	0	0.959184	-0.282782	0	None	None
ChainingRodShaped	861	3.61151	0.5	-16.1768	37.7964	0	-0.996119	0.088012	0	None	None
ChainingRodShaped	1348	2.4154	0.5	13.6518	49.8795	0	0.990378	0.138386	0	1349	1355
ChainingRodShaped	865	3.63924	0.5	72.8606	62.0501	0	-0.871403	0.490567	0	1170	1443
ChainingRodShaped	867	3.60677	0.5	-5.62105	77.8637	0	-0.499373	0.866387	0	1014	866
ChainingRodShaped	1358	2.61954	0.5	-39.5376	27.9604	0	-0.929604	-0.368561	0	None	None
ChainingRodShaped	871	4.71431	0.5	58.8166	-49.76	0	0.265182	0.964198	0	1340	870
ChainingRodShaped	873	4.56082	0.5	-19.7697	36.2246	0	-0.995849	0.0910172	0	None	None
ChainingRodShaped	1420	2.26081	0.5	-56.9081	-95.0995	0	-0.618096	0.786103	0	1421	874
ChainingRodShaped	877	4.7226	0.5	102.227	93.3579	0	0.853863	0.520498	0	884	876
ChainingRodShaped	879	3.79314	0.5	-24.4018	57.3436	0	-0.389973	0.920826	0	None	None
ChainingRodShaped	881	4.81632	0.5	-16.9334	60.3784	0	-0.958004	-0.286756	0	None	None
ChainingRodShaped	883	3.96575	0.5	-34.9154	35.8673	0	-0.878904	-0.477	0	None	None
ChainingRodShaped	885	3.3557	0.5	92.8787	89.303	0	0.969046	0.246879	0	1044	884
ChainingRodShaped	887	4.55377	0.5	-28.1987	55.9864	0	-0.459673	0.888088	0	None	None
ChainingRodShaped	1452	2.02497	0.5	-44.5385	21.797	0	-0.98911	-0.147177	0	None	None
ChainingRodShaped	1424	2.15806	0.5	-17.0729	-42.4446	0	0.797638	-0.603136	0	1425	890
ChainingRodShaped	893	3.58781	0.5	1.03076	-60.6495	0	0.715583	-0.698528	0	1230	892
ChainingRodShaped	895	3.52738	0.5	23.6022	47.4578	0	0.839375	-0.543554	0	1354	894
ChainingRodShaped	897	3.15467	0.5	-47.3174	49.5368	0	-0.864442	0.502733	0	None	None
ChainingRodShaped	899	4.00452	0.5	-27.2071	48.0965	0	-0.796332	0.60486	0	None	None
ChainingRodShaped	901	4.27528	0.5	-29.7131	24.8124	0	0.139918	-0.990163	0	None	None
ChainingRodShaped	1432	2.07671	0.5	-24.0455	20.6684	0	-0.780773	-0.624814	0	None	None
ChainingRodShaped	905	4.18889	0.5	-28.9442	26.1122	0	0.130009	-0.991513	0	None	None
ChainingRodShaped	907	4.97775	0.5	-27.6789	-37.2975	0	0.956149	-0.29288	0	766	906
ChainingRodShaped	909	3.96957	0.5	-50.5143	41.3791	0	-0.0584284	-0.998292	0	None	None
ChainingRodShaped	911	3.15908	0.5	-38.7793	44.2003	0	-0.998504	0.0546741	0	None	None
ChainingRodShaped	913	4.02723	0.5	-36.2859	6.00363	0	0.44733	0.894369	0	978	912
ChainingRodShaped	915	4.12064	0.5	54.2704	65.7973	0	-0.999152	-0.0411738	0	1076	914
ChainingRodShaped	917	4.07899	0.5	10.6061	123.414	0	0.933192	0.359378	0	1188	1441
ChainingRodShaped	919	4.92479	0.5	-16.1421	47.7948	0	0.837716	-0.546106	0	None	None
ChainingRodShaped	921	4.96881	0.5	-7.96651	49.3568	0	-0.954141	0.299358	0	None	None
ChainingRodShaped	923	3.17887	0.5	-31.6022	46.5209	0	-0.816978	0.576669	0	None	None
ChainingRodShaped	925	4.8071	0.5	-23.3039	26.9756	0	-0.997573	-0.0696262	0	None	None
ChainingRodShaped	927	4.80132	0.5	17.2353	-71.4147	0	0.931921	-0.362661	0	988	926
ChainingRodShaped	929	3.31643	0.5	-16.3162	38.7632	0	-0.996268	0.0863196	0	None	None
ChainingRodShaped	931	3.36358	0.5	-15.6399	43.868	0	-0.992467	-0.122514	0	None	None
ChainingRodShaped	933	4.04648	0.5	-14.612	57.9662	0	0.129092	-0.991633	0	None	None
ChainingRodShaped	935	4.82425	0.5	-44.9194	28.6181	0	-0.927438	0.373976	0	None	None
ChainingRodShaped	937	3.63031	0.5	-17.0906	50.7218	0	0.849456	-0.527659	0	None	None
ChainingRodShaped	939	3.59657	0.5	-25.5459	32.5398	0	-0.968558	-0.248787	0	None	None
ChainingRodShaped	941	4.32936	0.5	-0.374562	50.9734	0	-0.890118	0.455731	0	None	None
ChainingRodShaped	943	3.26116	0.5	-9.37468	42.2126	0	-0.976773	-0.214276	0	None	None
ChainingRodShaped	945	4.86018	0.5	115.846	113.073	0	0.162354	0.986733	0	1274	944
ChainingRodShaped	947	4.49172	0.5	32.712	36.4235	0	0.452329	-0.891851	0	570	946
ChainingRodShaped	949	4.32698	0.5	-25.7186	53.0796	0	-0.401233	0.915976	0	None	None
ChainingRodShaped	951	3.83299	0.5	-9.08286	46.5637	0	0.952031	-0.306001	0	None	None
ChainingRodShaped	953	3.93068	0.5	-15.7919	39.6711	0	-0.996423	0.0845011	0	None	None
ChainingRodShaped	955	3.68749	0.5	-4.46378	51.4743	0	-0.971181	0.238343	0	None	None
ChainingRodShaped	957	3.02453	0.5	-37.0037	25.3693	0	-0.99374	-0.111714	0	None	None
ChainingRodShaped	959	4.58769	0.5	95.9615	222.98	0	0.982103	0.188346	0	1144	958
ChainingRodShaped	961	4.36564	0.5	7.90867	65.5839	0	-0.904526	0.426419	0	1182	960
ChainingRodShaped	963	4.48077	0.5	-38.6282	29.3604	0	-0.92587	-0.377842	0	None	None
ChainingRodShaped	965	4.22178	0.5	39.1743	19.0102	0	0.318503	-0.947922	0	1112	964
ChainingRodShaped	967	3.92042	0.5	-20.6448	40.2683	0	-0.985181	0.17152	0	None	None
ChainingRodShaped	969	3.9838	0.5	-26.5877	64.1258	0	-0.981882	0.189491	0	None	None
ChainingRodShaped	971	3.50836	0.5	-25.7953	-142.773	0	-0.192734	0.981251	0	812	970
ChainingRodShaped	973	4.77895	0.5	-32.2226	59.5613	0	-0.909923	0.414777	0	None	None
ChainingRodShaped	975	4.24924	0.5	45.9919	-68.3612	0	0.814928	0.579562	0	1368	974
ChainingRodShaped	977	3.32848	0.5	-24.4296	59.9914	0	0.374805	-0.927104	0	None	None
ChainingRodShaped	979	4.77598	0.5	-38.6463	-4.44344	0	-0.0154458	0.999881	0	551	978
ChainingRodShaped	981	3.38579	0.5	51.4224	-16.7953	0	-0.694626	0.719371	0	814	980
ChainingRodShaped	983	3.34716	0.5	-41.3295	36.2365	0	-0.88391	-0.467656	0	None	None
ChainingRodShaped	985	3.8463	0.5	-41.6334	19.8818	0	-0.800672	0.599103	0	None	None
ChainingRodShaped	987	4.13091	0.5	-21.9135	25.1563	0	-0.998766	-0.0496585	0	None	None
ChainingRodShaped	989	4.41545	0.5	7.97387	-66.4315	0	0.818035	-0.575169	0	892	988
ChainingRodShaped	991	4.65732	0.5	-2.44247	113.234	0	0.594495	0.804099	0	627	990
ChainingRodShaped	993	3.41807	0.5	-16.0091	31.0061	0	-0.74583	-0.666136	0	None	None
ChainingRodShaped	995	3.4269	0.5	-48.9249	28.59	0	-0.697594	0.716493	0	None	None
ChainingRodShaped	997	4.00347	0.5	-31.1587	56.9318	0	-0.908399	0.418104	0	None	None
ChainingRodShaped	999	2.93722	0.5	64.0393	96.7951	0	0.791566	-0.611084	0	1216	998
ChainingRodShaped	1001	3.30897	0.5	-41.269	42.3175	0	-0.999999	-0.00145015	0	None	None
ChainingRodShaped	1003	4.35558	0.5	21.6446	125.06	0	0.997845	-0.0656225	0	1440	1002
ChainingRodShaped	1005	3.09982	0.5	-33.7312	45.6588	0	0.797104	-0.603842	0	None	None
ChainingRodShaped	1007	4.17163	0.5	87.5284	17.2527	0	0.274832	0.961492	0	1032	1006
ChainingRodShaped	1009	3.50946	0.5	-49.655	-103.034	0	-0.707218	0.706995	0	1114	1008
ChainingRodShaped	1011	3.84786	0.5	-10.4785	37.3233	0	-0.812461	-0.583016	0	None	None
ChainingRodShaped	1013	3.57675	0.5	7.63669	-12.8687	0	-0.895279	-0.445506	0	1102	1012
ChainingRodShaped	1015	3.21526	0.5	0.0626171	70.7301	0	-0.737689	0.675141	0	960	1014
ChainingRodShaped	1017	3.02963	0.5	-39.3231	50.633	0	0.859968	-0.510348	0	None	None
ChainingRodShaped	1019	4.02279	0.5	-49.425	22.5381	0	-0.432031	0.901859	0	None	None
ChainingRodShaped	1021	4.1399	0.5	146.532	238.691	0	0.927539	0.373727	0	758	1020
ChainingRodShaped	1023	2.88746	0.5	-19.899	33.3798	0	-0.708319	0.705893	0	None	None
ChainingRodShaped	1025	2.88913	0.5	-30.5726	61.0212	0	-0.669951	0.742405	0	None	None
ChainingRodShaped	1027	3.83006	0.5	-25.4603	40.5091	0	-0.999495	-0.0317881	0	None	None
ChainingRodShaped	1029	3.26659	0.5	-40.3166	37.8573	0	-0.902226	-0.431264	0	None	None
ChainingRodShaped	1031	4.13225	0.5	-33.8675	50.5268	0	-0.808474	0.588532	0	None	None
ChainingRodShaped	1033	3.03421	0.5	84.0414	8.90396	0	0.509354	0.860557	0	1228	1032
ChainingRodShaped	1035	3.13929	0.5	109.372	99.1377	0	0.669254	0.743034	0	876	1034
ChainingRodShaped	1037	3.57282	0.5	-32.3984	35.0774	0	-0.877611	-0.479373	0	None	None
ChainingRodShaped	1039	3.47395	0.5	-59.2532	-46.1335	0	0.684208	0.729287	0	1396	1038
ChainingRodShaped	1041	3.60896	0.5	-0.464565	46.963	0	0.998579	-0.0532937	0	None	None
ChainingRodShaped	1043	3.24916	0.5	-37.62	53.1499	0	-0.91668	0.399622	0	None	None
ChainingRodShaped	1045	2.92254	0.5	84.6704	88.4653	0	0.998578	-0.0533185	0	616	1044
ChainingRodShaped	1047	4.22984	0.5	25.1286	62.5048	0	-0.999268	-0.0382597	0	510	1046
ChainingRodShaped	1049	3.47772	0.5	0.0900744	41.6996	0	0.709604	0.704601	0	662	1048
ChainingRodShaped	1051	3.32932	0.5	-13.4519	47.293	0	0.871934	-0.489624	0	None	None
ChainingRodShaped	1053	3.49931	0.5	-31.9516	45.6013	0	0.819396	-0.573228	0	None	None
ChainingRodShaped	1055	3.59042	0.5	-30.3239	14.0306	0	0.711111	0.70308	0	912	1054
ChainingRodShaped	1057	2.92851	0.5	-47.7541	39.1484	0	-0.953116	-0.302606	0	None	None
ChainingRodShaped	1059	3.67904	0.5	-25.7914	43.5098	0	-0.816021	0.578022	0	None	None
ChainingRodShaped	1061	3.52185	0.5	-25.343	57.0614	0	-0.395107	0.918635	0	None	None
ChainingRodShaped	1063	4.05885	0.5	-22.8978	20.3713	0	0.786977	0.616983	0	1054	1062
ChainingRodShaped	1065	3.86611	0.5	-46.9233	24.6312	0	-0.859323	0.511434	0	None	None
ChainingRodShaped	1067	3.26698	0.5	-37.7315	36.7485	0	-0.559535	-0.828807	0	None	None
ChainingRodShaped	1069	4.00936	0.5	54.2036	159.782	0	-0.746926	0.664908	0	722	1068
ChainingRodShaped	1071	3.08122	0.5	-33.9494	27.3041	0	-0.835484	-0.549515	0	None	None
ChainingRodShaped	1073	3.4438	0.5	26.7027	-73.7168	0	0.996553	-0.0829613	0	926	1072
ChainingRodShaped	1075	4.19371	0.5	0.118461	43.0933	0	-0.729686	-0.683783	0	None	None
ChainingRodShaped	1077	3.50006	0.5	62.9342	65.4092	0	-0.989535	0.144292	0	1442	1076
ChainingRodShaped	1079	3.36349	0.5	-7.1469	50.1271	0	-0.954777	0.297324	0	None	None
ChainingRodShaped	1081	4.15512	0.5	-34.3546	38.3542	0	-0.875465	-0.483282	0	None	None
ChainingRodShaped	1083	3.46544	0.5	-49.9475	33.4047	0	-0.959673	-0.281118	0	None	None
ChainingRodShaped	1085	3.68296	0.5	-8.76548	99.6672	0	0.215505	0.976503	0	760	1084
ChainingRodShaped	1087	3.23497	0.5	31.1747	123.182	0	0.944313	-0.329049	0	1002	1086
ChainingRodShaped	1089	3.56681	0.5	-1.704	43.4148	0	-0.410801	-0.911725	0	None	None
ChainingRodShaped	1091	3.26507	0.5	-3.45763	44.2185	0	-0.862622	-0.50585	0	None	None
ChainingRodShaped	1093	3.33487	0.5	-42.9626	34.4177	0	-0.964036	-0.265772	0	None	None
ChainingRodShaped	1095	3.30236	0.5	-32.0554	41.6509	0	-0.923072	-0.384627	0	None	None
ChainingRodShaped	1097	3.20102	0.5	-33.7445	28.6005	0	-0.832559	-0.553937	0	None	None
ChainingRodShaped	1099	3.26001	0.5	-35.6618	43.0246	0	-0.997114	0.0759213	0	None	None
ChainingRodShaped	1101	3.3586	0.5	-43.5633	49.7001	0	0.883744	-0.467971	0	None	None
ChainingRodShaped	1103	3.53385	0.5	16.139	-9.12716	0	-0.937968	-0.346722	0	1270	1102
ChainingRodShaped	1105	3.81414	0.5	-39.1643	46.4223	0	0.980981	-0.194103	0	None	None
ChainingRodShaped	1107	2.69932	0.5	-22.4071	59.8595	0	-0.878285	0.478137	0	None	None
ChainingRodShaped	1109	2.89697	0.5	-33.9401	43.848	0	-0.996305	0.0858879	0	None	None
ChainingRodShaped	1111	3.71291	0.5	57.0262	-1.97059	0	0.963601	-0.267343	0	1418	1110
ChainingRodShaped	1113	3.45565	0.5	36.3226	27.7028	0	0.320726	-0.947172	0	946	1112
ChainingRodShaped	1115	3.65634	0.5	-43.8994	-108.777	0	-0.703226	0.710966	0	1382	1114
ChainingRodShaped	1117	3.22314	0.5	-10.0493	-48.8246	0	0.698121	-0.71598	0	890	1116
ChainingRodShaped	1119	3.678	0.5	-9.44898	31.816	0	0.713526	0.700629	0	1158	1118
ChainingRodShaped	1121	2.88888	0.5	-9.3213	40.609	0	-0.780404	-0.625275	0	None	None
ChainingRodShaped	1123	3.62642	0.5	-33.2456	48.8861	0	-0.813533	0.581519	0	None	None
ChainingRodShaped	1125	3.22746	0.5	39.4672	64.1004	0	-0.988289	-0.152594	0	592	1124
ChainingRodShaped	1127	3.26303	0.5	-44.6951	27.4686	0	-0.92566	0.378356	0	None	None
ChainingRodShaped	1129	2.70521	0.5	79.491	219.279	0	0.959613	0.281323	0	1180	1128
ChainingRodShaped	1131	2.93636	0.5	-13.1113	52.7971	0	-0.987204	0.159464	0	None	None
ChainingRodShaped	1133	3.66167	0.5	120.4	228.873	0	0.952704	0.3039	0	1282	1132
ChainingRodShaped	1135	3.37775	0.5	-13.3667	41.3635	0	-0.995412	0.0956817	0	None	None
ChainingRodShaped	1137	3.3682	0.5	60.3388	-40.6309	0	0.0433599	0.99906	0	870	1136
ChainingRodShaped	1139	3.2035	0.5	-23.5397	28.8878	0	-0.841206	0.540715	0	None	None
ChainingRodShaped	1141	3.68765	0.5	-33.1621	42.235	0	-0.925137	-0.379635	0	None	None
ChainingRodShaped	1143	3.38816	0.5	-23.6714	31.0392	0	-0.972102	-0.234558	0	None	None
ChainingRodShaped	1145	3.13377	0.5	87.2502	221.228	0	0.97699	0.213285	0	1128	1144
ChainingRodShaped	1147	2.60041	0.5	-27.2323	58.3651	0	-0.493354	0.869829	0	None	None
ChainingRodShaped	1149	3.65354	0.5	-24.3862	37.6724	0	-0.998507	-0.0546251	0	None	None
ChainingRodShaped	1151	3.49046	0.5	-27.8772	32.9153	0	-0.930436	-0.366454	0	None	None
ChainingRodShaped	1153	3.08961	0.5	-30.3121	22.4857	0	0.219203	-0.975679	0	None	None
ChainingRodShaped	1155	2.65137	0.5	114.35	128.92	0	-0.392875	0.919592	0	1314	1154
ChainingRodShaped	1157	3.09829	0.5	-64.1331	-83.4082	0	-0.421388	0.906881	0	709	1156
ChainingRodShaped	1159	3.31628	0.5	-15.9538	25.9245	0	0.767627	0.640896	0	1062	1158
ChainingRodShaped	1161	3.08561	0.5	-41.178	40.4198	0	-0.999828	0.0185411	0	None	None
ChainingRodShaped	1163	3.27511	0.5	-25.5815	-192.53	0	0.0626547	0.998035	0	None	1162
ChainingRodShaped	1165	3.43129	0.5	-15.0089	28.0131	0	-0.754184	-0.656663	0	None	None
ChainingRodShaped	1167	3.05113	0.5	104.953	224.778	0	0.977684	0.210079	0	958	1166
ChainingRodShaped	1169	2.77325	0.5	-12.4479	57.1666	0	-0.145649	0.989336	0	None	None
ChainingRodShaped	1171	2.602	0.5	79.6557	57.0105	0	-0.709979	0.704223	0	1304	1170
ChainingRodShaped	1173	2.9109	0.5	-47.7416	-37.9591	0	0.912903	0.408176	0	715	1172
ChainingRodShaped	1175	3.38976	0.5	71.8801	91.8428	0	0.895626	-0.444807	0	998	1174
ChainingRodShaped	1177	2.90109	0.5	-25.1504	38.5978	0	-0.999003	-0.044643	0	None	None
ChainingRodShaped	1179	2.96943	0.5	-31.9814	15.1878	0	-0.689237	-0.724536	0	None	None
ChainingRodShaped	1181	3.07098	0.5	72.3645	216.78	0	0.924682	0.380739	0	703	1180
ChainingRodShaped	1183	3.01081	0.5	15.8431	63.0037	0	-0.985421	0.170136	0	1046	1182
ChainingRodShaped	1185	3.20196	0.5	-24.1838	34.7278	0	-0.690276	-0.723546	0	None	None
ChainingRodShaped	1187	3.5431	0.5	-27.9493	25.7157	0	0.120088	-0.992763	0	None	None
ChainingRodShaped	1189	2.98041	0.5	3.65896	119.611	0	0.794019	0.607893	0	990	1188
ChainingRodShaped	1191	2.55827	0.5	-33.3101	16.6293	0	-0.681018	-0.732266	0	None	None
ChainingRodShaped	1193	2.61254	0.5	-27.8703	51.1378	0	-0.890645	0.454699	0	None	None
ChainingRodShaped	1195	2.70716	0.5	-24.1473	44.6757	0	-0.827412	0.561595	0	None	None
ChainingRodShaped	1197	3.43046	0.5	-15.7298	57.8359	0	0.180028	-0.983661	0	None	None
ChainingRodShaped	1199	2.57126	0.5	-29.4274	35.5224	0	-0.897315	-0.44139	0	None	None
ChainingRodShaped	1201	3.18955	0.5	31.1624	-6.77907	0	-0.996686	0.0813468	0	1234	1200
ChainingRodShaped	1203	2.91641	0.5	128.551	231.659	0	0.939474	0.342619	0	1132	1202
ChainingRodShaped	1205	2.76441	0.5	-42.3568	29.8318	0	-0.959118	0.283007	0	None	None
ChainingRodShaped	1207	3.24753	0.5	-40.7263	41.3642	0	-0.999963	0.00854962	0	None	None
ChainingRodShaped	1209	3.37861	0.5	-4.12525	42.7222	0	-0.862652	-0.505798	0	None	None
ChainingRodShaped	1211	2.56629	0.5	-25.8389	35.6994	0	-0.99744	-0.0715023	0	None	None
ChainingRodShaped	1213	3.00155	0.5	-20.4718	43.4264	0	-0.835552	0.549411	0	None	None
ChainingRodShaped	1215	2.75392	0.5	65.8676	-2.95615	0	0.997624	0.0688895	0	1110	1214
ChainingRodShaped	1217	2.71672	0.5	58.3926	101.749	0	0.715062	-0.699061	0	711	1216
ChainingRodShaped	1219	3.00229	0.5	-4.69294	47.3481	0	0.963137	-0.269011	0	None	None
ChainingRodShaped	1221	2.62149	0.5	-13.9468	35.5654	0	-0.723831	-0.689977	0	None	None
ChainingRodShaped	1223	3.29938	0.5	-7.41372	53.3106	0	-0.957513	0.28839	0	None	None
ChainingRodShaped	1225	2.83106	0.5	-11.3506	54.4959	0	-0.958158	0.28624	0	None	None
ChainingRodShaped	1227	2.94759	0.5	-19.0981	62.0804	0	-0.997529	-0.070253	0	None	None
ChainingRodShaped	1229	2.94366	0.5	79.1999	2.90517	0	0.738041	0.674756	0	1240	1228
ChainingRodShaped	1231	3.2595	0.5	-4.38801	-54.9544	0	0.66902	-0.743245	0	1116	1230
ChainingRodShaped	1233	2.67528	0.5	-39.7997	58.3881	0	-0.902218	-0.431279	0	None	None
ChainingRodShaped	1235	3.03139	0.5	38.9962	-8.51918	0	-0.935289	0.353885	0	719	1234
ChainingRodShaped	1237	3.32687	0.5	-50.2072	46.67	0	-0.505583	0.862778	0	None	None
ChainingRodShaped	1239	2.80499	0.5	-42.5	23.9377	0	-0.736591	0.676338	0	None	None
ChainingRodShaped	1241	2.84547	0.5	72.9043	-1.21552	0	0.915912	0.401379	0	1214	1240
ChainingRodShaped	1243	2.46146	0.5	59.7204	-32.1496	0	-0.205214	0.978717	0	1136	1242
ChainingRodShaped	1245	2.64639	0.5	-30.1701	33.0006	0	-0.894883	-0.4463	0	None	None
ChainingRodShaped	1247	2.57131	0.5	-24.7268	49.7924	0	-0.784995	0.619502	0	None	None
ChainingRodShaped	1249	2.87555	0.5	-24.3091	31.8691	0	-0.970997	-0.239093	0	None	None
ChainingRodShaped	1251	2.49721	0.5	-21.4709	41.8376	0	-0.838328	0.545167	0	None	None
ChainingRodShaped	1253	2.95436	0.5	-8.98791	86.3684	0	-0.21934	0.975648	0	866	1252
ChainingRodShaped	1255	2.57462	0.5	-66.5361	-76.5045	0	-0.222029	0.97504	0	1156	1254
ChainingRodShaped	1257	2.95464	0.5	-32.5684	65.7976	0	-0.987796	0.155756	0	None	None
ChainingRodShaped	1259	2.38336	0.5	-27.3902	45.8508	0	-0.805285	0.592888	0	None	None
ChainingRodShaped	1261	2.52128	0.5	-34.0554	-16.7873	0	-0.704133	0.710068	0	731	1260
ChainingRodShaped	1263	2.74624	0.5	-14.6522	52.0584	0	-0.98556	0.169328	0	None	None
ChainingRodShaped	1265	2.76307	0.5	-21.6704	24.2041	0	-0.999213	-0.039676	0	None	None
ChainingRodShaped	1267	2.5639	0.5	110.26	135.669	0	-0.633437	0.773794	0	1154	1266
ChainingRodShaped	1269	2.42764	0.5	-44.4715	55.1841	0	-0.999244	0.0388803	0	None	None
ChainingRodShaped	1271	2.4752	0.5	23.6103	-7.06545	0	-0.986786	-0.162029	0	1200	1270
ChainingRodShaped	1273	2.65346	0.5	-14.1212	40.4773	0	-0.995528	0.0944619	0	None	None
ChainingRodShaped	1275	2.51245	0.5	113.613	105.402	0	0.431027	0.902339	0	1034	1274
ChainingRodShaped	1277	3.0224	0.5	65.3378	152.513	0	-0.914356	0.404911	0	1362	1276
ChainingRodShaped	1279	2.55078	0.5	-15.3129	29.0275	0	-0.74852	-0.663113	0	None	None
ChainingRodShaped	1281	2.99696	0.5	-42.7926	52.6104	0	0.883268	-0.468868	0	None	None
ChainingRodShaped	1283	2.74099	0.5	112.716	226.623	0	0.966982	0.254845	0	1166	1282
ChainingRodShaped	1285	2.93059	0.5	-28.7517	63.5375	0	-0.978714	0.205227	0	None	None
ChainingRodShaped	1287	2.69124	0.5	-30.7102	29.3683	0	-0.866069	-0.499925	0	None	None
ChainingRodShaped	1289	2.81855	0.5	-67.1225	-63.3069	0	0.123125	0.992391	0	634	1288
ChainingRodShaped	1291	2.74638	0.5	-30.7317	50.6324	0	-0.808797	0.588088	0	None	None
ChainingRodShaped	1293	2.94396	0.5	-46.4173	47.8708	0	0.860481	-0.509483	0	None	None
ChainingRodShaped	1295	2.87264	0.5	-15.9117	29.7917	0	-0.746809	-0.665038	0	None	None
ChainingRodShaped	1297	2.95979	0.5	46.426	194.996	0	0.40081	0.916161	0	520	1296
ChainingRodShaped	1299	2.85234	0.5	-46.1003	36.5836	0	-0.957499	-0.288437	0	None	None
ChainingRodShaped	1301	2.74956	0.5	-41.4979	30.8978	0	-0.996848	0.0793315	0	None	None
ChainingRodShaped	1303	2.46004	0.5	-13.14	33.6616	0	-0.718167	-0.695871	0	None	None
ChainingRodShaped	1305	2.67254	0.5	84.063	51.2592	0	-0.497765	0.867312	0	775	1304
ChainingRodShaped	1307	2.414	0.5	-35.3312	28.7099	0	-0.838032	-0.545621	0	None	None
ChainingRodShaped	1309	2.56142	0.5	-24.0708	-162.183	0	0.00822303	0.999966	0	836	1308
ChainingRodShaped	1311	2.77871	0.5	-49.4201	52.5723	0	0.219525	-0.975607	0	None	None
ChainingRodShaped	1313	2.87598	0.5	-25.5327	48.0171	0	-0.797212	0.603699	0	None	None
ChainingRodShaped	1315	2.42769	0.5	116.222	121.96	0	-0.117437	0.99308	0	944	1314
ChainingRodShaped	1317	2.66526	0.5	-35.9003	31.8214	0	-0.820239	-0.572021	0	None	None
ChainingRodShaped	1319	2.69376	0.5	-22.695	-22.6623	0	-0.984743	0.174017	0	1374	1318
ChainingRodShaped	1321	2.73584	0.5	-51.3756	36.141	0	-0.974074	-0.22623	0	None	None
ChainingRodShaped	1323	2.33109	0.5	-31.6718	19.5953	0	-0.367707	-0.929942	0	None	None
ChainingRodShaped	1325	2.39925	0.5	-19.8686	50.0804	0	0.558888	-0.829243	0	None	None
ChainingRodShaped	1327	2.71537	0.5	-45.0773	45.0494	0	-0.99912	-0.0419418	0	None	None
ChainingRodShaped	1329	2.3057	0.5	-33.2979	37.8555	0	-0.875536	-0.483154	0	None	None
ChainingRodShaped	1331	2.47652	0.5	-53.5955	30.3944	0	-0.74675	0.665105	0	None	None
ChainingRodShaped	1333	2.53458	0.5	-15.3321	36.3178	0	-0.951536	-0.307536	0	None	None
ChainingRodShaped	1335	2.34152	0.5	-24.2201	-155.076	0	-0.0549801	0.998487	0	1308	1334
ChainingRodShaped	1337	2.50779	0.5	-13.4049	53.8366	0	-0.988225	0.153011	0	None	None
ChainingRodShaped	1339	2.50483	0.5	-10.0822	33.9187	0	-0.720095	-0.693876	0	None	None
ChainingRodShaped	1341	2.52679	0.5	55.919	-57.3989	0	0.467672	0.883902	0	1376	1340
ChainingRodShaped	1343	2.38971	0.5	-44.1002	47.626	0	0.851929	-0.523657	0	None	None
ChainingRodShaped	1345	2.35463	0.5	-29.8324	-128.926	0	-0.37638	0.926465	0	697	1344
ChainingRodShaped	1347	2.27554	0.5	104.876	140.715	0	-0.813869	0.581048	0	1266	1346
ChainingRodShaped	1349	2.27638	0.5	10.4964	49.0805	0	0.93553	0.353246	0	636	1348
ChainingRodShaped	1351	2.68756	0.5	98.7059	144.082	0	-0.923738	0.383025	0	1346	1350
ChainingRodShaped	1353	2.41819	0.5	-5.69193	37.08	0	-0.685916	-0.727681	0	None	None
ChainingRodShaped	1355	2.3718	0.5	16.9493	49.948	0	0.99508	-0.0990711	0	1348	1354
ChainingRodShaped	1357	2.54401	0.5	-49.135	47.567	0	-0.752646	0.658425	0	None	None
ChainingRodShaped	1359	2.62575	0.5	-36.2629	29.2954	0	-0.858285	-0.513173	0	None	None
ChainingRodShaped	1361	2.37892	0.5	-43.3727	43.2205	0	-0.996715	-0.0809855	0	None	None
ChainingRodShaped	1363	2.33499	0.5	71.7346	150.268	0	-0.967332	0.253513	0	841	1362
ChainingRodShaped	1365	2.60366	0.5	-44.2534	52.2816	0	0.880791	-0.473505	0	None	None
ChainingRodShaped	1367	2.41869	0.5	-36.9288	63.2914	0	-0.706234	-0.707979	0	None	None
ChainingRodShaped	1369	2.40525	0.5	39.2966	-72.041	0	0.938757	0.34458	0	847	1368
ChainingRodShaped	1371	2.39605	0.5	-40.4753	15.5574	0	-0.228481	0.973548	0	None	None
ChainingRodShaped	1373	2.48994	0.5	-48.5728	41.1154	0	0.0621043	0.99807	0	None	None
ChainingRodShaped	1375	2.20641	0.5	-16.1077	-22.8269	0	-0.992134	-0.125181	0	1412	1374
ChainingRodShaped	1377	2.33095	0.5	52.1984	-62.8629	0	0.654597	0.755978	0	974	1376
ChainingRodShaped	1379	2.43417	0.5	-46.1629	53.5405	0	0.821313	0.570477	0	None	None
ChainingRodShaped	1381	2.44588	0.5	-19.3528	51.0278	0	0.550561	-0.834795	0	None	None
ChainingRodShaped	1383	2.36573	0.5	-38.9498	-114.091	0	-0.649645	0.760238	0	1428	1382
ChainingRodShaped	1385	2.2705	0.5	44.1365	176.443	0	-0.23899	0.971022	0	754	1384
ChainingRodShaped	1387	2.22645	0.5	-24.7175	-178.557	0	0.0583627	0.998295	0	688	1386
ChainingRodShaped	1389	2.31444	0.5	-31.4074	24.6007	0	-0.523812	-0.851834	0	None	None
ChainingRodShaped	1391	2.31376	0.5	45.9915	5.08353	0	0.639471	-0.768815	0	1436	1390
ChainingRodShaped	1393	2.16806	0.5	-8.06367	37.7571	0	-0.844128	-0.536141	0	None	None
ChainingRodShaped	1395	2.30971	0.5	43.4384	182.804	0	0.023105	0.999733	0	1384	1394
ChainingRodShaped	1397	2.30868	0.5	-63.4259	-51.7943	0	0.475757	0.879577	0	752	1396
ChainingRodShaped	1399	2.35763	0.5	-18.1321	58.9161	0	-0.978286	-0.20726	0	None	None
ChainingRodShaped	1401	2.31924	0.5	-15.6167	61.8096	0	-0.958303	-0.285754	0	None	None
ChainingRodShaped	1403	2.30503	0.5	-32.1524	21.3149	0	-0.874888	-0.484326	0	None	None
ChainingRodShaped	1405	2.19323	0.5	-40.2938	-35.7815	0	0.99123	0.132146	0	1172	1404
ChainingRodShaped	1407	2.19833	0.5	-51.0742	45.2521	0	0.0827974	-0.996566	0	None	None
ChainingRodShaped	1409	2.14722	0.5	-36.8429	22.2606	0	-0.614145	-0.789193	0	None	None
ChainingRodShaped	1411	2.2124	0.5	-1.41841	49.9589	0	-0.994857	0.101289	0	None	None
ChainingRodShaped	1413	2.26645	0.5	-9.96869	-21.3163	0	-0.941188	-0.337883	0	732	1412
ChainingRodShaped	1415	2.0993	0.5	-22.741	47.1951	0	-0.832986	0.553294	0	None	None
ChainingRodShaped	1417	2.11365	0.5	-28.6012	22.1439	0	-0.355069	-0.93484	0	None	None
ChainingRodShaped	1419	2.13545	0.5	50.6672	0.822593	0	0.830562	-0.556926	0	1390	1418
ChainingRodShaped	1421	2.13461	0.5	-54.922	-97.4931	0	-0.659021	0.752124	0	1008	1420
ChainingRodShaped	1423	2.1182	0.5	-19.8064	31.9358	0	-0.701222	0.712943	0	None	None
ChainingRodShaped	1425	2.12213	0.5	-19.613	-40.726	0	0.857159	-0.515052	0	906	1424
ChainingRodShaped	1427	2.08119	0.5	-12.3105	50.5179	0	-0.991182	0.13251	0	None	None
ChainingRodShaped	1429	2.13828	0.5	-35.2022	-118.99	0	-0.558848	0.82927	0	843	1428
ChainingRodShaped	1431	2.08338	0.5	-11.9719	43.6465	0	-0.975302	-0.220875	0	None	None
ChainingRodShaped	1433	2.07833	0.5	-21.6497	22.5937	0	-0.778999	-0.627025	0	None	None
ChainingRodShaped	1435	2.11984	0.5	52.8569	204.641	0	0.68976	0.724038	0	786	1434
ChainingRodShaped	1437	2.09043	0.5	42.6379	10.2368	0	0.448005	-0.894031	0	964	1436
ChainingRodShaped	1439	2.0632	0.5	-13.6519	49.7172	0	0.931456	-0.363855	0	None	None
ChainingRodShaped	1441	2.11496	0.5	14.4503	124.657	0	0.975244	0.221132	0	917	1440
ChainingRodShaped	1443	2.09911	0.5	69.4545	63.7436	0	-0.927119	0.374766	0	865	1442
ChainingRodShaped	1445	2.04025	0.5	-32.9443	19.028	0	-0.374242	-0.927331	0	None	None
ChainingRodShaped	1447	2.04717	0.5	-42.3578	44.2663	0	-0.997475	-0.0710199	0	None	None
ChainingRodShaped	1449	2.05486	0.5	-34.3879	23.8068	0	-0.615439	-0.788185	0	None	None
ChainingRodShaped	1451	2.03503	0.5	48.8882	165.569	0	-0.573745	0.819034	0	1068	1450
ChainingRodShaped	1453	2.05168	0.5	-41.5589	21.9794	0	-0.986432	-0.16417	0	None	None
ChainingRodShaped	1455	2.04098	0.5	-27.5014	17.9095	0	-0.761835	-0.647772	0	None	None
ChainingRodShaped	1457	2.0141	0.5	46.4828	113.66	0	0.752011	-0.659151	0	682	1456
ChainingRodShaped	1459	2.00491	0.5	-49.1109	37.718	0	-0.959346	-0.282234	0	None	None
