cell_type	cell_id	length	radius	pos_x	pos_y	pos_z	ori_x	ori_y	ori_z	lower_link	upper_link
ChainingRodShaped	559	4.38507	0.5	13.604	-1.99833	0	0.950253	-0.311479	0	None	None
ChainingRodShaped	57	4.55762	0.5	-21.2562	40.8052	0	0.977855	-0.209284	0	499	None
ChainingRodShaped	49	4.57787	0.5	-34.0369	43.5405	0	0.977855	-0.209284	0	50	500
ChainingRodShaped	979	3.26272	0.5	31.3189	11.7865	0	0.99868	0.0513656	0	None	None
ChainingRodShaped	637	4.33352	0.5	28.5021	2.51173	0	-0.809235	-0.587485	0	None	None
ChainingRodShaped	387	4.9983	0.5	19.9163	6.73633	0	0.851157	-0.524911	0	None	None
ChainingRodShaped	959	3.5216	0.5	26.1886	17.1763	0	-0.942576	-0.333991	0	None	None
ChainingRodShaped	801	3.51646	0.5	-9.29667	10.0693	0	-0.87606	-0.482202	0	None	None
ChainingRodShaped	719	4.80433	0.5	24.9981	4.06504	0	0.744929	-0.667144	0	None	None
ChainingRodShaped	1099	2.43038	0.5	34.045	32.8203	0	0.0534628	-0.99857	0	None	None
ChainingRodShaped	873	3.83546	0.5	15.9037	0.507916	0	0.97577	-0.218797	0	None	None
ChainingRodShaped	675	4.99107	0.5	-12.1814	14.0588	0	0.107948	-0.994156	0	None	None
ChainingRodShaped	781	4.07892	0.5	13.3404	6.62684	0	-0.286902	-0.95796	0	None	None
ChainingRodShaped	1119	2.64702	0.5	27.9613	34.63	0	0.797994	-0.602665	0	None	None
ChainingRodShaped	853	3.66174	0.5	25.2209	32.7083	0	0.830856	-0.556488	0	None	None
ChainingRodShaped	1111	2.54023	0.5	33.5714	26.2277	0	0.00620287	-0.999981	0	None	None
ChainingRodShaped	927	3.84996	0.5	-9.06053	9.06783	0	-0.87567	-0.48291	0	None	None
ChainingRodShaped	1135	2.60703	0.5	19.9034	42.3911	0	0.674279	-0.738477	0	None	None
ChainingRodShaped	1053	3.11231	0.5	21.473	17.2208	0	0.177874	-0.984053	0	None	None
ChainingRodShaped	935	3.55348	0.5	26.4898	0.281309	0	0.990143	-0.140061	0	None	None
ChainingRodShaped	1083	2.47155	0.5	0.510344	46.0981	0	0.712204	-0.701972	0	None	None
ChainingRodShaped	1185	2.13024	0.5	-14.0445	16.2696	0	0.475618	-0.879652	0	None	None
ChainingRodShaped	783	4.72816	0.5	30.4516	13.7009	0	-0.999078	-0.0429302	0	None	None
ChainingRodShaped	943	3.18583	0.5	32.0206	27.1271	0	0.374884	-0.927072	0	None	None
ChainingRodShaped	50	3.87936	0.5	-39.1494	44.6347	0	0.977855	-0.209284	0	None	49
ChainingRodShaped	1151	2.3111	0.5	24.942	18.5535	0	-0.48466	-0.874703	0	None	None
ChainingRodShaped	869	3.05876	0.5	33.4279	36.5144	0	0.430499	-0.902591	0	None	None
ChainingRodShaped	507	4.45649	0.5	34.5446	26.4425	0	0.00303886	-0.999995	0	None	None
ChainingRodShaped	499	2.78031	0.5	-25.8214	41.7822	0	0.977855	-0.209284	0	500	57
ChainingRodShaped	933	3.66902	0.5	8.81801	-1.09588	0	0.99099	0.133937	0	None	None
ChainingRodShaped	1063	2.62332	0.5	22.0306	32.8268	0	0.999999	-0.00101174	0	None	None
ChainingRodShaped	643	4.06746	0.5	11.3053	18.8855	0	0.379393	-0.925235	0	None	None
ChainingRodShaped	1039	3.1954	0.5	10.2068	13.1509	0	0.164832	-0.986322	0	None	None
ChainingRodShaped	1115	2.32662	0.5	17.5323	2.58807	0	0.841478	-0.540291	0	None	None
ChainingRodShaped	749	3.69363	0.5	15.4168	48.3677	0	0.22828	-0.973595	0	None	None
ChainingRodShaped	899	4.24514	0.5	1.29418	49.7856	0	0.892392	-0.45126	0	None	None
ChainingRodShaped	515	4.40226	0.5	18.8287	42.1372	0	0.669913	-0.742439	0	None	None
ChainingRodShaped	635	4.45558	0.5	7.06286	5.06424	0	-0.449554	-0.893253	0	None	None
ChainingRodShaped	797	4.0785	0.5	27.4346	11.6089	0	0.168068	-0.985775	0	None	None
ChainingRodShaped	1015	3.17236	0.5	11.0594	41.9799	0	0.943863	-0.330338	0	None	None
ChainingRodShaped	463	4.93469	0.5	22.3401	25.4636	0	0.65814	-0.752896	0	None	None
ChainingRodShaped	1005	2.69602	0.5	-5.65023	21.3379	0	0.764616	-0.644487	0	None	None
ChainingRodShaped	817	4.6683	0.5	38.9751	20.7812	0	-0.317215	-0.948354	0	None	None
ChainingRodShaped	533	3.98864	0.5	32.3323	29.9364	0	0.187238	-0.982315	0	None	None
ChainingRodShaped	767	4.77419	0.5	0.693138	38.4845	0	0.225572	-0.974227	0	None	None
ChainingRodShaped	609	4.78447	0.5	-8.46567	20.5381	0	0.999201	-0.0399562	0	None	None
ChainingRodShaped	915	3.31788	0.5	-10.956	10.2897	0	-0.878169	-0.478351	0	None	None
ChainingRodShaped	789	4.90932	0.5	13.9745	20.0954	0	-0.524217	-0.851585	0	None	None
ChainingRodShaped	741	4.81766	0.5	32.6012	41.0804	0	0.2897	-0.957118	0	None	None
ChainingRodShaped	451	4.39633	0.5	0.0451764	42.5021	0	0.716587	-0.697498	0	None	None
ChainingRodShaped	1027	2.95178	0.5	23.8446	-0.223191	0	0.951379	-0.308021	0	None	None
ChainingRodShaped	575	4.10869	0.5	13.4926	12.1295	0	-0.0710987	-0.997469	0	None	None
ChainingRodShaped	649	4.32876	0.5	22.5125	52.4748	0	0.926291	-0.376809	0	None	None
ChainingRodShaped	879	3.9431	0.5	-1.96612	11.9285	0	0.719774	-0.694208	0	None	None
ChainingRodShaped	815	3.91546	0.5	-6.75354	48.3291	0	0.539593	0.841926	0	None	None
ChainingRodShaped	647	4.03437	0.5	3.46668	-1.13612	0	0.539274	-0.84213	0	None	None
ChainingRodShaped	1173	2.27401	0.5	7.8533	1.80938	0	-0.302333	-0.953203	0	None	None
ChainingRodShaped	891	3.05121	0.5	24.4609	37.5059	0	0.998788	-0.0492132	0	None	None
ChainingRodShaped	1059	2.3953	0.5	6.8014	45.7875	0	0.25513	-0.966907	0	None	None
ChainingRodShaped	843	4.55226	0.5	5.30079	32.4466	0	0.519184	-0.854662	0	None	None
ChainingRodShaped	871	4.31533	0.5	25.8698	4.59795	0	0.743238	-0.669028	0	None	None
ChainingRodShaped	695	4.94656	0.5	12.1287	48.9702	0	0.950398	-0.311036	0	None	None
ChainingRodShaped	605	4.74542	0.5	3.34224	12.3162	0	0.0199456	0.999801	0	None	None
ChainingRodShaped	623	4.27085	0.5	-9.85345	53.348	0	-0.993881	0.110456	0	None	None
ChainingRodShaped	759	3.81527	0.5	27.1814	20.5877	0	0.258489	-0.966014	0	None	None
ChainingRodShaped	657	4.4388	0.5	-7.74304	48.5821	0	0.535544	0.844507	0	None	None
ChainingRodShaped	883	3.86309	0.5	8.65746	26.5059	0	0.995653	-0.0931364	0	None	None
ChainingRodShaped	707	3.87588	0.5	22.188	42.78	0	0.685671	-0.727912	0	None	None
ChainingRodShaped	717	3.59246	0.5	-5.30941	22.3158	0	0.764488	-0.644638	0	None	None
ChainingRodShaped	939	3.29171	0.5	26.4533	39.573	0	0.989902	0.141752	0	None	None
ChainingRodShaped	1183	2.29774	0.5	6.69088	33.7739	0	0.476479	-0.879186	0	None	None
ChainingRodShaped	709	3.66019	0.5	-9.0236	17.6871	0	-0.827223	-0.561874	0	None	None
ChainingRodShaped	1233	2.03497	0.5	1.26918	34.8584	0	0.772763	-0.634695	0	None	None
ChainingRodShaped	887	3.98748	0.5	-8.67074	29.7317	0	-0.0280703	-0.999606	0	None	None
ChainingRodShaped	601	4.62624	0.5	21.5603	12.6212	0	-0.280901	-0.959737	0	None	None
ChainingRodShaped	905	4.05986	0.5	36.5231	25.2079	0	0.00643108	-0.999979	0	None	None
ChainingRodShaped	917	3.42687	0.5	18.2344	39.861	0	0.610009	-0.792395	0	None	None
ChainingRodShaped	1077	2.66753	0.5	10.8307	50.4003	0	0.951419	-0.307898	0	None	None
ChainingRodShaped	981	3.59232	0.5	-8.46509	22.8391	0	0.630867	-0.775891	0	None	None
ChainingRodShaped	1159	2.23047	0.5	30.5273	27.9913	0	0.462291	-0.886728	0	None	None
ChainingRodShaped	1203	2.09547	0.5	28.4877	19.4754	0	0.252981	-0.967471	0	None	None
ChainingRodShaped	851	4.16262	0.5	-14.0501	33.0857	0	0.862292	0.506411	0	None	None
ChainingRodShaped	713	4.59449	0.5	3.81783	22.305	0	0.371512	-0.928428	0	None	None
ChainingRodShaped	1057	2.95254	0.5	33.1254	42.7244	0	0.281563	-0.959543	0	None	None
ChainingRodShaped	627	3.9988	0.5	13.3795	26.9103	0	0.339245	-0.940698	0	None	None
ChainingRodShaped	1149	2.44612	0.5	1.4807	15.0334	0	-0.380352	-0.924842	0	None	None
ChainingRodShaped	1199	2.17967	0.5	8.62651	10.415	0	0.160681	-0.987006	0	None	None
ChainingRodShaped	827	3.59821	0.5	29.2902	44.3344	0	0.951807	-0.306699	0	None	None
ChainingRodShaped	793	3.15373	0.5	-12.5437	19.6737	0	-0.506767	-0.862083	0	None	None
ChainingRodShaped	455	4.58122	0.5	-5.93875	47.8126	0	0.542971	0.839751	0	None	None
ChainingRodShaped	975	3.1723	0.5	1.64566	2.06254	0	-0.511546	-0.859256	0	None	None
ChainingRodShaped	681	4.96031	0.5	3.3615	44.5761	0	0.697002	-0.717069	0	None	None
ChainingRodShaped	483	4.93699	0.5	19.6983	5.72827	0	0.85052	-0.525943	0	None	None
ChainingRodShaped	751	4.87633	0.5	18.4868	12.4678	0	-0.142714	-0.989764	0	None	None
ChainingRodShaped	653	4.62166	0.5	34.576	19.5828	0	0.851878	-0.52374	0	None	None
ChainingRodShaped	999	3.07376	0.5	6.93273	19.6151	0	0.359933	-0.932978	0	None	None
ChainingRodShaped	1061	3.08058	0.5	-0.755026	21.0582	0	0.388716	-0.921357	0	None	None
ChainingRodShaped	953	2.66745	0.5	11.6051	38.698	0	0.950898	-0.309506	0	None	None
ChainingRodShaped	403	4.80443	0.5	29.4083	16.5484	0	-0.999082	-0.0428326	0	None	None
ChainingRodShaped	1065	2.41515	0.5	15.7177	28.6873	0	0.345194	-0.938531	0	None	None
ChainingRodShaped	1035	2.79881	0.5	19.0805	-1.95735	0	0.971426	-0.237341	0	None	None
ChainingRodShaped	1093	2.37328	0.5	7.42652	47.2702	0	0.229898	-0.973215	0	None	None
ChainingRodShaped	597	4.05251	0.5	13.7297	17.8905	0	-0.515674	-0.856785	0	None	None
ChainingRodShaped	1003	2.66042	0.5	-5.65123	27.5366	0	0.115446	-0.993314	0	None	None
ChainingRodShaped	1221	2.16105	0.5	4.42545	14.0252	0	0.120713	0.992687	0	None	None
ChainingRodShaped	619	4.06503	0.5	2.7152	50.7818	0	0.982589	-0.185793	0	None	None
ChainingRodShaped	813	4.68888	0.5	10.393	16.0989	0	0.382536	-0.92394	0	None	None
ChainingRodShaped	961	3.82709	0.5	3.41924	17.5458	0	0.319411	0.947616	0	None	None
ChainingRodShaped	841	3.20201	0.5	35.9886	19.8735	0	0.851667	-0.524084	0	None	None
ChainingRodShaped	701	4.26891	0.5	2.17951	43.0636	0	0.709273	-0.704934	0	None	None
ChainingRodShaped	1191	2.23608	0.5	23.2435	43.0656	0	0.678946	-0.734188	0	None	None
ChainingRodShaped	1131	2.66241	0.5	25.8106	6.48419	0	0.522118	-0.852873	0	None	None
ChainingRodShaped	771	3.58085	0.5	13.7808	28.6073	0	0.329818	-0.944045	0	None	None
ChainingRodShaped	919	3.25172	0.5	14.6619	39.7715	0	0.949726	-0.313083	0	None	None
ChainingRodShaped	1051	2.90944	0.5	29.8274	34.5556	0	0.226404	-0.974034	0	None	None
ChainingRodShaped	791	3.83693	0.5	20.6624	31.8768	0	-0.99996	-0.00898837	0	None	None
ChainingRodShaped	565	4.97034	0.5	21.6643	29.0678	0	0.670621	-0.741801	0	None	None
ChainingRodShaped	1145	2.39144	0.5	-4.78288	30.8046	0	-0.13292	-0.991127	0	None	None
ChainingRodShaped	1121	2.30025	0.5	24.0342	24.9735	0	0.650574	-0.759443	0	None	None
ChainingRodShaped	521	4.84916	0.5	-11.1657	13.8528	0	0.109589	-0.993977	0	None	None
ChainingRodShaped	777	3.21584	0.5	11.1155	5.98816	0	-0.287813	-0.957687	0	None	None
ChainingRodShaped	727	4.76578	0.5	34.359	39.6876	0	-0.0941322	-0.99556	0	None	None
ChainingRodShaped	769	4.57191	0.5	11.4732	52.9458	0	0.79313	-0.609052	0	None	None
ChainingRodShaped	411	4.93022	0.5	0.335271	57.282	0	0.998426	-0.0560906	0	None	None
ChainingRodShaped	1043	2.96969	0.5	5.09547	29.0443	0	0.524564	-0.851371	0	None	None
ChainingRodShaped	945	3.8682	0.5	-14.0752	34.2109	0	0.861173	0.508312	0	None	None
ChainingRodShaped	739	4.64581	0.5	28.0861	33.2972	0	0.839991	-0.5426	0	None	None
ChainingRodShaped	747	4.43411	0.5	14.6383	55.2048	0	0.885379	-0.46487	0	None	None
ChainingRodShaped	669	3.67002	0.5	6.18674	16.2504	0	0.347836	-0.937555	0	None	None
ChainingRodShaped	1123	2.28565	0.5	-11.5799	23.4762	0	0.633092	-0.774077	0	None	None
ChainingRodShaped	983	3.49336	0.5	23.324	51.0793	0	0.926974	-0.375125	0	None	None
ChainingRodShaped	691	3.47594	0.5	13.7397	45.7918	0	0.762415	-0.647089	0	None	None
ChainingRodShaped	921	2.93065	0.5	11.5745	26.3145	0	0.335901	-0.941897	0	None	None
ChainingRodShaped	1117	2.25124	0.5	-2.84672	43.8382	0	0.576775	0.816903	0	None	None
ChainingRodShaped	1139	2.53422	0.5	35.5362	25.1093	0	0.00704497	-0.999975	0	None	None
ChainingRodShaped	995	3.21096	0.5	-3.83497	44.0859	0	0.573123	0.819469	0	None	None
ChainingRodShaped	1021	2.83003	0.5	-14.6837	46.8624	0	0.737281	0.675586	0	None	None
ChainingRodShaped	725	4.77341	0.5	22.5438	12.5761	0	-0.285789	-0.958292	0	None	None
ChainingRodShaped	1163	2.32659	0.5	-9.86315	34.5765	0	0.765813	0.643064	0	None	None
ChainingRodShaped	1167	2.23466	0.5	-14.3862	39.2186	0	0.589385	0.807853	0	None	None
ChainingRodShaped	997	3.62453	0.5	-0.79806	14.5566	0	-0.409427	-0.912343	0	None	None
ChainingRodShaped	1217	2.09805	0.5	0.0196732	21.6832	0	0.381535	-0.924355	0	None	None
ChainingRodShaped	821	3.92268	0.5	23.1629	44.5934	0	0.680707	-0.732556	0	None	None
ChainingRodShaped	1009	3.21655	0.5	-0.236419	30.1441	0	0.367989	-0.92983	0	None	None
ChainingRodShaped	877	3.32798	0.5	-2.31693	8.14336	0	0.919297	-0.393564	0	None	None
ChainingRodShaped	475	4.27608	0.5	15.9721	38.3631	0	0.999526	0.0307701	0	None	None
ChainingRodShaped	863	3.09273	0.5	-4.68741	44.5075	0	0.569483	0.822003	0	None	None
ChainingRodShaped	1201	2.21104	0.5	21.8248	3.43046	0	0.99055	-0.137153	0	None	None
ChainingRodShaped	699	3.53991	0.5	-7.73213	29.1138	0	-0.020197	-0.999796	0	None	None
ChainingRodShaped	1235	2.08333	0.5	5.02395	21.8697	0	0.37455	-0.927207	0	None	None
ChainingRodShaped	881	3.13774	0.5	20.9796	42.6545	0	0.680169	-0.733055	0	None	None
ChainingRodShaped	1045	2.99568	0.5	0.153055	11.2237	0	0.546577	-0.837409	0	None	None
ChainingRodShaped	1215	2.10149	0.5	15.8935	36.491	0	0.999335	0.0364707	0	None	None
ChainingRodShaped	1037	3.02151	0.5	-3.6254	32.1742	0	-0.127562	-0.991831	0	None	None
ChainingRodShaped	847	3.30691	0.5	12.9765	-0.755951	0	0.950754	-0.309946	0	None	None
ChainingRodShaped	857	3.5388	0.5	14.9584	8.69088	0	-0.20283	-0.979214	0	None	None
ChainingRodShaped	957	2.67865	0.5	9.43107	11.5648	0	0.122007	-0.992529	0	None	None
ChainingRodShaped	903	3.9499	0.5	3.94489	7.6144	0	0.546005	0.837782	0	None	None
ChainingRodShaped	1103	2.59252	0.5	0.493034	31.213	0	0.498789	-0.866723	0	None	None
ChainingRodShaped	1171	2.35993	0.5	0.571263	52.4455	0	0.969247	-0.246088	0	None	None
ChainingRodShaped	779	3.48896	0.5	-1.63476	54.0158	0	0.966738	-0.25577	0	None	None
ChainingRodShaped	987	2.91694	0.5	25.9255	41.0495	0	0.968547	-0.248832	0	None	None
ChainingRodShaped	633	4.31291	0.5	22.7093	29.311	0	0.668402	-0.743801	0	None	None
ChainingRodShaped	1055	3.07043	0.5	19.584	34.7187	0	0.999961	0.00880217	0	None	None
ChainingRodShaped	519	4.39133	0.5	38.0374	31.5269	0	0.0460738	-0.998938	0	None	None
ChainingRodShaped	807	4.437	0.5	-4.90795	47.644	0	0.546432	0.837504	0	None	None
ChainingRodShaped	611	4.71657	0.5	-4.5464	19.4746	0	-0.999975	0.00709322	0	None	None
ChainingRodShaped	1211	2.1835	0.5	8.74427	22.7944	0	0.659519	-0.751688	0	None	None
ChainingRodShaped	849	3.51039	0.5	31.4221	19.2369	0	0.690135	-0.723681	0	None	None
ChainingRodShaped	833	3.95557	0.5	-12.2865	40.3923	0	0.606772	0.794876	0	None	None
ChainingRodShaped	831	4.5214	0.5	26.8032	9.34683	0	0.508186	-0.861247	0	None	None
ChainingRodShaped	937	2.71104	0.5	5.22878	2.36514	0	0.246028	-0.969263	0	None	None
ChainingRodShaped	963	3.46823	0.5	23.4297	20.812	0	0.494872	-0.868966	0	None	None
ChainingRodShaped	687	4.62892	0.5	14.2965	16.999	0	-0.507088	-0.861894	0	None	None
ChainingRodShaped	567	4.68802	0.5	-14.8739	23.5997	0	-0.982624	0.185605	0	None	None
ChainingRodShaped	875	3.80976	0.5	30.1645	5.87025	0	-0.645408	0.763838	0	None	None
ChainingRodShaped	1175	2.17888	0.5	11.0553	16.9798	0	0.383217	-0.923658	0	None	None
ChainingRodShaped	573	4.81324	0.5	12.444	57.4993	0	0.851651	0.524109	0	None	None
ChainingRodShaped	1033	2.87789	0.5	7.33616	42.4853	0	0.921855	-0.387536	0	None	None
ChainingRodShaped	595	4.27423	0.5	-1.23335	5.23004	0	0.909392	-0.41594	0	None	None
ChainingRodShaped	631	4.11155	0.5	-1.96463	21.4503	0	0.388456	-0.921467	0	None	None
ChainingRodShaped	1071	2.77198	0.5	-6.753	51.5174	0	0.833066	0.553173	0	None	None
ChainingRodShaped	679	4.38088	0.5	31.3065	24.2631	0	0.752902	-0.658132	0	None	None
ChainingRodShaped	368	4.91503	0.5	6.63446	17.7227	0	0.357193	-0.934031	0	None	None
ChainingRodShaped	785	4.4278	0.5	4.24432	32.3467	0	0.518736	-0.854935	0	None	None
ChainingRodShaped	587	3.90611	0.5	19.1143	40.2327	0	0.612754	-0.790274	0	None	None
ChainingRodShaped	931	3.96233	0.5	7.95924	49.1963	0	0.22016	-0.975464	0	None	None
ChainingRodShaped	829	3.92695	0.5	18.3108	48.4693	0	0.665546	-0.746356	0	None	None
ChainingRodShaped	693	3.43352	0.5	14.6602	28.9042	0	0.33579	-0.941937	0	None	None
ChainingRodShaped	1161	2.21085	0.5	20.4237	12.4119	0	-0.190784	-0.981632	0	None	None
ChainingRodShaped	1129	2.39773	0.5	8.97674	57.8261	0	0.870407	0.492333	0	None	None
ChainingRodShaped	667	4.14429	0.5	-12.5725	47.9894	0	0.254609	0.967044	0	None	None
ChainingRodShaped	1187	2.19213	0.5	26.5046	19.4426	0	0.248818	-0.96855	0	None	None
ChainingRodShaped	1079	2.631	0.5	16.6886	7.50074	0	-0.185612	-0.982623	0	None	None
ChainingRodShaped	1049	2.53522	0.5	12.0608	5.75304	0	-0.289179	-0.957275	0	None	None
ChainingRodShaped	1031	2.48072	0.5	11.1817	48.2658	0	0.949865	-0.312659	0	None	None
ChainingRodShaped	729	4.23214	0.5	-12.1774	31.8949	0	0.864877	0.501984	0	None	None
ChainingRodShaped	1025	2.90217	0.5	19.9101	35.6686	0	0.999859	0.0167716	0	None	None
ChainingRodShaped	1007	3.0496	0.5	3.0665	21.6426	0	0.364543	-0.931186	0	None	None
ChainingRodShaped	1087	2.65649	0.5	7.52922	54.3577	0	0.942335	-0.334672	0	None	None
ChainingRodShaped	967	3.34047	0.5	-9.73238	49.0703	0	0.526826	0.849973	0	None	None
ChainingRodShaped	404	4.92392	0.5	31.4487	20.6015	0	0.694622	-0.719375	0	None	None
ChainingRodShaped	1193	2.14733	0.5	27.0761	47.5956	0	0.691344	-0.722525	0	None	None
ChainingRodShaped	765	4.26737	0.5	10.3356	32.4457	0	0.997254	-0.0740597	0	None	None
ChainingRodShaped	951	3.38995	0.5	28.7401	9.98647	0	0.0243819	-0.999703	0	None	None
ChainingRodShaped	811	4.1004	0.5	-1.67095	55.1818	0	0.944514	-0.328471	0	None	None
ChainingRodShaped	414	4.7762	0.5	5.46769	47.1337	0	0.210399	-0.977616	0	None	None
ChainingRodShaped	1243	2.00749	0.5	12.6144	0.387337	0	0.950398	-0.311036	0	None	None
ChainingRodShaped	1101	2.52796	0.5	13.2636	50.2041	0	0.729545	-0.683932	0	None	None
ChainingRodShaped	839	3.24167	0.5	-6.54242	32.078	0	-0.129462	-0.991584	0	None	None
ChainingRodShaped	971	2.61633	0.5	5.74935	7.65555	0	-0.150349	-0.988633	0	None	None
ChainingRodShaped	1089	2.68177	0.5	18.8688	25.9549	0	0.790664	0.61225	0	None	None
ChainingRodShaped	426	4.63034	0.5	-9.78398	37.165	0	0.762759	0.646683	0	None	None
ChainingRodShaped	428	4.76903	0.5	14.9767	52.5096	0	0.505964	-0.862555	0	None	None
ChainingRodShaped	651	3.65223	0.5	1.75858	48.4504	0	0.9043	-0.426897	0	None	None
ChainingRodShaped	677	3.61882	0.5	22.3818	8.06102	0	0.604138	-0.79688	0	None	None
ChainingRodShaped	1075	2.50514	0.5	-3.90626	47.3871	0	0.550549	0.834803	0	None	None
ChainingRodShaped	825	4.52278	0.5	28.0886	26.1039	0	0.644585	-0.764533	0	None	None
ChainingRodShaped	929	4.00285	0.5	-5.51741	17.5599	0	-0.999955	-0.00949405	0	None	None
ChainingRodShaped	440	4.67654	0.5	-17.1937	38.4656	0	0.843409	0.537272	0	None	None
ChainingRodShaped	835	3.27718	0.5	28.5137	42.3998	0	0.967705	-0.252087	0	None	None
ChainingRodShaped	715	3.37043	0.5	-11.3575	28.3835	0	-0.508225	-0.861224	0	None	None
ChainingRodShaped	755	3.63787	0.5	20.2732	-1.1506	0	0.926415	-0.376503	0	None	None
ChainingRodShaped	705	3.41608	0.5	31.127	39.3475	0	0.300165	-0.953887	0	None	None
ChainingRodShaped	731	3.77452	0.5	27.0113	25.9026	0	0.643538	-0.765414	0	None	None
ChainingRodShaped	805	4.08195	0.5	1.8055	42.0973	0	0.709577	-0.704628	0	None	None
ChainingRodShaped	1225	2.15287	0.5	-16.8371	37.2349	0	0.750564	0.660798	0	None	None
ChainingRodShaped	973	3.28061	0.5	-8.68675	43.7555	0	0.561961	0.827163	0	None	None
ChainingRodShaped	1237	2.04664	0.5	-5.4385	7.96534	0	0.999138	0.0415149	0	None	None
ChainingRodShaped	1141	2.59902	0.5	-7.99084	41.2508	0	0.611121	0.791537	0	None	None
ChainingRodShaped	1001	2.73925	0.5	35.5779	42.1642	0	0.0841719	0.996451	0	None	None
ChainingRodShaped	1137	2.5111	0.5	19.0485	27.2899	0	0.796746	0.604315	0	None	None
ChainingRodShaped	723	4.4265	0.5	23.8175	46.7489	0	0.683687	-0.729776	0	None	None
ChainingRodShaped	1127	2.58602	0.5	35.0406	34.9216	0	-0.0472528	-0.998883	0	None	None
ChainingRodShaped	977	3.69704	0.5	34.0753	16.5702	0	-0.524657	-0.851314	0	None	None
ChainingRodShaped	893	3.37994	0.5	-0.727544	3.07466	0	0.620461	-0.784237	0	None	None
ChainingRodShaped	773	4.63251	0.5	28.7271	29.3639	0	-0.453691	0.891159	0	None	None
ChainingRodShaped	923	4.03992	0.5	11.4346	39.8158	0	0.944202	-0.329366	0	None	None
ChainingRodShaped	949	3.21386	0.5	18.737	55.0096	0	0.526025	-0.850469	0	None	None
ChainingRodShaped	775	4.80252	0.5	-4.60985	13.1344	0	-0.72668	0.686976	0	None	None
ChainingRodShaped	897	3.11578	0.5	1.25625	11.3149	0	-0.539378	0.842064	0	None	None
ChainingRodShaped	855	3.01593	0.5	18.6907	5.19923	0	0.848843	-0.528645	0	None	None
ChainingRodShaped	823	3.30136	0.5	-5.22843	12.3885	0	-0.72566	0.688053	0	None	None
ChainingRodShaped	1067	2.46812	0.5	-2.74737	28.0038	0	0.159234	-0.987241	0	None	None
ChainingRodShaped	490	4.60241	0.5	-17.0106	41.4079	0	0.442132	0.89695	0	None	None
ChainingRodShaped	763	4.12821	0.5	12.4489	26.7006	0	0.342515	-0.939512	0	None	None
ChainingRodShaped	1205	2.09359	0.5	17.4133	52.2818	0	0.495901	-0.868379	0	None	None
ChainingRodShaped	795	3.97116	0.5	16.0023	15.9505	0	-0.794192	-0.607667	0	None	None
ChainingRodShaped	861	3.72348	0.5	-8.39913	54.1782	0	0.9938	-0.111185	0	None	None
ChainingRodShaped	500	2.7234	0.5	-29.4897	42.5673	0	0.977855	-0.209284	0	49	499
ChainingRodShaped	787	4.63159	0.5	3.50439	53.7475	0	0.904162	-0.42719	0	None	None
ChainingRodShaped	859	4.23401	0.5	14.2155	41.9194	0	0.947119	-0.320883	0	None	None
ChainingRodShaped	799	3.94548	0.5	10.0845	38.1374	0	0.910738	-0.412984	0	None	None
ChainingRodShaped	803	4.23787	0.5	35.1789	31.5872	0	-0.389152	-0.921174	0	None	None
ChainingRodShaped	845	3.37681	0.5	-10.6262	39.3483	0	0.597353	0.801978	0	None	None
ChainingRodShaped	819	3.30316	0.5	-8.64987	15.2858	0	-0.989537	-0.144282	0	None	None
ChainingRodShaped	809	3.46558	0.5	6.89899	2.0338	0	-0.310151	-0.950687	0	None	None
ChainingRodShaped	1219	2.11875	0.5	15.5182	43.5431	0	0.957589	-0.288139	0	None	None
ChainingRodShaped	901	3.14214	0.5	29.3501	15.584	0	-0.999017	-0.0443361	0	None	None
ChainingRodShaped	520	4.50151	0.5	37.8445	36.9868	0	0.283646	-0.958929	0	None	None
ChainingRodShaped	889	3.19686	0.5	-7.97459	16.3719	0	-0.989966	-0.141309	0	None	None
ChainingRodShaped	965	2.77607	0.5	5.04686	39.1726	0	0.846889	-0.53177	0	None	None
ChainingRodShaped	526	4.84928	0.5	-4.88428	36.5008	0	-0.17268	-0.984978	0	None	None
ChainingRodShaped	1195	2.1566	0.5	-3.46304	25.5463	0	0.112778	-0.99362	0	None	None
ChainingRodShaped	837	3.79902	0.5	23.3372	49.4045	0	0.999651	0.0264043	0	None	None
ChainingRodShaped	532	4.49589	0.5	21.7013	2.12475	0	0.99193	0.126785	0	None	None
ChainingRodShaped	885	4.29739	0.5	32.1128	34.7931	0	0.443873	-0.896089	0	None	None
ChainingRodShaped	911	3.73797	0.5	6.67298	10.405	0	0.170143	-0.985419	0	None	None
ChainingRodShaped	538	4.44089	0.5	-0.291632	34.8832	0	0.779073	-0.626934	0	None	None
ChainingRodShaped	540	4.85997	0.5	1.78409	30.8803	0	0.507429	-0.861694	0	None	None
ChainingRodShaped	1017	2.76524	0.5	3.99405	51.7955	0	0.999947	0.0103351	0	None	None
ChainingRodShaped	1011	3.19054	0.5	0.420481	23.1964	0	0.372249	-0.928133	0	None	None
ChainingRodShaped	546	4.65553	0.5	15.1845	37.4033	0	0.999415	0.0342141	0	None	None
ChainingRodShaped	947	3.75305	0.5	25.037	10.169	0	0.350078	-0.936721	0	None	None
ChainingRodShaped	867	3.08691	0.5	15.9075	33.687	0	0.998576	0.053351	0	None	None
ChainingRodShaped	1105	2.52978	0.5	-18.1756	29.784	0	-0.283786	0.958888	0	None	None
ChainingRodShaped	985	2.93432	0.5	29.356	1.91213	0	0.809392	0.587268	0	None	None
ChainingRodShaped	556	4.44148	0.5	12.2169	2.65572	0	0.992103	0.125425	0	None	None
ChainingRodShaped	909	3.18461	0.5	31.2853	34.2909	0	0.452751	-0.891637	0	None	None
ChainingRodShaped	955	3.90484	0.5	8.75507	-2.10375	0	0.991259	0.131933	0	None	None
ChainingRodShaped	562	4.54238	0.5	3.65093	42.9454	0	0.704139	-0.710062	0	None	None
ChainingRodShaped	564	4.40814	0.5	23.954	13.5645	0	-0.339782	-0.940504	0	None	None
ChainingRodShaped	865	4.02655	0.5	18.1668	29.6505	0	0.974913	-0.222585	0	None	None
ChainingRodShaped	969	2.67013	0.5	-14.5378	25.8791	0	-0.311458	-0.95026	0	None	None
ChainingRodShaped	1245	2.00914	0.5	3.89748	29.181	0	0.516029	-0.856571	0	None	None
ChainingRodShaped	913	3.76669	0.5	11.5942	34.4497	0	0.978382	-0.206808	0	None	None
ChainingRodShaped	574	4.71985	0.5	10.208	57.382	0	0.869913	0.493206	0	None	None
ChainingRodShaped	925	3.12034	0.5	15.7321	17.6096	0	-0.515672	-0.856786	0	None	None
ChainingRodShaped	941	3.1695	0.5	-1.07244	38.0193	0	0.741197	-0.671287	0	None	None
ChainingRodShaped	895	3.97041	0.5	-6.18841	38.902	0	0.625969	0.779848	0	None	None
ChainingRodShaped	582	4.50181	0.5	-11.503	18.3649	0	-0.831096	-0.556129	0	None	None
ChainingRodShaped	584	4.735	0.5	1.72443	19.3642	0	-0.120736	-0.992685	0	None	None
ChainingRodShaped	586	4.96264	0.5	10.4416	22.2927	0	0.65208	-0.75815	0	None	None
ChainingRodShaped	907	3.48833	0.5	15.1931	42.6387	0	0.95466	-0.297699	0	None	None
ChainingRodShaped	1165	2.17252	0.5	36.3682	31.8762	0	-0.393688	-0.919244	0	None	None
ChainingRodShaped	993	2.78983	0.5	-5.68069	53.3501	0	0.858746	0.512402	0	None	None
ChainingRodShaped	1241	2.01455	0.5	3.27201	58.0927	0	0.995913	-0.0903214	0	None	None
ChainingRodShaped	596	3.74173	0.5	-4.35053	7.04007	0	0.998673	0.0515065	0	None	None
ChainingRodShaped	1147	2.35824	0.5	16.1108	21.3274	0	-0.66388	-0.747839	0	None	None
ChainingRodShaped	600	4.19203	0.5	12.3389	3.64284	0	0.992226	0.124447	0	None	None
ChainingRodShaped	1177	2.18439	0.5	22.5336	16.7837	0	0.168027	-0.985782	0	None	None
ChainingRodShaped	604	3.9558	0.5	2.83373	55.2941	0	0.872944	-0.48782	0	None	None
ChainingRodShaped	606	4.28846	0.5	1.49526	7.39743	0	0.549496	0.835497	0	None	None
ChainingRodShaped	608	4.77056	0.5	-11.7903	29.5658	0	-0.508279	-0.861193	0	None	None
ChainingRodShaped	1213	2.07988	0.5	-9.70085	21.5724	0	0.99921	-0.039739	0	None	None
ChainingRodShaped	1073	2.40913	0.5	-3.01879	21.5027	0	0.384371	-0.923179	0	None	None
ChainingRodShaped	614	3.79565	0.5	15.9621	5.36299	0	0.928171	-0.372155	0	None	None
ChainingRodShaped	1023	3.01853	0.5	11.9428	35.3489	0	0.979003	-0.203847	0	None	None
ChainingRodShaped	1013	3.06449	0.5	-0.402293	27.8971	0	0.358675	-0.933463	0	None	None
ChainingRodShaped	620	4.72401	0.5	-2.43572	52.1958	0	0.970237	-0.242155	0	None	None
ChainingRodShaped	1041	3.05429	0.5	29.35	45.3493	0	0.950888	-0.309534	0	None	None
ChainingRodShaped	1091	2.5205	0.5	-10.6863	51.8134	0	0.913185	0.407546	0	None	None
ChainingRodShaped	626	3.70657	0.5	4.38113	47.7137	0	0.20396	-0.978979	0	None	None
ChainingRodShaped	989	3.06026	0.5	10.9263	29.4952	0	0.991544	0.129767	0	None	None
ChainingRodShaped	1125	2.71594	0.5	26.3298	38.5315	0	0.996418	0.0845695	0	None	None
ChainingRodShaped	991	2.75222	0.5	-4.80145	24.4187	0	0.764484	-0.644642	0	None	None
ChainingRodShaped	634	4.11044	0.5	17.5164	31.5557	0	0.81819	-0.574948	0	None	None
ChainingRodShaped	1133	2.45161	0.5	7.87392	9.22701	0	0.189876	-0.981808	0	None	None
ChainingRodShaped	1029	2.6547	0.5	28.5521	4.68793	0	0.999999	0.00101876	0	None	None
ChainingRodShaped	1019	2.52436	0.5	26.5685	33.0521	0	0.859534	-0.511079	0	None	None
ChainingRodShaped	642	4.98338	0.5	-8.78748	26.2686	0	0.61522	-0.788355	0	None	None
ChainingRodShaped	1113	2.75906	0.5	12.2468	21.6682	0	0.653365	-0.757043	0	None	None
ChainingRodShaped	646	3.9538	0.5	12.3134	13.344	0	0.079064	-0.99687	0	None	None
ChainingRodShaped	648	4.74499	0.5	3.70384	3.57332	0	-0.521174	-0.853451	0	None	None
ChainingRodShaped	650	4.88646	0.5	19.0349	56.7821	0	0.824937	-0.565224	0	None	None
ChainingRodShaped	1227	2.14998	0.5	-1.75646	50.0222	0	0.964833	-0.262863	0	None	None
ChainingRodShaped	1097	2.82803	0.5	32.5906	21.806	0	0.959682	-0.281089	0	None	None
ChainingRodShaped	1179	2.13286	0.5	7.23711	25.665	0	0.989847	-0.142137	0	None	None
ChainingRodShaped	658	4.57396	0.5	-10.8434	44.0635	0	0.568738	0.822519	0	None	None
ChainingRodShaped	660	4.52189	0.5	22.0637	24.3505	0	0.658245	-0.752804	0	None	None
ChainingRodShaped	1155	2.29032	0.5	17.5791	14.338	0	-0.330212	-0.943907	0	None	None
ChainingRodShaped	664	4.98704	0.5	-11.5782	44.7141	0	0.567936	0.823073	0	None	None
ChainingRodShaped	1197	2.17962	0.5	2.26475	36.0735	0	0.25707	-0.966393	0	None	None
ChainingRodShaped	668	3.54859	0.5	-14.0236	43.8744	0	-0.026377	0.999652	0	None	None
ChainingRodShaped	670	3.88714	0.5	4.36856	17.431	0	-0.323962	-0.94607	0	None	None
ChainingRodShaped	672	4.58235	0.5	10.3443	8.33193	0	-0.0928056	-0.995684	0	None	None
ChainingRodShaped	1229	2.1047	0.5	7.78514	20.0445	0	0.358895	-0.933378	0	None	None
ChainingRodShaped	676	4.13458	0.5	-9.69698	18.4004	0	-0.830017	-0.557738	0	None	None
ChainingRodShaped	1047	2.47738	0.5	20.039	9.19697	0	0.735094	-0.677965	0	None	None
ChainingRodShaped	680	4.56057	0.5	27.5922	28.2045	0	0.684196	-0.729298	0	None	None
ChainingRodShaped	1207	2.18442	0.5	2.64034	46.9851	0	0.908527	-0.417826	0	None	None
ChainingRodShaped	684	3.90637	0.5	14.3774	23.4284	0	0.961682	-0.274168	0	None	None
ChainingRodShaped	1095	2.58666	0.5	22.6441	36.6231	0	0.999198	-0.0400369	0	None	None
ChainingRodShaped	1069	2.43391	0.5	16.8119	20.6893	0	-0.656362	-0.754446	0	None	None
ChainingRodShaped	1181	2.26417	0.5	-15.1404	30.4322	0	0.295859	0.955232	0	None	None
ChainingRodShaped	692	4.07121	0.5	9.9679	45.6137	0	0.97902	0.203764	0	None	None
ChainingRodShaped	1085	2.81925	0.5	11.7627	31.3686	0	0.995701	-0.0926232	0	None	None
ChainingRodShaped	696	4.07974	0.5	8.86794	49.4472	0	0.215494	-0.976505	0	None	None
ChainingRodShaped	698	4.11891	0.5	2.60225	7.32711	0	0.546878	0.837212	0	None	None
ChainingRodShaped	700	4.201	0.5	-7.25577	33.9479	0	-0.168151	-0.985761	0	None	None
ChainingRodShaped	702	3.47857	0.5	-1.26633	46.4874	0	0.716323	-0.697769	0	None	None
ChainingRodShaped	1109	2.50378	0.5	17.8229	28.7437	0	0.975488	-0.220055	0	None	None
ChainingRodShaped	706	4.86492	0.5	27.3109	41.6942	0	0.96924	-0.246118	0	None	None
ChainingRodShaped	1081	2.80738	0.5	19.2692	45.9352	0	0.672018	-0.740535	0	None	None
ChainingRodShaped	710	4.39024	0.5	-4.36348	18.5268	0	-1	-0.000451517	0	None	None
ChainingRodShaped	712	4.64671	0.5	14.984	46.0226	0	0.740428	-0.672136	0	None	None
ChainingRodShaped	714	4.08209	0.5	1.40803	25.8459	0	0.353603	-0.935396	0	None	None
ChainingRodShaped	716	3.35835	0.5	-9.50744	32.1579	0	-0.159349	-0.987222	0	None	None
ChainingRodShaped	718	4.23617	0.5	-6.79264	27.3984	0	-0.010196	-0.999948	0	None	None
ChainingRodShaped	1189	2.21879	0.5	21.5457	6.87728	0	0.855041	-0.518561	0	None	None
ChainingRodShaped	1107	2.44491	0.5	24.5488	52.7292	0	0.929674	-0.368384	0	None	None
ChainingRodShaped	1223	2.09201	0.5	21.5241	47.788	0	0.662442	-0.749113	0	None	None
ChainingRodShaped	726	3.8672	0.5	23.3838	17.6221	0	0.158889	-0.987296	0	None	None
ChainingRodShaped	1239	2.02162	0.5	34.0275	43.9079	0	0.531243	-0.847219	0	None	None
ChainingRodShaped	730	4.71945	0.5	-14.9955	27.637	0	0.315203	0.949024	0	None	None
ChainingRodShaped	732	3.93873	0.5	23.8187	29.4907	0	0.666805	-0.745232	0	None	None
ChainingRodShaped	1143	2.5901	0.5	-3.72982	37.5999	0	-0.182527	-0.983201	0	None	None
ChainingRodShaped	736	4.05397	0.5	25.2898	24.9678	0	0.642943	-0.765914	0	None	None
ChainingRodShaped	738	4.80682	0.5	-20.0586	31.0493	0	-0.449965	0.893046	0	None	None
ChainingRodShaped	740	3.63902	0.5	24.1305	35.5992	0	0.998748	-0.0500166	0	None	None
ChainingRodShaped	742	4.35294	0.5	28.0458	43.6918	0	0.947167	-0.320742	0	None	None
ChainingRodShaped	744	4.18774	0.5	9.05667	37.5323	0	0.901865	-0.432019	0	None	None
ChainingRodShaped	746	4.46762	0.5	-13.4717	35.7622	0	0.849131	0.528183	0	None	None
ChainingRodShaped	748	3.23737	0.5	10.6627	54.7911	0	0.791506	-0.611161	0	None	None
ChainingRodShaped	1157	2.22551	0.5	14.112	52.0515	0	0.507089	-0.861894	0	None	None
ChainingRodShaped	752	4.82852	0.5	19.6166	16.6627	0	0.175433	-0.984491	0	None	None
ChainingRodShaped	1153	2.47272	0.5	20.2219	18.7325	0	0.175471	-0.984485	0	None	None
ChainingRodShaped	1169	2.17107	0.5	18.2695	0.94591	0	0.843894	-0.53651	0	None	None
ChainingRodShaped	758	4.0972	0.5	-17.8124	33.0886	0	0.714178	0.699964	0	None	None
ChainingRodShaped	760	3.41048	0.5	25.9259	25.7023	0	0.642571	-0.766226	0	None	None
ChainingRodShaped	762	4.05423	0.5	1.89993	27.2287	0	0.344826	-0.938667	0	None	None
ChainingRodShaped	764	3.74638	0.5	8.40518	28.4337	0	0.996372	-0.0851044	0	None	None
ChainingRodShaped	766	4.69541	0.5	6.78657	35.5947	0	0.48524	-0.874381	0	None	None
ChainingRodShaped	768	3.78497	0.5	-0.743438	40.4807	0	0.216708	-0.976237	0	None	None
ChainingRodShaped	1209	2.10939	0.5	7.86682	55.2773	0	0.943396	-0.331668	0	None	None
ChainingRodShaped	772	3.87729	0.5	9.40199	30.4681	0	0.999992	0.00388561	0	None	None
ChainingRodShaped	774	4.42885	0.5	31.9135	24.9959	0	-0.757897	0.652374	0	None	None
ChainingRodShaped	776	3.72212	0.5	-1.39281	9.86144	0	-0.924985	0.380004	0	None	None
ChainingRodShaped	778	4.45501	0.5	11.468	10.736	0	0.0382463	-0.999268	0	None	None
ChainingRodShaped	780	3.4995	0.5	-5.88504	55.0525	0	0.999931	-0.0117399	0	None	None
ChainingRodShaped	782	4.70435	0.5	14.6556	11.8148	0	-0.212614	-0.977136	0	None	None
ChainingRodShaped	784	3.34451	0.5	35.1449	15.0813	0	-0.856142	-0.516741	0	None	None
ChainingRodShaped	786	3.60512	0.5	3.0405	36.86	0	0.257056	-0.966397	0	None	None
ChainingRodShaped	788	3.24599	0.5	-0.849982	55.9276	0	0.943237	-0.332121	0	None	None
ChainingRodShaped	1231	2.10481	0.5	13.014	22.2481	0	0.660895	-0.750479	0	None	None
ChainingRodShaped	792	3.78091	0.5	25.6927	31.2127	0	-0.83119	0.555988	0	None	None
ChainingRodShaped	794	4.7101	0.5	-15.0626	21.9601	0	0.89287	-0.450315	0	None	None
ChainingRodShaped	796	3.42539	0.5	18.1604	19.3027	0	-0.639143	-0.769088	0	None	None
ChainingRodShaped	798	4.70423	0.5	29.8076	14.6404	0	-0.998955	-0.045703	0	None	None
ChainingRodShaped	800	3.45182	0.5	5.81057	40.0514	0	0.912162	-0.40983	0	None	None
ChainingRodShaped	802	3.23281	0.5	-7.96266	13.0263	0	-0.419486	-0.907762	0	None	None
ChainingRodShaped	804	4.45087	0.5	36.1194	36.7377	0	-0.0557347	-0.998446	0	None	None
ChainingRodShaped	806	3.07652	0.5	-1.42479	45.3133	0	0.716921	-0.697155	0	None	None
ChainingRodShaped	808	4.20609	0.5	-7.86531	43.2437	0	0.557786	0.829985	0	None	None
ChainingRodShaped	810	4.82985	0.5	8.89531	6.23913	0	-0.210975	-0.977491	0	None	None
ChainingRodShaped	812	3.90085	0.5	-5.07897	56.5303	0	0.967736	0.251966	0	None	None
ChainingRodShaped	814	3.31915	0.5	8.54508	20.7167	0	0.357604	-0.933873	0	None	None
ChainingRodShaped	816	3.77907	0.5	-9.46719	44.3324	0	0.566461	0.824088	0	None	None
ChainingRodShaped	818	4.01608	0.5	36.3412	22.1059	0	0.823026	-0.568003	0	None	None
ChainingRodShaped	820	3.32916	0.5	-4.56144	14.9464	0	-0.892743	0.450566	0	None	None
ChainingRodShaped	822	4.88333	0.5	19.5264	48.5587	0	0.667737	-0.744397	0	None	None
ChainingRodShaped	824	4.33994	0.5	-2.21513	9.16098	0	-0.921273	0.388917	0	None	None
ChainingRodShaped	826	3.83904	0.5	24.6869	29.9706	0	0.65932	-0.751863	0	None	None
ChainingRodShaped	828	4.50554	0.5	25.0962	46.8155	0	0.689942	-0.723865	0	None	None
ChainingRodShaped	830	3.24571	0.5	16.2368	52.3039	0	0.510107	-0.860111	0	None	None
ChainingRodShaped	832	3.48583	0.5	26.1529	13.8769	0	-0.365208	-0.930926	0	None	None
ChainingRodShaped	834	3.79839	0.5	-14.5779	40.9088	0	0.964468	0.264199	0	None	None
ChainingRodShaped	836	4.50819	0.5	24.4246	44.6643	0	0.682961	-0.730455	0	None	None
ChainingRodShaped	838	3.9771	0.5	20.6262	51.114	0	0.92496	-0.380064	0	None	None
ChainingRodShaped	840	3.69837	0.5	-5.84683	36.4437	0	-0.178218	-0.983991	0	None	None
ChainingRodShaped	842	4.34713	0.5	35.6911	21.3681	0	0.819771	-0.572691	0	None	None
ChainingRodShaped	844	3.199	0.5	4.77762	35.3128	0	0.467662	-0.883907	0	None	None
ChainingRodShaped	846	4.60047	0.5	-14.2051	36.9113	0	0.750789	0.660542	0	None	None
ChainingRodShaped	848	3.53254	0.5	8.7479	-0.0916795	0	0.989029	0.14772	0	None	None
ChainingRodShaped	850	4.23323	0.5	29.2226	20.5228	0	0.25328	-0.967393	0	None	None
ChainingRodShaped	852	3.58104	0.5	-16.524	29.3471	0	0.306076	0.952007	0	None	None
ChainingRodShaped	854	4.22396	0.5	20.5533	33.7774	0	0.999998	0.00212952	0	None	None
ChainingRodShaped	856	4.54955	0.5	15.9574	8.83226	0	-0.193027	-0.981193	0	None	None
ChainingRodShaped	858	4.3958	0.5	16.2439	13.4449	0	-0.334133	-0.942526	0	None	None
ChainingRodShaped	860	3.53557	0.5	9.66125	43.5901	0	0.928049	-0.372457	0	None	None
ChainingRodShaped	862	4.58431	0.5	-7.71233	56.7616	0	-0.893581	-0.448901	0	None	None
ChainingRodShaped	864	3.37645	0.5	-6.96018	40.9948	0	0.616548	0.787317	0	None	None
ChainingRodShaped	866	2.90001	0.5	15.5729	31.7954	0	0.812407	-0.583091	0	None	None
ChainingRodShaped	868	2.92959	0.5	12.0628	33.3538	0	0.985176	-0.171545	0	None	None
ChainingRodShaped	870	4.24286	0.5	31.6875	40.7793	0	0.294071	-0.955784	0	None	None
ChainingRodShaped	872	2.89452	0.5	23.3657	8.38229	0	0.598889	-0.800832	0	None	None
ChainingRodShaped	874	3.082	0.5	13.4375	1.83118	0	0.992432	0.122794	0	None	None
ChainingRodShaped	876	4.44967	0.5	31.4258	7.20416	0	-0.310951	0.950426	0	None	None
ChainingRodShaped	878	3.12117	0.5	-5.43637	10.4075	0	0.388979	-0.921247	0	None	None
ChainingRodShaped	880	4.15659	0.5	-1.42214	15.472	0	-0.418532	-0.908202	0	None	None
ChainingRodShaped	882	3.85573	0.5	17.9475	45.9566	0	0.672872	-0.739759	0	None	None
ChainingRodShaped	884	3.36053	0.5	4.21875	27.375	0	0.942379	-0.334547	0	None	None
ChainingRodShaped	886	3.24136	0.5	29.8007	38.9395	0	0.546617	-0.837383	0	None	None
ChainingRodShaped	888	3.6848	0.5	-8.13101	34.4957	0	-0.169213	-0.985579	0	None	None
ChainingRodShaped	890	3.03543	0.5	-4.05359	15.7588	0	-0.891137	0.453735	0	None	None
ChainingRodShaped	892	3.45679	0.5	20.2283	37.5925	0	0.999421	0.0340115	0	None	None
ChainingRodShaped	894	4.25	0.5	-4.70007	5.43567	0	0.954714	-0.297524	0	None	None
ChainingRodShaped	896	3.94622	0.5	-9.87408	35.8346	0	0.7627	0.646753	0	None	None
ChainingRodShaped	898	3.83224	0.5	0.475611	7.60268	0	0.556156	0.831078	0	None	None
ChainingRodShaped	900	3.35077	0.5	-3.15568	51.3748	0	0.971049	-0.238879	0	None	None
ChainingRodShaped	902	3.37539	0.5	33.3128	17.2071	0	-0.526046	-0.850456	0	None	None
ChainingRodShaped	904	2.86281	0.5	1.5971	3.90624	0	0.520262	0.854007	0	None	None
ChainingRodShaped	906	2.88083	0.5	36.8007	29.638	0	-0.191964	-0.981402	0	None	None
ChainingRodShaped	908	3.05811	0.5	11.1871	44.0411	0	0.934524	-0.355901	0	None	None
ChainingRodShaped	910	2.86467	0.5	29.397	37.8059	0	0.554967	-0.831872	0	None	None
ChainingRodShaped	912	3.53666	0.5	5.64433	14.8819	0	0.323792	-0.946128	0	None	None
ChainingRodShaped	914	3.49111	0.5	8.57745	34.8178	0	0.611649	-0.791129	0	None	None
ChainingRodShaped	916	2.81291	0.5	-9.20307	13.1421	0	-0.539443	-0.842022	0	None	None
ChainingRodShaped	918	3.78884	0.5	15.2542	40.5347	0	0.946537	-0.322596	0	None	None
ChainingRodShaped	920	2.86483	0.5	10.8609	41.0303	0	0.944727	-0.327857	0	None	None
ChainingRodShaped	922	3.34571	0.5	8.50791	27.4716	0	0.995976	-0.0896169	0	None	None
ChainingRodShaped	924	2.9359	0.5	7.27775	41.4723	0	0.918817	-0.394685	0	None	None
ChainingRodShaped	926	3.3613	0.5	18.2653	20.9329	0	-0.641938	-0.766757	0	None	None
ChainingRodShaped	928	3.46535	0.5	-6.58303	10.6381	0	0.380605	-0.924738	0	None	None
ChainingRodShaped	930	3.88108	0.5	-1.84513	17.5944	0	-0.817253	-0.576278	0	None	None
ChainingRodShaped	932	3.01351	0.5	6.61914	53.1317	0	0.725937	-0.687761	0	None	None
ChainingRodShaped	934	4.04213	0.5	4.93905	0.228029	0	0.536329	-0.844009	0	None	None
ChainingRodShaped	936	3.66813	0.5	23.1883	1.32554	0	0.991582	0.129481	0	None	None
ChainingRodShaped	938	3.66195	0.5	6.4261	5.97322	0	-0.443623	-0.896213	0	None	None
ChainingRodShaped	940	3.13943	0.5	22.3182	39.551	0	0.997767	-0.0667915	0	None	None
ChainingRodShaped	942	3.24023	0.5	-1.92368	41.3759	0	0.20694	-0.978354	0	None	None
ChainingRodShaped	944	3.32067	0.5	30.9593	31.0616	0	-0.0361603	-0.999346	0	None	None
ChainingRodShaped	946	2.70604	0.5	-16.9677	31.5312	0	0.229662	0.97327	0	None	None
ChainingRodShaped	948	3.49199	0.5	25.3471	14.4644	0	-0.364284	-0.931288	0	None	None
ChainingRodShaped	950	3.06736	0.5	14.7756	56.2354	0	0.884197	-0.467115	0	None	None
ChainingRodShaped	952	2.65822	0.5	29.5921	12.6914	0	-0.99911	-0.042174	0	None	None
ChainingRodShaped	954	3.64621	0.5	7.79049	40.2136	0	0.914823	-0.403855	0	None	None
ChainingRodShaped	956	3.45179	0.5	4.21335	-0.464287	0	0.537397	-0.843329	0	None	None
ChainingRodShaped	958	3.6712	0.5	8.48845	15.5647	0	0.351001	-0.936375	0	None	None
ChainingRodShaped	960	2.8666	0.5	30.2014	17.5431	0	-0.9989	-0.046894	0	None	None
ChainingRodShaped	962	3.50757	0.5	2.40058	13.0862	0	0.0178806	0.99984	0	None	None
ChainingRodShaped	964	3.26738	0.5	20.8848	24.2661	0	0.66266	-0.74892	0	None	None
ChainingRodShaped	966	2.6563	0.5	3.19939	39.2841	0	0.704838	-0.709369	0	None	None
ChainingRodShaped	968	3.20166	0.5	-12.1616	45.5987	0	0.562263	0.826959	0	None	None
ChainingRodShaped	970	3.1782	0.5	-12.9942	29.4341	0	-0.516314	-0.856399	0	None	None
ChainingRodShaped	972	3.19637	0.5	5.51037	11.486	0	0.159745	-0.987158	0	None	None
ChainingRodShaped	974	2.95811	0.5	-11.0429	40.4153	0	0.602852	0.797853	0	None	None
ChainingRodShaped	976	3.24656	0.5	3.82624	5.64227	0	-0.529683	-0.848196	0	None	None
ChainingRodShaped	978	3.52575	0.5	36.8831	17.0858	0	-0.950298	-0.311341	0	None	None
ChainingRodShaped	980	2.84278	0.5	29.7457	9.29534	0	-0.022852	0.999739	0	None	None
ChainingRodShaped	982	3.69204	0.5	-10.6693	25.4966	0	0.0960447	-0.995377	0	None	None
ChainingRodShaped	984	2.88584	0.5	19.4489	52.644	0	0.928714	-0.370796	0	None	None
ChainingRodShaped	986	3.32314	0.5	24.0016	3.64354	0	0.747108	-0.664702	0	None	None
ChainingRodShaped	988	3.72831	0.5	23.1268	40.4498	0	0.997432	-0.0716224	0	None	None
ChainingRodShaped	990	2.70764	0.5	7.16229	29.5053	0	0.997173	-0.0751336	0	None	None
ChainingRodShaped	992	3.43172	0.5	-4.59953	26.9867	0	0.122702	-0.992444	0	None	None
ChainingRodShaped	994	2.8029	0.5	-8.97168	51.5048	0	0.911106	0.412172	0	None	None
ChainingRodShaped	996	3.41323	0.5	-6.12123	40.5082	0	0.623365	0.781931	0	None	None
ChainingRodShaped	998	2.80885	0.5	0.655471	18.4403	0	-0.130653	-0.991428	0	None	None
ChainingRodShaped	1000	3.56358	0.5	5.36872	23.5818	0	0.376581	-0.926384	0	None	None
ChainingRodShaped	1002	3.36507	0.5	37.5718	40.2642	0	-0.623863	0.781534	0	None	None
ChainingRodShaped	1004	3.35324	0.5	-5.65582	31.4976	0	-0.126243	-0.991999	0	None	None
ChainingRodShaped	1006	3.26912	0.5	-8.67759	24.6091	0	0.623076	-0.782161	0	None	None
ChainingRodShaped	1008	3.15275	0.5	1.07548	24.0803	0	0.362942	-0.931812	0	None	None
ChainingRodShaped	1010	2.80799	0.5	-2.00571	33.8144	0	0.786366	-0.617761	0	None	None
ChainingRodShaped	1012	2.62084	0.5	-1.09811	26.7743	0	0.480593	-0.876944	0	None	None
ChainingRodShaped	1014	3.47232	0.5	-1.82708	30.618	0	-0.059841	-0.998208	0	None	None
ChainingRodShaped	1016	2.5815	0.5	7.54448	43.4244	0	0.924274	-0.381729	0	None	None
ChainingRodShaped	1018	2.56887	0.5	2.16268	53.2963	0	0.907268	-0.420554	0	None	None
ChainingRodShaped	1020	3.11841	0.5	23.6192	34.6844	0	0.998701	-0.0509487	0	None	None
ChainingRodShaped	1022	3.36847	0.5	-15.0019	43.5075	0	-0.0242838	0.999705	0	None	None
ChainingRodShaped	1024	3.26613	0.5	8.20928	36.8929	0	0.897499	-0.441016	0	None	None
ChainingRodShaped	1026	3.24849	0.5	15.8854	35.554	0	0.999216	0.039586	0	None	None
ChainingRodShaped	1028	2.86915	0.5	21.1332	0.00970449	0	0.780742	-0.624853	0	None	None
ChainingRodShaped	1030	2.92355	0.5	27.3439	6.64267	0	0.742789	-0.669526	0	None	None
ChainingRodShaped	1032	2.82965	0.5	10.0451	46.624	0	0.97722	0.212228	0	None	None
ChainingRodShaped	1034	2.46175	0.5	4.55773	44.7053	0	0.696857	-0.71721	0	None	None
ChainingRodShaped	1036	2.73731	0.5	15.8539	-0.494506	0	0.976237	-0.216707	0	None	None
ChainingRodShaped	1038	2.5712	0.5	-2.89892	36.9074	0	-0.186134	-0.982524	0	None	None
ChainingRodShaped	1040	2.75983	0.5	9.02546	16.8852	0	0.373275	-0.927721	0	None	None
ChainingRodShaped	1042	3.07625	0.5	25.9442	47.3467	0	0.690037	-0.723775	0	None	None
ChainingRodShaped	1044	2.59694	0.5	3.17861	32.2667	0	0.517546	-0.855655	0	None	None
ChainingRodShaped	1046	3.0893	0.5	0.344675	14.7684	0	-0.389587	-0.92099	0	None	None
ChainingRodShaped	1048	2.43308	0.5	19.4097	12.2142	0	-0.152605	-0.988287	0	None	None
ChainingRodShaped	1050	2.48913	0.5	12.4693	9.16959	0	0.0482375	-0.998836	0	None	None
ChainingRodShaped	1052	2.49989	0.5	28.4325	36.581	0	0.165922	-0.986139	0	None	None
ChainingRodShaped	1054	2.70899	0.5	21.1557	21.0565	0	-0.0724106	-0.997375	0	None	None
ChainingRodShaped	1056	2.85964	0.5	15.68	34.6119	0	0.998966	0.0454659	0	None	None
ChainingRodShaped	1058	2.51979	0.5	31.2491	45.8529	0	0.663312	-0.748343	0	None	None
ChainingRodShaped	1060	3.07385	0.5	5.94697	49.3771	0	0.220159	-0.975464	0	None	None
ChainingRodShaped	1062	2.66599	0.5	-2.14548	24.5898	0	0.315574	-0.948901	0	None	None
ChainingRodShaped	1064	2.43627	0.5	18.5368	32.8179	0	0.999999	-0.00101072	0	None	None
ChainingRodShaped	1066	2.42842	0.5	14.4323	31.4591	0	0.813868	-0.58105	0	None	None
ChainingRodShaped	1068	2.95656	0.5	-2.75265	31.621	0	-0.11763	-0.993057	0	None	None
ChainingRodShaped	1070	2.3589	0.5	18.9545	23.255	0	-0.64734	-0.762202	0	None	None
ChainingRodShaped	1072	2.65571	0.5	-8.83878	48.6637	0	0.531588	0.847003	0	None	None
ChainingRodShaped	1074	2.52149	0.5	-5.35966	23.6262	0	0.758006	-0.652248	0	None	None
ChainingRodShaped	1076	2.9151	0.5	-5.95199	44.3455	0	0.564015	0.825765	0	None	None
ChainingRodShaped	1078	2.4688	0.5	8.9466	52.4368	0	0.797755	-0.602982	0	None	None
ChainingRodShaped	1080	2.65145	0.5	17.3214	11.0546	0	-0.152594	-0.988289	0	None	None
ChainingRodShaped	1082	2.36442	0.5	16.912	48.5828	0	0.658051	-0.752973	0	None	None
ChainingRodShaped	1084	2.37211	0.5	-1.90484	48.4741	0	0.709308	-0.704898	0	None	None
ChainingRodShaped	1086	2.69937	0.5	8.08407	31.6479	0	0.986872	-0.161504	0	None	None
ChainingRodShaped	1088	2.4442	0.5	4.2558	55.6821	0	0.893294	-0.449473	0	None	None
ChainingRodShaped	1090	2.72858	0.5	15.9972	24.2929	0	1	0.000202609	0	None	None
ChainingRodShaped	1092	2.33346	0.5	-10.963	48.9485	0	0.52019	0.85405	0	None	None
ChainingRodShaped	1094	2.78813	0.5	6.62445	50.7333	0	0.221502	-0.97516	0	None	None
ChainingRodShaped	1096	2.53006	0.5	19.155	36.6036	0	0.999649	0.0264755	0	None	None
ChainingRodShaped	1098	2.65826	0.5	29.83	23.3527	0	0.988413	-0.151788	0	None	None
ChainingRodShaped	1100	2.4602	0.5	32.7001	35.7859	0	0.436898	-0.899511	0	None	None
ChainingRodShaped	1102	2.58497	0.5	10.5254	52.4455	0	0.791682	-0.610934	0	None	None
ChainingRodShaped	1104	2.6591	0.5	-1.22591	34.4148	0	0.781263	-0.624202	0	None	None
ChainingRodShaped	1106	2.4205	0.5	-17.9917	26.9374	0	-0.511465	0.859304	0	None	None
ChainingRodShaped	1108	2.78505	0.5	21.254	54.1836	0	0.890414	-0.455151	0	None	None
ChainingRodShaped	1110	2.36555	0.5	16.035	26.5233	0	0.948971	0.315362	0	None	None
ChainingRodShaped	1112	2.7342	0.5	33.3	30.0472	0	0.181252	-0.983437	0	None	None
ChainingRodShaped	1114	2.48333	0.5	9.96414	24.4432	0	0.572589	-0.819843	0	None	None
ChainingRodShaped	1116	2.63476	0.5	15.141	4.6545	0	0.929502	-0.368818	0	None	None
ChainingRodShaped	1118	2.43146	0.5	-3.99612	40.9204	0	-0.0334345	0.999441	0	None	None
ChainingRodShaped	1120	2.65726	0.5	26.1931	36.451	0	0.998246	-0.0592007	0	None	None
ChainingRodShaped	1122	2.71659	0.5	21.753	27.5696	0	0.665635	-0.746277	0	None	None
ChainingRodShaped	1124	2.26589	0.5	-12.4418	25.8035	0	0.742122	-0.670264	0	None	None
ChainingRodShaped	1126	2.71239	0.5	22.6402	38.5712	0	0.998267	-0.0588436	0	None	None
ChainingRodShaped	1128	2.62637	0.5	35.2278	38.5057	0	-0.0910271	-0.995848	0	None	None
ChainingRodShaped	1130	2.30535	0.5	6.16623	57.0087	0	0.916559	-0.399899	0	None	None
ChainingRodShaped	1132	2.67162	0.5	23.7882	9.50346	0	0.621597	-0.783338	0	None	None
ChainingRodShaped	1134	2.26855	0.5	7.30133	12.4966	0	0.17131	-0.985217	0	None	None
ChainingRodShaped	1136	2.58003	0.5	17.4902	45.0317	0	0.677764	-0.73528	0	None	None
ChainingRodShaped	1138	2.34875	0.5	16.157	25.5785	0	0.952083	0.305839	0	None	None
ChainingRodShaped	1140	2.62282	0.5	35.5428	28.6634	0	-0.0148145	-0.99989	0	None	None
ChainingRodShaped	1142	2.58589	0.5	-9.8403	38.3928	0	0.746616	0.665255	0	None	None
ChainingRodShaped	1144	2.39843	0.5	-3.01629	40.8843	0	0.030253	-0.999542	0	None	None
ChainingRodShaped	1146	2.51122	0.5	-4.301	34.1589	0	-0.165695	-0.986177	0	None	None
ChainingRodShaped	1148	2.32097	0.5	18.2389	23.8914	0	-0.643021	-0.765848	0	None	None
ChainingRodShaped	1150	2.22817	0.5	2.59995	18.7161	0	-0.130648	-0.991429	0	None	None
ChainingRodShaped	1152	2.50596	0.5	24.669	21.5437	0	0.133792	-0.991009	0	None	None
ChainingRodShaped	1154	2.51235	0.5	20.2756	22.1529	0	-0.0702357	-0.99753	0	None	None
ChainingRodShaped	1156	2.28433	0.5	18.598	16.9743	0	0.178892	-0.983869	0	None	None
ChainingRodShaped	1158	2.22256	0.5	12.4429	54.7936	0	0.550982	-0.834517	0	None	None
ChainingRodShaped	1160	2.44915	0.5	29.2187	30.9271	0	0.593266	-0.805006	0	None	None
ChainingRodShaped	1162	2.18374	0.5	20.8107	15.4734	0	0.185272	-0.982687	0	None	None
ChainingRodShaped	1164	2.16183	0.5	-12.5592	32.8143	0	0.863566	0.504235	0	None	None
ChainingRodShaped	1166	2.32516	0.5	37.0086	35.0075	0	-0.0494816	-0.998775	0	None	None
ChainingRodShaped	1168	2.22711	0.5	-16.0499	36.6042	0	0.7507	0.660643	0	None	None
ChainingRodShaped	1170	2.38043	0.5	15.8454	2.46322	0	0.448292	-0.893887	0	None	None
ChainingRodShaped	1172	2.21099	0.5	-2.59826	53.2473	0	0.96914	-0.246511	0	None	None
ChainingRodShaped	1174	2.35252	0.5	9.4215	4.04286	0	-0.214105	-0.976811	0	None	None
ChainingRodShaped	1176	2.30553	0.5	9.85861	19.9442	0	0.366921	-0.930252	0	None	None
ChainingRodShaped	1178	2.34057	0.5	22.133	19.9923	0	0.0124301	-0.999923	0	None	None
ChainingRodShaped	1180	2.28259	0.5	4.1639	26.407	0	0.943658	-0.330921	0	None	None
ChainingRodShaped	1182	2.21229	0.5	-16.1256	27.3646	0	0.314541	0.949244	0	None	None
ChainingRodShaped	1184	2.13625	0.5	5.1667	36.5834	0	0.476491	-0.879179	0	None	None
ChainingRodShaped	1186	2.15155	0.5	-14.1681	19.243	0	-0.195381	-0.980727	0	None	None
ChainingRodShaped	1188	2.13119	0.5	25.5378	22.3151	0	0.134174	-0.990958	0	None	None
ChainingRodShaped	1190	2.27788	0.5	18.8496	8.58268	0	0.878758	-0.477268	0	None	None
ChainingRodShaped	1192	2.31168	0.5	21.0371	45.4432	0	0.679389	-0.733778	0	None	None
ChainingRodShaped	1194	2.11152	0.5	26.066	50.3193	0	0.398582	-0.917133	0	None	None
ChainingRodShaped	1196	2.11941	0.5	-3.81987	28.6455	0	0.13193	-0.991259	0	None	None
ChainingRodShaped	1198	2.13133	0.5	1.51799	39.0696	0	0.225027	-0.974353	0	None	None
ChainingRodShaped	1200	2.15759	0.5	8.10364	13.4889	0	0.228205	-0.973613	0	None	None
ChainingRodShaped	1202	2.11483	0.5	18.7063	3.53663	0	0.991253	-0.131975	0	None	None
ChainingRodShaped	1204	2.17223	0.5	27.7393	22.4964	0	0.191358	-0.98152	0	None	None
ChainingRodShaped	1206	2.18113	0.5	17.3213	55.0982	0	0.34454	-0.938772	0	None	None
ChainingRodShaped	1208	2.18721	0.5	-0.0648716	48.0245	0	0.714177	-0.699965	0	None	None
ChainingRodShaped	1210	2.09937	0.5	4.99459	56.4183	0	0.893427	-0.449207	0	None	None
ChainingRodShaped	1212	2.10186	0.5	6.90467	24.7478	0	0.98838	-0.152006	0	None	None
ChainingRodShaped	1214	2.12816	0.5	-12.695	22.1964	0	0.984096	-0.17764	0	None	None
ChainingRodShaped	1216	2.07989	0.5	12.8711	36.364	0	0.999707	0.0242145	0	None	None
ChainingRodShaped	1218	2.08855	0.5	-1.13396	24.5244	0	0.325064	-0.945692	0	None	None
ChainingRodShaped	1220	2.18066	0.5	12.5622	44.571	0	0.938037	-0.346536	0	None	None
ChainingRodShaped	1222	2.12515	0.5	4.34758	10.9341	0	0.0747756	0.9972	0	None	None
ChainingRodShaped	1224	2.10562	0.5	19.4763	50.0675	0	0.675149	-0.737681	0	None	None
ChainingRodShaped	1226	2.08521	0.5	-18.4382	34.6493	0	0.579863	0.814714	0	None	None
ChainingRodShaped	1228	2.08188	0.5	-4.74556	50.7551	0	0.96892	-0.247376	0	None	None
ChainingRodShaped	1230	2.08728	0.5	6.6719	22.9062	0	0.365834	-0.93068	0	None	None
ChainingRodShaped	1232	2.06473	0.5	11.026	24.5442	0	0.564376	-0.825518	0	None	None
ChainingRodShaped	1234	2.06839	0.5	-1.05916	36.7545	0	0.747877	-0.663837	0	None	None
ChainingRodShaped	1236	2.06221	0.5	3.88853	24.6891	0	0.376997	-0.926215	0	None	None
ChainingRodShaped	1238	2.05798	0.5	-8.44868	7.89303	0	0.983524	0.180776	0	None	None
ChainingRodShaped	1240	2.04182	0.5	32.1822	46.2971	0	0.662486	-0.749075	0	None	None
ChainingRodShaped	1242	2.02898	0.5	0.264076	58.2792	0	0.998413	-0.0563151	0	None	None
ChainingRodShaped	1244	2.01047	0.5	9.81015	1.4081	0	0.960048	-0.279834	0	None	None
ChainingRodShaped	1246	2.00748	0.5	2.37539	31.7536	0	0.512823	-0.858494	0	None	None
