cell_type	cell_id	length	radius	pos_x	pos_y	pos_z	ori_x	ori_y	ori_z	lower_link	upper_link
ChainingRodShaped	4860	2.57067	0.5	19.7356	23.3532	0	-0.129398	-0.991593	0	4861	None
ChainingRodShaped	4984	2.59043	0.5	-20.453	31.203	0	0.999576	0.0291025	0	None	None
ChainingRodShaped	4680	3.93812	0.5	13.5199	32.0913	0	-0.192761	-0.981246	0	None	None
ChainingRodShaped	4834	3.65483	0.5	-40.188	46.4487	0	0.814421	-0.580274	0	None	None
ChainingRodShaped	4598	4.91266	0.5	-3.76157	42.0507	0	0.952188	-0.305512	0	4599	None
ChainingRodShaped	5076	2.3464	0.5	-12.1569	32.0933	0	0.880582	0.473893	0	None	None
ChainingRodShaped	4996	2.56617	0.5	-21.747	40.232	0	0.841205	0.540717	0	4997	None
ChainingRodShaped	5052	2.26616	0.5	10.6729	27.1866	0	-0.998819	-0.0485854	0	None	None
ChainingRodShaped	4936	2.97142	0.5	-16.084	42.7326	0	0.837254	0.546814	0	4937	None
ChainingRodShaped	4768	2.95457	0.5	14.9331	41.2089	0	-0.193142	-0.981171	0	4769	None
ChainingRodShaped	4582	4.59758	0.5	-30.012	40.3651	0	0.747534	0.664223	0	4583	None
ChainingRodShaped	4828	3.45206	0.5	-18.0081	31.0658	0	0.643004	0.765863	0	None	None
ChainingRodShaped	4744	4.47835	0.5	10.0851	23.1332	0	0.661107	-0.750292	0	None	None
ChainingRodShaped	5006	2.62656	0.5	-8.52746	48.0788	0	-0.231438	-0.97285	0	None	None
ChainingRodShaped	4586	4.99873	0.5	3.9901	29.012	0	0.848775	0.528754	0	5064	None
ChainingRodShaped	4800	3.38748	0.5	-23.823	40.0646	0	0.841342	0.540502	0	None	None
ChainingRodShaped	4864	3.41254	0.5	12.5646	39.6011	0	0.885136	-0.465332	0	None	None
ChainingRodShaped	4948	2.38676	0.5	43.0177	38.7557	0	0.878717	0.477344	0	4949	None
ChainingRodShaped	4924	2.69696	0.5	-10.7919	26.9662	0	0.307198	-0.951646	0	None	None
ChainingRodShaped	4786	3.26497	0.5	-3.28752	30.0831	0	-0.421079	-0.907024	0	4787	None
ChainingRodShaped	4558	3.98021	0.5	-7.54615	11.097	0	0.270901	-0.962607	0	4858	None
ChainingRodShaped	4656	4.70582	0.5	8.52802	57.5951	0	-0.287332	0.957831	0	5086	None
ChainingRodShaped	4932	2.76839	0.5	0.743519	41.2947	0	0.456725	0.889608	0	4933	None
ChainingRodShaped	4910	3.48931	0.5	-17.481	34.2944	0	0.724528	-0.689246	0	None	None
ChainingRodShaped	4406	4.71334	0.5	-9.11407	30.3035	0	0.0573879	0.998352	0	4407	None
ChainingRodShaped	4946	3.37197	0.5	-22.3088	48.0948	0	0.931736	0.363136	0	None	None
ChainingRodShaped	4976	3.05894	0.5	-24.2757	42.9744	0	0.389902	-0.920856	0	None	None
ChainingRodShaped	4400	4.70583	0.5	4.21577	54.1945	0	-0.231303	0.972882	0	4538	None
ChainingRodShaped	4956	3.17966	0.5	17.723	22.0534	0	-0.85314	0.521681	0	None	None
ChainingRodShaped	4990	2.52729	0.5	28.5974	50.464	0	-0.988004	0.154425	0	None	None
ChainingRodShaped	4556	3.88256	0.5	-7.16392	19.8417	0	-0.984649	0.174548	0	4840	None
ChainingRodShaped	4770	4.25877	0.5	37.6327	39.9756	0	0.962579	0.271	0	None	None
ChainingRodShaped	4706	3.89107	0.5	23.373	31.4183	0	-0.17932	0.983791	0	None	None
ChainingRodShaped	4970	3.00316	0.5	35.1342	41.042	0	0.98541	-0.170198	0	None	None
ChainingRodShaped	4696	4.0415	0.5	11.1587	30.1797	0	-0.179276	-0.983799	0	None	None
ChainingRodShaped	4610	4.00801	0.5	15.9374	39.9051	0	-0.534685	-0.845051	0	4611	None
ChainingRodShaped	4960	2.61675	0.5	3.07146	20.3239	0	-0.904233	-0.42704	0	None	None
ChainingRodShaped	4892	3.00486	0.5	16.5426	43.2263	0	-0.345981	-0.938242	0	4893	None
ChainingRodShaped	4920	2.96121	0.5	34.0879	55.5633	0	-0.617104	0.786882	0	4921	None
ChainingRodShaped	4674	4.55542	0.5	-1.75046	22.8067	0	-0.780785	-0.624799	0	5100	None
ChainingRodShaped	4662	4.02608	0.5	7.50133	32.2956	0	0.856436	0.516254	0	5120	None
ChainingRodShaped	4562	4.92874	0.5	-27.5621	19.7824	0	-0.901648	-0.43247	0	4563	None
ChainingRodShaped	4814	3.45979	0.5	-29.4641	47.1408	0	0.896124	-0.443804	0	None	None
ChainingRodShaped	4796	4.58798	0.5	-20.5031	49.6601	0	-0.921588	0.38817	0	None	None
ChainingRodShaped	4542	3.84472	0.5	-3.57369	27.4498	0	-0.564631	-0.825343	0	4856	None
ChainingRodShaped	4980	3.05597	0.5	28.7294	46.2522	0	0.969221	-0.246194	0	None	None
ChainingRodShaped	4362	4.95581	0.5	2.82326	50.5411	0	0.656725	-0.75413	0	4698	None
ChainingRodShaped	5096	2.04234	0.5	14.966	30.7399	0	-0.407179	-0.913349	0	5097	None
ChainingRodShaped	4608	4.9631	0.5	16.4139	15.007	0	0.46988	-0.88273	0	None	None
ChainingRodShaped	4618	4.74311	0.5	26.5685	32.0057	0	-0.879197	-0.476459	0	None	None
ChainingRodShaped	4554	4.70709	0.5	-38.948	36.8251	0	0.519269	-0.854611	0	5032	None
ChainingRodShaped	4866	3.87665	0.5	-12.2262	48.2567	0	0.919076	-0.39408	0	None	None
ChainingRodShaped	5050	2.21682	0.5	-10.0377	46.2381	0	0.918975	-0.394317	0	5051	None
ChainingRodShaped	5062	2.30276	0.5	-12.6209	24.9401	0	-0.0574764	0.998347	0	5063	None
ChainingRodShaped	4898	2.88784	0.5	48.2712	35.6602	0	0.643925	-0.765089	0	4899	None
ChainingRodShaped	4820	3.98035	0.5	-14.4301	35.4286	0	-0.837714	-0.54611	0	None	None
ChainingRodShaped	4838	3.65116	0.5	-5.62871	46.0313	0	-0.900698	-0.434446	0	None	None
ChainingRodShaped	4584	4.19943	0.5	-46.9968	53.6289	0	-0.863767	0.503892	0	4912	None
ChainingRodShaped	4532	4.8864	0.5	34.951	45.2382	0	0.236729	-0.971576	0	4533	None
ChainingRodShaped	4888	3.51234	0.5	0.651106	21.1996	0	-0.428316	-0.903629	0	None	None
ChainingRodShaped	4648	3.48777	0.5	-24.7364	33.2139	0	0.969131	0.246545	0	4649	None
ChainingRodShaped	4642	4.34918	0.5	-34.7713	30.6466	0	0.968388	0.24945	0	4643	4649
ChainingRodShaped	4934	3.17176	0.5	3.63737	22.154	0	-0.758606	-0.65155	0	None	None
ChainingRodShaped	4600	4.00972	0.5	32.3545	55.9021	0	0.235833	-0.971794	0	4964	4533
ChainingRodShaped	4832	3.25957	0.5	-36.3431	47.4906	0	-0.870498	0.492172	0	4833	4913
ChainingRodShaped	4756	4.8568	0.5	-7.45181	42.1934	0	-0.951632	0.30724	0	None	None
ChainingRodShaped	4950	3.10839	0.5	-16.9241	36.9765	0	-0.233179	-0.972434	0	None	None
ChainingRodShaped	4690	4.49503	0.5	38.3543	47.4392	0	0.643621	-0.765345	0	4691	4987
ChainingRodShaped	4349	4.84182	0.5	-12.1731	17.1182	0	-0.0569619	0.998376	0	None	5063
ChainingRodShaped	5020	2.27179	0.5	-23.2988	51.9146	0	0.920897	-0.389806	0	5021	4809
ChainingRodShaped	4752	4.18726	0.5	-10.548	49.8037	0	0.466064	-0.884751	0	None	None
ChainingRodShaped	5042	2.22836	0.5	-44.7719	46.3722	0	0.523124	-0.852256	0	5043	5033
ChainingRodShaped	4958	2.84288	0.5	25.7823	35.1104	0	-0.111865	-0.993723	0	None	None
ChainingRodShaped	4754	4.74039	0.5	17.6319	18.9733	0	0.655208	-0.755449	0	None	None
ChainingRodShaped	4612	4.48405	0.5	19.6515	41.4027	0	-0.394738	-0.918794	0	5026	4621
ChainingRodShaped	4698	3.85883	0.5	-0.727132	54.6185	0	0.656647	-0.754198	0	4699	4362
ChainingRodShaped	4660	4.5888	0.5	25.579	54.3865	0	-0.720985	0.692951	0	None	None
ChainingRodShaped	5066	2.12869	0.5	2.74422	36.7167	0	-0.562102	-0.827068	0	5067	4857
ChainingRodShaped	4978	2.62905	0.5	-17.0611	47.3843	0	-0.952797	0.303607	0	None	None
ChainingRodShaped	4880	3.88622	0.5	-32.5922	49.2387	0	0.992157	-0.124999	0	None	None
ChainingRodShaped	4862	2.79492	0.5	-18.4594	24.1495	0	-0.901489	-0.432803	0	4863	4563
ChainingRodShaped	4644	4.28189	0.5	-2.02143	26.4548	0	0.848961	0.528455	0	4645	5121
ChainingRodShaped	4836	3.26409	0.5	6.90451	29.7374	0	-0.779998	-0.625782	0	4837	5101
ChainingRodShaped	4616	3.91536	0.5	42.0618	45.408	0	-0.618006	0.786173	0	5104	4577
ChainingRodShaped	4568	3.90227	0.5	21.0125	55.3621	0	-0.34532	-0.938485	0	4569	4567
ChainingRodShaped	4816	4.82922	0.5	9.48446	22.2471	0	-0.643197	0.765701	0	None	None
ChainingRodShaped	4764	4.0274	0.5	21.1281	48.1531	0	-0.530962	-0.847396	0	4765	4611
ChainingRodShaped	4944	2.69025	0.5	9.23771	34.3354	0	0.948568	-0.316574	0	None	None
ChainingRodShaped	4668	4.5101	0.5	29.151	43.7128	0	0.766674	0.642036	0	None	None
ChainingRodShaped	4818	3.41102	0.5	27.0173	31.1375	0	-0.877951	-0.478751	0	None	None
ChainingRodShaped	4654	4.09343	0.5	33.7801	37.1084	0	0.979144	0.203168	0	None	None
ChainingRodShaped	4734	3.13507	0.5	4.97261	17.6562	0	-0.983552	0.180628	0	4735	4841
ChainingRodShaped	4844	3.66303	0.5	29.4857	48.1276	0	-0.653053	0.757313	0	None	None
ChainingRodShaped	4966	2.90926	0.5	22.5269	25.697	0	-0.44934	-0.893361	0	None	None
ChainingRodShaped	4538	3.83717	0.5	5.43324	49.0671	0	-0.230665	0.973033	0	4539	4400
ChainingRodShaped	4874	2.94301	0.5	-28.3925	48.2941	0	-0.995403	0.0957792	0	None	None
ChainingRodShaped	5110	2.1386	0.5	-26.9332	49.9572	0	0.472984	-0.881071	0	None	None
ChainingRodShaped	4407	4.90187	0.5	-9.44629	24.5071	0	0.0570564	0.998371	0	None	4406
ChainingRodShaped	4788	4.00503	0.5	-20.3857	32.4702	0	0.984312	-0.176438	0	None	None
ChainingRodShaped	4962	2.73095	0.5	-2.51932	34.9874	0	0.462183	0.886785	0	4963	4933
ChainingRodShaped	4758	3.53463	0.5	11.774	46.7375	0	-0.284885	0.958562	0	4759	5087
ChainingRodShaped	4806	3.36526	0.5	-10.8093	22.8798	0	0.259421	-0.965764	0	4807	4859
ChainingRodShaped	4868	3.10617	0.5	2.34368	42.342	0	-0.411424	-0.911444	0	4869	4529
ChainingRodShaped	4772	3.55737	0.5	-14.4755	33.0389	0	-0.84055	-0.541734	0	None	None
ChainingRodShaped	4812	2.71959	0.5	31.9424	32.7163	0	0.877111	0.480288	0	4813	4575
ChainingRodShaped	4830	3.97173	0.5	7.97983	40.6781	0	0.999888	0.0149616	0	None	None
ChainingRodShaped	4908	3.67644	0.5	-27.1201	44.622	0	0.831686	-0.555247	0	None	None
ChainingRodShaped	5098	2.05799	0.5	-5.28444	23.2489	0	0.85014	0.526557	0	5099	5065
ChainingRodShaped	5040	2.58954	0.5	-5.83977	47.3214	0	-0.791802	-0.610778	0	None	None
ChainingRodShaped	4974	2.44189	0.5	9.66708	26.0697	0	-0.993462	-0.114159	0	None	None
ChainingRodShaped	5048	2.51508	0.5	-18.2255	27.8565	0	0.722597	0.69127	0	None	None
ChainingRodShaped	4588	4.64088	0.5	-38.374	32.9515	0	0.749855	0.661603	0	4589	4583
ChainingRodShaped	5088	2.12368	0.5	16.5033	49.0856	0	-0.196998	-0.980404	0	5089	4769
ChainingRodShaped	4694	4.97267	0.5	-23.3551	38.025	0	0.841503	0.540252	0	4695	4937
ChainingRodShaped	4714	3.88988	0.5	17.3671	32.0905	0	-0.69856	-0.715552	0	None	None
ChainingRodShaped	4940	2.44912	0.5	-27.4046	36.6064	0	0.842548	0.538621	0	4941	4997
ChainingRodShaped	4854	3.96153	0.5	-13.4168	28.6118	0	0.631711	0.775204	0	None	None
ChainingRodShaped	4780	2.98786	0.5	-14.0032	45.3507	0	0.951553	-0.307485	0	4781	4599
ChainingRodShaped	5030	2.55357	0.5	-40.2882	51.9533	0	-0.977909	0.209029	0	None	None
ChainingRodShaped	5028	2.52383	0.5	18.2111	41.2149	0	0.374868	0.927078	0	None	None
ChainingRodShaped	4902	3.28991	0.5	-24.5511	28.2624	0	0.941556	-0.336856	0	None	None
ChainingRodShaped	4742	3.47744	0.5	21.8998	39.8034	0	-0.136411	-0.990652	0	4743	4811
ChainingRodShaped	5106	2.09716	0.5	35.4811	47.2717	0	-0.23734	0.971427	0	None	None
ChainingRodShaped	4746	4.72784	0.5	10.3472	44.7815	0	0.643938	-0.765078	0	None	None
ChainingRodShaped	5008	2.87786	0.5	-13.7947	51.5514	0	0.76036	-0.649502	0	None	None
ChainingRodShaped	4778	3.26303	0.5	12.5997	32.4861	0	-0.192884	-0.981222	0	None	None
ChainingRodShaped	5022	2.54719	0.5	25.6601	28.9301	0	-0.771131	0.636676	0	None	None
ChainingRodShaped	4782	3.62246	0.5	-28.5458	44.2571	0	0.870959	-0.491356	0	None	None
ChainingRodShaped	4994	2.73607	0.5	-18.6676	33.9111	0	0.654267	-0.756264	0	None	None
ChainingRodShaped	4794	4.25233	0.5	-44.3004	53.3365	0	-0.836563	0.547871	0	None	None
ChainingRodShaped	4916	2.8619	0.5	-24.4559	31.6925	0	0.799355	0.600859	0	None	None
ChainingRodShaped	5036	2.23979	0.5	27.4956	51.6389	0	-0.988312	0.152448	0	None	None
ChainingRodShaped	4884	3.50128	0.5	-30.8418	27.4012	0	0.937492	-0.348007	0	None	None
ChainingRodShaped	4732	4.74079	0.5	-0.899773	40.2456	0	0.460759	0.887526	0	None	None
ChainingRodShaped	4842	4.5334	0.5	16.6917	18.5534	0	0.65171	-0.758468	0	None	None
ChainingRodShaped	4728	3.79811	0.5	-2.00845	51.0582	0	-0.941617	-0.336687	0	None	None
ChainingRodShaped	4942	2.71589	0.5	33.2886	39.3336	0	0.987205	-0.159455	0	None	None
ChainingRodShaped	4784	4.36672	0.5	13.0586	37.0309	0	0.861305	-0.508089	0	None	None
ChainingRodShaped	4926	2.58467	0.5	-24.6779	45.5555	0	-0.717514	0.696544	0	None	None
ChainingRodShaped	4666	4.15237	0.5	24.6936	34.1478	0	-0.105785	-0.994389	0	None	None
ChainingRodShaped	4968	2.92702	0.5	30.6527	36.105	0	0.913482	-0.406879	0	None	None
ChainingRodShaped	4826	4.75782	0.5	-13.4686	49.8688	0	0.919465	-0.393172	0	None	None
ChainingRodShaped	5118	2.03221	0.5	-14.5339	34.1791	0	-0.839138	-0.543919	0	None	None
ChainingRodShaped	4982	2.96605	0.5	8.20414	22.2364	0	-0.643973	0.765049	0	None	None
ChainingRodShaped	5038	2.24164	0.5	28.7549	55.193	0	-0.307686	-0.951488	0	None	None
ChainingRodShaped	5116	2.05032	0.5	-34.6918	51.4881	0	0.132104	-0.991236	0	None	None
ChainingRodShaped	5044	2.52181	0.5	-39.4159	54.77	0	-0.812708	-0.582671	0	None	None
ChainingRodShaped	4630	4.23513	0.5	-18.2833	29.1751	0	0.720137	0.693831	0	None	None
ChainingRodShaped	4878	3.78987	0.5	6.78993	27.1012	0	-0.7656	-0.643317	0	None	None
ChainingRodShaped	4774	3.45256	0.5	-25.441	55.1316	0	-0.995141	-0.0984572	0	None	None
ChainingRodShaped	5004	2.50321	0.5	24.0489	37.5626	0	-0.0948212	-0.995494	0	None	None
ChainingRodShaped	5080	2.32983	0.5	-17.6045	38.6837	0	-0.528901	-0.848683	0	None	None
ChainingRodShaped	4658	4.4861	0.5	-14.416	36.6166	0	-0.836435	-0.548066	0	None	None
ChainingRodShaped	4914	3.31107	0.5	13.8157	28.8939	0	-0.994264	0.106952	0	None	None
ChainingRodShaped	4824	4.73582	0.5	12.0261	25.248	0	-0.997607	-0.0691408	0	None	None
ChainingRodShaped	5060	2.40102	0.5	30.9851	47.9068	0	-0.648857	0.760911	0	None	None
ChainingRodShaped	5082	2.29878	0.5	-7.56089	51.3032	0	-0.863015	-0.505179	0	None	None
ChainingRodShaped	4808	3.16834	0.5	-16.3713	48.959	0	0.918764	-0.394807	0	4809	5051
ChainingRodShaped	4529	4.32012	0.5	0.392304	38.056	0	-0.41659	-0.909095	0	4868	4787
ChainingRodShaped	4810	3.76291	0.5	20.7317	31.0177	0	-0.12824	-0.991743	0	4811	4861
ChainingRodShaped	4533	4.53067	0.5	33.5997	50.7828	0	0.236808	-0.971557	0	4600	4532
ChainingRodShaped	4986	2.65283	0.5	43.557	41.2593	0	0.644351	-0.76473	0	4987	4899
ChainingRodShaped	5002	2.71205	0.5	-6.82384	39.9588	0	-0.474035	0.880506	0	None	None
ChainingRodShaped	4539	4.71269	0.5	6.64683	43.9362	0	-0.229808	0.973236	0	None	4538
ChainingRodShaped	4846	2.95033	0.5	13.8927	23.3937	0	-0.997671	-0.0682118	0	None	None
ChainingRodShaped	4856	2.62608	0.5	-1.18493	30.9456	0	-0.563592	-0.826053	0	4857	4542
ChainingRodShaped	4736	4.86273	0.5	-13.7896	32.3134	0	-0.842916	-0.538045	0	None	None
ChainingRodShaped	5072	2.40576	0.5	-13.8503	29.6416	0	0.638607	0.769533	0	None	None
ChainingRodShaped	4992	2.6389	0.5	3.86236	41.8604	0	-0.579669	-0.814852	0	None	None
ChainingRodShaped	4848	2.75215	0.5	-28.7386	43.2489	0	-0.875829	0.482622	0	4849	4833
ChainingRodShaped	4553	4.98157	0.5	25.8911	43.9441	0	0.284697	-0.958617	0	None	None
ChainingRodShaped	5032	2.35235	0.5	-41.2988	40.6907	0	0.520167	-0.854065	0	5033	4554
ChainingRodShaped	4840	2.83791	0.5	-2.87615	19.0787	0	-0.984385	0.176027	0	4841	4556
ChainingRodShaped	4858	2.88733	0.5	-8.74433	15.3638	0	0.269583	-0.962977	0	4859	4558
ChainingRodShaped	4802	4.73748	0.5	13.6465	18.8068	0	-0.326614	0.945158	0	None	None
ChainingRodShaped	4563	4.23573	0.5	-22.5295	22.1963	0	-0.901624	-0.43252	0	4862	4562
ChainingRodShaped	4872	3.41131	0.5	-34.9241	48.5428	0	0.991465	-0.130377	0	None	None
ChainingRodShaped	4567	3.81242	0.5	19.3356	50.8063	0	-0.345525	-0.938409	0	4568	4893
ChainingRodShaped	4569	4.35418	0.5	22.7826	60.1734	0	-0.345242	-0.938514	0	None	4568
ChainingRodShaped	5056	2.48463	0.5	-18.0809	45.134	0	-0.769128	0.639095	0	None	None
ChainingRodShaped	4718	4.03255	0.5	5.02788	34.3396	0	0.878527	-0.477692	0	None	None
ChainingRodShaped	4575	4.7236	0.5	36.084	34.9799	0	0.877747	0.479124	0	4812	4949
ChainingRodShaped	4577	3.48947	0.5	39.1573	49.1041	0	-0.617721	0.786398	0	4616	4921
ChainingRodShaped	4894	2.86853	0.5	-5.88966	28.5503	0	0.465155	0.885229	0	4895	4963
ChainingRodShaped	4890	3.70666	0.5	11.0937	36.8373	0	0.912153	-0.40985	0	None	None
ChainingRodShaped	4583	4.56251	0.5	-34.1814	36.662	0	0.747855	0.663863	0	4588	4582
ChainingRodShaped	4912	2.5794	0.5	-43.2061	51.4228	0	-0.865083	0.501629	0	4913	4584
ChainingRodShaped	5064	2.15087	0.5	0.108832	26.5958	0	0.849253	0.527987	0	5065	4586
ChainingRodShaped	4589	4.44197	0.5	-42.5301	29.2888	0	0.750595	0.660762	0	None	4588
ChainingRodShaped	4591	4.93481	0.5	9.06569	43.1539	0	0.670401	-0.741999	0	None	None
ChainingRodShaped	4972	2.85565	0.5	13.5101	37.8974	0	0.858038	-0.513585	0	None	None
ChainingRodShaped	4900	3.90598	0.5	33.0022	42.4294	0	-0.984153	0.17732	0	None	None
ChainingRodShaped	5058	2.47814	0.5	-28.2789	40.5772	0	0.746909	0.664927	0	None	None
ChainingRodShaped	4599	4.8287	0.5	-9.34093	43.8456	0	0.951705	-0.307014	0	4780	4598
ChainingRodShaped	4964	2.42301	0.5	31.3615	59.9986	0	0.235245	-0.971936	0	4965	4600
ChainingRodShaped	4603	4.7464	0.5	31.8784	31.0616	0	-0.950246	-0.311499	0	None	None
ChainingRodShaped	4922	2.6382	0.5	-20.7864	25.3814	0	0.882986	0.469399	0	None	None
ChainingRodShaped	4607	4.41928	0.5	-9.45208	39.5189	0	-0.472046	-0.881574	0	None	None
ChainingRodShaped	5078	2.2402	0.5	16.4327	17.3312	0	0.648619	-0.761113	0	None	None
ChainingRodShaped	4611	3.73885	0.5	18.5348	44.022	0	-0.53245	-0.846461	0	4764	4610
ChainingRodShaped	5026	2.33459	0.5	21.3877	45.4568	0	-0.392061	-0.919939	0	5027	4612
ChainingRodShaped	5074	2.32438	0.5	-25.4442	34.0514	0	0.970521	0.241017	0	None	None
ChainingRodShaped	5104	2.07772	0.5	44.5311	42.2672	0	-0.618129	0.786077	0	5105	4616
ChainingRodShaped	4790	3.42882	0.5	27.508	33.6268	0	-0.875658	-0.482932	0	None	None
ChainingRodShaped	4621	3.30957	0.5	17.7018	36.911	0	-0.402645	-0.915356	0	4612	5097
ChainingRodShaped	5112	2.08621	0.5	-33.6528	51.3762	0	0.153737	-0.988112	0	None	None
ChainingRodShaped	4792	3.25125	0.5	-28.5591	27.6165	0	0.93714	-0.348954	0	None	None
ChainingRodShaped	5090	2.14566	0.5	28.9637	53.2765	0	-0.72078	-0.693164	0	None	None
ChainingRodShaped	4822	3.03798	0.5	-28.4261	29.7523	0	0.930439	-0.366447	0	None	None
ChainingRodShaped	4938	2.76542	0.5	-21.7387	27.4203	0	0.798656	0.601788	0	None	None
ChainingRodShaped	4633	4.43644	0.5	-31.0261	51.7816	0	0.814249	-0.580516	0	None	None
ChainingRodShaped	4635	3.54939	0.5	-48.499	52.419	0	0.525857	-0.850573	0	None	5043
ChainingRodShaped	4637	4.44097	0.5	-23.7043	54.3021	0	-0.995444	-0.0953518	0	None	None
ChainingRodShaped	4639	4.81347	0.5	12.4047	16.3816	0	-0.324761	0.945796	0	None	None
ChainingRodShaped	4641	4.84355	0.5	6.71308	25.7447	0	-0.763692	-0.645581	0	None	None
ChainingRodShaped	4643	3.74125	0.5	-39.6549	29.3852	0	0.968046	0.250772	0	None	4642
ChainingRodShaped	4645	4.60966	0.5	-6.63889	23.5767	0	0.848349	0.529437	0	None	4644
ChainingRodShaped	4882	3.8917	0.5	-4.50061	44.2167	0	-0.986982	0.160829	0	None	None
ChainingRodShaped	4649	4.44202	0.5	-29.5464	31.9872	0	0.968856	0.247625	0	4642	4648
ChainingRodShaped	4651	4.96057	0.5	-21.307	46.3184	0	-0.594226	-0.804298	0	None	None
ChainingRodShaped	4918	3.38783	0.5	-14.8525	22.2687	0	0.846768	0.531963	0	None	None
ChainingRodShaped	4930	3.50769	0.5	32.3965	38.4669	0	0.987796	-0.15575	0	None	None
ChainingRodShaped	5086	2.11337	0.5	9.79379	53.3736	0	-0.286965	0.957941	0	5087	4656
ChainingRodShaped	5084	2.2985	0.5	-11.7844	39.8504	0	-0.357781	-0.933806	0	None	None
ChainingRodShaped	4852	3.36982	0.5	26.2094	55.1531	0	-0.720819	0.693124	0	None	None
ChainingRodShaped	5120	2.02308	0.5	4.06444	30.2144	0	0.85361	0.520912	0	5121	4662
ChainingRodShaped	4876	3.23639	0.5	26.1364	39.0901	0	0.014763	-0.999891	0	None	None
ChainingRodShaped	4870	3.66739	0.5	23.0776	35.7641	0	0.343977	-0.938978	0	None	None
ChainingRodShaped	4850	4.52298	0.5	26.5395	45.4791	0	0.253935	-0.967221	0	None	None
ChainingRodShaped	4928	2.69327	0.5	6.30609	21.7043	0	-0.97359	0.228305	0	None	None
ChainingRodShaped	5010	2.45204	0.5	-23.1524	28.8571	0	0.952231	-0.305377	0	None	None
ChainingRodShaped	5100	2.1061	0.5	1.62901	25.511	0	-0.780782	-0.624804	0	5101	4674
ChainingRodShaped	4677	4.334	0.5	21	25.3889	0	-0.129069	-0.991636	0	None	None
ChainingRodShaped	4896	3.81618	0.5	3.37472	23.8156	0	-0.587226	-0.809423	0	None	None
ChainingRodShaped	4886	2.84524	0.5	15.0894	33.4442	0	-0.402389	-0.915469	0	None	None
ChainingRodShaped	5092	2.12773	0.5	32.5306	50.6253	0	-0.162328	0.986737	0	None	None
ChainingRodShaped	4904	2.64832	0.5	21.5696	29.8322	0	-0.128913	-0.991656	0	None	None
ChainingRodShaped	4687	3.92351	0.5	-5.05193	34.57	0	0.463154	0.886278	0	None	None
ChainingRodShaped	5014	2.85201	0.5	19.8377	33.7192	0	-0.298633	-0.954368	0	None	None
ChainingRodShaped	4691	3.15783	0.5	35.2502	51.1326	0	0.643091	-0.76579	0	None	4690
ChainingRodShaped	4693	3.91199	0.5	-9.21995	44.8361	0	-0.950813	0.309766	0	None	None
ChainingRodShaped	4695	3.70686	0.5	-27.8487	35.1436	0	0.84218	0.539196	0	None	4694
ChainingRodShaped	4906	3.7603	0.5	9.68583	35.2081	0	0.947348	-0.320205	0	None	None
ChainingRodShaped	4699	3.28243	0.5	-3.72797	58.0653	0	0.656616	-0.754225	0	None	4698
ChainingRodShaped	5108	2.1323	0.5	-14.5749	38.7161	0	-0.0432766	-0.999063	0	None	None
ChainingRodShaped	4703	4.54553	0.5	23.7124	45.3816	0	-0.0990323	-0.995084	0	None	None
ChainingRodShaped	4705	3.89241	0.5	-8.48836	33.8653	0	-0.946262	-0.323401	0	None	None
ChainingRodShaped	4998	2.34832	0.5	24.4917	28.1357	0	-0.93046	0.366394	0	None	None
ChainingRodShaped	5012	2.8331	0.5	-7.70689	47.2416	0	-0.233369	-0.972388	0	None	None
ChainingRodShaped	4711	4.8967	0.5	-22.9837	37.1001	0	0.842842	0.538161	0	None	None
ChainingRodShaped	5102	2.14625	0.5	16.4795	28.3536	0	-0.687093	-0.726569	0	None	None
ChainingRodShaped	5114	2.07589	0.5	17.565	34.1655	0	-0.421355	-0.906896	0	None	None
ChainingRodShaped	5018	2.68318	0.5	16.2379	26.6517	0	-0.683697	-0.729766	0	None	None
ChainingRodShaped	4719	3.72432	0.5	4.82849	38.0161	0	-0.560673	-0.828037	0	None	None
ChainingRodShaped	5024	2.2562	0.5	-14.9068	54.572	0	-0.164206	-0.986426	0	None	None
ChainingRodShaped	5094	2.12304	0.5	-5.18066	49.0345	0	-0.94659	-0.322441	0	None	None
ChainingRodShaped	4725	4.18446	0.5	-35.0085	57.331	0	-0.54706	-0.837093	0	None	None
ChainingRodShaped	5068	2.23119	0.5	28.0392	48.2782	0	0.642532	-0.766259	0	None	None
ChainingRodShaped	4954	3.22997	0.5	0.291201	49.1096	0	-0.271551	0.962424	0	None	None
ChainingRodShaped	5034	2.65791	0.5	-23.2919	49.7482	0	0.925423	-0.378935	0	None	None
ChainingRodShaped	4952	3.35544	0.5	-3.53245	39.5334	0	-0.336289	0.941759	0	None	None
ChainingRodShaped	4735	3.92053	0.5	9.42018	16.835	0	-0.98324	0.182317	0	None	4734
ChainingRodShaped	4988	2.71631	0.5	-9.64458	34.6808	0	-0.894442	-0.447185	0	None	None
ChainingRodShaped	5016	2.32316	0.5	30.6576	43.6918	0	0.768247	0.640154	0	None	None
ChainingRodShaped	4741	4.96157	0.5	29.4028	29.3206	0	-0.998198	-0.0600139	0	None	None
ChainingRodShaped	4743	4.25815	0.5	22.5714	44.6193	0	-0.139534	-0.990217	0	None	4742
ChainingRodShaped	4745	4.6867	0.5	13.121	24.3314	0	-0.997566	-0.0697275	0	None	None
ChainingRodShaped	4747	4.17271	0.5	8.09878	45.9085	0	0.61869	-0.785635	0	None	None
ChainingRodShaped	4749	3.67265	0.5	-19.1216	24.9861	0	0.914644	0.40426	0	None	None
ChainingRodShaped	4751	4.85315	0.5	-36.9766	53.9276	0	0.106895	-0.99427	0	None	None
ChainingRodShaped	5000	2.88341	0.5	-13.231	53.0053	0	0.499989	-0.866032	0	None	None
ChainingRodShaped	4755	3.60527	0.5	16.6711	21.5449	0	0.852267	-0.523107	0	None	None
ChainingRodShaped	4757	4.00091	0.5	-4.81367	38.9694	0	-0.544585	0.838706	0	None	None
ChainingRodShaped	4759	4.15825	0.5	13.1483	42.0944	0	-0.282862	0.959161	0	None	4758
ChainingRodShaped	4761	4.01962	0.5	-0.270993	47.4282	0	-0.268782	0.963201	0	None	None
ChainingRodShaped	4763	3.5169	0.5	-17.0094	27.6434	0	0.726098	0.687591	0	None	None
ChainingRodShaped	4765	3.73617	0.5	23.7174	52.2863	0	-0.530816	-0.847487	0	None	4764
ChainingRodShaped	5046	2.23937	0.5	-13.1798	42.7017	0	-0.0789551	0.996878	0	None	None
ChainingRodShaped	4769	3.49365	0.5	15.7553	45.3518	0	-0.195956	-0.980613	0	5088	4768
ChainingRodShaped	5070	2.33153	0.5	33.7158	40.2713	0	0.987062	-0.160339	0	None	None
ChainingRodShaped	4773	4.69435	0.5	-10.0525	35.5855	0	-0.892734	-0.450584	0	None	None
ChainingRodShaped	4775	4.07979	0.5	-22.9379	57.1836	0	-0.876919	-0.480638	0	None	None
ChainingRodShaped	4777	4.78473	0.5	38.3427	43.7129	0	-0.605922	0.795524	0	None	None
ChainingRodShaped	5054	2.21521	0.5	10.3998	35.9921	0	-0.944097	0.329667	0	None	None
ChainingRodShaped	4781	3.30777	0.5	-17.9418	46.6234	0	0.951548	-0.3075	0	None	4780
ChainingRodShaped	4783	3.45407	0.5	-32.5025	46.4709	0	0.873826	-0.48624	0	None	None
ChainingRodShaped	4785	3.50899	0.5	8.5281	38.852	0	0.964913	-0.26257	0	None	None
ChainingRodShaped	4787	2.99327	0.5	-1.55251	33.828	0	-0.41958	-0.907718	0	4529	4786
ChainingRodShaped	4789	4.60534	0.5	-21.9207	34.319	0	0.911078	-0.412233	0	None	None
ChainingRodShaped	4791	4.41663	0.5	27.0027	36.4593	0	-0.14835	-0.988935	0	None	None
ChainingRodShaped	4793	3.71708	0.5	-31.5915	29.0714	0	0.997418	0.0718103	0	None	None
ChainingRodShaped	4795	4.42807	0.5	-39.9985	52.9358	0	-0.981965	0.189063	0	None	None
ChainingRodShaped	4797	4.87815	0.5	-19.9499	43.8949	0	-0.0503645	0.998731	0	None	None
ChainingRodShaped	4799	3.5061	0.5	-8.6568	37.5627	0	-0.848726	-0.528833	0	None	None
ChainingRodShaped	4801	4.27223	0.5	-28.0578	39.4414	0	0.746621	0.66525	0	None	None
ChainingRodShaped	4803	4.22658	0.5	14.2643	13.9938	0	-0.312599	0.949885	0	None	None
ChainingRodShaped	4805	3.79333	0.5	-32.9891	55.638	0	0.422744	-0.906249	0	None	None
ChainingRodShaped	4807	3.09006	0.5	-11.8992	26.9606	0	0.256655	-0.966503	0	None	4806
ChainingRodShaped	4809	2.815	0.5	-20.039	50.5294	0	0.919871	-0.39222	0	5020	4808
ChainingRodShaped	4811	3.25207	0.5	21.3156	35.4826	0	-0.131408	-0.991328	0	4742	4810
ChainingRodShaped	4813	2.90959	0.5	28.5984	30.8837	0	0.876795	0.480864	0	None	4812
ChainingRodShaped	4815	4.01408	0.5	-31.0222	50.5053	0	0.829567	-0.558407	0	None	None
ChainingRodShaped	4817	3.84707	0.5	12.6319	18.747	0	-0.325612	0.945504	0	None	None
ChainingRodShaped	4819	4.87561	0.5	31.3623	33.8501	0	-0.817266	-0.57626	0	None	None
ChainingRodShaped	4821	3.77818	0.5	-11.0684	38.6589	0	-0.425319	-0.905044	0	None	None
ChainingRodShaped	4823	3.56478	0.5	-32.495	30.2055	0	0.96863	0.248507	0	None	None
ChainingRodShaped	4825	3.88268	0.5	17.5216	26.58	0	-0.687596	-0.726093	0	None	None
ChainingRodShaped	4827	3.44777	0.5	-17.3237	51.709	0	0.998728	0.0504147	0	None	None
ChainingRodShaped	4829	3.74601	0.5	-21.6368	29.5268	0	0.968928	-0.247343	0	None	None
ChainingRodShaped	4831	4.85388	0.5	3.90322	40.1998	0	0.578802	0.815468	0	None	None
ChainingRodShaped	4833	3.71741	0.5	-32.4352	45.2982	0	-0.873586	0.486669	0	4848	4832
ChainingRodShaped	4835	3.63102	0.5	-42.9103	49.534	0	0.813597	-0.58143	0	None	None
ChainingRodShaped	4837	3.70957	0.5	10.4003	32.5441	0	-0.779593	-0.626286	0	None	4836
ChainingRodShaped	4839	3.34705	0.5	-3.24776	45.1204	0	-0.995258	0.0972733	0	None	None
ChainingRodShaped	4841	3.00091	0.5	0.975962	18.3853	0	-0.983982	0.17827	0	4734	4840
ChainingRodShaped	4843	3.31173	0.5	13.6529	21.8205	0	0.944635	-0.328123	0	None	None
ChainingRodShaped	4845	3.58151	0.5	32.598	44.725	0	-0.664399	0.747378	0	None	None
ChainingRodShaped	4847	4.28115	0.5	17.758	25.4105	0	-0.687232	-0.726438	0	None	None
ChainingRodShaped	4849	2.62343	0.5	-25.5131	41.4779	0	-0.87724	0.480053	0	None	4848
ChainingRodShaped	4851	3.75575	0.5	24.5385	49.1121	0	0.270858	-0.962619	0	None	None
ChainingRodShaped	4853	4.00504	0.5	28.0967	57.2807	0	-0.365623	-0.930763	0	None	None
ChainingRodShaped	4855	2.88191	0.5	-14.5184	24.233	0	0.613301	0.78985	0	None	None
ChainingRodShaped	4857	2.60891	0.5	0.851033	33.9333	0	-0.562688	-0.82667	0	5066	4856
ChainingRodShaped	4859	2.67464	0.5	-9.7559	19.004	0	0.26569	-0.964059	0	4806	4858
ChainingRodShaped	4861	2.56876	0.5	20.1966	26.8901	0	-0.129029	-0.991641	0	4810	4860
ChainingRodShaped	4863	2.85941	0.5	-15.0103	25.8067	0	-0.901233	-0.433334	0	None	4862
ChainingRodShaped	4865	3.74801	0.5	11.2978	42.1412	0	0.658138	-0.752898	0	None	None
ChainingRodShaped	4867	2.82113	0.5	-16.2177	49.9696	0	0.918137	-0.396263	0	None	None
ChainingRodShaped	4869	3.3548	0.5	4.07431	46.1978	0	-0.407776	-0.913082	0	None	4868
ChainingRodShaped	4871	3.99125	0.5	23.161	40.1846	0	-0.0205779	-0.999788	0	None	None
ChainingRodShaped	4873	3.40616	0.5	-38.9318	50.1341	0	0.873515	-0.486798	0	None	None
ChainingRodShaped	4875	3.87842	0.5	-24.5565	46.8008	0	-0.717921	0.696124	0	None	None
ChainingRodShaped	4877	3.345	0.5	25.0573	43.08	0	0.250817	-0.968035	0	None	None
ChainingRodShaped	4879	3.39194	0.5	9.77845	29.6575	0	-0.340354	-0.940297	0	None	None
ChainingRodShaped	4881	2.7867	0.5	-35.6541	51.0098	0	0.114007	-0.99348	0	None	None
ChainingRodShaped	4883	2.87638	0.5	-2.40387	42.6591	0	-0.953037	0.302853	0	None	None
ChainingRodShaped	4885	2.93972	0.5	-34.6958	28.5415	0	0.849109	-0.528218	0	None	None
ChainingRodShaped	4887	3.58291	0.5	16.7242	37.2958	0	-0.45649	-0.889728	0	None	None
ChainingRodShaped	4889	3.83816	0.5	1.97021	24.4836	0	-0.788538	-0.614987	0	None	None
ChainingRodShaped	4891	2.85136	0.5	7.0384	37.6538	0	0.989088	0.147323	0	None	None
ChainingRodShaped	4893	2.67661	0.5	17.8698	46.8266	0	-0.345787	-0.938313	0	4567	4892
ChainingRodShaped	4895	3.20882	0.5	-7.76807	24.9785	0	0.465711	0.884937	0	None	4894
ChainingRodShaped	4897	3.45372	0.5	5.57691	27.4018	0	-0.777622	-0.628732	0	None	None
ChainingRodShaped	4899	2.55187	0.5	45.8765	38.5053	0	0.644011	-0.765016	0	4986	4898
ChainingRodShaped	4901	3.04655	0.5	37.3934	41.6502	0	-0.981731	0.190273	0	None	None
ChainingRodShaped	4903	2.75234	0.5	-27.5363	28.3219	0	0.928252	-0.371952	0	None	None
ChainingRodShaped	4905	3.11446	0.5	22.0672	33.668	0	-0.119464	-0.992839	0	None	None
ChainingRodShaped	4907	2.6576	0.5	7.20015	36.6853	0	0.988497	0.151239	0	None	None
ChainingRodShaped	4909	3.40675	0.5	-31.0564	46.8014	0	0.875077	-0.483984	0	None	None
ChainingRodShaped	4911	3.75524	0.5	-19.9383	36.4692	0	0.999885	0.0151437	0	None	None
ChainingRodShaped	4913	3.00196	0.5	-39.9269	49.5316	0	-0.867344	0.497709	0	4832	4912
ChainingRodShaped	4915	2.94724	0.5	17.2165	30.5476	0	-0.69589	-0.718148	0	None	None
ChainingRodShaped	4917	3.42467	0.5	-27.4394	31.5028	0	0.968899	0.247457	0	None	None
ChainingRodShaped	4919	3.32684	0.5	-18.0237	22.7736	0	0.980363	0.197201	0	None	None
ChainingRodShaped	4921	2.98852	0.5	36.5405	52.4369	0	-0.617365	0.786677	0	4577	4920
ChainingRodShaped	4923	3.35444	0.5	-24.2899	23.6945	0	0.803211	0.595694	0	None	None
ChainingRodShaped	4925	3.20224	0.5	-10.698	30.7407	0	-0.354549	-0.935037	0	None	None
ChainingRodShaped	4927	2.69056	0.5	-22.1562	43.0963	0	-0.952674	0.303993	0	None	None
ChainingRodShaped	4929	3.23986	0.5	9.03162	19.215	0	-0.480256	0.877129	0	None	None
ChainingRodShaped	4931	2.67587	0.5	28.4188	39.3544	0	0.965151	-0.261695	0	None	None
ChainingRodShaped	4933	2.35587	0.5	-0.887203	38.1297	0	0.459511	0.888172	0	4962	4932
ChainingRodShaped	4935	2.72057	0.5	6.76172	24.2985	0	-0.689342	-0.724436	0	None	None
ChainingRodShaped	4937	2.69512	0.5	-19.2942	40.6425	0	0.838912	0.544267	0	4694	4936
ChainingRodShaped	4939	2.99217	0.5	-24.5132	24.8989	0	0.852878	0.52211	0	None	None
ChainingRodShaped	4941	2.38131	0.5	-30.2818	34.7672	0	0.842583	0.538566	0	None	4940
ChainingRodShaped	4943	2.74601	0.5	29.6388	40.0521	0	0.966007	-0.258514	0	None	None
ChainingRodShaped	4945	2.55759	0.5	5.83393	35.4797	0	0.98209	-0.188414	0	None	None
ChainingRodShaped	4947	2.72608	0.5	-25.0908	49.4161	0	0.696904	-0.717164	0	None	None
ChainingRodShaped	4949	2.34393	0.5	40.0628	37.1492	0	0.878366	0.477989	0	4575	4948
ChainingRodShaped	4951	2.73993	0.5	-15.5624	38.7969	0	-0.0398777	-0.999205	0	None	None
ChainingRodShaped	4953	2.8095	0.5	-3.23682	35.8183	0	0.483785	0.875187	0	None	None
ChainingRodShaped	4955	2.66086	0.5	2.06808	46.6614	0	-0.305026	0.952344	0	None	None
ChainingRodShaped	4957	3.10006	0.5	21.225	22.3439	0	-0.700919	-0.713241	0	None	None
ChainingRodShaped	4959	2.90923	0.5	25.153	38.9652	0	0.0106952	-0.999943	0	None	None
ChainingRodShaped	4961	2.95752	0.5	6.52416	20.1479	0	-0.86076	0.509011	0	None	None
ChainingRodShaped	4963	2.47254	0.5	-4.18576	31.7978	0	0.463993	0.885839	0	4894	4962
ChainingRodShaped	4965	2.29081	0.5	30.5723	63.2607	0	0.235086	-0.971975	0	None	4964
ChainingRodShaped	4967	2.82621	0.5	22.4312	28.7835	0	-0.120407	-0.992725	0	None	None
ChainingRodShaped	4969	3.09017	0.5	29.7802	37.9506	0	0.965449	-0.260592	0	None	None
ChainingRodShaped	4971	2.68965	0.5	31.3539	41.7168	0	0.97942	-0.201831	0	None	None
ChainingRodShaped	4973	2.47554	0.5	10.216	39.4122	0	0.967474	-0.25297	0	None	None
ChainingRodShaped	4975	2.91335	0.5	13.3163	26.3841	0	-0.994886	-0.101003	0	None	None
ChainingRodShaped	4977	2.77373	0.5	-26.5062	46.0381	0	0.555885	-0.831259	0	None	None
ChainingRodShaped	4979	2.99181	0.5	-13.4417	46.219	0	-0.95159	0.307369	0	None	None
ChainingRodShaped	4981	3.11049	0.5	26.3058	48.8085	0	0.639732	-0.768598	0	None	None
ChainingRodShaped	4983	2.41684	0.5	10.2724	19.2275	0	-0.399149	0.916886	0	None	None
ChainingRodShaped	4985	2.53745	0.5	-23.6018	31.098	0	0.802042	0.597268	0	None	None
ChainingRodShaped	4987	2.51019	0.5	41.2515	43.9961	0	0.644181	-0.764873	0	4690	4986
ChainingRodShaped	4989	2.72211	0.5	-6.93874	36.5391	0	-0.36368	-0.931524	0	None	None
ChainingRodShaped	4991	2.64051	0.5	31.5427	49.061	0	-0.535473	0.844552	0	None	None
ChainingRodShaped	4993	2.40911	0.5	4.58333	44.88	0	-0.404846	-0.914385	0	None	None
ChainingRodShaped	4995	2.77006	0.5	-21.7842	35.3352	0	0.911383	-0.411559	0	None	None
ChainingRodShaped	4997	2.21309	0.5	-24.5992	38.4015	0	0.84204	0.539415	0	4940	4996
ChainingRodShaped	4999	2.74689	0.5	27.7401	27.2068	0	-0.99698	-0.0776533	0	None	None
ChainingRodShaped	5001	2.43473	0.5	-13.7347	55.9506	0	0.464547	-0.885549	0	None	None
ChainingRodShaped	5003	2.34987	0.5	-5.49523	36.9323	0	0.0516328	0.998666	0	None	None
ChainingRodShaped	5005	2.63737	0.5	24.1706	41.1169	0	-0.0233489	-0.999727	0	None	None
ChainingRodShaped	5007	2.46664	0.5	-9.5692	50.6778	0	0.25477	-0.967002	0	None	None
ChainingRodShaped	5009	2.50857	0.5	-16.4771	53.86	0	0.503618	-0.863927	0	None	None
ChainingRodShaped	5011	2.41844	0.5	-26.379	30.0172	0	0.930283	-0.366844	0	None	None
ChainingRodShaped	5013	2.5577	0.5	-6.19493	50.3133	0	-0.832992	-0.553285	0	None	None
ChainingRodShaped	5015	2.58448	0.5	19.6428	35.9659	0	-0.52128	-0.853386	0	None	None
ChainingRodShaped	5017	2.51865	0.5	28.056	41.4953	0	0.763269	0.646081	0	None	None
ChainingRodShaped	5019	2.70275	0.5	18.7549	29.3265	0	-0.683121	-0.730305	0	None	None
ChainingRodShaped	5021	2.29667	0.5	-26.323	53.193	0	0.921225	-0.389031	0	None	5020
ChainingRodShaped	5023	2.60696	0.5	28.9319	28.2981	0	-0.998207	-0.059853	0	None	None
ChainingRodShaped	5025	2.36174	0.5	-15.2885	57.5388	0	-0.133578	-0.991038	0	None	None
ChainingRodShaped	5027	2.18658	0.5	22.6677	48.4581	0	-0.39269	-0.919671	0	None	5026
ChainingRodShaped	5029	2.33895	0.5	16.2421	38.5884	0	0.526209	0.850355	0	None	None
ChainingRodShaped	5031	2.39239	0.5	-37.2823	50.648	0	-0.653004	0.757354	0	None	None
ChainingRodShaped	5033	2.37854	0.5	-43.0489	43.5592	0	0.52152	-0.853239	0	5042	5032
ChainingRodShaped	5035	2.54685	0.5	-25.5325	51.6226	0	0.950388	-0.311068	0	None	None
ChainingRodShaped	5037	2.24766	0.5	30.5928	51.8171	0	-0.895087	-0.445891	0	None	None
ChainingRodShaped	5039	2.26757	0.5	29.6878	58.307	0	-0.302361	-0.953193	0	None	None
ChainingRodShaped	5041	2.45614	0.5	-2.81023	48.4204	0	-0.866325	-0.49948	0	None	None
ChainingRodShaped	5043	2.22111	0.5	-46.4593	49.1156	0	0.524688	-0.851295	0	4635	5042
ChainingRodShaped	5045	2.41862	0.5	-37.7736	57.4753	0	-0.590008	-0.807397	0	None	None
ChainingRodShaped	5047	2.26035	0.5	-13.4626	39.4955	0	0.105375	0.994433	0	None	None
ChainingRodShaped	5049	2.2661	0.5	-21.2366	26.2968	0	0.892798	0.450457	0	None	None
ChainingRodShaped	5051	2.20558	0.5	-12.9862	47.5042	0	0.91875	-0.394839	0	4808	5050
ChainingRodShaped	5053	2.44058	0.5	13.5634	27.7884	0	-0.976404	0.21595	0	None	None
ChainingRodShaped	5055	2.37646	0.5	13.4927	35.0444	0	-0.997819	0.0660026	0	None	None
ChainingRodShaped	5057	2.48745	0.5	-15.2996	44.7267	0	-0.952506	0.304519	0	None	None
ChainingRodShaped	5059	2.24402	0.5	-30.7857	38.3475	0	0.747484	0.664279	0	None	None
ChainingRodShaped	5061	2.36742	0.5	33.2856	45.436	0	-0.667	0.745057	0	None	None
ChainingRodShaped	5063	2.26396	0.5	-12.4327	21.6629	0	-0.0571585	0.998365	0	4349	5062
ChainingRodShaped	5065	2.24967	0.5	-2.6069	24.9089	0	0.849681	0.527297	0	5098	5064
ChainingRodShaped	5067	2.16518	0.5	4.51125	39.3173	0	-0.56193	-0.827185	0	None	5066
ChainingRodShaped	5069	2.21079	0.5	25.9774	50.75	0	0.643215	-0.765685	0	None	None
ChainingRodShaped	5071	2.44719	0.5	30.3991	40.873	0	0.967083	-0.254459	0	None	None
ChainingRodShaped	5073	2.22575	0.5	-15.9006	27.0606	0	0.590978	0.806688	0	None	None
ChainingRodShaped	5075	2.32809	0.5	-28.6304	33.4051	0	0.92472	0.380648	0	None	None
ChainingRodShaped	5077	2.18732	0.5	-14.9455	30.407	0	0.847752	0.530392	0	None	None
ChainingRodShaped	5079	2.21485	0.5	14.417	19.5875	0	0.329005	-0.944328	0	None	None
ChainingRodShaped	5081	2.13302	0.5	-16.0074	41.3738	0	-0.731146	-0.682221	0	None	None
ChainingRodShaped	5083	2.18351	0.5	-4.55919	52.3554	0	-0.931534	-0.363653	0	None	None
ChainingRodShaped	5085	2.24803	0.5	-12.1903	42.7216	0	0.0813889	-0.996682	0	None	None
ChainingRodShaped	5087	2.10835	0.5	10.6844	50.3964	0	-0.286172	0.958178	0	4758	5086
ChainingRodShaped	5089	2.07465	0.5	17.1142	52.1235	0	-0.197271	-0.980349	0	None	5088
ChainingRodShaped	5091	2.21065	0.5	30.7755	55.7681	0	-0.296097	-0.955158	0	None	None
ChainingRodShaped	5093	2.20301	0.5	33.3567	47.5957	0	-0.242372	0.970183	0	None	None
ChainingRodShaped	5095	2.09276	0.5	-2.2126	49.9249	0	-0.94153	-0.336929	0	None	None
ChainingRodShaped	5097	2.0768	0.5	16.2097	33.534	0	-0.406055	-0.913849	0	4621	5096
ChainingRodShaped	5099	2.04342	0.5	-7.876	21.6455	0	0.850663	0.525711	0	None	5098
ChainingRodShaped	5101	2.08141	0.5	4.04169	27.4424	0	-0.780537	-0.625109	0	4836	5100
ChainingRodShaped	5103	2.10554	0.5	18.6302	30.6113	0	-0.690385	-0.723442	0	None	None
ChainingRodShaped	5105	2.08336	0.5	46.4348	39.8464	0	-0.618164	0.786049	0	None	5104
ChainingRodShaped	5107	2.10144	0.5	36.2107	44.262	0	-0.239371	0.970928	0	None	None
ChainingRodShaped	5109	2.11077	0.5	-14.252	41.7899	0	-0.0769188	-0.997037	0	None	None
ChainingRodShaped	5111	2.05366	0.5	-28.1148	52.7984	0	0.379291	-0.925277	0	None	None
ChainingRodShaped	5113	2.03824	0.5	-33.887	54.4099	0	0.0969	-0.995294	0	None	None
ChainingRodShaped	5115	2.02723	0.5	18.9688	36.8589	0	-0.484831	-0.874608	0	None	None
ChainingRodShaped	5117	2.05302	0.5	-34.9105	54.5189	0	0.0789843	-0.996876	0	None	None
ChainingRodShaped	5119	2.05078	0.5	-11.9572	35.7661	0	-0.875658	-0.482932	0	None	None
ChainingRodShaped	5121	2.01429	0.5	1.49751	28.6388	0	0.850925	0.525288	0	4644	5120
