cell_type	cell_id	length	radius	pos_x	pos_y	pos_z	ori_x	ori_y	ori_z	lower_link	upper_link
ChainingRodShaped	5598	3.44659	0.5	-22.4307	25.3326	0	-0.351689	-0.936117	0	None	None
ChainingRodShaped	5770	3.04171	0.5	23.9335	55.4463	0	-0.0613709	0.998115	0	None	None
ChainingRodShaped	4628	4.6874	0.5	-19.1803	42.7959	0	0.974787	0.223138	0	5846	None
ChainingRodShaped	6152	2.7489	0.5	-6.95369	30.4447	0	-0.864608	-0.502447	0	None	None
ChainingRodShaped	5348	3.00942	0.5	-10.3575	58.2099	0	0.325642	0.945493	0	5349	None
ChainingRodShaped	5130	4.82447	0.5	39.8073	38.741	0	0.620212	-0.784435	0	5131	None
ChainingRodShaped	5896	3.3653	0.5	40.6075	41.3339	0	-0.0125986	-0.999921	0	None	None
ChainingRodShaped	5754	3.11085	0.5	6.62549	25.3545	0	-0.84287	-0.538117	0	None	None
ChainingRodShaped	5384	4.75176	0.5	-3.90562	6.58236	0	-0.98849	0.151287	0	None	None
ChainingRodShaped	5810	2.82184	0.5	32.4564	14.4605	0	-0.426489	-0.904493	0	None	None
ChainingRodShaped	4712	4.72034	0.5	24.9666	57.0775	0	-0.532109	0.846676	0	4713	None
ChainingRodShaped	5930	2.37149	0.5	-30.1106	68.2259	0	0.399985	0.916522	0	5931	None
ChainingRodShaped	5190	4.32674	0.5	-19.4097	37.6982	0	-0.409257	-0.912419	0	None	None
ChainingRodShaped	5154	3.40538	0.5	24.6597	25.7086	0	-0.0146033	-0.999893	0	6362	None
ChainingRodShaped	5822	3.77734	0.5	-13.6329	14.0237	0	-0.103117	-0.994669	0	None	None
ChainingRodShaped	6214	2.61083	0.5	-9.14835	37.0333	0	-0.451775	-0.892132	0	None	None
ChainingRodShaped	6154	2.45499	0.5	12.2895	68.8131	0	0.723048	0.690798	0	None	None
ChainingRodShaped	5344	4.25142	0.5	-43.026	47.9331	0	0.0509366	0.998702	0	5345	None
ChainingRodShaped	4626	4.52399	0.5	-34.5171	60.7642	0	0.384724	0.923032	0	5660	None
ChainingRodShaped	6266	2.13077	0.5	-16.8574	46.345	0	-0.25572	-0.966751	0	6267	None
ChainingRodShaped	6164	2.26275	0.5	38.987	41.4697	0	0.565225	-0.824937	0	None	None
ChainingRodShaped	5794	3.04864	0.5	-19.9618	11.1328	0	-0.986761	0.162181	0	5795	None
ChainingRodShaped	5860	3.80353	0.5	-6.06193	41.2194	0	-0.0433902	-0.999058	0	None	None
ChainingRodShaped	5292	4.02431	0.5	6.50784	41.5719	0	-0.939575	-0.342344	0	None	None
ChainingRodShaped	5538	3.51514	0.5	-24.1444	18.0085	0	0.0645685	-0.997913	0	5539	None
ChainingRodShaped	5346	4.21005	0.5	-25.6535	12.3876	0	0.0815806	-0.996667	0	None	None
ChainingRodShaped	5584	2.96513	0.5	40.0716	26.137	0	-0.802969	-0.59602	0	5585	None
ChainingRodShaped	5808	4.0431	0.5	34.3928	13.9695	0	-0.42344	-0.905924	0	None	None
ChainingRodShaped	6190	2.6592	0.5	8.60863	41.3021	0	0.949872	0.312639	0	None	None
ChainingRodShaped	5748	3.01097	0.5	-22.7075	0.00595648	0	-0.0217939	-0.999762	0	5749	None
ChainingRodShaped	5712	2.8464	0.5	-12.0314	13.0653	0	-0.59375	-0.80465	0	5713	None
ChainingRodShaped	5790	2.97966	0.5	-33.6288	20.6026	0	0.231974	-0.972722	0	5791	None
ChainingRodShaped	5928	2.4107	0.5	-12.5629	14.9279	0	-0.085859	-0.996307	0	5929	None
ChainingRodShaped	5590	2.76046	0.5	11.3769	38.4656	0	0.705119	0.709089	0	5591	None
ChainingRodShaped	5700	4.73041	0.5	18.9864	24.3184	0	0.642767	-0.766062	0	None	None
ChainingRodShaped	5072	3.28786	0.5	39.0669	18.6083	0	0.150399	-0.988625	0	5073	None
ChainingRodShaped	6098	2.51435	0.5	2.74475	68.4787	0	-0.174831	0.984598	0	None	None
ChainingRodShaped	5988	2.82071	0.5	-36.4911	46.856	0	-0.989211	0.1465	0	None	None
ChainingRodShaped	5392	4.31529	0.5	17.4643	44.667	0	0.274809	-0.961499	0	None	None
ChainingRodShaped	5104	3.47874	0.5	-18.1172	44.5547	0	0.979695	-0.200492	0	6260	None
ChainingRodShaped	5474	3.59634	0.5	-9.20512	8.3968	0	-0.987736	0.156131	0	None	None
ChainingRodShaped	5022	4.88763	0.5	14.1437	25.2019	0	-0.852983	0.521938	0	None	None
ChainingRodShaped	5094	4.13412	0.5	-44.0584	47.223	0	0.0600335	0.998196	0	5095	None
ChainingRodShaped	4698	4.97357	0.5	-40.7066	52.2589	0	0.868451	0.495775	0	5710	None
ChainingRodShaped	5202	4.67559	0.5	-15.5876	47.392	0	-0.257048	-0.966399	0	5203	None
ChainingRodShaped	5926	3.65384	0.5	-36.8198	57.8019	0	0.38106	0.92455	0	None	None
ChainingRodShaped	6054	3.18538	0.5	-19.6178	45.8442	0	0.978427	-0.206595	0	None	None
ChainingRodShaped	5414	4.36857	0.5	25.3095	47.2546	0	-0.0357892	0.999359	0	None	None
ChainingRodShaped	5624	4.64898	0.5	15.5996	33.8759	0	-0.877113	-0.480285	0	None	None
ChainingRodShaped	4814	4.12908	0.5	23.7787	34.3256	0	0.0122482	-0.999925	0	4815	None
ChainingRodShaped	5684	3.35742	0.5	21.2959	34.8871	0	0.876518	0.481369	0	5685	None
ChainingRodShaped	5308	3.70056	0.5	-19.6009	12.0781	0	-0.986529	0.163584	0	5309	None
ChainingRodShaped	5844	2.64132	0.5	63.2552	42.333	0	0.959352	0.282212	0	5845	None
ChainingRodShaped	5530	2.73466	0.5	-25.9911	36.9883	0	-0.0406236	0.999175	0	5531	None
ChainingRodShaped	6016	2.97264	0.5	-6.90015	32.6258	0	-0.387635	-0.921813	0	None	None
ChainingRodShaped	5380	3.8583	0.5	-8.15869	32.0128	0	-0.388727	-0.921353	0	5381	None
ChainingRodShaped	5136	4.3076	0.5	57.3939	43.3942	0	0.803913	-0.594747	0	5137	None
ChainingRodShaped	5236	4.86622	0.5	19.2219	53.7573	0	0.822264	-0.569106	0	None	None
ChainingRodShaped	4998	4.09932	0.5	43.0232	47.0557	0	0.600826	-0.79938	0	5816	None
ChainingRodShaped	5644	4.7516	0.5	11.7456	23.6694	0	-0.250098	0.968221	0	None	None
ChainingRodShaped	5774	3.7403	0.5	-27.4699	47.3557	0	0.987046	-0.160436	0	None	None
ChainingRodShaped	5698	3.6092	0.5	-30.8181	49.2779	0	0.974717	0.223443	0	None	None
ChainingRodShaped	5724	4.59219	0.5	13.2103	21.8215	0	-0.281275	0.959627	0	None	None
ChainingRodShaped	5998	2.49756	0.5	35.6706	56.677	0	0.617898	-0.786258	0	5999	5817
ChainingRodShaped	6000	2.5411	0.5	22.4263	43.9734	0	0.266988	-0.9637	0	None	None
ChainingRodShaped	5254	4.33979	0.5	41.94	55.2286	0	0.779315	-0.626632	0	5255	5451
ChainingRodShaped	5208	3.98825	0.5	-0.813087	51.6819	0	-0.308608	-0.951189	0	5209	6337
ChainingRodShaped	6062	3.04374	0.5	-1.64961	46.2479	0	-0.332207	-0.943206	0	None	None
ChainingRodShaped	5268	4.28082	0.5	-25.1384	18.5201	0	-0.0693759	0.997591	0	5269	5549
ChainingRodShaped	5752	3.03318	0.5	47.6857	37.7407	0	0.958263	0.285888	0	5753	5655
ChainingRodShaped	5668	3.34771	0.5	-5.25806	9.77122	0	-0.987841	0.15547	0	5669	4619
ChainingRodShaped	4788	4.60919	0.5	5.63494	25.8337	0	0.844869	0.534974	0	5390	5351
ChainingRodShaped	5188	4.74715	0.5	23.4867	45.7285	0	0.0383833	-0.999263	0	5189	4815
ChainingRodShaped	5824	2.88888	0.5	15.8261	37.1398	0	-0.874427	-0.485157	0	None	None
ChainingRodShaped	5720	3.22721	0.5	27.1125	46.4004	0	-0.525441	0.85083	0	None	None
ChainingRodShaped	5140	4.35438	0.5	-22.6296	49.4407	0	0.279354	-0.960188	0	None	None
ChainingRodShaped	5902	2.94744	0.5	-38.867	56.3042	0	0.585855	0.810416	0	None	None
ChainingRodShaped	6316	2.08137	0.5	-13.0265	56.8161	0	-0.269131	-0.963103	0	6317	5203
ChainingRodShaped	4732	4.77246	0.5	-52.8008	45.4443	0	0.874322	0.485346	0	5210	5711
ChainingRodShaped	5582	2.73733	0.5	-44.6267	37.9934	0	0.0632268	0.997999	0	5583	5095
ChainingRodShaped	5436	3.96207	0.5	13.9564	24.2562	0	-0.847723	0.53044	0	None	None
ChainingRodShaped	6234	2.26639	0.5	-0.0945172	13.7075	0	0.92437	0.381497	0	None	None
ChainingRodShaped	5044	4.47755	0.5	-29.0148	46.6424	0	0.985392	-0.170299	0	6066	6261
ChainingRodShaped	6006	2.96522	0.5	13.8145	51.0359	0	0.490047	-0.871696	0	None	None
ChainingRodShaped	5858	4.07008	0.5	-32.117	46.177	0	-0.986383	0.164465	0	None	None
ChainingRodShaped	6342	2.07747	0.5	1.42434	69.3133	0	0.210837	0.977521	0	None	None
ChainingRodShaped	5212	4.03122	0.5	36.2767	36.0929	0	0.174026	-0.984741	0	5213	5377
ChainingRodShaped	6308	2.22623	0.5	8.93466	22.8582	0	0.981861	0.189601	0	None	None
ChainingRodShaped	4794	4.52039	0.5	-1.07342	25.4026	0	0.644606	0.764515	0	5992	5613
ChainingRodShaped	5652	3.09714	0.5	-11.7976	27.5605	0	-0.0352947	-0.999377	0	5653	5015
ChainingRodShaped	4790	4.90373	0.5	-35.5731	28.7418	0	0.232491	-0.972598	0	5906	5791
ChainingRodShaped	5328	4.24229	0.5	-1.60052	26.1847	0	-0.644411	-0.76468	0	5329	5651
ChainingRodShaped	5032	4.14349	0.5	-22.2798	15.9814	0	-0.0355373	-0.999368	0	5033	5879
ChainingRodShaped	6060	3.12436	0.5	7.38552	38.9817	0	0.603408	0.797432	0	None	None
ChainingRodShaped	5942	2.59708	0.5	32.0992	20.2471	0	0.276918	-0.960894	0	None	None
ChainingRodShaped	5228	4.77128	0.5	53.6548	35.9159	0	-0.820995	-0.570935	0	5229	5689
ChainingRodShaped	6208	2.26067	0.5	-29.0137	17.3177	0	0.0625255	-0.998043	0	None	None
ChainingRodShaped	5418	3.3021	0.5	-24.6098	26.3642	0	0.0386333	-0.999253	0	5419	5539
ChainingRodShaped	6160	2.62658	0.5	14.5759	40.9797	0	0.487861	0.872922	0	None	None
ChainingRodShaped	5736	3.2401	0.5	-4.83672	52.0453	0	0.473324	-0.880889	0	None	None
ChainingRodShaped	5274	4.23987	0.5	-4.60621	8.6741	0	-0.987962	0.154694	0	5275	6037
ChainingRodShaped	6172	2.28358	0.5	37.0973	47.9364	0	0.278533	-0.960427	0	None	None
ChainingRodShaped	5430	3.42857	0.5	-13.3414	59.3135	0	-0.270869	-0.962616	0	5431	6195
ChainingRodShaped	4858	3.85208	0.5	-39.192	49.3064	0	0.362296	0.932063	0	5874	5661
ChainingRodShaped	6254	2.12839	0.5	-43.062	29.5779	0	-0.0670075	0.997752	0	6255	5405
ChainingRodShaped	5170	4.4958	0.5	11.7015	66.5887	0	0.6534	0.757013	0	None	None
ChainingRodShaped	5638	4.55469	0.5	-10.6767	34.4318	0	0.0137962	0.999905	0	None	None
ChainingRodShaped	5954	2.69221	0.5	-17.0707	13.5118	0	0.916058	-0.401046	0	None	None
ChainingRodShaped	5438	3.4432	0.5	24.5492	42.3787	0	0.0320846	-0.999485	0	5439	6269
ChainingRodShaped	5956	2.65095	0.5	-21.3438	34.3266	0	-0.0450661	-0.998984	0	None	None
ChainingRodShaped	6202	2.1462	0.5	-37.0585	52.1005	0	0.381869	0.924216	0	6203	6367
ChainingRodShaped	5028	4.29717	0.5	30.6598	47.8286	0	-0.508135	0.861278	0	5029	4713
ChainingRodShaped	6236	2.41514	0.5	28.5839	13.4425	0	0.505689	-0.862716	0	None	None
ChainingRodShaped	6294	2.35081	0.5	8.90306	8.51774	0	0.448299	-0.893884	0	None	None
ChainingRodShaped	5804	4.32862	0.5	15.7066	29.7055	0	-0.88001	-0.474955	0	None	None
ChainingRodShaped	5674	4.10887	0.5	42.9465	39.5279	0	-0.92924	-0.369478	0	None	None
ChainingRodShaped	5134	3.73795	0.5	32.9778	47.3349	0	0.624464	-0.781054	0	5135	5131
ChainingRodShaped	5296	4.22943	0.5	-17.5046	39.6432	0	0.408112	0.912932	0	5297	5231
ChainingRodShaped	5952	3.43943	0.5	-5.53958	33.5022	0	-0.39685	-0.917884	0	None	None
ChainingRodShaped	5030	4.39687	0.5	-31.894	39.9462	0	0.975419	0.220356	0	5914	5847
ChainingRodShaped	4976	4.90643	0.5	26.4464	49.2713	0	-0.531212	0.847239	0	None	None
ChainingRodShaped	5358	4.49135	0.5	-14.3938	35.7792	0	-0.0313321	-0.999509	0	None	None
ChainingRodShaped	6032	3.0254	0.5	15.8628	19.6781	0	-0.300636	0.953739	0	None	None
ChainingRodShaped	6350	2.05174	0.5	-9.43323	56.7584	0	-0.0822297	0.996613	0	None	None
ChainingRodShaped	5566	4.41522	0.5	-19.0142	33.9163	0	-0.383886	-0.923381	0	None	None
ChainingRodShaped	5994	2.8021	0.5	11.131	36.9352	0	0.696287	0.717763	0	None	None
ChainingRodShaped	6188	2.51122	0.5	0.836617	53.6814	0	-0.299074	-0.95423	0	None	None
ChainingRodShaped	6346	2.0548	0.5	-3.67296	54.1826	0	0.348954	-0.93714	0	None	None
ChainingRodShaped	5416	3.87291	0.5	35.4254	55.3884	0	0.616075	-0.787687	0	None	None
ChainingRodShaped	5610	3.45057	0.5	7.93434	60.9886	0	0.0808952	0.996723	0	None	None
ChainingRodShaped	5782	3.60136	0.5	-33.3491	36.7729	0	-0.973658	0.228013	0	None	None
ChainingRodShaped	5964	2.6401	0.5	-20.6495	17.014	0	-0.498631	-0.866814	0	None	None
ChainingRodShaped	6048	3.18522	0.5	-0.761449	42.1113	0	-0.583341	-0.812227	0	None	None
ChainingRodShaped	5536	4.80697	0.5	27.3068	55.1444	0	0.527946	-0.849278	0	None	None
ChainingRodShaped	5786	4.03157	0.5	29.4818	38.3207	0	-0.00111966	0.999999	0	None	None
ChainingRodShaped	6332	2.09089	0.5	-22.5715	43.0042	0	0.980378	0.197128	0	None	None
ChainingRodShaped	5468	4.7532	0.5	-32.0236	53.323	0	0.509217	-0.860638	0	None	None
ChainingRodShaped	6334	2.09933	0.5	28.7794	45.46	0	-0.510194	0.860059	0	None	None
ChainingRodShaped	6072	2.47197	0.5	-39.1882	57.5453	0	0.585142	0.810931	0	None	None
ChainingRodShaped	5676	3.81243	0.5	-24.0903	54.6493	0	-0.514378	-0.857564	0	None	None
ChainingRodShaped	5262	4.71755	0.5	19.1936	8.40095	0	0.295928	0.95521	0	None	None
ChainingRodShaped	5526	3.97669	0.5	15.7034	49.4452	0	0.450415	-0.892819	0	None	None
ChainingRodShaped	5742	3.00827	0.5	0.60461	33.7363	0	0.773881	0.633331	0	None	None
ChainingRodShaped	5510	4.58106	0.5	17.7506	40.116	0	-0.660481	-0.750843	0	None	None
ChainingRodShaped	6210	2.4084	0.5	15.7855	27.4822	0	-0.860921	0.508738	0	None	None
ChainingRodShaped	6358	2.03402	0.5	6.39529	9.89118	0	0.987673	-0.156533	0	None	None
ChainingRodShaped	5856	3.90199	0.5	-30.847	43.1903	0	0.973215	0.229895	0	None	None
ChainingRodShaped	5098	4.56555	0.5	34.1743	50.4736	0	0.61447	-0.788941	0	None	None
ChainingRodShaped	5266	4.27349	0.5	-3.83957	40.2763	0	-0.348006	-0.937492	0	None	None
ChainingRodShaped	6250	2.22478	0.5	44.9773	39.2203	0	-0.874169	-0.485623	0	None	None
ChainingRodShaped	5986	2.84108	0.5	-24.56	49.116	0	0.282078	-0.959391	0	None	None
ChainingRodShaped	5180	4.78415	0.5	21.119	41.8789	0	0.276703	-0.960955	0	None	None
ChainingRodShaped	6298	2.29471	0.5	-5.24924	13.0379	0	-0.943821	-0.330456	0	None	None
ChainingRodShaped	5470	4.52026	0.5	30.022	12.9202	0	0.505332	-0.862925	0	None	None
ChainingRodShaped	6206	2.38868	0.5	-15.3096	18.8558	0	0.0396022	-0.999216	0	None	None
ChainingRodShaped	5314	4.26981	0.5	19.9923	37.3667	0	0.869612	0.493735	0	None	None
ChainingRodShaped	6140	2.40994	0.5	25.5644	52.5004	0	-0.530232	0.847852	0	None	None
ChainingRodShaped	6340	2.0533	0.5	16.0249	46.2706	0	-0.280141	0.959959	0	None	None
ChainingRodShaped	6110	2.54222	0.5	26.3308	44.7575	0	-0.0494544	0.998776	0	None	None
ChainingRodShaped	5814	3.64229	0.5	8.82635	11.3705	0	0.375231	-0.926931	0	None	None
ChainingRodShaped	5128	4.35069	0.5	1.35083	65.4854	0	0.252545	0.967585	0	None	None
ChainingRodShaped	5812	2.80087	0.5	13.0286	19.1036	0	-0.290963	0.956734	0	None	None
ChainingRodShaped	5862	2.75302	0.5	35.2419	27.1559	0	0.580069	-0.814567	0	None	None
ChainingRodShaped	5192	4.27904	0.5	10.8722	23.4414	0	-0.243426	0.96992	0	None	None
ChainingRodShaped	6200	2.47402	0.5	-10.2499	24.5347	0	-0.605671	0.795715	0	None	None
ChainingRodShaped	5484	3.75983	0.5	-10.7233	68.4893	0	-0.276923	-0.960892	0	5485	5431
ChainingRodShaped	5282	3.51591	0.5	-21.3849	30.6514	0	0.372674	0.927962	0	5283	5297
ChainingRodShaped	5692	3.83933	0.5	-26.0386	17.3797	0	0.0698093	-0.99756	0	None	None
ChainingRodShaped	4619	4.36011	0.5	-10.0499	10.5276	0	-0.987717	0.156255	0	5668	5309
ChainingRodShaped	5198	4.17631	0.5	-4.47886	41.1701	0	-0.351649	-0.936132	0	6336	5381
ChainingRodShaped	5910	2.85925	0.5	-27.9477	36.8891	0	0.558319	0.829627	0	None	None
ChainingRodShaped	5440	4.72068	0.5	1.2252	39.3324	0	-0.718037	-0.696005	0	None	None
ChainingRodShaped	5660	2.61553	0.5	-36.2721	56.5461	0	0.383152	0.923685	0	5661	4626
ChainingRodShaped	5846	2.90165	0.5	-23.8396	41.743	0	0.976262	0.216591	0	5847	4628
ChainingRodShaped	5352	3.07148	0.5	-41.9644	17.9885	0	-0.107454	0.99421	0	5353	5177
ChainingRodShaped	6258	2.41856	0.5	17.9333	22.6615	0	-0.63199	0.774977	0	None	None
ChainingRodShaped	5370	3.77804	0.5	5.68694	56.3909	0	0.326609	0.945159	0	None	None
ChainingRodShaped	5654	3.57959	0.5	56.0442	40.2127	0	0.959436	0.281927	0	5655	5845
ChainingRodShaped	5836	2.81535	0.5	-10.5868	45.0776	0	-0.958238	0.285971	0	None	None
ChainingRodShaped	5758	4.19044	0.5	10.4276	34.8564	0	0.699161	0.714964	0	None	None
ChainingRodShaped	5694	4.55219	0.5	28.4264	57.3941	0	0.0300673	-0.999548	0	None	None
ChainingRodShaped	6090	2.54018	0.5	21.1123	16.9387	0	-0.857338	0.514754	0	None	None
ChainingRodShaped	5702	3.29895	0.5	4.36449	16.4394	0	-0.356579	-0.934265	0	None	None
ChainingRodShaped	5666	3.79134	0.5	20.0501	56.1695	0	0.0617546	-0.998091	0	None	None
ChainingRodShaped	5760	3.2517	0.5	-9.75111	33.2901	0	0.0181773	0.999835	0	None	None
ChainingRodShaped	6064	2.70982	0.5	5.60513	31.4307	0	0.712058	0.702121	0	None	None
ChainingRodShaped	5376	3.22258	0.5	37.7522	27.2036	0	0.152753	-0.988264	0	5377	5073
ChainingRodShaped	6274	2.25593	0.5	3.41453	21.1098	0	0.821038	0.570873	0	None	None
ChainingRodShaped	5688	2.66948	0.5	46.4946	30.8521	0	-0.810476	-0.585772	0	5689	5585
ChainingRodShaped	5182	4.77467	0.5	22.9716	55.7225	0	0.0624945	-0.998045	0	5183	5189
ChainingRodShaped	5318	4.58487	0.5	-31.1828	37.5011	0	-0.992426	0.122842	0	None	None
ChainingRodShaped	6212	2.38379	0.5	-18.2702	27.3334	0	-0.624403	-0.781102	0	None	None
ChainingRodShaped	5230	4.88229	0.5	-13.5968	49.1764	0	0.354099	0.935208	0	5231	5349
ChainingRodShaped	6302	2.23529	0.5	-0.243733	63.3875	0	0.268502	0.963279	0	None	None
ChainingRodShaped	5114	3.61978	0.5	-33.1775	61.1816	0	0.398132	0.917328	0	6366	5931
ChainingRodShaped	6102	2.6272	0.5	-4.24321	52.9635	0	0.467316	-0.88409	0	None	None
ChainingRodShaped	5636	3.22507	0.5	4.2124	38.0356	0	0.969752	0.244091	0	None	None
ChainingRodShaped	5908	3.21008	0.5	-35.6342	33.2179	0	-0.235432	0.971891	0	None	None
ChainingRodShaped	5976	3.4679	0.5	14.0962	60.667	0	0.121336	-0.992611	0	None	None
ChainingRodShaped	5540	4.68089	0.5	7.63952	56.3067	0	0.341469	0.939893	0	None	None
ChainingRodShaped	5706	2.65575	0.5	-41.0374	40.8432	0	0.293188	0.956055	0	5707	5145
ChainingRodShaped	5412	3.90033	0.5	-29.9601	21.9604	0	-0.307787	-0.951455	0	None	None
ChainingRodShaped	5450	3.63567	0.5	49.5266	49.2869	0	0.795202	-0.606345	0	5451	5137
ChainingRodShaped	6184	2.6112	0.5	20.4536	15.0144	0	-0.839663	0.543107	0	None	None
ChainingRodShaped	6092	2.4649	0.5	-19.2979	57.3571	0	-0.926864	-0.375398	0	None	None
ChainingRodShaped	5950	2.94765	0.5	10.9579	62.8522	0	-0.0721344	-0.997395	0	None	None
ChainingRodShaped	5678	3.10004	0.5	-17.07	20.9666	0	-0.469336	-0.88302	0	None	None
ChainingRodShaped	5618	4.01657	0.5	25.1245	20.759	0	0.471637	-0.881793	0	None	None
ChainingRodShaped	5710	2.77217	0.5	-44.9376	49.8498	0	0.869823	0.493364	0	5711	4698
ChainingRodShaped	6322	2.16535	0.5	41.5888	41.1265	0	-0.015785	-0.999875	0	None	None
ChainingRodShaped	5614	4.93788	0.5	33.249	13.8494	0	-0.424741	-0.905315	0	None	None
ChainingRodShaped	5962	2.66571	0.5	-20.2424	40.4455	0	0.424406	0.905472	0	None	None
ChainingRodShaped	6228	2.40547	0.5	6.78177	68.6943	0	0.903657	-0.428257	0	None	None
ChainingRodShaped	5454	4.86081	0.5	25.133	16.5158	0	0.803642	-0.595113	0	None	None
ChainingRodShaped	5612	3.53554	0.5	5.18599	32.3147	0	0.705003	0.709205	0	5613	5591
ChainingRodShaped	4713	4.36789	0.5	27.9015	52.3818	0	-0.52762	0.849481	0	5028	4712
ChainingRodShaped	5400	3.67052	0.5	-18.3025	48.2374	0	0.254977	-0.966947	0	None	None
ChainingRodShaped	6268	2.07267	0.5	24.7051	35.4445	0	0.00984021	-0.999952	0	6269	6363
ChainingRodShaped	5172	3.41426	0.5	-9.93616	67.628	0	-0.279251	-0.960218	0	5173	5167
ChainingRodShaped	5600	2.77593	0.5	2.2455	61.4413	0	-0.289983	-0.957032	0	5601	5209
ChainingRodShaped	5150	4.53364	0.5	-24.3027	8.2912	0	-0.089109	0.996022	0	5151	5269
ChainingRodShaped	5350	3.41897	0.5	13.9418	30.8372	0	0.872223	0.489109	0	5351	5685
ChainingRodShaped	5820	3.24029	0.5	17.258	28.7311	0	-0.998243	-0.0592585	0	None	None
ChainingRodShaped	5606	4.25594	0.5	3.71041	35.6264	0	0.629462	0.777031	0	None	None
ChainingRodShaped	5196	4.23954	0.5	5.02122	34.3502	0	-0.610063	-0.792353	0	5197	5329
ChainingRodShaped	5210	4.01346	0.5	-57.5143	42.8342	0	0.875404	0.483391	0	5211	4732
ChainingRodShaped	6100	2.5379	0.5	43.5084	48.9857	0	0.192237	-0.981349	0	None	None
ChainingRodShaped	5490	3.86084	0.5	43.1579	42.7261	0	-0.306572	-0.951848	0	None	None
ChainingRodShaped	6122	2.48714	0.5	-25.9264	49.0068	0	0.546324	-0.837574	0	None	None
ChainingRodShaped	5864	4.05159	0.5	-30.5663	58.1904	0	-0.955891	-0.293721	0	None	None
ChainingRodShaped	5602	3.48858	0.5	-12.9695	53.6487	0	-0.28395	-0.958839	0	None	None
ChainingRodShaped	5244	4.82119	0.5	-11.5828	36.3212	0	-0.0181016	-0.999836	0	5245	5653
ChainingRodShaped	5632	3.18358	0.5	0.783921	41.0906	0	-0.569313	-0.822121	0	None	None
ChainingRodShaped	6226	2.2126	0.5	-4.61772	12.2629	0	-0.940469	-0.339879	0	None	None
ChainingRodShaped	6108	2.42654	0.5	26.8957	57.6148	0	0.51321	-0.858263	0	None	None
ChainingRodShaped	5884	3.97045	0.5	6.49101	48.0066	0	-0.958876	0.283825	0	None	None
ChainingRodShaped	5372	4.57962	0.5	1.71146	49.944	0	-0.289363	-0.957219	0	None	None
ChainingRodShaped	5972	3.53967	0.5	-42.1053	53.7074	0	0.86746	0.497507	0	None	None
ChainingRodShaped	5404	3.83745	0.5	-43.3385	38.1602	0	0.00312329	0.999995	0	5405	5345
ChainingRodShaped	5482	3.18388	0.5	35.1453	60.8259	0	0.763924	-0.645306	0	5483	5255
ChainingRodShaped	6194	2.25476	0.5	-15.2244	52.4732	0	-0.25995	-0.965622	0	6195	6267
ChainingRodShaped	5778	2.99012	0.5	28.5618	32.8865	0	-0.00609701	0.999981	0	None	None
ChainingRodShaped	5386	3.73546	0.5	30.2119	15.1361	0	0.352505	-0.93581	0	None	None
ChainingRodShaped	5892	2.94565	0.5	-24.9307	35.0259	0	0.0407241	-0.99917	0	5893	5419
ChainingRodShaped	5594	4.4637	0.5	21.2666	33.1049	0	-0.709616	-0.704589	0	None	None
ChainingRodShaped	6242	2.26201	0.5	21.7174	60.0623	0	0.0743405	-0.997233	0	None	None
ChainingRodShaped	5578	3.07242	0.5	4.71513	7.21996	0	-0.98811	0.153752	0	5579	5275
ChainingRodShaped	5650	3.4315	0.5	-7.17573	19.4489	0	-0.623276	-0.782002	0	5651	5713
ChainingRodShaped	5548	3.7774	0.5	-25.6574	28.2964	0	-0.0390635	0.999237	0	5549	5531
ChainingRodShaped	5442	3.9225	0.5	3.57991	48.1976	0	-0.104199	-0.994556	0	None	None
ChainingRodShaped	6198	2.37847	0.5	-5.80952	49.7369	0	0.0802901	-0.996772	0	None	None
ChainingRodShaped	6364	2.00271	0.5	-9.7573	50.6701	0	-0.168767	0.985656	0	None	None
ChainingRodShaped	6148	2.44636	0.5	17.0837	6.08892	0	0.740843	-0.671679	0	None	None
ChainingRodShaped	5390	4.41991	0.5	1.00031	22.835	0	0.833866	0.551967	0	5391	4788
ChainingRodShaped	5906	2.35052	0.5	-36.6485	33.24	0	0.232527	-0.97259	0	5907	4790
ChainingRodShaped	6070	3.09394	0.5	-23.5023	48.9864	0	0.284218	-0.95876	0	None	None
ChainingRodShaped	5992	2.40684	0.5	-3.91912	21.9856	0	0.633098	0.774072	0	5993	4794
ChainingRodShaped	5806	3.24181	0.5	15.8557	9.90707	0	0.992333	-0.123589	0	None	None
ChainingRodShaped	5664	4.33709	0.5	8.06034	21.7493	0	0.983149	0.182806	0	None	None
ChainingRodShaped	5604	3.57984	0.5	34.0201	49.1174	0	0.619832	-0.784735	0	None	None
ChainingRodShaped	5792	3.31336	0.5	16.1057	8.89721	0	0.992559	-0.121768	0	None	None
ChainingRodShaped	5550	2.81856	0.5	31.2385	62.2126	0	0.63157	-0.775319	0	5551	5999
ChainingRodShaped	6038	3.20001	0.5	10.0816	26.4552	0	0.862831	0.505492	0	None	None
ChainingRodShaped	6216	2.23485	0.5	-12.6248	31.4043	0	-0.0280396	-0.999607	0	None	None
ChainingRodShaped	5780	3.31374	0.5	5.45622	9.06798	0	0.986622	-0.163025	0	None	None
ChainingRodShaped	5084	4.60708	0.5	5.07882	5.16414	0	-0.987617	0.156882	0	None	None
ChainingRodShaped	4815	4.9669	0.5	23.6726	39.8755	0	0.0252207	-0.999682	0	5188	4814
ChainingRodShaped	5732	3.76731	0.5	-11.1332	20.1083	0	0.0142486	0.999898	0	None	None
ChainingRodShaped	5616	4.94617	0.5	3.95278	60.3656	0	-0.302994	-0.952992	0	None	None
ChainingRodShaped	5872	3.70638	0.5	-1.38117	53.0489	0	0.304152	0.952623	0	None	None
ChainingRodShaped	5052	4.95314	0.5	17.6163	37.0815	0	0.874501	0.485024	0	None	None
ChainingRodShaped	5854	2.85674	0.5	-19.861	53.5777	0	-0.649896	0.760023	0	None	None
ChainingRodShaped	5620	3.36314	0.5	-22.6876	39.016	0	0.906906	-0.421334	0	None	None
ChainingRodShaped	5996	2.81385	0.5	15.0792	58.2833	0	-0.3142	-0.949357	0	None	None
ChainingRodShaped	6118	2.83023	0.5	32.9979	41.7561	0	-0.472615	0.881269	0	None	None
ChainingRodShaped	5514	4.15457	0.5	-26.5701	26.927	0	0.0397392	-0.99921	0	None	None
ChainingRodShaped	6022	3.05175	0.5	-7.5511	29.0275	0	-0.911834	-0.410559	0	None	None
ChainingRodShaped	5838	3.63169	0.5	26.2086	62.0554	0	0.107385	-0.994217	0	None	None
ChainingRodShaped	5916	3.1634	0.5	15.0504	22.4771	0	-0.842373	0.538895	0	None	None
ChainingRodShaped	5936	3.29569	0.5	17.6475	33.9358	0	-0.878894	-0.477017	0	None	None
ChainingRodShaped	6282	2.13882	0.5	-22.2263	44.0228	0	0.982303	0.187296	0	None	None
ChainingRodShaped	5586	4.38201	0.5	21.4583	49.2072	0	0.0700944	-0.99754	0	None	None
ChainingRodShaped	6056	2.77891	0.5	5.18368	27.0543	0	-0.662127	-0.749392	0	None	None
ChainingRodShaped	5750	3.58823	0.5	27.6118	30.8105	0	-0.00823188	0.999966	0	None	None
ChainingRodShaped	5764	3.21121	0.5	-27.8694	15.2656	0	0.073534	-0.997293	0	None	None
ChainingRodShaped	5802	3.28704	0.5	-33.8838	33.146	0	-0.628315	0.777959	0	None	None
ChainingRodShaped	5932	3.3809	0.5	-8.46289	61.917	0	-0.495805	-0.868434	0	None	None
ChainingRodShaped	5276	4.83931	0.5	-44.8724	56.6602	0	0.868647	0.495431	0	None	None
ChainingRodShaped	5874	2.55849	0.5	-40.6886	45.3824	0	0.348548	0.937291	0	5875	4858
ChainingRodShaped	5766	3.8277	0.5	33.4902	52.9581	0	0.59802	-0.801481	0	None	None
ChainingRodShaped	5704	4.81276	0.5	-15.7319	38.9251	0	-0.412927	-0.910764	0	None	None
ChainingRodShaped	5574	4.03738	0.5	17.8522	16.9372	0	-0.358179	0.933653	0	None	None
ChainingRodShaped	6136	2.57506	0.5	-19.1084	27.8658	0	-0.586445	-0.809989	0	None	None
ChainingRodShaped	5640	3.10892	0.5	9.36495	57.3975	0	0.0467749	0.998905	0	None	None
ChainingRodShaped	5680	3.21009	0.5	-2.19096	53.6144	0	0.307766	0.951462	0	None	None
ChainingRodShaped	6080	2.1828	0.5	-45.158	29.7539	0	0.0650972	0.997879	0	6081	5583
ChainingRodShaped	4875	4.30718	0.5	39.5293	35.2877	0	0.957243	0.289286	0	None	5753
ChainingRodShaped	5378	4.18728	0.5	30.4677	34.1833	0	0.0095679	-0.999954	0	None	None
ChainingRodShaped	5564	4.17701	0.5	4.5605	65.8057	0	-0.286666	-0.958031	0	None	None
ChainingRodShaped	6036	2.45152	0.5	-12.4068	9.90377	0	-0.987467	0.157823	0	6037	5795
ChainingRodShaped	4883	4.7983	0.5	4.05163	8.31295	0	-0.987767	0.155938	0	None	5669
ChainingRodShaped	5504	3.60244	0.5	25.5361	12.528	0	-0.825752	0.564033	0	None	None
ChainingRodShaped	5402	4.38117	0.5	-19.4225	48.7597	0	0.256327	-0.96659	0	None	None
ChainingRodShaped	5876	3.84539	0.5	-18.2896	15.3029	0	0.876987	-0.480514	0	None	None
ChainingRodShaped	5870	3.97495	0.5	-7.26764	11.3609	0	0.956679	-0.291146	0	None	None
ChainingRodShaped	5900	3.34231	0.5	32.939	21.9124	0	0.0991784	-0.99507	0	None	None
ChainingRodShaped	5718	4.67647	0.5	32.7689	55.557	0	0.589146	-0.808027	0	None	None
ChainingRodShaped	6248	2.4718	0.5	-15.3674	29.5339	0	0.819737	0.572741	0	None	None
ChainingRodShaped	5966	3.02801	0.5	18.5736	47.5871	0	0.27647	-0.961023	0	None	None
ChainingRodShaped	5302	4.53174	0.5	-37.6347	42.5305	0	0.218171	0.975911	0	None	None
ChainingRodShaped	5288	4.64822	0.5	21.3169	23.0159	0	-0.63877	0.769398	0	None	None
ChainingRodShaped	5656	3.12929	0.5	5.96346	47.182	0	-0.956876	0.290497	0	None	None
ChainingRodShaped	6178	2.4728	0.5	13.1476	64.3211	0	-0.91809	-0.396372	0	None	None
ChainingRodShaped	6128	2.80009	0.5	22.7322	40.0758	0	0.0250487	-0.999686	0	None	None
ChainingRodShaped	6028	2.67541	0.5	-14.4468	43.3223	0	-0.646232	-0.763141	0	None	None
ChainingRodShaped	5424	4.92965	0.5	11.2882	53.0461	0	0.591874	-0.80603	0	None	None
ChainingRodShaped	6276	2.29651	0.5	5.44616	15.8668	0	-0.221594	-0.975139	0	None	None
ChainingRodShaped	5924	3.624	0.5	7.7459	36.2986	0	-0.651375	-0.758756	0	None	None
ChainingRodShaped	6040	3.01665	0.5	2.54713	21.6691	0	0.822662	0.568531	0	None	None
ChainingRodShaped	5722	3.66645	0.5	23.7159	25.2236	0	-0.00804507	-0.999968	0	None	None
ChainingRodShaped	5398	4.1937	0.5	31.0677	24.454	0	0.411964	0.9112	0	None	None
ChainingRodShaped	5726	2.96383	0.5	36.515	17.7114	0	-0.272817	-0.962066	0	None	None
ChainingRodShaped	5796	3.97013	0.5	25.8804	53.8249	0	-0.521726	0.853113	0	None	None
ChainingRodShaped	5740	3.2375	0.5	33.5842	31.6183	0	-0.42277	0.906237	0	None	None
ChainingRodShaped	5488	4.21012	0.5	6.05243	59.7348	0	-0.460402	-0.887711	0	None	None
ChainingRodShaped	5252	4.92329	0.5	-19.0757	56.3977	0	-0.929294	-0.369342	0	None	None
ChainingRodShaped	5878	2.79291	0.5	-22.5274	7.89427	0	-0.0248826	-0.99969	0	5879	5749
ChainingRodShaped	6224	2.53147	0.5	-18.9235	59.392	0	-0.510745	-0.859732	0	None	None
ChainingRodShaped	5608	3.38259	0.5	15.8362	51.264	0	0.457223	-0.889352	0	None	None
ChainingRodShaped	6030	3.16413	0.5	-30.06	59.8505	0	-0.833963	-0.55182	0	None	None
ChainingRodShaped	5798	3.07607	0.5	-9.40048	38.6867	0	-0.798235	-0.602347	0	None	None
ChainingRodShaped	6138	2.44856	0.5	-7.89088	24.4742	0	-0.995767	0.0919103	0	None	None
ChainingRodShaped	5406	3.71203	0.5	22.2237	52.0957	0	0.0601142	-0.998192	0	None	None
ChainingRodShaped	5626	4.69289	0.5	12.1769	48.1076	0	-0.802545	0.596592	0	None	None
ChainingRodShaped	5894	3.45926	0.5	20.477	64.5454	0	-0.715994	-0.698107	0	None	None
ChainingRodShaped	6082	2.74105	0.5	9.74409	69.4891	0	-0.685633	-0.727948	0	None	None
ChainingRodShaped	5560	3.65229	0.5	28.1376	42.7683	0	-0.471814	0.881698	0	None	None
ChainingRodShaped	5890	3.91838	0.5	-18.3546	23.5136	0	0.917472	0.3978	0	None	None
ChainingRodShaped	5554	4.46776	0.5	25.6598	35.1254	0	-0.00923199	0.999957	0	None	None
ChainingRodShaped	6088	2.41936	0.5	-28.8323	56.1422	0	-0.789434	-0.613835	0	None	None
ChainingRodShaped	5486	3.89326	0.5	26.4355	22.9818	0	-0.0386706	-0.999252	0	None	None
ChainingRodShaped	6106	2.59274	0.5	-31.9036	32.09	0	-0.00409179	0.999992	0	None	None
ChainingRodShaped	5834	3.93887	0.5	22.6136	17.1888	0	-0.79942	0.600773	0	None	None
ChainingRodShaped	5828	3.85509	0.5	47.7673	48.0796	0	0.2916	-0.95654	0	None	None
ChainingRodShaped	5970	2.80565	0.5	-30.2181	27.1666	0	-0.341024	-0.940055	0	None	None
ChainingRodShaped	6232	2.54974	0.5	4.59143	29.0536	0	0.676936	0.736042	0	None	None
ChainingRodShaped	5662	3.94915	0.5	8.41951	45.2063	0	-0.932436	0.361336	0	None	None
ChainingRodShaped	6142	2.29402	0.5	32.9504	37.952	0	-0.22932	0.973351	0	None	None
ChainingRodShaped	6044	2.51009	0.5	-17.0791	49.3928	0	-0.187267	-0.982309	0	None	None
ChainingRodShaped	5840	3.48649	0.5	22.8266	11.952	0	-0.705936	0.708276	0	None	None
ChainingRodShaped	6270	2.37248	0.5	-10.8069	51.3167	0	-0.161886	0.986809	0	None	None
ChainingRodShaped	5432	4.8068	0.5	10.6213	17.2663	0	-0.359533	0.933132	0	None	None
ChainingRodShaped	6068	2.55918	0.5	40.4414	47.1718	0	0.598518	-0.801109	0	None	None
ChainingRodShaped	6244	2.37775	0.5	-42.7169	52.2321	0	0.868338	0.495972	0	None	None
ChainingRodShaped	4991	4.95488	0.5	-2.50283	37.4427	0	-0.797574	-0.603221	0	None	None
ChainingRodShaped	6096	2.7235	0.5	20.8503	58.5492	0	0.0717448	-0.997423	0	None	None
ChainingRodShaped	6086	2.83537	0.5	-26.2321	54.2844	0	-0.854647	-0.519209	0	None	None
ChainingRodShaped	5784	3.19222	0.5	-9.76557	53.6369	0	-0.40361	0.914931	0	None	None
ChainingRodShaped	5816	2.86287	0.5	40.3278	50.632	0	0.60342	-0.797424	0	5817	4998
ChainingRodShaped	6196	2.63321	0.5	-2.78681	40.4719	0	-0.345541	-0.938404	0	None	None
ChainingRodShaped	5338	4.66148	0.5	-27.4353	55.9885	0	-0.789566	-0.613665	0	None	None
ChainingRodShaped	6170	2.6663	0.5	2.94011	33.2024	0	0.633223	0.77397	0	None	None
ChainingRodShaped	5948	2.63334	0.5	-28.8785	41.6251	0	0.977241	0.212133	0	None	None
ChainingRodShaped	6168	2.6766	0.5	-35.6053	44.7999	0	-0.620225	0.784424	0	None	None
ChainingRodShaped	5670	4.46663	0.5	-8.93502	13.9152	0	-0.598023	-0.801479	0	None	None
ChainingRodShaped	5912	3.7098	0.5	26.6275	33.3406	0	0.00774824	-0.99997	0	None	None
ChainingRodShaped	5015	4.20981	0.5	-12.0073	22.9268	0	-0.053144	-0.998587	0	5652	5929
ChainingRodShaped	5456	4.14653	0.5	-3.84921	58.4073	0	0.253779	-0.967262	0	None	None
ChainingRodShaped	5446	4.30644	0.5	4.82977	43.398	0	-0.629816	-0.776744	0	None	None
ChainingRodShaped	5021	4.95648	0.5	-46.3622	52.4163	0	0.870428	0.492295	0	None	None
ChainingRodShaped	6278	2.23991	0.5	13.3407	26.7915	0	-0.851525	0.524314	0	None	None
ChainingRodShaped	5410	4.05563	0.5	29.3018	28.5211	0	-0.342539	0.939504	0	None	None
ChainingRodShaped	5562	3.40462	0.5	-10.1586	63.402	0	-0.28617	-0.958179	0	None	None
ChainingRodShaped	5029	4.51033	0.5	33.3359	43.1459	0	-0.484763	0.874646	0	None	5028
ChainingRodShaped	5914	2.39476	0.5	-36.1649	38.9729	0	0.974309	0.225215	0	5915	5030
ChainingRodShaped	5033	4.7885	0.5	-22.0843	21.4343	0	-0.0361131	-0.999348	0	None	5032
ChainingRodShaped	6338	2.10201	0.5	-13.8741	45.8697	0	-0.389099	-0.921196	0	None	None
ChainingRodShaped	5556	3.32198	0.5	0.218769	48.7168	0	-0.356856	-0.934159	0	None	None
ChainingRodShaped	5596	4.62084	0.5	-1.36749	35.8823	0	-0.806295	-0.591514	0	None	None
ChainingRodShaped	6126	2.8407	0.5	30.9584	15.9215	0	0.343129	-0.939288	0	None	None
ChainingRodShaped	5043	4.6054	0.5	-33.7107	25.2613	0	-0.243347	0.969939	0	None	None
ChainingRodShaped	6066	2.19482	0.5	-33.2308	47.3503	0	0.987515	-0.157523	0	6067	5044
ChainingRodShaped	6264	2.41648	0.5	0.0916289	6.9391	0	-0.987991	0.154512	0	None	None
ChainingRodShaped	5982	2.54765	0.5	-12.4667	37.8661	0	-0.0280899	-0.999605	0	None	None
ChainingRodShaped	5690	3.74901	0.5	4.87802	39.1152	0	0.967265	0.253767	0	None	None
ChainingRodShaped	6310	2.17767	0.5	13.6101	34.9295	0	0.883503	0.468425	0	None	None
ChainingRodShaped	5452	3.78928	0.5	34.2763	47.2636	0	0.627651	-0.778495	0	None	None
ChainingRodShaped	5496	4.56714	0.5	5.84207	50.637	0	0.603509	-0.797356	0	None	None
ChainingRodShaped	5502	4.25341	0.5	16.5688	63.9525	0	-0.845841	-0.533435	0	None	None
ChainingRodShaped	6238	2.42223	0.5	41.7317	50.4333	0	0.572872	-0.819645	0	None	None
ChainingRodShaped	6296	2.33383	0.5	1.44342	17.8289	0	0.975603	0.219542	0	None	None
ChainingRodShaped	5532	4.29374	0.5	-7.10544	51.3961	0	0.190502	-0.981687	0	None	None
ChainingRodShaped	6112	2.55579	0.5	8.5275	23.7279	0	0.980573	0.196156	0	None	None
ChainingRodShaped	5492	4.21603	0.5	5.66063	12.4767	0	0.594621	-0.804006	0	None	None
ChainingRodShaped	5920	3.43415	0.5	23.615	63.5196	0	-0.0434088	-0.999057	0	None	None
ChainingRodShaped	5073	3.445	0.5	38.4096	22.9222	0	0.150915	-0.988547	0	5376	5072
ChainingRodShaped	5558	4.89836	0.5	-43.0291	55.4346	0	0.870998	0.491287	0	None	None
ChainingRodShaped	5077	4.76298	0.5	39.0701	44.6741	0	0.238683	-0.971098	0	None	None
ChainingRodShaped	6256	2.19566	0.5	-2.80185	33.6326	0	0.807999	0.589184	0	None	None
ChainingRodShaped	6034	3.12157	0.5	34.8355	38.5905	0	-0.18521	0.982699	0	None	None
ChainingRodShaped	6262	2.14773	0.5	13.3638	58.8685	0	0.133009	-0.991115	0	None	None
ChainingRodShaped	5642	4.83294	0.5	10.9342	6.5857	0	0.430681	-0.902504	0	None	None
ChainingRodShaped	5630	4.57856	0.5	-13.529	33.0976	0	-0.0213336	-0.999772	0	None	None
ChainingRodShaped	6288	2.30519	0.5	-2.506	29.4124	0	0.623689	0.781673	0	None	None
ChainingRodShaped	5696	3.67062	0.5	7.00252	19.8354	0	0.811655	0.584137	0	None	None
ChainingRodShaped	6186	2.34508	0.5	4.40977	11.2513	0	0.976651	-0.214833	0	None	None
ChainingRodShaped	5095	3.81544	0.5	-44.3605	42.2594	0	0.0615258	0.998105	0	5582	5094
ChainingRodShaped	6024	3.08823	0.5	-5.67919	27.5671	0	0.756877	0.653557	0	None	None
ChainingRodShaped	5099	4.62148	0.5	30.8105	54.9257	0	0.596422	-0.802671	0	None	None
ChainingRodShaped	6144	2.45743	0.5	-22.8718	33.7095	0	0.450524	-0.892764	0	None	None
ChainingRodShaped	6076	2.80255	0.5	-14.2791	17.7051	0	-0.0816259	-0.996663	0	None	None
ChainingRodShaped	6260	2.14333	0.5	-21.7954	45.3023	0	0.980444	-0.196798	0	6261	5104
ChainingRodShaped	6012	2.88898	0.5	15.6843	40.4875	0	0.653668	0.756781	0	None	None
ChainingRodShaped	6304	2.23811	0.5	-10.5449	23.0129	0	-0.425697	0.904866	0	None	None
ChainingRodShaped	5111	4.70374	0.5	7.1963	52.0456	0	-0.608407	0.793625	0	None	None
ChainingRodShaped	6252	2.17255	0.5	18.1037	56.7701	0	0.0497897	-0.99876	0	None	None
ChainingRodShaped	6366	2.00016	0.5	-34.6903	57.6873	0	0.395951	0.918272	0	6367	5114
ChainingRodShaped	5880	3.94663	0.5	-2.24456	63.6357	0	0.238448	0.971155	0	None	None
ChainingRodShaped	5119	4.46073	0.5	32.0388	33.5479	0	-0.340365	-0.940294	0	None	None
ChainingRodShaped	5980	3.44437	0.5	-29.8424	25.3287	0	-0.340963	-0.940077	0	None	None
ChainingRodShaped	5762	3.75552	0.5	19.6213	12.5857	0	-0.613268	0.789875	0	None	None
ChainingRodShaped	5125	4.83806	0.5	10.8873	33.9944	0	0.697083	0.71699	0	None	None
ChainingRodShaped	5744	3.43837	0.5	44.1964	42.734	0	-0.310002	-0.950736	0	None	None
ChainingRodShaped	5852	2.89152	0.5	0.110755	61.0629	0	0.283372	0.95901	0	None	None
ChainingRodShaped	5131	4.70616	0.5	36.2293	43.2559	0	0.622111	-0.782929	0	5134	5130
ChainingRodShaped	5133	4.34936	0.5	-4.44227	43.9178	0	0.327447	0.94487	0	None	None
ChainingRodShaped	5135	3.43245	0.5	30.132	50.9226	0	0.618239	-0.78599	0	None	5134
ChainingRodShaped	5137	3.87332	0.5	53.3149	46.4271	0	0.800836	-0.598884	0	5450	5136
ChainingRodShaped	5788	3.57275	0.5	1.15238	61.1923	0	0.290131	0.956987	0	None	None
ChainingRodShaped	5738	4.34678	0.5	-23.1199	54.3983	0	-0.507331	-0.861751	0	None	None
ChainingRodShaped	5938	2.68069	0.5	14.0639	15.6343	0	-0.506931	0.861986	0	None	None
ChainingRodShaped	5145	4.37473	0.5	-39.6498	45.1358	0	0.317591	0.948228	0	5706	6203
ChainingRodShaped	6318	2.1077	0.5	29.9853	60.7038	0	0.641107	-0.767452	0	None	None
ChainingRodShaped	5149	4.42748	0.5	-15.4419	57.6322	0	-0.524979	-0.851115	0	None	None
ChainingRodShaped	5151	3.46112	0.5	-23.8549	3.31683	0	-0.0902596	0.995918	0	None	5150
ChainingRodShaped	5940	3.48378	0.5	-7.42455	56.7369	0	0.186007	-0.982549	0	None	None
ChainingRodShaped	6362	2.00334	0.5	24.7048	29.4118	0	-0.00826494	-0.999966	0	6363	5154
ChainingRodShaped	5832	3.45743	0.5	27.474	40.4796	0	-0.0466636	0.998911	0	None	None
ChainingRodShaped	5159	4.90768	0.5	7.34443	64.7069	0	-0.690886	-0.722964	0	None	None
ChainingRodShaped	5886	3.07674	0.5	7.66246	30.4962	0	0.838358	0.54512	0	None	None
ChainingRodShaped	5163	4.4838	0.5	34.9307	23.0294	0	-0.399997	-0.916516	0	None	None
ChainingRodShaped	5682	4.75061	0.5	-20.454	27.8785	0	-0.366326	-0.930486	0	None	None
ChainingRodShaped	5167	3.46086	0.5	-11.168	63.3708	0	-0.276573	-0.960993	0	5172	6317
ChainingRodShaped	5622	4.22674	0.5	9.17745	52.7082	0	-0.58406	0.81171	0	None	None
ChainingRodShaped	5800	4.05525	0.5	9.91683	61.9077	0	0.0762999	0.997085	0	None	None
ChainingRodShaped	5173	4.44242	0.5	-8.55872	72.3563	0	-0.280024	-0.959993	0	None	5172
ChainingRodShaped	5734	3.51871	0.5	14.8338	30.2804	0	-0.875217	-0.48373	0	None	None
ChainingRodShaped	5177	3.90998	0.5	-42.4322	22.451	0	-0.101485	0.994837	0	5352	6255
ChainingRodShaped	5634	4.15137	0.5	20.1426	29.1091	0	-0.859278	0.511508	0	None	None
ChainingRodShaped	5850	3.86595	0.5	19.7169	47.0061	0	0.275059	-0.961427	0	None	None
ChainingRodShaped	5183	3.10692	0.5	22.6586	60.6511	0	0.0644221	-0.997923	0	None	5182
ChainingRodShaped	6004	2.51571	0.5	14.4162	6.10935	0	0.967311	-0.253594	0	None	None
ChainingRodShaped	5672	3.69009	0.5	-15.3766	22.1406	0	-0.46097	-0.887416	0	None	None
ChainingRodShaped	5189	3.25375	0.5	23.2645	50.7203	0	0.0527846	-0.998606	0	5182	5188
ChainingRodShaped	5191	4.99987	0.5	-19.9063	38.8539	0	-0.415659	-0.909521	0	None	None
ChainingRodShaped	5716	3.69166	0.5	10.936	19.4542	0	-0.292179	0.956364	0	None	None
ChainingRodShaped	5648	3.94059	0.5	-29.2515	42.5322	0	0.977518	0.21085	0	None	None
ChainingRodShaped	5197	4.9217	0.5	8.38635	38.7844	0	-0.59997	-0.800023	0	None	5196
ChainingRodShaped	6336	2.035	0.5	-3.06754	45.0111	0	-0.333527	-0.94274	0	6337	5198
ChainingRodShaped	5826	3.88576	0.5	-18.4484	25.3873	0	0.996809	-0.0798238	0	None	None
ChainingRodShaped	5203	4.40455	0.5	-14.1504	52.733	0	-0.263145	-0.964756	0	6316	5202
ChainingRodShaped	6020	2.8028	0.5	-32.6299	25.0274	0	-0.24507	0.969505	0	None	None
ChainingRodShaped	5904	3.61486	0.5	-3.68439	61.621	0	0.244093	-0.969752	0	None	None
ChainingRodShaped	5209	4.86034	0.5	0.826614	56.8422	0	-0.297988	-0.95457	0	5600	5208
ChainingRodShaped	5211	3.44914	0.5	-61.6546	40.5496	0	0.875688	0.482877	0	None	5210
ChainingRodShaped	5213	4.58153	0.5	35.3117	41.2951	0	0.190012	-0.981782	0	None	5212
ChainingRodShaped	5730	3.4402	0.5	30.6687	61.3862	0	0.637244	-0.770662	0	None	None
ChainingRodShaped	5714	4.52383	0.5	-27.2279	20.556	0	0.0582447	-0.998302	0	None	None
ChainingRodShaped	6192	2.24331	0.5	-28.7239	50.7136	0	0.72983	-0.683629	0	None	None
ChainingRodShaped	5728	3.00071	0.5	-5.36902	13.9905	0	-0.947082	-0.320991	0	None	None
ChainingRodShaped	5686	4.67295	0.5	29.7871	45.5898	0	-0.50158	0.865111	0	None	None
ChainingRodShaped	5978	2.64155	0.5	20.6755	47.0211	0	0.278913	-0.960316	0	None	None
ChainingRodShaped	6348	2.05058	0.5	33.8074	27.0313	0	0.276998	-0.960871	0	None	None
ChainingRodShaped	5229	4.55946	0.5	58.3106	39.135	0	-0.824085	-0.566466	0	None	5228
ChainingRodShaped	5231	3.78011	0.5	-15.5365	44.2269	0	0.378705	0.925517	0	5296	5230
ChainingRodShaped	5233	4.22996	0.5	-7.17617	20.9929	0	-0.631066	-0.775729	0	None	None
ChainingRodShaped	5868	3.18611	0.5	12.7329	56.1658	0	0.122754	-0.992437	0	None	None
ChainingRodShaped	5708	3.37434	0.5	19.0723	56.6246	0	0.0597645	-0.998213	0	None	None
ChainingRodShaped	5968	3.48046	0.5	35.608	22.1406	0	-0.397324	-0.917678	0	None	None
ChainingRodShaped	5990	2.58272	0.5	16.2059	15.8804	0	-0.354378	0.935102	0	None	None
ChainingRodShaped	5768	4.02917	0.5	31.065	29.2158	0	-0.334865	0.942266	0	None	None
ChainingRodShaped	5245	3.33832	0.5	-11.4804	41.3906	0	-0.0233877	-0.999726	0	None	5244
ChainingRodShaped	5922	3.80834	0.5	9.20821	15.6463	0	-0.364382	0.93125	0	None	None
ChainingRodShaped	5756	3.90034	0.5	-10.5681	40.9517	0	-0.0333661	-0.999443	0	None	None
ChainingRodShaped	5251	4.16714	0.5	30.8353	45.6376	0	-0.500119	0.865957	0	None	None
ChainingRodShaped	6104	2.41738	0.5	-15.6377	59.1687	0	-0.518423	-0.855124	0	None	None
ChainingRodShaped	5255	3.05411	0.5	38.3018	58.1884	0	0.770967	-0.636875	0	5482	5254
ChainingRodShaped	5776	2.95798	0.5	-8.79721	34.2728	0	-0.0281834	-0.999603	0	None	None
ChainingRodShaped	5259	4.28765	0.5	-5.41312	16.6734	0	0.875841	-0.4826	0	None	None
ChainingRodShaped	5261	4.97663	0.5	17.2592	12.3869	0	-0.623609	0.781736	0	None	None
ChainingRodShaped	5898	3.3691	0.5	16.2703	7.89228	0	0.99242	-0.122896	0	None	None
ChainingRodShaped	5265	4.34706	0.5	16.772	62.9358	0	-0.845627	-0.533774	0	None	None
ChainingRodShaped	5267	4.95389	0.5	-0.948501	44.954	0	-0.599468	-0.800398	0	None	None
ChainingRodShaped	5269	3.87081	0.5	-24.7522	13.4679	0	-0.0834196	0.996515	0	5150	5268
ChainingRodShaped	6326	2.0786	0.5	-21.2382	48.1193	0	0.27251	-0.962153	0	None	None
ChainingRodShaped	5746	4.22581	0.5	-6.29099	23.4677	0	-0.918988	-0.394286	0	None	None
ChainingRodShaped	5275	3.78567	0.5	0.341914	7.90095	0	-0.988068	0.15402	0	5578	5274
ChainingRodShaped	6014	2.62617	0.5	-45.9793	57.1698	0	0.868264	0.496103	0	None	None
ChainingRodShaped	5279	4.67097	0.5	24.915	19.1029	0	0.478704	-0.877977	0	None	None
ChainingRodShaped	5888	3.94651	0.5	11.1276	39.5242	0	-0.659723	-0.751509	0	None	None
ChainingRodShaped	5283	4.06505	0.5	-23.0925	26.196	0	0.344822	0.938668	0	None	5282
ChainingRodShaped	6050	2.60974	0.5	19.3539	40.5882	0	-0.6681	-0.744071	0	None	None
ChainingRodShaped	5287	4.19682	0.5	-4.81229	48.2463	0	0.070309	-0.997525	0	None	None
ChainingRodShaped	6002	2.57088	0.5	21.6075	25.0329	0	-0.90824	0.41845	0	None	None
ChainingRodShaped	5960	3.3577	0.5	16.177	55.0494	0	-0.262535	-0.964922	0	None	None
ChainingRodShaped	5830	3.86754	0.5	6.521	42.5415	0	-0.936099	-0.351737	0	None	None
ChainingRodShaped	5848	3.61854	0.5	-7.24717	28.1451	0	-0.914796	-0.403916	0	None	None
ChainingRodShaped	5297	3.95424	0.5	-19.5584	35.0004	0	0.400112	0.916466	0	5282	5296
ChainingRodShaped	6010	2.97338	0.5	-35.9751	36.5949	0	-0.520863	0.853641	0	None	None
ChainingRodShaped	5772	3.86642	0.5	-27.3939	61.891	0	-0.992235	-0.124379	0	None	None
ChainingRodShaped	5303	4.93965	0.5	-38.0791	34.9639	0	-0.232142	0.972682	0	None	None
ChainingRodShaped	5305	4.86002	0.5	-23.1082	20.3257	0	0.0311931	0.999513	0	None	None
ChainingRodShaped	6120	2.80743	0.5	1.77219	22.2479	0	0.828322	0.560253	0	None	None
ChainingRodShaped	5309	3.65235	0.5	-14.9904	11.3198	0	-0.986973	0.160888	0	4619	5308
ChainingRodShaped	5974	3.49784	0.5	-29.2757	31.3967	0	-0.439244	-0.898368	0	None	None
ChainingRodShaped	5818	3.78013	0.5	-18.2578	22.5319	0	0.915732	0.40179	0	None	None
ChainingRodShaped	5882	3.93535	0.5	15.5797	34.904	0	0.879306	0.476258	0	None	None
ChainingRodShaped	5944	2.96699	0.5	10.1644	48.2881	0	-0.644036	0.764996	0	None	None
ChainingRodShaped	5319	4.22843	0.5	-30.2549	34.3321	0	0.327619	0.94481	0	None	None
ChainingRodShaped	6280	2.31867	0.5	19.752	16.6224	0	-0.852147	0.523302	0	None	None
ChainingRodShaped	5842	4.06314	0.5	1.71749	24.4813	0	0.835541	0.549429	0	None	None
ChainingRodShaped	6042	3.0334	0.5	14.4872	66.2068	0	-0.841541	-0.540194	0	None	None
ChainingRodShaped	6222	2.28204	0.5	48.0585	44.122	0	-0.0662173	-0.997805	0	None	None
ChainingRodShaped	5329	4.30157	0.5	1.75654	30.2322	0	-0.632206	-0.7748	0	5196	5328
ChainingRodShaped	5331	4.59174	0.5	-27.0498	55.0688	0	-0.788324	-0.61526	0	None	None
ChainingRodShaped	5333	4.31461	0.5	-31.0743	29.2131	0	0.0972733	0.995258	0	None	None
ChainingRodShaped	5335	4.02162	0.5	25.1613	67.8999	0	0.786028	-0.618191	0	None	None
ChainingRodShaped	6330	2.16869	0.5	37.9542	48.9656	0	0.165716	-0.986174	0	None	None
ChainingRodShaped	6114	2.82218	0.5	-23.7491	58.931	0	-0.712027	-0.702152	0	None	None
ChainingRodShaped	5341	4.95079	0.5	-8.72332	45.6682	0	-0.976402	0.21596	0	None	None
ChainingRodShaped	5343	3.81843	0.5	-22.7748	61.2849	0	-0.71019	-0.70401	0	None	None
ChainingRodShaped	5345	3.75609	0.5	-43.2452	42.9451	0	0.0357897	0.999359	0	5404	5344
ChainingRodShaped	5347	3.759	0.5	-26.8896	15.4437	0	0.0739703	-0.99726	0	None	None
ChainingRodShaped	5349	3.65341	0.5	-11.7817	54.123	0	0.332338	0.94316	0	5230	5348
ChainingRodShaped	5351	3.68259	0.5	10.0095	28.5464	0	0.856065	0.516868	0	4788	5350
ChainingRodShaped	5353	4.21919	0.5	-41.4604	13.3731	0	-0.109357	0.994003	0	None	5352
ChainingRodShaped	5355	4.67995	0.5	-25.7062	44.2832	0	-0.978676	-0.20541	0	None	None
ChainingRodShaped	5958	3.36255	0.5	-27.7679	39.8912	0	0.974163	0.225845	0	None	None
ChainingRodShaped	5866	3.22339	0.5	-15.3017	36.2092	0	-0.0387075	-0.999251	0	None	None
ChainingRodShaped	6156	2.36777	0.5	-16.7117	52.6838	0	0.213185	-0.977012	0	None	None
ChainingRodShaped	5918	3.13194	0.5	24.9118	63.9725	0	0.180392	-0.983595	0	None	None
ChainingRodShaped	5365	3.95912	0.5	1.60491	43.7876	0	-0.591439	-0.80635	0	None	None
ChainingRodShaped	6292	2.25793	0.5	-3.05066	38.2154	0	-0.798853	-0.601527	0	None	None
ChainingRodShaped	5369	4.01787	0.5	3.1222	60.9531	0	-0.2971	-0.954846	0	None	None
ChainingRodShaped	5934	3.40157	0.5	5.78545	52.3172	0	-0.602235	0.798319	0	None	None
ChainingRodShaped	5373	4.89902	0.5	3.38029	55.4163	0	-0.309315	-0.95096	0	None	None
ChainingRodShaped	5375	4.41749	0.5	8.95687	61.8739	0	0.0757159	0.997129	0	None	None
ChainingRodShaped	5377	3.40493	0.5	37.0719	31.4539	0	0.163144	-0.986602	0	5212	5376
ChainingRodShaped	5379	4.94343	0.5	31.0415	37.7063	0	0.242703	-0.970101	0	None	None
ChainingRodShaped	5381	3.87555	0.5	-6.30106	36.4987	0	-0.375852	-0.92668	0	5198	5380
ChainingRodShaped	6026	3.13099	0.5	-14.6279	13.803	0	-0.113061	-0.993588	0	None	None
ChainingRodShaped	6356	2.0265	0.5	0.374074	5.69872	0	-0.942161	0.335159	0	None	None
ChainingRodShaped	6052	2.58366	0.5	28.3847	18.8185	0	0.46724	-0.88413	0	None	None
ChainingRodShaped	6312	2.23521	0.5	0.940372	26.2936	0	0.636926	0.770925	0	None	None
ChainingRodShaped	5391	2.93181	0.5	-2.8968	20.2535	0	0.833619	0.55234	0	None	5390
ChainingRodShaped	5393	4.65421	0.5	13.4031	49.4504	0	0.811871	-0.583837	0	None	None
ChainingRodShaped	5395	4.63329	0.5	27.7129	12.2287	0	-0.825553	0.564324	0	None	None
ChainingRodShaped	6094	2.42916	0.5	-29.7667	44.7838	0	0.985894	-0.16737	0	None	None
ChainingRodShaped	6058	2.39463	0.5	30.8903	20.484	0	-0.380882	0.924624	0	None	None
ChainingRodShaped	6272	2.3325	0.5	-18.82	51.2295	0	0.813619	-0.581398	0	None	None
ChainingRodShaped	6116	2.84092	0.5	-20.4947	49.0508	0	0.263943	-0.964538	0	None	None
ChainingRodShaped	5405	3.61977	0.5	-43.2563	33.4397	0	-0.0386219	0.999254	0	6254	5404
ChainingRodShaped	5946	2.68087	0.5	21.0899	54.8969	0	0.0579311	-0.998321	0	None	None
ChainingRodShaped	5409	4.61842	0.5	-9.17945	43.6961	0	-0.989724	0.142993	0	None	None
ChainingRodShaped	6018	3.04117	0.5	29.365	24.3226	0	0.0489716	0.9988	0	None	None
ChainingRodShaped	6218	2.21861	0.5	-31.2563	21.9457	0	-0.0803601	-0.996766	0	None	None
ChainingRodShaped	6130	2.4481	0.5	25.4697	42.8786	0	-0.0394589	0.999221	0	None	None
ChainingRodShaped	6240	2.33216	0.5	33.5838	56.1173	0	0.590666	-0.806916	0	None	None
ChainingRodShaped	5419	3.55515	0.5	-24.7713	30.7838	0	0.0349065	-0.999391	0	5892	5418
ChainingRodShaped	5984	3.13815	0.5	28.3146	22.4404	0	-0.0389839	-0.99924	0	None	None
ChainingRodShaped	6320	2.15462	0.5	-44.0937	55.9656	0	0.869945	0.493149	0	None	None
ChainingRodShaped	5425	4.93554	0.5	11.5162	58.0268	0	0.130212	-0.991486	0	None	None
ChainingRodShaped	6008	3.3345	0.5	18.9594	22.8946	0	-0.635078	0.772448	0	None	None
ChainingRodShaped	6046	2.67454	0.5	-30.4853	54.6256	0	0.497082	-0.867704	0	None	None
ChainingRodShaped	5431	3.96412	0.5	-12.0623	63.8225	0	-0.274676	-0.961537	0	5484	5430
ChainingRodShaped	5433	4.29149	0.5	13.6482	12.891	0	-0.810379	0.585906	0	None	None
ChainingRodShaped	5435	3.79535	0.5	34.1772	32.6219	0	-0.42317	0.90605	0	None	None
ChainingRodShaped	6230	2.30884	0.5	17.2519	22.0155	0	-0.624206	0.78126	0	None	None
ChainingRodShaped	5439	3.46591	0.5	24.3927	46.8267	0	0.0379345	-0.99928	0	None	5438
ChainingRodShaped	6074	2.94962	0.5	2.64596	42.1437	0	-0.622003	-0.783015	0	None	None
ChainingRodShaped	5443	4.09405	0.5	4.54412	50.7833	0	0.611448	-0.791284	0	None	None
ChainingRodShaped	6166	2.73041	0.5	-5.34102	60.3075	0	0.264471	-0.964394	0	None	None
ChainingRodShaped	6132	2.71695	0.5	8.36388	44.203	0	-0.934874	0.354979	0	None	None
ChainingRodShaped	5449	4.31252	0.5	-6.37913	60.4572	0	0.273804	-0.961785	0	None	None
ChainingRodShaped	5451	3.66515	0.5	45.8523	52.1238	0	0.78783	-0.615893	0	5254	5450
ChainingRodShaped	6182	2.54039	0.5	31.7057	50.4841	0	0.614827	-0.788662	0	None	None
ChainingRodShaped	5455	4.63003	0.5	22.6348	20.0331	0	0.692425	-0.72149	0	None	None
ChainingRodShaped	5457	4.4204	0.5	-5.20363	63.4945	0	0.267199	-0.963641	0	None	None
ChainingRodShaped	5459	4.68455	0.5	10.159	15.8294	0	-0.362234	0.932087	0	None	None
ChainingRodShaped	5461	4.58096	0.5	-11.4244	49.3956	0	0.167868	-0.985809	0	None	None
ChainingRodShaped	5463	3.98225	0.5	37.0713	56.4958	0	0.615952	-0.787784	0	None	None
ChainingRodShaped	5465	4.89437	0.5	35.4776	52.0571	0	0.217773	-0.975999	0	None	None
ChainingRodShaped	5467	4.20061	0.5	36.0668	30.5765	0	-0.250575	0.968097	0	None	None
ChainingRodShaped	5469	4.37516	0.5	-28.5257	57.6262	0	-0.788985	-0.614413	0	None	None
ChainingRodShaped	5471	4.85331	0.5	27.7413	17.9737	0	0.476057	-0.879414	0	None	None
ChainingRodShaped	5473	3.5648	0.5	-4.14515	18.2492	0	0.994082	0.108637	0	None	None
ChainingRodShaped	5475	4.4298	0.5	-4.26096	7.63291	0	-0.98836	0.152136	0	None	None
ChainingRodShaped	5477	4.20301	0.5	-16.6217	63.5327	0	-0.885373	-0.464881	0	None	None
ChainingRodShaped	6300	2.29439	0.5	-1.40575	29.3005	0	0.627417	0.778684	0	None	None
ChainingRodShaped	6174	2.49916	0.5	18.1258	66.3876	0	-0.722107	-0.691782	0	None	None
ChainingRodShaped	5483	4.08643	0.5	31.6188	63.8281	0	0.759463	-0.650551	0	None	5482
ChainingRodShaped	5485	3.86921	0.5	-9.38963	73.1113	0	-0.277518	-0.96072	0	None	5484
ChainingRodShaped	5487	4.66887	0.5	26.5942	28.2089	0	-0.0135902	-0.999908	0	None	None
ChainingRodShaped	6162	2.52093	0.5	5.08115	60.002	0	-0.454839	-0.890574	0	None	None
ChainingRodShaped	5491	4.75935	0.5	44.8004	47.5967	0	0.201671	-0.979453	0	None	None
ChainingRodShaped	6158	2.31595	0.5	3.97515	13.1173	0	0.592065	-0.80589	0	None	None
ChainingRodShaped	6134	2.78073	0.5	1.31422	46.4808	0	-0.591441	-0.806348	0	None	None
ChainingRodShaped	5497	3.8002	0.5	4.2589	55.1085	0	-0.317137	-0.94838	0	None	None
ChainingRodShaped	6124	2.86218	0.5	11.2638	30.4438	0	-0.858135	-0.513424	0	None	None
ChainingRodShaped	6078	2.83185	0.5	42.3061	45.1644	0	0.107702	-0.994183	0	None	None
ChainingRodShaped	5503	4.00848	0.5	19.8787	66.7009	0	-0.285211	-0.958465	0	None	None
ChainingRodShaped	5505	4.92731	0.5	28.4505	10.1784	0	-0.975107	0.221733	0	None	None
ChainingRodShaped	6324	2.1234	0.5	-13.7523	25.4723	0	-0.0384373	-0.999261	0	None	None
ChainingRodShaped	6180	2.4923	0.5	-17.3538	60.111	0	-0.508265	-0.861201	0	None	None
ChainingRodShaped	6084	2.72248	0.5	18.5956	44.0462	0	0.266599	-0.963807	0	None	None
ChainingRodShaped	5513	3.8417	0.5	-2.2781	56.5265	0	0.298446	0.954426	0	None	None
ChainingRodShaped	6220	2.4375	0.5	-26.7495	31.2022	0	0.0337567	-0.99943	0	None	None
ChainingRodShaped	6176	2.60646	0.5	-12.8599	24.6431	0	-0.0483763	-0.998829	0	None	None
ChainingRodShaped	6246	2.40145	0.5	-0.665777	15.7465	0	0.690603	-0.723234	0	None	None
ChainingRodShaped	6286	2.14968	0.5	19.1116	27.0768	0	-0.645976	0.763358	0	None	None
ChainingRodShaped	5523	4.18395	0.5	39.9866	54.3454	0	0.60459	-0.796537	0	None	None
ChainingRodShaped	6146	2.33203	0.5	-7.94331	50.8394	0	-0.188465	0.98208	0	None	None
ChainingRodShaped	6354	2.03902	0.5	13.9958	53.0124	0	0.32049	-0.947252	0	None	None
ChainingRodShaped	5529	3.70559	0.5	-16.6759	33.1869	0	0.514221	-0.857658	0	None	None
ChainingRodShaped	5531	3.46065	0.5	-25.8326	32.9006	0	-0.0371136	0.999311	0	5548	5530
ChainingRodShaped	6306	2.12543	0.5	-8.18306	55.3834	0	0.215204	-0.976569	0	None	None
ChainingRodShaped	5535	4.69602	0.5	31.7604	38.7575	0	-0.23904	0.97101	0	None	None
ChainingRodShaped	5537	3.37359	0.5	24.617	59.4283	0	0.538597	-0.842564	0	None	None
ChainingRodShaped	5539	2.94656	0.5	-24.408	22.2308	0	0.0594557	-0.998231	0	5418	5538
ChainingRodShaped	5541	3.70492	0.5	8.62113	51.8069	0	-0.5912	0.806525	0	None	None
ChainingRodShaped	5543	4.06679	0.5	8.47341	29.8825	0	0.841407	0.540403	0	None	None
ChainingRodShaped	6328	2.09707	0.5	37.9839	44.7545	0	0.299868	-0.953981	0	None	None
ChainingRodShaped	5547	4.45182	0.5	16.4322	39.9538	0	0.652945	0.757405	0	None	None
ChainingRodShaped	5549	3.78382	0.5	-25.443	23.5324	0	-0.0510673	0.998695	0	5268	5548
ChainingRodShaped	5551	3.13995	0.5	28.7213	65.2931	0	0.633633	-0.773633	0	None	5550
ChainingRodShaped	5553	4.64741	0.5	5.98643	70.1561	0	0.906234	-0.422776	0	None	None
ChainingRodShaped	5555	4.86766	0.5	25.6661	29.5101	0	0.00836293	0.999965	0	None	None
ChainingRodShaped	6150	2.70749	0.5	1.4587	52.4697	0	-0.289522	-0.957171	0	None	None
ChainingRodShaped	5559	3.59909	0.5	-47.5927	52.8532	0	0.872119	0.489294	0	None	None
ChainingRodShaped	6360	2.02091	0.5	28.4848	39.3523	0	-0.0366735	0.999327	0	None	None
ChainingRodShaped	5563	4.29773	0.5	-9.06794	63.6868	0	-0.295738	-0.955269	0	None	None
ChainingRodShaped	6314	2.22294	0.5	7.03296	65.751	0	-0.683621	-0.729837	0	None	None
ChainingRodShaped	6352	2.05395	0.5	-17.3155	37.7408	0	-0.415478	-0.909603	0	None	None
ChainingRodShaped	5569	4.21905	0.5	-28.397	24.1328	0	0.0384167	-0.999262	0	None	None
ChainingRodShaped	6290	2.2913	0.5	-14.9455	32.2376	0	0.38937	-0.921081	0	None	None
ChainingRodShaped	6284	2.26646	0.5	2.47996	13.5329	0	0.550673	-0.834721	0	None	None
ChainingRodShaped	5575	3.70416	0.5	20.5071	13.0363	0	-0.608017	0.793924	0	None	None
ChainingRodShaped	6204	2.51785	0.5	6.79848	5.89377	0	-0.987897	0.155109	0	None	None
ChainingRodShaped	5579	2.64535	0.5	8.5264	6.62598	0	-0.988027	0.154282	0	None	5578
ChainingRodShaped	5581	3.7783	0.5	-7.89866	25.5601	0	0.999812	0.0193701	0	None	None
ChainingRodShaped	5583	3.79992	0.5	-44.8996	33.7355	0	0.0645316	0.997916	0	6080	5582
ChainingRodShaped	5585	3.16975	0.5	43.3353	28.5479	0	-0.805725	-0.59229	0	5688	5584
ChainingRodShaped	5587	4.21412	0.5	18.6888	52.9953	0	0.824313	-0.566135	0	None	None
ChainingRodShaped	5589	3.31842	0.5	-2.74777	10.3588	0	0.98765	-0.156678	0	None	None
ChainingRodShaped	5591	3.62685	0.5	8.41817	35.5277	0	0.712563	0.701608	0	5612	5590
ChainingRodShaped	5593	4.98744	0.5	-49.6766	48.325	0	0.872965	0.487783	0	None	None
ChainingRodShaped	5595	3.18309	0.5	21.7093	32.1768	0	-0.70621	-0.708002	0	None	None
ChainingRodShaped	5597	3.64375	0.5	2.41271	39.2719	0	-0.711034	-0.703157	0	None	None
ChainingRodShaped	5599	3.41699	0.5	-20.8508	29.4216	0	-0.369024	-0.92942	0	None	None
ChainingRodShaped	5601	3.36664	0.5	3.41665	65.3373	0	-0.286252	-0.958154	0	None	5600
ChainingRodShaped	6344	2.06264	0.5	-11.761	57.1807	0	-0.331168	-0.943572	0	None	None
ChainingRodShaped	5605	4.80283	0.5	30.8785	53.2242	0	0.589728	-0.807602	0	None	None
ChainingRodShaped	5607	3.64189	0.5	0.252168	32.1869	0	0.776085	0.630628	0	None	None
ChainingRodShaped	5609	4.73379	0.5	15.4296	55.9891	0	-0.268648	-0.963238	0	None	None
ChainingRodShaped	5611	3.83448	0.5	6.75094	56.6008	0	0.332787	0.943002	0	None	None
ChainingRodShaped	5613	3.34417	0.5	2.1469	29.1111	0	0.670091	0.742279	0	4794	5612
ChainingRodShaped	5615	3.27527	0.5	34.2073	18.0981	0	-0.449194	-0.893434	0	None	None
ChainingRodShaped	5617	4.43886	0.5	5.55202	65.7778	0	-0.289176	-0.957276	0	None	None
ChainingRodShaped	5619	4.07814	0.5	25.5486	24.088	0	-0.0286666	-0.999589	0	None	None
ChainingRodShaped	5621	4.22649	0.5	-28.1466	38.8281	0	0.972909	0.23119	0	None	None
ChainingRodShaped	5623	4.73897	0.5	12.7812	48.7829	0	-0.80847	0.588538	0	None	None
ChainingRodShaped	5625	4.67353	0.5	20.5297	36.6119	0	-0.874082	-0.485779	0	None	None
ChainingRodShaped	5627	4.30464	0.5	15.5799	44.4396	0	-0.273798	0.961787	0	None	None
ChainingRodShaped	5629	3.2534	0.5	6.43321	14.9624	0	-0.130577	-0.991438	0	None	None
ChainingRodShaped	5631	3.2756	0.5	-13.3838	37.9863	0	-0.0314812	-0.999504	0	None	None
ChainingRodShaped	5633	4.24713	0.5	3.53259	44.8467	0	-0.591886	-0.806022	0	None	None
ChainingRodShaped	5635	3.58703	0.5	22.5567	29.4833	0	0.219958	-0.975509	0	None	None
ChainingRodShaped	5637	3.23464	0.5	2.32056	36.1355	0	0.845492	0.533989	0	None	None
ChainingRodShaped	5639	3.11763	0.5	-10.7754	29.602	0	0.030738	0.999527	0	None	None
ChainingRodShaped	5641	4.73091	0.5	9.72791	53.5779	0	-0.585039	0.811005	0	None	None
ChainingRodShaped	5643	4.85186	0.5	9.30244	12.7904	0	0.372149	-0.928173	0	None	None
ChainingRodShaped	5645	3.25397	0.5	12.1074	18.8895	0	-0.293854	0.95585	0	None	None
ChainingRodShaped	5647	3.90098	0.5	-0.984295	64.462	0	0.259095	0.965852	0	None	None
ChainingRodShaped	5649	3.7458	0.5	-33.9488	41.4416	0	0.970868	0.239614	0	None	None
ChainingRodShaped	5651	2.93035	0.5	-4.5421	22.6807	0	-0.640777	-0.767727	0	5328	5650
ChainingRodShaped	5653	2.83408	0.5	-11.6806	31.5084	0	-0.0237982	-0.999717	0	5244	5652
ChainingRodShaped	5655	3.43037	0.5	51.7315	38.9418	0	0.958984	0.283459	0	5752	5654
ChainingRodShaped	5657	3.34239	0.5	9.81995	45.6416	0	-0.936013	0.351966	0	None	None
ChainingRodShaped	5659	4.57698	0.5	0.131703	11.5643	0	0.987517	0.157514	0	None	None
ChainingRodShaped	5661	2.57956	0.5	-37.6395	53.2203	0	0.377117	0.926166	0	4858	5660
ChainingRodShaped	5663	3.54207	0.5	12.8823	44.2733	0	-0.997334	-0.0729772	0	None	None
ChainingRodShaped	5665	3.763	0.5	3.46236	19.9831	0	0.815668	0.578521	0	None	None
ChainingRodShaped	5667	3.33503	0.5	19.6489	60.6955	0	0.11485	-0.993383	0	None	None
ChainingRodShaped	5669	3.35446	0.5	-0.961705	9.0992	0	-0.988121	0.153679	0	4883	5668
ChainingRodShaped	5671	4.97311	0.5	-9.95915	14.1905	0	-0.59784	-0.801615	0	None	None
ChainingRodShaped	5673	4.16446	0.5	-14.6376	26.8237	0	-0.0284053	-0.999596	0	None	None
ChainingRodShaped	5675	4.63401	0.5	45.943	43.2543	0	-0.514844	-0.857284	0	None	None
ChainingRodShaped	5677	4.59692	0.5	-21.3897	59.0836	0	-0.514376	-0.857565	0	None	None
ChainingRodShaped	5679	4.41788	0.5	-15.576	26.0096	0	-0.0185565	-0.999828	0	None	None
ChainingRodShaped	5681	3.16525	0.5	-3.41641	49.6399	0	0.310952	0.950426	0	None	None
ChainingRodShaped	5683	3.87365	0.5	-18.3952	31.7394	0	-0.148986	-0.988839	0	None	None
ChainingRodShaped	5685	3.00439	0.5	17.6273	32.8777	0	0.877481	0.479612	0	5350	5684
ChainingRodShaped	5687	3.00046	0.5	32.1098	41.3789	0	-0.463781	0.88595	0	None	None
ChainingRodShaped	5689	3.06562	0.5	49.6332	33.0973	0	-0.815883	-0.578217	0	5228	5688
ChainingRodShaped	5691	3.73608	0.5	0.359039	35.9829	0	0.803715	0.595014	0	None	None
ChainingRodShaped	5693	3.61756	0.5	-26.3398	22.0737	0	0.0543473	-0.998522	0	None	None
ChainingRodShaped	5695	3.31607	0.5	27.3613	60.2973	0	0.0325277	-0.999471	0	None	None
ChainingRodShaped	5697	4.92575	0.5	4.11974	18.4927	0	0.625831	0.779959	0	None	None
ChainingRodShaped	5699	3.90428	0.5	-31.8136	50.0548	0	0.975797	0.218678	0	None	None
ChainingRodShaped	5701	4.25281	0.5	14.7306	27.0296	0	0.855933	-0.517086	0	None	None
ChainingRodShaped	5703	4.52517	0.5	7.76311	19.2485	0	-0.809681	-0.58687	0	None	None
ChainingRodShaped	5705	3.40658	0.5	-13.2991	43.2831	0	-0.638567	-0.769567	0	None	None
ChainingRodShaped	5707	2.9226	0.5	-42.1171	37.2142	0	0.277989	0.960584	0	None	5706
ChainingRodShaped	5709	3.58547	0.5	18.6275	61.0398	0	0.123122	-0.992392	0	None	None
ChainingRodShaped	5711	3.25687	0.5	-48.4272	47.8825	0	0.872225	0.489105	0	4732	5710
ChainingRodShaped	5713	2.90465	0.5	-9.72434	16.1636	0	-0.6012	-0.799099	0	5650	5712
ChainingRodShaped	5715	4.56906	0.5	-27.4979	26.0696	0	0.0367511	-0.999324	0	None	None
ChainingRodShaped	5717	3.87531	0.5	12.9744	15.2434	0	-0.601176	0.799116	0	None	None
ChainingRodShaped	5719	3.88562	0.5	29.5635	59.7159	0	0.645235	-0.763984	0	None	None
ChainingRodShaped	5721	3.47717	0.5	29.3056	42.5822	0	-0.478078	0.878317	0	None	None
ChainingRodShaped	5723	3.69339	0.5	23.445	29.839	0	0.210201	-0.977658	0	None	None
ChainingRodShaped	5725	4.09876	0.5	14.78	19.9525	0	-0.300528	0.953773	0	None	None
ChainingRodShaped	5727	3.2218	0.5	37.3365	20.7475	0	0.379913	-0.925022	0	None	None
ChainingRodShaped	5729	3.81232	0.5	-6.30774	16.1084	0	0.877993	-0.478674	0	None	None
ChainingRodShaped	5731	2.94883	0.5	27.9347	64.5202	0	0.577837	-0.816152	0	None	None
ChainingRodShaped	5733	2.97194	0.5	-10.0497	17.4151	0	0.631164	0.77565	0	None	None
ChainingRodShaped	5735	3.03856	0.5	18.5715	32.3353	0	-0.874762	-0.484553	0	None	None
ChainingRodShaped	5737	3.62936	0.5	-6.2393	56.1652	0	0.242422	-0.970171	0	None	None
ChainingRodShaped	5739	3.52309	0.5	-20.5481	58.5934	0	-0.515404	-0.856947	0	None	None
ChainingRodShaped	5741	3.28477	0.5	35.8032	28.0257	0	-0.584034	0.811729	0	None	None
ChainingRodShaped	5743	3.91455	0.5	-2.60554	30.767	0	0.621843	0.783142	0	None	None
ChainingRodShaped	5745	3.81993	0.5	45.8238	47.4879	0	0.202445	-0.979294	0	None	None
ChainingRodShaped	5747	3.20181	0.5	-1.5661	27.6536	0	-0.644291	-0.764781	0	None	None
ChainingRodShaped	5749	2.9962	0.5	-22.6191	4.0058	0	-0.0224241	-0.999749	0	5878	5748
ChainingRodShaped	5751	3.62201	0.5	27.4953	26.2576	0	0.00357988	0.999994	0	None	None
ChainingRodShaped	5753	2.87505	0.5	43.9107	36.6096	0	0.957577	0.288176	0	4875	5752
ChainingRodShaped	5755	4.28287	0.5	10.6021	27.8431	0	-0.857738	-0.514087	0	None	None
ChainingRodShaped	5757	3.0849	0.5	-8.3512	41.6514	0	-0.844949	-0.534847	0	None	None
ChainingRodShaped	5759	2.92562	0.5	7.23599	31.6547	0	0.72968	0.683788	0	None	None
ChainingRodShaped	5761	3.2429	0.5	-9.8612	29.0705	0	0.0270024	0.999635	0	None	None
ChainingRodShaped	5763	3.89558	0.5	21.2387	9.41845	0	-0.605051	-0.796186	0	None	None
ChainingRodShaped	5765	3.18662	0.5	-28.1405	19.4427	0	0.0528602	-0.998602	0	None	None
ChainingRodShaped	5767	3.97536	0.5	30.5655	56.8724	0	0.602594	-0.798048	0	None	None
ChainingRodShaped	5769	3.53552	0.5	33.0037	26.1308	0	-0.236552	0.971619	0	None	None
ChainingRodShaped	5771	3.40437	0.5	24.1946	51.2454	0	-0.0478093	0.998856	0	None	None
ChainingRodShaped	5773	2.96064	0.5	-23.1589	62.8657	0	-0.893968	-0.448131	0	None	None
ChainingRodShaped	5775	3.86375	0.5	-29.0552	48.6815	0	0.975608	0.21952	0	None	None
ChainingRodShaped	5777	3.72699	0.5	-7.18855	36.7111	0	-0.367333	-0.93009	0	None	None
ChainingRodShaped	5779	4.20626	0.5	30.2767	28.5868	0	-0.337717	0.941248	0	None	None
ChainingRodShaped	5781	3.20457	0.5	1.32052	10.0127	0	0.950895	-0.309515	0	None	None
ChainingRodShaped	5783	3.64679	0.5	-32.7461	35.6262	0	-0.972292	0.233771	0	None	None
ChainingRodShaped	5785	4.51024	0.5	-8.49386	48.7526	0	-0.178614	0.983919	0	None	None
ChainingRodShaped	5787	3.81657	0.5	29.5132	33.4308	0	-0.00396406	0.999992	0	None	None
ChainingRodShaped	5789	2.94941	0.5	-0.0798084	57.1426	0	0.296509	0.95503	0	None	None
ChainingRodShaped	5791	2.42897	0.5	-34.4887	24.2047	0	0.232424	-0.972615	0	4790	5790
ChainingRodShaped	5793	3.11388	0.5	12.2435	10.3438	0	0.817205	-0.576347	0	None	None
ChainingRodShaped	5795	2.91644	0.5	-16.0375	10.4903	0	-0.986974	0.160877	0	6036	5794
ChainingRodShaped	5797	3.59316	0.5	28.372	49.7867	0	-0.525944	0.850519	0	None	None
ChainingRodShaped	5799	3.25997	0.5	-8.33103	40.5697	0	-0.839552	-0.54328	0	None	None
ChainingRodShaped	5801	3.31395	0.5	10.3467	57.5378	0	0.04032	0.999187	0	None	None
ChainingRodShaped	5803	3.60022	0.5	-33.0584	29.116	0	0.0913187	0.995822	0	None	None
ChainingRodShaped	5805	3.64691	0.5	20.0409	30.2541	0	-0.8624	0.506228	0	None	None
ChainingRodShaped	5807	3.40011	0.5	11.6755	11.9455	0	0.811402	-0.584489	0	None	None
ChainingRodShaped	5809	3.80247	0.5	35.5913	18.668	0	-0.436236	-0.899832	0	None	None
ChainingRodShaped	5811	3.19521	0.5	33.3519	18.5751	0	-0.452275	-0.891879	0	None	None
ChainingRodShaped	5813	3.6844	0.5	14.7679	16.9769	0	-0.344291	0.938863	0	None	None
ChainingRodShaped	5815	3.53648	0.5	7.44611	15.1192	0	-0.137972	-0.990436	0	None	None
ChainingRodShaped	5817	2.95285	0.5	37.9563	53.7378	0	0.610298	-0.792172	0	5998	5816
ChainingRodShaped	5819	3.5991	0.5	-20.2076	19.5688	0	0.56008	0.828438	0	None	None
ChainingRodShaped	5821	3.54235	0.5	21.1414	27.3704	0	-0.908237	0.418457	0	None	None
ChainingRodShaped	5823	3.46865	0.5	-13.2308	18.6096	0	-0.0806722	-0.996741	0	None	None
ChainingRodShaped	5825	3.2138	0.5	19.3151	39.0736	0	-0.879303	-0.476262	0	None	None
ChainingRodShaped	5827	3.06924	0.5	-20.0953	24.5752	0	0.996175	-0.0873789	0	None	None
ChainingRodShaped	5829	4.21439	0.5	44.7127	51.4578	0	0.712535	-0.701637	0	None	None
ChainingRodShaped	5831	3.88139	0.5	11.0654	42.3487	0	-0.970711	0.240249	0	None	None
ChainingRodShaped	5833	4.22597	0.5	27.572	35.6878	0	-0.00608244	0.999982	0	None	None
ChainingRodShaped	5835	2.92448	0.5	26.1477	14.5454	0	-0.80249	0.596665	0	None	None
ChainingRodShaped	5837	2.93935	0.5	-6.86221	44.2861	0	-0.976739	0.21443	0	None	None
ChainingRodShaped	5839	3.35251	0.5	25.604	65.869	0	0.643837	-0.765162	0	None	None
ChainingRodShaped	5841	2.91508	0.5	25.1093	10.3235	0	-0.138556	0.990355	0	None	None
ChainingRodShaped	5843	3.40101	0.5	-2.18097	21.8508	0	0.833304	0.552815	0	None	None
ChainingRodShaped	5845	2.4148	0.5	59.8736	41.3383	0	0.959361	0.282182	0	5654	5844
ChainingRodShaped	5847	2.63703	0.5	-27.5028	40.9308	0	0.976263	0.21659	0	5030	5846
ChainingRodShaped	5849	4.06832	0.5	-1.38502	33.4821	0	-0.80574	-0.59227	0	None	None
ChainingRodShaped	5851	3.38556	0.5	17.9209	51.3244	0	0.469429	-0.88297	0	None	None
ChainingRodShaped	5853	2.82118	0.5	-0.999322	57.4058	0	0.295189	0.955439	0	None	None
ChainingRodShaped	5855	3.30015	0.5	-18.229	54.9249	0	-0.996518	0.0833762	0	None	None
ChainingRodShaped	5857	2.76782	0.5	-34.5708	42.723	0	0.851284	0.524705	0	None	None
ChainingRodShaped	5859	3.11678	0.5	-27.6064	45.4164	0	-0.986597	0.163176	0	None	None
ChainingRodShaped	5861	3.78402	0.5	-5.86874	46.5977	0	0.385724	-0.922614	0	None	None
ChainingRodShaped	5863	3.14431	0.5	33.0862	30.3937	0	0.420529	-0.907279	0	None	None
ChainingRodShaped	5865	3.37173	0.5	-26.7547	59.9708	0	-0.991334	-0.131363	0	None	None
ChainingRodShaped	5867	3.03452	0.5	-14.0469	40.2928	0	-0.428782	-0.903408	0	None	None
ChainingRodShaped	5869	3.87101	0.5	12.1505	60.6378	0	0.127274	-0.991868	0	None	None
ChainingRodShaped	5871	3.04866	0.5	-7.63764	14.0057	0	-0.598993	-0.800755	0	None	None
ChainingRodShaped	5873	3.69423	0.5	-2.79923	48.6254	0	0.319138	0.947708	0	None	None
ChainingRodShaped	5875	2.91076	0.5	-41.9762	41.8821	0	0.342464	0.939531	0	None	5874
ChainingRodShaped	5877	4.01343	0.5	-17.8993	18.3096	0	-0.790045	-0.613048	0	None	None
ChainingRodShaped	5879	2.63741	0.5	-22.4259	11.6013	0	-0.030092	-0.999547	0	5032	5878
ChainingRodShaped	5881	3.68403	0.5	-2.25494	59.8633	0	0.284877	0.958564	0	None	None
ChainingRodShaped	5883	2.89368	0.5	12.0181	32.4719	0	0.682592	0.7308	0	None	None
ChainingRodShaped	5885	3.329	0.5	10.7154	46.2685	0	-0.938862	0.344294	0	None	None
ChainingRodShaped	5887	3.10444	0.5	4.66044	27.7909	0	0.669548	0.742768	0	None	None
ChainingRodShaped	5889	3.91767	0.5	13.9535	41.7819	0	-0.479099	-0.877761	0	None	None
ChainingRodShaped	5891	3.83547	0.5	-21.1187	21.7695	0	0.0330577	0.999453	0	None	None
ChainingRodShaped	5893	2.78943	0.5	-25.1004	38.8853	0	0.0471204	-0.998889	0	None	5892
ChainingRodShaped	5895	2.82331	0.5	21.1258	67.4609	0	-0.294781	-0.955565	0	None	None
ChainingRodShaped	5897	2.78536	0.5	39.9347	45.2927	0	0.24008	-0.970753	0	None	None
ChainingRodShaped	5899	3.39521	0.5	12.0728	8.97689	0	0.928879	-0.370382	0	None	None
ChainingRodShaped	5901	3.16289	0.5	34.4265	24.2971	0	-0.390812	-0.920471	0	None	None
ChainingRodShaped	5903	3.26872	0.5	-41.92	54.9363	0	0.870067	0.492934	0	None	None
ChainingRodShaped	5905	3.56875	0.5	-4.88181	66.0057	0	0.369563	-0.929206	0	None	None
ChainingRodShaped	5907	2.39932	0.5	-37.4328	36.5202	0	0.232574	-0.972579	0	None	5906
ChainingRodShaped	5909	3.64305	0.5	-34.2025	30.2875	0	-0.0516476	0.998665	0	None	None
ChainingRodShaped	5911	3.01821	0.5	-29.5727	33.3609	0	0.331776	0.943358	0	None	None
ChainingRodShaped	5913	2.78593	0.5	26.5974	37.5508	0	0.0122949	-0.999924	0	None	None
ChainingRodShaped	5915	2.75269	0.5	-39.6302	38.1601	0	0.972951	0.231013	0	None	5914
ChainingRodShaped	5917	3.70369	0.5	17.8871	19.3946	0	-0.709688	0.704516	0	None	None
ChainingRodShaped	5919	3.5464	0.5	23.1226	67.7922	0	0.431522	-0.902103	0	None	None
ChainingRodShaped	5921	3.04112	0.5	22.6883	64.7047	0	-0.0441833	-0.999023	0	None	None
ChainingRodShaped	5923	3.45408	0.5	13.1828	12.0498	0	-0.811053	0.584973	0	None	None
ChainingRodShaped	5925	3.47585	0.5	10.3897	39.9267	0	-0.652138	-0.7581	0	None	None
ChainingRodShaped	5927	3.60019	0.5	-39.2951	54.2304	0	0.854385	0.51964	0	None	None
ChainingRodShaped	5929	2.73783	0.5	-12.2808	18.4763	0	-0.0728136	-0.997346	0	5015	5928
ChainingRodShaped	5931	2.69051	0.5	-31.5216	64.9903	0	0.399446	0.916757	0	5114	5930
ChainingRodShaped	5933	2.68259	0.5	-7.34218	65.5895	0	-0.366615	-0.930373	0	None	None
ChainingRodShaped	5935	3.31203	0.5	8.41536	48.9324	0	-0.644555	0.764558	0	None	None
ChainingRodShaped	5937	3.52937	0.5	21.4173	36.0393	0	-0.873743	-0.486388	0	None	None
ChainingRodShaped	5939	3.68122	0.5	16.2384	12.125	0	-0.623741	0.781631	0	None	None
ChainingRodShaped	5941	2.67804	0.5	-7.27693	60.1424	0	0.280398	-0.959884	0	None	None
ChainingRodShaped	5943	2.85312	0.5	31.7262	23.5786	0	-0.407069	-0.913397	0	None	None
ChainingRodShaped	5945	2.8032	0.5	13.1883	46.1767	0	-0.802945	0.596052	0	None	None
ChainingRodShaped	5947	3.08125	0.5	21.9676	56.4494	0	0.0620416	-0.998074	0	None	None
ChainingRodShaped	5949	2.81788	0.5	-32.5005	40.8001	0	0.973215	0.229895	0	None	None
ChainingRodShaped	5951	3.66104	0.5	12.8816	66.4657	0	-0.655623	-0.755088	0	None	None
ChainingRodShaped	5953	3.31886	0.5	-2.58096	36.1823	0	-0.801169	-0.598439	0	None	None
ChainingRodShaped	5955	3.4121	0.5	-16.5179	15.9793	0	0.56271	-0.826655	0	None	None
ChainingRodShaped	5957	3.26747	0.5	-22.6096	36.418	0	0.181753	-0.983344	0	None	None
ChainingRodShaped	5959	2.72914	0.5	-31.6965	38.9989	0	0.975781	0.218751	0	None	None
ChainingRodShaped	5961	3.21322	0.5	16.9257	59.0466	0	0.126194	-0.992006	0	None	None
ChainingRodShaped	5963	3.53022	0.5	-22.5632	41.0388	0	0.977733	0.209851	0	None	None
ChainingRodShaped	5965	3.27965	0.5	-18.5207	20.2816	0	-0.474205	-0.880415	0	None	None
ChainingRodShaped	5967	3.08716	0.5	16.9167	51.2222	0	0.462833	-0.886445	0	None	None
ChainingRodShaped	5969	2.81601	0.5	37.1941	24.3377	0	0.154363	-0.988014	0	None	None
ChainingRodShaped	5971	3.09753	0.5	-28.5359	30.7124	0	-0.448209	-0.893929	0	None	None
ChainingRodShaped	5973	3.47272	0.5	-46.0167	51.4841	0	0.870546	0.492088	0	None	None
ChainingRodShaped	5975	2.97152	0.5	-27.6718	35.2737	0	-0.453961	-0.891022	0	None	None
ChainingRodShaped	5977	3.09789	0.5	15.0854	64.1756	0	-0.847693	-0.530487	0	None	None
ChainingRodShaped	5979	3.42456	0.5	19.5402	50.6019	0	0.570617	-0.821216	0	None	None
ChainingRodShaped	5981	2.67244	0.5	-28.2958	29.0542	0	-0.457117	-0.889406	0	None	None
ChainingRodShaped	5983	2.89044	0.5	-12.4117	41.542	0	-0.033377	-0.999443	0	None	None
ChainingRodShaped	5985	3.33213	0.5	28.4213	26.6334	0	0.00641378	-0.999979	0	None	None
ChainingRodShaped	5987	3.16831	0.5	-27.0572	51.8249	0	0.729275	-0.684221	0	None	None
ChainingRodShaped	5989	3.06691	0.5	-33.4499	45.4145	0	-0.986563	0.163381	0	None	None
ChainingRodShaped	5991	2.89669	0.5	18.3425	12.601	0	-0.624238	0.781234	0	None	None
ChainingRodShaped	5993	2.31808	0.5	-6.03378	19.3893	0	0.630307	0.776346	0	None	5992
ChainingRodShaped	5995	3.16921	0.5	8.38819	34.1508	0	0.706275	0.707938	0	None	None
ChainingRodShaped	5997	2.80453	0.5	16.2706	61.4726	0	-0.847182	-0.531303	0	None	None
ChainingRodShaped	5999	2.4367	0.5	33.5172	59.392	0	0.624938	-0.780675	0	5550	5998
ChainingRodShaped	6001	3.29785	0.5	22.4755	47.6363	0	0.0601071	-0.998192	0	None	None
ChainingRodShaped	6003	2.50065	0.5	22.5682	22.9831	0	-0.644205	0.764853	0	None	None
ChainingRodShaped	6005	2.98184	0.5	11.8614	6.92327	0	0.433991	-0.900917	0	None	None
ChainingRodShaped	6007	2.75512	0.5	11.9004	54.2058	0	0.720296	-0.693667	0	None	None
ChainingRodShaped	6009	2.90747	0.5	21.5599	19.7599	0	-0.690239	0.723582	0	None	None
ChainingRodShaped	6011	2.50499	0.5	-32.5443	34.5556	0	-0.972753	0.231846	0	None	None
ChainingRodShaped	6013	2.87052	0.5	13.8097	37.3224	0	0.21228	0.977209	0	None	None
ChainingRodShaped	6015	2.77984	0.5	-49.0683	56.4249	0	0.851457	0.524425	0	None	None
ChainingRodShaped	6017	2.66901	0.5	-5.43718	36.1343	0	-0.385109	-0.922871	0	None	None
ChainingRodShaped	6019	3.05849	0.5	29.8581	20.4242	0	-0.387998	0.92166	0	None	None
ChainingRodShaped	6021	3.03041	0.5	-32.3025	21.1827	0	0.0599251	0.998203	0	None	None
ChainingRodShaped	6023	2.45402	0.5	-4.05729	30.4205	0	-0.616166	-0.787617	0	None	None
ChainingRodShaped	6025	3.13168	0.5	-9.33977	26.4898	0	0.999956	0.00937176	0	None	None
ChainingRodShaped	6027	2.6187	0.5	-15.9706	16.9527	0	0.538902	-0.842368	0	None	None
ChainingRodShaped	6029	2.99463	0.5	-12.5731	46.5317	0	-0.324147	-0.946007	0	None	None
ChainingRodShaped	6031	3.09615	0.5	-26.2164	61.0367	0	-0.991971	-0.126467	0	None	None
ChainingRodShaped	6033	2.85308	0.5	17.1847	16.0062	0	-0.356186	0.934415	0	None	None
ChainingRodShaped	6035	2.7189	0.5	35.3906	34.81	0	-0.325818	0.945432	0	None	None
ChainingRodShaped	6037	2.56316	0.5	-8.94881	9.35547	0	-0.987835	0.155505	0	5274	6036
ChainingRodShaped	6039	2.75841	0.5	8.17068	24.6143	0	0.981758	0.190133	0	None	None
ChainingRodShaped	6041	2.62966	0.5	-0.445362	19.4163	0	0.764489	0.644637	0	None	None
ChainingRodShaped	6043	2.61604	0.5	17.4929	68.5143	0	-0.708305	-0.705906	0	None	None
ChainingRodShaped	6045	2.80794	0.5	-17.9761	52.7022	0	0.397905	-0.917427	0	None	None
ChainingRodShaped	6047	2.67398	0.5	-32.2427	56.644	0	0.968116	0.250504	0	None	None
ChainingRodShaped	6049	2.91161	0.5	1.6201	45.3547	0	-0.587855	-0.808966	0	None	None
ChainingRodShaped	6051	2.80722	0.5	19.6072	43.8394	0	0.267086	-0.963673	0	None	None
ChainingRodShaped	6053	2.69841	0.5	27.35	22.1423	0	-0.0407319	-0.99917	0	None	None
ChainingRodShaped	6055	2.62095	0.5	-23.3983	46.6089	0	0.982078	-0.188473	0	None	None
ChainingRodShaped	6057	2.82871	0.5	8.06867	28.4798	0	-0.840745	-0.541432	0	None	None
ChainingRodShaped	6059	2.69178	0.5	31.6142	17.1163	0	-0.304246	0.952593	0	None	None
ChainingRodShaped	6061	2.50249	0.5	5.14021	35.965	0	0.621639	0.783304	0	None	None
ChainingRodShaped	6063	3.17617	0.5	-0.319849	50.0774	0	-0.316261	-0.948672	0	None	None
ChainingRodShaped	6065	2.60616	0.5	3.12729	28.8382	0	0.671876	0.740664	0	None	None
ChainingRodShaped	6067	2.55246	0.5	-36.5141	47.8583	0	0.988821	-0.149106	0	None	6066
ChainingRodShaped	6069	2.81099	0.5	38.7405	50.2635	0	0.163109	-0.986608	0	None	None
ChainingRodShaped	6071	2.95084	0.5	-25.4733	52.1192	0	0.866751	-0.498742	0	None	None
ChainingRodShaped	6073	2.4523	0.5	-41.2204	57.5817	0	0.875813	0.48265	0	None	None
ChainingRodShaped	6075	2.71274	0.5	4.92376	45.1537	0	-0.583797	-0.811899	0	None	None
ChainingRodShaped	6077	2.75255	0.5	-13.6933	21.2096	0	-0.500825	-0.865549	0	None	None
ChainingRodShaped	6079	2.85312	0.5	40.6926	48.4966	0	0.59791	-0.801563	0	None	None
ChainingRodShaped	6081	2.18404	0.5	-45.3655	26.578	0	0.0652596	0.997868	0	None	6080
ChainingRodShaped	6083	2.67486	0.5	11.6548	69.751	0	-0.796828	-0.604207	0	None	None
ChainingRodShaped	6085	2.84339	0.5	17.5872	47.6344	0	0.284408	-0.958703	0	None	None
ChainingRodShaped	6087	2.90145	0.5	-23.7423	57.0906	0	-0.522928	-0.852377	0	None	None
ChainingRodShaped	6089	2.85447	0.5	-25.9664	58.3681	0	-0.791572	-0.611076	0	None	None
ChainingRodShaped	6091	2.60519	0.5	24.0031	14.9207	0	-0.799796	0.600271	0	None	None
ChainingRodShaped	6093	2.95807	0.5	-16.5431	59.5579	0	-0.509848	-0.860265	0	None	None
ChainingRodShaped	6095	2.8547	0.5	-32.7402	44.3118	0	0.986118	-0.166048	0	None	None
ChainingRodShaped	6097	2.48757	0.5	20.6237	62.1066	0	-0.0122319	-0.999925	0	None	None
ChainingRodShaped	6099	2.59037	0.5	2.27223	65.0808	0	0.255024	0.966935	0	None	None
ChainingRodShaped	6101	2.6477	0.5	42.3334	52.2552	0	0.18488	-0.982761	0	None	None
ChainingRodShaped	6103	2.41392	0.5	-5.28246	56.2607	0	0.243008	-0.970024	0	None	None
ChainingRodShaped	6105	2.91491	0.5	-13.6471	61.8687	0	-0.275058	-0.961428	0	None	None
ChainingRodShaped	6107	2.5257	0.5	-32.124	28.5531	0	0.0947716	0.995499	0	None	None
ChainingRodShaped	6109	2.63353	0.5	25.1163	60.6139	0	0.473656	-0.88071	0	None	None
ChainingRodShaped	6111	2.66417	0.5	26.4979	41.2152	0	-0.0366812	0.999327	0	None	None
ChainingRodShaped	6113	2.67629	0.5	5.01262	23.5705	0	0.998961	-0.0455634	0	None	None
ChainingRodShaped	6115	2.58874	0.5	-21.1176	61.5315	0	-0.705473	-0.708736	0	None	None
ChainingRodShaped	6117	2.76837	0.5	-21.5687	52.5865	0	0.635871	-0.771795	0	None	None
ChainingRodShaped	6119	2.88479	0.5	33.928	38.1324	0	-0.195028	0.980798	0	None	None
ChainingRodShaped	6121	2.86062	0.5	-1.36725	20.1314	0	0.83935	0.543591	0	None	None
ChainingRodShaped	6123	2.73777	0.5	-28.3157	51.6704	0	0.728678	-0.684857	0	None	None
ChainingRodShaped	6125	2.36373	0.5	14.3477	32.1205	0	-0.877072	-0.480359	0	None	None
ChainingRodShaped	6127	2.3346	0.5	29.3524	19.0604	0	0.45837	-0.888761	0	None	None
ChainingRodShaped	6129	2.83392	0.5	21.6133	43.4494	0	0.27464	-0.961547	0	None	None
ChainingRodShaped	6131	2.39866	0.5	25.6	39.5078	0	-0.0222943	0.999751	0	None	None
ChainingRodShaped	6133	2.57269	0.5	11.8166	43.0838	0	-0.973067	0.230522	0	None	None
ChainingRodShaped	6135	2.46666	0.5	2.67216	49.7489	0	-0.280529	-0.959845	0	None	None
ChainingRodShaped	6137	2.34618	0.5	-17.5069	31.3443	0	-0.144502	-0.989505	0	None	None
ChainingRodShaped	6139	2.74887	0.5	-4.50717	25.196	0	-0.923192	-0.384339	0	None	None
ChainingRodShaped	6141	2.58771	0.5	27.4039	49.537	0	-0.528609	0.848865	0	None	None
ChainingRodShaped	6143	2.70857	0.5	34.3092	34.6254	0	-0.413529	0.910491	0	None	None
ChainingRodShaped	6145	2.84072	0.5	-23.7967	37.1855	0	0.205265	-0.978706	0	None	None
ChainingRodShaped	6147	2.50878	0.5	-7.33798	47.5069	0	-0.188466	0.98208	0	None	None
ChainingRodShaped	6149	2.65119	0.5	13.9071	7.26569	0	0.966875	-0.255249	0	None	None
ChainingRodShaped	6151	2.54973	0.5	2.53584	55.8732	0	-0.30051	-0.953779	0	None	None
ChainingRodShaped	6153	2.56158	0.5	-4.68893	33.0959	0	-0.405992	-0.913877	0	None	None
ChainingRodShaped	6155	2.73557	0.5	9.98109	66.0878	0	0.656899	0.753979	0	None	None
ChainingRodShaped	6157	2.46473	0.5	-15.5714	54.9089	0	-0.26777	-0.963483	0	None	None
ChainingRodShaped	6159	2.57718	0.5	1.92759	15.8323	0	0.68601	-0.727593	0	None	None
ChainingRodShaped	6161	2.39984	0.5	13.0101	37.9424	0	0.209571	0.977793	0	None	None
ChainingRodShaped	6163	2.28158	0.5	6.88451	62.842	0	-0.693356	-0.720595	0	None	None
ChainingRodShaped	6165	2.52203	0.5	36.8457	44.0421	0	0.616544	-0.78732	0	None	None
ChainingRodShaped	6167	2.3047	0.5	-6.27616	63.6774	0	0.27547	-0.96131	0	None	None
ChainingRodShaped	6169	2.58898	0.5	-36.6612	42.3639	0	0.219325	0.975652	0	None	None
ChainingRodShaped	6171	2.44475	0.5	0.654714	30.6893	0	0.486282	0.873802	0	None	None
ChainingRodShaped	6173	2.47009	0.5	36.5741	51.5312	0	0.211297	-0.977422	0	None	None
ChainingRodShaped	6175	2.61393	0.5	19.033	68.6308	0	-0.719048	-0.694961	0	None	None
ChainingRodShaped	6177	2.45165	0.5	-12.718	28.1287	0	-0.0445565	-0.999007	0	None	None
ChainingRodShaped	6179	2.36724	0.5	16.0766	66.0365	0	-0.818221	-0.574904	0	None	None
ChainingRodShaped	6181	2.6769	0.5	-14.501	62.4633	0	-0.275273	-0.961366	0	None	None
ChainingRodShaped	6183	2.4735	0.5	29.6482	53.2612	0	0.568364	-0.822777	0	None	None
ChainingRodShaped	6185	2.27747	0.5	23.1921	12.9711	0	-0.722393	0.691483	0	None	None
ChainingRodShaped	6187	2.36531	0.5	0.580607	12.6387	0	0.986314	0.16488	0	None	None
ChainingRodShaped	6189	2.41906	0.5	1.86512	56.9558	0	-0.298453	-0.954424	0	None	None
ChainingRodShaped	6191	2.34314	0.5	5.38759	40.1517	0	0.964661	0.263496	0	None	None
ChainingRodShaped	6193	2.26343	0.5	-30.7908	53.1798	0	0.505734	-0.862689	0	None	None
ChainingRodShaped	6195	2.27644	0.5	-14.3715	55.6129	0	-0.264501	-0.964385	0	5430	6194
ChainingRodShaped	6197	2.68585	0.5	-0.900341	43.4987	0	-0.591455	-0.806338	0	None	None
ChainingRodShaped	6199	2.37215	0.5	-6.47052	52.9819	0	0.200333	-0.979728	0	None	None
ChainingRodShaped	6201	2.38201	0.5	-9.09145	21.4557	0	-0.0690599	0.997613	0	None	None
ChainingRodShaped	6203	2.18186	0.5	-38.2289	49.1657	0	0.35813	0.933672	0	5145	6202
ChainingRodShaped	6205	2.24898	0.5	9.96102	4.94697	0	-0.842415	0.538829	0	None	None
ChainingRodShaped	6207	2.35862	0.5	-14.3858	21.978	0	-0.469811	-0.882767	0	None	None
ChainingRodShaped	6209	2.48485	0.5	-29.4812	20.2569	0	-0.298257	-0.954486	0	None	None
ChainingRodShaped	6211	2.5383	0.5	18.361	26.5258	0	-0.644782	0.764367	0	None	None
ChainingRodShaped	6213	2.58387	0.5	-16.3826	29.9703	0	-0.813964	-0.580916	0	None	None
ChainingRodShaped	6215	2.55552	0.5	-7.39114	38.9836	0	-0.273402	-0.9619	0	None	None
ChainingRodShaped	6217	2.20707	0.5	-12.5567	34.5575	0	-0.011351	-0.999936	0	None	None
ChainingRodShaped	6219	2.40429	0.5	-31.6546	25.1863	0	0.246129	-0.969237	0	None	None
ChainingRodShaped	6221	2.20902	0.5	-27.136	34.0538	0	-0.369878	-0.92908	0	None	None
ChainingRodShaped	6223	2.21802	0.5	46.9695	47.2843	0	0.285576	-0.958356	0	None	None
ChainingRodShaped	6225	2.32579	0.5	-17.5884	61.8768	0	-0.910683	-0.413107	0	None	None
ChainingRodShaped	6227	2.38033	0.5	-1.8744	13.902	0	-0.677142	-0.735853	0	None	None
ChainingRodShaped	6229	2.23275	0.5	4.05536	69.537	0	0.689397	-0.724384	0	None	None
ChainingRodShaped	6231	2.40976	0.5	19.2399	19.4076	0	-0.704572	0.709633	0	None	None
ChainingRodShaped	6233	2.48208	0.5	2.289	26.4371	0	0.631865	0.775078	0	None	None
ChainingRodShaped	6235	2.4186	0.5	-2.7336	11.9651	0	0.927972	0.37265	0	None	None
ChainingRodShaped	6237	2.4428	0.5	27.4068	16.5512	0	0.470773	-0.882255	0	None	None
ChainingRodShaped	6239	2.48085	0.5	39.6485	53.1591	0	0.60716	-0.79458	0	None	None
ChainingRodShaped	6241	2.35496	0.5	32.3337	58.5535	0	0.855691	-0.517488	0	None	None
ChainingRodShaped	6243	2.27519	0.5	21.6491	63.2811	0	-0.0541732	-0.998532	0	None	None
ChainingRodShaped	6245	2.32854	0.5	-45.6194	50.5851	0	0.870151	0.492785	0	None	None
ChainingRodShaped	6247	2.27551	0.5	-3.47288	16.6849	0	0.872037	-0.489441	0	None	None
ChainingRodShaped	6249	2.19609	0.5	-17.2098	27.0798	0	0.661607	0.74985	0	None	None
ChainingRodShaped	6251	2.21441	0.5	46.3723	42.039	0	-0.51489	-0.857256	0	None	None
ChainingRodShaped	6253	2.16147	0.5	17.792	59.9085	0	0.127754	-0.991806	0	None	None
ChainingRodShaped	6255	2.14794	0.5	-42.8192	26.4557	0	-0.0876078	0.996155	0	5177	6254
ChainingRodShaped	6257	2.36907	0.5	-4.6586	31.1105	0	0.608269	0.793731	0	None	None
ChainingRodShaped	6259	2.20745	0.5	19.9286	20.0791	0	-0.697443	0.71664	0	None	None
ChainingRodShaped	6261	2.15814	0.5	-24.8263	45.8935	0	0.982562	-0.185936	0	5044	6260
ChainingRodShaped	6263	2.24857	0.5	12.9537	62.0073	0	0.122686	-0.992445	0	None	None
ChainingRodShaped	6265	2.35183	0.5	3.42052	6.42795	0	-0.987616	0.156892	0	None	None
ChainingRodShaped	6267	2.17266	0.5	-16.0522	49.3803	0	-0.257024	-0.966405	0	6194	6266
ChainingRodShaped	6269	2.1886	0.5	24.6553	38.5696	0	0.0217988	-0.999762	0	5438	6268
ChainingRodShaped	6271	2.23848	0.5	-10.2539	48.0676	0	-0.159017	0.987276	0	None	None
ChainingRodShaped	6273	2.35598	0.5	-21.1395	53.5902	0	0.642265	-0.766483	0	None	None
ChainingRodShaped	6275	2.31577	0.5	0.796449	19.1951	0	0.770898	0.636959	0	None	None
ChainingRodShaped	6277	2.34764	0.5	7.97119	18.2332	0	-0.812956	-0.582325	0	None	None
ChainingRodShaped	6279	2.24762	0.5	16.0578	25.13	0	-0.858157	0.513388	0	None	None
ChainingRodShaped	6281	2.19678	0.5	22.4597	14.8704	0	-0.805763	0.592238	0	None	None
ChainingRodShaped	6283	2.19328	0.5	-25.2952	43.3888	0	0.979427	0.201799	0	None	None
ChainingRodShaped	6285	2.14574	0.5	0.449255	15.9837	0	0.683336	-0.730104	0	None	None
ChainingRodShaped	6287	2.30361	0.5	21.735	26.0406	0	-0.904008	0.427515	0	None	None
ChainingRodShaped	6289	2.13305	0.5	-4.74629	27.1565	0	0.750303	0.661094	0	None	None
ChainingRodShaped	6291	2.34758	0.5	-16.644	34.9517	0	0.505617	-0.862758	0	None	None
ChainingRodShaped	6293	2.2302	0.5	-0.78304	40.4733	0	-0.575211	-0.818005	0	None	None
ChainingRodShaped	6295	2.16481	0.5	7.62982	11.4615	0	0.473395	-0.88085	0	None	None
ChainingRodShaped	6297	2.30006	0.5	-1.79595	17.5584	0	0.995118	0.0986902	0	None	None
ChainingRodShaped	6299	2.23639	0.5	-2.50878	14.6403	0	-0.670094	-0.742276	0	None	None
ChainingRodShaped	6301	2.21765	0.5	-3.59244	26.9398	0	0.751965	0.659203	0	None	None
ChainingRodShaped	6303	2.18352	0.5	-1.11079	60.33	0	0.28102	0.959702	0	None	None
ChainingRodShaped	6305	2.22932	0.5	-10.1115	19.9219	0	0.052462	0.998623	0	None	None
ChainingRodShaped	6307	2.24642	0.5	-8.69076	58.4764	0	0.176171	-0.98436	0	None	None
ChainingRodShaped	6309	2.25197	0.5	5.8175	22.5773	0	0.998456	-0.0555569	0	None	None
ChainingRodShaped	6311	2.22017	0.5	11.013	32.7746	0	0.68988	0.723923	0	None	None
ChainingRodShaped	6313	2.21901	0.5	-1.15978	23.9317	0	0.652252	0.758002	0	None	None
ChainingRodShaped	6315	2.1323	0.5	9.3989	67.653	0	-0.952618	-0.304168	0	None	None
ChainingRodShaped	6317	2.05793	0.5	-12.1983	59.7631	0	-0.271955	-0.96231	0	5167	6316
ChainingRodShaped	6319	2.15128	0.5	27.7919	62.9059	0	0.713489	-0.700667	0	None	None
ChainingRodShaped	6321	2.14829	0.5	-46.8285	54.4139	0	0.876341	0.48169	0	None	None
ChainingRodShaped	6323	2.09316	0.5	41.2918	44.1923	0	0.300535	-0.953771	0	None	None
ChainingRodShaped	6325	2.14641	0.5	-13.6409	28.5866	0	-0.0384018	-0.999262	0	None	None
ChainingRodShaped	6327	2.13945	0.5	-22.1021	51.0791	0	0.289218	-0.957263	0	None	None
ChainingRodShaped	6329	2.10906	0.5	36.3907	46.8209	0	0.273143	-0.961973	0	None	None
ChainingRodShaped	6331	2.11257	0.5	37.4431	52.0467	0	0.201523	-0.979484	0	None	None
ChainingRodShaped	6333	2.10968	0.5	-25.5935	42.3465	0	0.97838	0.206814	0	None	None
ChainingRodShaped	6335	2.06258	0.5	30.269	42.8032	0	-0.478317	0.878187	0	None	None
ChainingRodShaped	6337	2.05454	0.5	-2.07252	47.8753	0	-0.322761	-0.946481	0	5208	6336
ChainingRodShaped	6339	2.05251	0.5	-12.7826	48.7003	0	-0.351857	-0.936054	0	None	None
ChainingRodShaped	6341	2.11909	0.5	16.8779	43.3427	0	-0.282718	0.959203	0	None	None
ChainingRodShaped	6343	2.05171	0.5	0.561262	66.4002	0	0.250298	0.968169	0	None	None
ChainingRodShaped	6345	2.03507	0.5	-10.8223	59.9831	0	-0.529333	-0.848414	0	None	None
ChainingRodShaped	6347	2.02318	0.5	-4.4938	57.0683	0	0.252684	-0.967549	0	None	None
ChainingRodShaped	6349	2.03387	0.5	32.2217	29.6915	0	0.505365	-0.862906	0	None	None
ChainingRodShaped	6351	2.05271	0.5	-8.8001	53.8521	0	-0.402572	0.915388	0	None	None
ChainingRodShaped	6353	2.04719	0.5	-16.0748	40.4894	0	-0.409667	-0.912235	0	None	None
ChainingRodShaped	6355	2.04935	0.5	13.8715	55.8477	0	0.221774	-0.975098	0	None	None
ChainingRodShaped	6357	2.0387	0.5	3.06154	4.39649	0	-0.949653	0.313302	0	None	None
ChainingRodShaped	6359	2.02286	0.5	3.42991	10.4622	0	0.975328	-0.220762	0	None	None
ChainingRodShaped	6361	2.01124	0.5	28.521	36.3668	0	-0.00536905	0.999986	0	None	None
ChainingRodShaped	6363	2.00496	0.5	24.7187	32.4109	0	-0.000791283	-1	0	6268	6362
ChainingRodShaped	6365	2.0019	0.5	-9.25148	47.7257	0	-0.168791	0.985652	0	None	None
ChainingRodShaped	6367	2.00017	0.5	-35.8711	54.9315	0	0.391515	0.920172	0	6202	6366
