cell_type	cell_id	length	radius	pos_x	pos_y	pos_z	ori_x	ori_y	ori_z	lower_link	upper_link
ChainingRodShaped	5164	4.77947	0.5	-18.4389	31.1345	0	-0.44363	-0.89621	0	None	None
ChainingRodShaped	4926	4.47113	0.5	22.4417	47.5259	0	-0.225904	0.97415	0	None	None
ChainingRodShaped	4628	3.95789	0.5	-16.547	42.2206	0	0.983276	0.18212	0	4629	None
ChainingRodShaped	5038	3.74482	0.5	-3.91346	35.4538	0	-0.892502	-0.451044	0	None	None
ChainingRodShaped	5348	2.27887	0.5	-9.33672	51.0216	0	0.448324	0.893871	0	5349	None
ChainingRodShaped	5130	3.2687	0.5	37.454	42.1112	0	0.860879	-0.50881	0	5131	None
ChainingRodShaped	5076	4.03176	0.5	37.952	43.8102	0	0.615055	-0.788484	0	None	None
ChainingRodShaped	5174	4.18038	0.5	7.73815	28.5055	0	-0.902568	-0.430546	0	None	None
ChainingRodShaped	5384	2.64827	0.5	-1.03272	11.7948	0	-0.974502	0.224379	0	None	None
ChainingRodShaped	5040	4.23449	0.5	28.3583	20.5794	0	-0.206089	-0.978533	0	None	None
ChainingRodShaped	4712	3.9251	0.5	22.9312	52.6945	0	-0.484968	0.874532	0	4713	None
ChainingRodShaped	4670	4.49503	0.5	-29.5391	60.3223	0	0.25852	0.966006	0	5114	None
ChainingRodShaped	5190	2.96274	0.5	-19.0182	37.211	0	0.560132	-0.828403	0	None	None
ChainingRodShaped	5154	2.60991	0.5	21.1475	28.3274	0	-0.0623777	-0.998053	0	5155	None
ChainingRodShaped	5102	4.09921	0.5	-10.7498	19.9994	0	0.00583676	-0.999983	0	None	None
ChainingRodShaped	5256	3.24057	0.5	-7.92252	37.8262	0	-0.70633	-0.707883	0	None	None
ChainingRodShaped	5374	2.87255	0.5	10.4788	59.0951	0	0.402544	0.915401	0	None	None
ChainingRodShaped	5344	2.62231	0.5	-37.1062	46.0794	0	-0.0548975	0.998492	0	5345	None
ChainingRodShaped	4626	3.84058	0.5	-31.9667	56.7479	0	0.217054	0.97616	0	4627	None
ChainingRodShaped	4762	4.15178	0.5	-14.8482	45.5276	0	-0.127334	-0.99186	0	4763	None
ChainingRodShaped	5544	2.1631	0.5	33.8503	45.4187	0	0.853785	-0.520625	0	None	None
ChainingRodShaped	4880	4.47354	0.5	-14.9357	17.0343	0	-0.974067	0.226258	0	4881	None
ChainingRodShaped	5286	3.6431	0.5	-4.94641	42.1478	0	-0.0858581	-0.996307	0	None	None
ChainingRodShaped	5292	2.68566	0.5	4.56841	40.1712	0	-0.97371	-0.227793	0	None	None
ChainingRodShaped	5538	2.0819	0.5	-20.821	22.25	0	0.32093	-0.947103	0	5539	None
ChainingRodShaped	5346	2.61063	0.5	-21.849	19.1369	0	0.321806	-0.946806	0	None	None
ChainingRodShaped	4658	4.95343	0.5	35.8814	31.3191	0	-0.860517	-0.509422	0	4659	None
ChainingRodShaped	4924	4.38137	0.5	30.7091	20.6718	0	-0.39235	-0.919816	0	None	None
ChainingRodShaped	5050	3.6946	0.5	5.94805	39.5048	0	0.975938	0.21805	0	None	None
ChainingRodShaped	4934	4.51408	0.5	-17.2136	10.5593	0	0.12665	-0.991948	0	4935	None
ChainingRodShaped	4776	4.70564	0.5	-7.2903	20.7401	0	-0.650848	-0.759208	0	4777	None
ChainingRodShaped	4462	4.79044	0.5	-31.9339	25.3649	0	0.0835868	-0.9965	0	4790	None
ChainingRodShaped	5014	4.07711	0.5	-9.77452	20.3272	0	0.00610093	-0.999981	0	5015	None
ChainingRodShaped	4710	4.94302	0.5	9.95655	37.8346	0	0.708677	0.705533	0	4711	None
ChainingRodShaped	4806	4.69108	0.5	14.4483	27.4974	0	0.849715	-0.527242	0	None	None
ChainingRodShaped	5072	2.64529	0.5	33.9665	24.4484	0	0.185535	-0.982638	0	5073	None
ChainingRodShaped	5138	3.56508	0.5	3.31959	57.6353	0	0.449226	0.893418	0	None	None
ChainingRodShaped	5396	2.98414	0.5	-30.4168	46.9473	0	-0.497222	0.867623	0	None	None
ChainingRodShaped	5392	2.53679	0.5	13.8358	44.4685	0	0.546772	-0.837282	0	None	None
ChainingRodShaped	5104	2.68791	0.5	-17.7531	43.6752	0	0.926346	-0.376673	0	5105	None
ChainingRodShaped	5474	2.21778	0.5	-3.93071	13.4726	0	-0.974634	0.223804	0	None	None
ChainingRodShaped	5022	3.5298	0.5	12.4502	26.6607	0	-0.480237	0.877139	0	None	None
ChainingRodShaped	5094	3.0292	0.5	-38.8573	45.9168	0	0.471944	0.881629	0	5095	None
ChainingRodShaped	4698	4.11185	0.5	-36.7578	48.4281	0	0.991024	0.133681	0	4699	None
ChainingRodShaped	5202	3.0969	0.5	-13.7028	44.926	0	-0.303088	-0.952962	0	5203	None
ChainingRodShaped	4988	4.12811	0.5	-36.8867	49.4061	0	0.990752	0.135684	0	None	None
ChainingRodShaped	5270	3.36045	0.5	-17.5722	44.6445	0	0.927652	-0.373446	0	None	None
ChainingRodShaped	5414	2.48259	0.5	22.8244	43.1514	0	0.0252406	0.999681	0	None	None
ChainingRodShaped	4908	4.82312	0.5	17.7095	36.5197	0	-0.887482	-0.460842	0	None	None
ChainingRodShaped	4814	3.40411	0.5	20.6082	35.4303	0	-0.0370609	-0.999313	0	4815	None
ChainingRodShaped	4724	4.75812	0.5	17.5132	34.2957	0	0.899471	0.436981	0	5350	None
ChainingRodShaped	5308	2.54718	0.5	-16.1416	18.3347	0	-0.973773	0.227522	0	5309	None
ChainingRodShaped	4636	4.59152	0.5	49.9192	40.5325	0	0.999742	0.0227074	0	4637	None
ChainingRodShaped	5530	2.04752	0.5	-26.5139	36.3907	0	-0.310214	0.950667	0	5531	None
ChainingRodShaped	5366	3.04202	0.5	-4.29977	37.4386	0	-0.408436	-0.912787	0	None	None
ChainingRodShaped	5380	2.45025	0.5	-6.65855	34.4801	0	-0.398508	-0.917165	0	5381	None
ChainingRodShaped	5136	3.02896	0.5	53.6282	44.1789	0	0.87329	-0.487201	0	5137	None
ChainingRodShaped	5236	3.09477	0.5	18.7158	49.177	0	0.237981	-0.97127	0	None	None
ChainingRodShaped	4998	3.15838	0.5	39.7666	47.2855	0	0.72348	-0.690345	0	4999	None
ChainingRodShaped	5142	4.57358	0.5	10.3784	25.5169	0	0.149011	0.988835	0	None	None
ChainingRodShaped	4792	4.60992	0.5	-22.1456	46.549	0	0.923559	-0.383456	0	None	None
ChainingRodShaped	5218	4.23156	0.5	-27.1113	48.6702	0	0.918515	-0.395386	0	None	None
ChainingRodShaped	5240	4.1294	0.5	12.3224	23.0043	0	-0.515881	0.85666	0	None	None
ChainingRodShaped	4804	4.27325	0.5	32.5312	54.193	0	0.722749	-0.691111	0	5550	4999
ChainingRodShaped	4946	4.05657	0.5	19.9174	43.4723	0	-0.0148315	-0.99989	0	None	None
ChainingRodShaped	5254	2.86641	0.5	41.1146	51.1542	0	0.87371	-0.486447	0	5255	5451
ChainingRodShaped	5208	2.80406	0.5	-0.265924	48.2804	0	-0.443712	-0.89617	0	5209	5199
ChainingRodShaped	5036	3.85063	0.5	0.101558	46.8584	0	-0.448199	-0.893934	0	None	None
ChainingRodShaped	5268	2.83248	0.5	-22.5724	24.38	0	-0.317359	0.948306	0	5269	5549
ChainingRodShaped	4874	4.57309	0.5	38.5073	40.3234	0	0.999942	0.0107423	0	4875	4637
ChainingRodShaped	4882	4.70897	0.5	-3.59892	15.4369	0	-0.974544	0.224198	0	4883	4619
ChainingRodShaped	4788	3.76817	0.5	6.63731	29.016	0	0.896564	0.442915	0	5390	5351
ChainingRodShaped	5188	3.1392	0.5	20.9096	44.6452	0	-0.0248309	-0.999692	0	5189	4815
ChainingRodShaped	5284	3.73482	0.5	15.8386	38.8506	0	-0.887398	-0.461004	0	None	None
ChainingRodShaped	4954	4.54208	0.5	24.7907	41.0547	0	-0.446324	0.894871	0	None	None
ChainingRodShaped	5140	3.04484	0.5	-20.7132	48.2883	0	0.302006	-0.953306	0	None	None
ChainingRodShaped	5074	4.02866	0.5	-39.5524	51.0321	0	0.991897	0.127044	0	None	None
ChainingRodShaped	5166	3.33136	0.5	-11.2128	52.7247	0	-0.305734	-0.952117	0	5167	5203
ChainingRodShaped	4732	3.94505	0.5	-47.4228	47.007	0	0.9915	0.130106	0	5210	4699
ChainingRodShaped	4872	4.95167	0.5	-43.0483	38.1124	0	0.474113	0.880464	0	4873	5095
ChainingRodShaped	5436	2.34535	0.5	12.0382	25.424	0	-0.480727	0.87687	0	None	None
ChainingRodShaped	5010	4.88899	0.5	0.0234742	17.1997	0	0.895035	0.445997	0	None	None
ChainingRodShaped	5044	3.28499	0.5	-25.5614	46.9207	0	0.920137	-0.391597	0	5045	5105
ChainingRodShaped	5234	3.47247	0.5	12.355	49.4687	0	0.172184	-0.985065	0	None	None
ChainingRodShaped	5354	3.38638	0.5	-27.6065	46.0354	0	-0.876337	0.481698	0	None	None
ChainingRodShaped	5116	4.59926	0.5	1.07866	58.2046	0	0.705703	0.708508	0	None	None
ChainingRodShaped	5212	2.81209	0.5	31.3375	38.2824	0	0.190369	-0.981713	0	5213	5377
ChainingRodShaped	5306	3.01828	0.5	6.95809	25.7362	0	0.999999	-0.00159446	0	None	None
ChainingRodShaped	4794	3.69299	0.5	2.11499	29.836	0	0.687417	0.726263	0	4795	4711
ChainingRodShaped	4744	4.81981	0.5	-9.89871	29.9657	0	0.0197733	-0.999804	0	5244	5015
ChainingRodShaped	4790	3.96212	0.5	-32.3819	30.7214	0	0.0830661	-0.996544	0	4791	4462
ChainingRodShaped	5328	2.66607	0.5	-0.414684	28.6529	0	-0.655541	-0.755159	0	5329	4777
ChainingRodShaped	5032	3.12761	0.5	-18.4756	20.5525	0	0.122532	-0.992465	0	5033	4935
ChainingRodShaped	5004	3.92139	0.5	5.16859	37.0505	0	0.609045	0.793135	0	None	None
ChainingRodShaped	4892	4.21171	0.5	28.6759	25.7492	0	0.0210613	-0.999778	0	None	None
ChainingRodShaped	5228	3.07575	0.5	45.1744	36.784	0	-0.863903	-0.503658	0	5229	4659
ChainingRodShaped	5568	2.0188	0.5	-26.0048	21.6476	0	0.0605462	-0.998165	0	None	None
ChainingRodShaped	5418	2.25297	0.5	-22.7937	28.147	0	0.311071	-0.950387	0	5419	5539
ChainingRodShaped	5124	3.53453	0.5	12.5416	39.0518	0	0.242603	0.970126	0	None	None
ChainingRodShaped	5152	4.24197	0.5	-4.68077	49.7535	0	0.466378	-0.884585	0	None	None
ChainingRodShaped	5274	2.80878	0.5	-5.42741	14.8378	0	-0.974606	0.223926	0	5275	4881
ChainingRodShaped	5464	2.53912	0.5	33.2272	49.0881	0	0.190179	-0.981749	0	None	None
ChainingRodShaped	5430	2.26086	0.5	-13.7086	54.8567	0	-0.114853	-0.993383	0	5431	4763
ChainingRodShaped	4858	3.16742	0.5	-34.2202	46.6621	0	0.220152	0.975466	0	4859	4627
ChainingRodShaped	5176	3.36798	0.5	-36.088	31.9182	0	-0.0948571	0.995491	0	5177	5405
ChainingRodShaped	5170	3.06691	0.5	11.504	58.9847	0	0.40672	0.913553	0	None	None
ChainingRodShaped	5108	4.66071	0.5	-9.00386	33.3678	0	-0.0184631	0.99983	0	None	None
ChainingRodShaped	5382	3.08449	0.5	-12.0794	19.786	0	0.238513	-0.971139	0	None	None
ChainingRodShaped	5438	2.25071	0.5	21.7871	41.2333	0	-0.0313407	-0.999509	0	5439	4717
ChainingRodShaped	5100	3.85289	0.5	-20.3853	35.9076	0	0.906409	-0.422401	0	None	None
ChainingRodShaped	5144	3.45889	0.5	-32.8638	47.6602	0	0.244489	0.969652	0	5145	5115
ChainingRodShaped	5028	3.21109	0.5	27.36	44.5849	0	-0.472746	0.881199	0	5029	4713
ChainingRodShaped	5278	3.17823	0.5	23.679	21.6388	0	0.424988	-0.905199	0	None	None
ChainingRodShaped	4914	4.81766	0.5	6.59528	15.0864	0	0.186389	-0.982476	0	None	None
ChainingRodShaped	5178	3.99997	0.5	14.3193	30.6016	0	-0.895925	-0.444205	0	None	None
ChainingRodShaped	5126	4.4722	0.5	41.7768	42.4447	0	-0.867649	-0.497177	0	None	None
ChainingRodShaped	5134	2.77866	0.5	30.3878	46.3151	0	0.857463	-0.514546	0	5135	5131
ChainingRodShaped	5296	2.74967	0.5	-16.0651	37.9023	0	0.46571	0.884937	0	5297	5231
ChainingRodShaped	4990	4.08129	0.5	-1.7665	37.6499	0	-0.88813	-0.459593	0	None	None
ChainingRodShaped	5030	3.26149	0.5	-26.5285	40.3681	0	0.982277	0.187435	0	5031	4629
ChainingRodShaped	4976	3.64625	0.5	24.6975	43.3782	0	-0.455833	0.890065	0	None	None
ChainingRodShaped	5358	2.66652	0.5	-13.2117	34.9461	0	-0.205762	-0.978602	0	None	None
ChainingRodShaped	5122	3.68105	0.5	15.1196	20.3004	0	-0.530856	0.847462	0	None	None
ChainingRodShaped	5524	2.21708	0.5	-7.96438	49.2283	0	-0.361382	0.932418	0	None	None
ChainingRodShaped	5566	2.0152	0.5	-15.5021	36.8894	0	-0.474537	-0.880236	0	None	None
ChainingRodShaped	4972	4.03885	0.5	9.8197	36.374	0	0.704747	0.709459	0	None	None
ChainingRodShaped	5368	2.88663	0.5	2.05709	50.7418	0	-0.444661	-0.895699	0	None	None
ChainingRodShaped	5444	2.51871	0.5	-3.23047	51.1442	0	0.477173	-0.878809	0	None	None
ChainingRodShaped	5416	2.37357	0.5	31.3487	52.2251	0	0.697848	-0.716246	0	None	None
ChainingRodShaped	5110	4.74957	0.5	7.8161	52.3945	0	0.0251172	0.999685	0	None	None
ChainingRodShaped	5298	3.84048	0.5	-30.6736	36.9284	0	-0.70064	0.713515	0	None	None
ChainingRodShaped	5312	3.34621	0.5	-14.6683	24.5522	0	0.461991	-0.886885	0	None	None
ChainingRodShaped	5364	3.01893	0.5	0.892043	42.6648	0	-0.686384	-0.727239	0	None	None
ChainingRodShaped	5536	2.16284	0.5	25.1469	50.7343	0	0.481298	-0.876557	0	None	None
ChainingRodShaped	5242	3.96211	0.5	26.4407	33.8859	0	-0.0187066	0.999825	0	None	None
ChainingRodShaped	5006	3.67013	0.5	-24.6007	41.8561	0	0.969797	0.243913	0	None	None
ChainingRodShaped	5468	2.40148	0.5	-28.2591	52.7499	0	-0.206705	-0.978403	0	None	None
ChainingRodShaped	5534	2.18336	0.5	26.4693	39.9038	0	-0.449154	0.893454	0	None	None
ChainingRodShaped	5422	2.743	0.5	-40.4822	52.7948	0	0.966927	-0.255051	0	None	None
ChainingRodShaped	4932	4.64827	0.5	-20.9579	53.9099	0	-0.462239	-0.886756	0	None	None
ChainingRodShaped	5262	3.00089	0.5	16.1702	16.1545	0	0.738802	0.673923	0	None	None
ChainingRodShaped	5526	2.13588	0.5	13.7047	47.2381	0	0.15091	-0.988547	0	None	None
ChainingRodShaped	5096	4.33144	0.5	-0.721229	33.5771	0	0.752713	0.658349	0	None	None
ChainingRodShaped	5510	2.25019	0.5	15.8448	41.1505	0	0.136135	-0.99069	0	None	None
ChainingRodShaped	5520	2.27562	0.5	14.58	28.5554	0	-0.851313	0.524658	0	None	None
ChainingRodShaped	5068	4.60114	0.5	3.99726	15.7349	0	0.766267	-0.642522	0	None	None
ChainingRodShaped	4900	4.32515	0.5	-28.7325	42.9808	0	0.980564	0.196201	0	None	None
ChainingRodShaped	5098	3.2279	0.5	31.0143	49.6797	0	0.788633	-0.614865	0	None	None
ChainingRodShaped	5266	2.8353	0.5	-2.50118	41.4381	0	-0.432273	-0.901743	0	None	None
ChainingRodShaped	5326	2.98798	0.5	43.1644	42.0156	0	-0.893591	-0.448881	0	None	None
ChainingRodShaped	5330	3.24175	0.5	-23.2564	49.2909	0	0.400683	-0.916217	0	None	None
ChainingRodShaped	5180	3.17206	0.5	18.0336	41.1741	0	0.279076	-0.960269	0	None	None
ChainingRodShaped	5258	3.1749	0.5	-0.51564	19.0807	0	-0.556331	-0.830961	0	None	None
ChainingRodShaped	5470	2.359	0.5	25.5817	20.4137	0	0.578914	-0.815388	0	None	None
ChainingRodShaped	5506	2.35357	0.5	-11.776	27.088	0	0.0184979	-0.999829	0	None	None
ChainingRodShaped	5314	2.71315	0.5	17.6285	37.5946	0	0.888868	0.458162	0	None	None
ChainingRodShaped	5222	3.36616	0.5	23.9039	47.0619	0	-0.461475	0.887153	0	None	None
ChainingRodShaped	5546	2.12283	0.5	13.5201	43.2296	0	-0.566639	0.823966	0	None	None
ChainingRodShaped	5156	3.51956	0.5	23.6713	39.2231	0	0.0404427	0.999182	0	None	None
ChainingRodShaped	5246	3.84411	0.5	7.37906	16.1659	0	0.184526	-0.982828	0	None	None
ChainingRodShaped	5128	3.0574	0.5	1.84716	56.9095	0	0.451915	0.892061	0	None	None
ChainingRodShaped	5260	3.8349	0.5	12.0069	21.6635	0	-0.513777	0.857924	0	None	None
ChainingRodShaped	5118	3.96738	0.5	30.6306	30.1075	0	0.737703	-0.675125	0	None	None
ChainingRodShaped	5192	2.94297	0.5	9.46698	25.8328	0	0.141079	0.989998	0	None	None
ChainingRodShaped	4944	3.88385	0.5	-6.8659	28.9968	0	-0.748402	0.663246	0	None	None
ChainingRodShaped	5484	2.20731	0.5	-12.972	61.4018	0	-0.109832	-0.99395	0	5485	5431
ChainingRodShaped	5282	2.53628	0.5	-19.3767	31.4151	0	0.440825	0.897593	0	5283	5297
ChainingRodShaped	4832	4.6806	0.5	-23.3879	23.7186	0	0.315488	-0.94893	0	None	None
ChainingRodShaped	4619	3.72753	0.5	-8.67827	16.6039	0	-0.974671	0.223644	0	4882	5309
ChainingRodShaped	5198	2.89602	0.5	-3.76196	40.9743	0	-0.417673	-0.908597	0	5199	5381
ChainingRodShaped	5332	3.37513	0.5	-27.8487	33.9285	0	0.34742	0.93771	0	None	None
ChainingRodShaped	5440	2.47193	0.5	1.835	39.8444	0	-0.751286	-0.659977	0	None	None
ChainingRodShaped	4627	4.8319	0.5	-33.1268	51.5399	0	0.217757	0.976003	0	4858	4626
ChainingRodShaped	4629	4.59095	0.5	-21.7095	41.2684	0	0.983508	0.180863	0	5030	4628
ChainingRodShaped	5352	2.29385	0.5	-35.3265	24.3229	0	-0.103373	0.994643	0	5353	5177
ChainingRodShaped	4966	3.80034	0.5	15.8354	24.322	0	-0.841826	0.539749	0	None	None
ChainingRodShaped	5370	2.44283	0.5	6.5957	51.2928	0	0.198133	0.980175	0	None	None
ChainingRodShaped	4637	4.84087	0.5	44.2075	40.4111	0	0.999805	0.0197658	0	4874	4636
ChainingRodShaped	4942	4.31795	0.5	-7.95766	42.94	0	-0.988883	-0.148694	0	None	None
ChainingRodShaped	5160	4.19705	0.5	9.94739	35.1534	0	0.698864	0.715254	0	None	None
ChainingRodShaped	5146	4.34172	0.5	25.2136	54.0966	0	0.176697	-0.984265	0	None	None
ChainingRodShaped	5394	2.88206	0.5	18.2398	22.0037	0	-0.960746	0.277431	0	None	None
ChainingRodShaped	4984	4.54306	0.5	6.63332	20.719	0	-0.698362	-0.715745	0	None	None
ChainingRodShaped	4992	4.6411	0.5	18.3137	53.756	0	0.247485	-0.968892	0	None	None
ChainingRodShaped	4834	4.59326	0.5	-8.07631	33.9725	0	-0.0134259	0.99991	0	None	None
ChainingRodShaped	5388	2.91575	0.5	6.69766	33.1973	0	0.694337	0.71965	0	None	None
ChainingRodShaped	5376	2.29688	0.5	32.6311	31.5173	0	0.185819	-0.982584	0	5377	5073
ChainingRodShaped	5062	3.60049	0.5	5.079	23.9231	0	0.873347	0.487099	0	None	None
ChainingRodShaped	4659	4.77812	0.5	40.9277	34.2963	0	-0.86209	-0.506755	0	5228	4658
ChainingRodShaped	5182	3.1676	0.5	21.0619	52.3098	0	-0.0179443	-0.999839	0	5183	5189
ChainingRodShaped	5318	2.79352	0.5	-29.428	37.8112	0	-0.913584	0.406649	0	None	None
ChainingRodShaped	4910	4.99225	0.5	-14.4286	34.5356	0	-0.0464742	-0.998919	0	None	None
ChainingRodShaped	5230	3.11299	0.5	-12.5482	44.6438	0	0.452961	0.89153	0	5231	5349
ChainingRodShaped	5512	2.3066	0.5	-0.233281	54.9808	0	0.447464	0.894302	0	None	None
ChainingRodShaped	5114	2.74408	0.5	-30.7303	55.8608	0	0.257089	0.966388	0	5115	4670
ChainingRodShaped	5448	2.64403	0.5	-3.77912	50.1109	0	0.469291	-0.883044	0	None	None
ChainingRodShaped	5078	4.71343	0.5	0.927139	35.9748	0	0.997173	0.0751375	0	None	None
ChainingRodShaped	5042	4.06201	0.5	-31.5385	32.7524	0	-0.094903	0.995487	0	None	None
ChainingRodShaped	5058	3.90729	0.5	14.7018	55.7406	0	-0.342414	-0.939549	0	None	None
ChainingRodShaped	5540	2.13131	0.5	8.68912	49.5517	0	0.114613	0.99341	0	None	None
ChainingRodShaped	4683	4.74486	0.5	-35.0161	38.7868	0	0.228101	0.973638	0	None	5145
ChainingRodShaped	5412	2.38765	0.5	-27.3946	23.6135	0	0.290052	-0.957011	0	None	None
ChainingRodShaped	5450	2.27299	0.5	47.0929	47.8242	0	0.873421	-0.486967	0	5451	5137
ChainingRodShaped	4980	3.849	0.5	20.5677	19.3074	0	-0.964508	0.264054	0	None	None
ChainingRodShaped	5508	2.38813	0.5	-17.8794	54.5034	0	-0.789414	-0.613861	0	None	None
ChainingRodShaped	5324	3.31436	0.5	11.9414	57.566	0	-0.409682	-0.912228	0	None	None
ChainingRodShaped	4896	4.67526	0.5	-13.7092	27.4195	0	-0.0107287	-0.999942	0	None	None
ChainingRodShaped	5012	4.78574	0.5	22.1512	28.778	0	-0.064238	-0.997935	0	None	None
ChainingRodShaped	4699	4.73442	0.5	-42.131	47.7075	0	0.991223	0.132202	0	4732	4698
ChainingRodShaped	5500	2.32498	0.5	39.344	43.6325	0	0.61094	-0.791677	0	None	None
ChainingRodShaped	5162	4.69089	0.5	29.6396	21.8851	0	-0.201402	-0.979509	0	None	None
ChainingRodShaped	5356	3.17369	0.5	-23.6322	39.9087	0	0.983721	0.179703	0	None	None
ChainingRodShaped	5552	2.12408	0.5	5.58396	59.3337	0	0.444388	-0.895835	0	None	None
ChainingRodShaped	5454	2.46626	0.5	20.8549	23.3021	0	0.961267	-0.275618	0	None	None
ChainingRodShaped	4711	4.89877	0.5	5.78909	33.6395	0	0.700588	0.713566	0	4794	4710
ChainingRodShaped	4713	3.67568	0.5	25.2455	48.4904	0	-0.479123	0.877748	0	5028	4712
ChainingRodShaped	5400	2.37672	0.5	-16.2217	46.4491	0	0.307665	-0.951495	0	None	None
ChainingRodShaped	4717	4.19431	0.5	21.6251	37.0169	0	-0.043003	-0.999075	0	5438	5155
ChainingRodShaped	5172	2.60361	0.5	-8.87391	59.9427	0	-0.310175	-0.95068	0	5173	5167
ChainingRodShaped	4721	4.92256	0.5	3.76751	56.3373	0	-0.449666	-0.893197	0	None	5209
ChainingRodShaped	5150	3.10081	0.5	-20.1163	17.1453	0	-0.324248	0.945972	0	5151	5269
ChainingRodShaped	5350	2.39051	0.5	13.404	32.3062	0	0.901006	0.433807	0	5351	4724
ChainingRodShaped	4920	4.36455	0.5	16.9587	29.2495	0	-0.990652	0.136415	0	None	None
ChainingRodShaped	5088	4.78414	0.5	0.663934	33.5347	0	0.752957	0.658069	0	None	None
ChainingRodShaped	5196	2.92263	0.5	4.33546	34.4061	0	-0.616421	-0.787417	0	5197	5329
ChainingRodShaped	5210	2.8119	0.5	-51.7629	46.4395	0	0.991629	0.129121	0	5211	4732
ChainingRodShaped	5522	2.29865	0.5	40.9987	48.7948	0	0.613239	-0.789898	0	None	None
ChainingRodShaped	5490	2.2092	0.5	40.6856	44.2383	0	0.221894	-0.975071	0	None	None
ChainingRodShaped	5428	2.69221	0.5	-24.673	49.4357	0	0.5727	-0.819765	0	None	None
ChainingRodShaped	4940	4.2713	0.5	-26.7886	56.1143	0	-0.789558	-0.613676	0	None	None
ChainingRodShaped	5026	4.82544	0.5	-9.53043	52.7514	0	-0.535203	-0.844724	0	None	None
ChainingRodShaped	5244	3.06216	0.5	-9.99166	34.9044	0	0.0173956	-0.999849	0	5245	4744
ChainingRodShaped	4974	4.78721	0.5	3.1086	42.0841	0	-0.797914	-0.602772	0	None	None
ChainingRodShaped	5518	2.29185	0.5	0.790551	19.2864	0	-0.558858	-0.829263	0	None	None
ChainingRodShaped	5362	2.9625	0.5	23.6834	55.8264	0	0.331777	-0.943358	0	None	None
ChainingRodShaped	5316	3.49084	0.5	5.7174	45.3883	0	-0.988222	0.153028	0	None	None
ChainingRodShaped	5372	2.63686	0.5	2.46357	47.2439	0	-0.464388	-0.885632	0	None	None
ChainingRodShaped	5020	3.9823	0.5	-41.1546	49.8281	0	0.991578	0.129511	0	None	None
ChainingRodShaped	5404	2.39183	0.5	-36.6873	39.1086	0	-0.0682933	0.997665	0	5405	5345
ChainingRodShaped	5482	2.14271	0.5	35.0949	54.509	0	0.873237	-0.487295	0	5483	5255
ChainingRodShaped	4763	4.20133	0.5	-14.208	50.6594	0	-0.120268	-0.992741	0	5430	4762
ChainingRodShaped	5024	4.34806	0.5	25.9928	30.3774	0	-0.33925	0.940696	0	None	None
ChainingRodShaped	5386	2.40655	0.5	25.8693	21.8327	0	0.532876	-0.846193	0	None	None
ChainingRodShaped	4769	4.47442	0.5	-25.1554	35.4205	0	0.308286	-0.951294	0	None	5419
ChainingRodShaped	4771	4.92894	0.5	17.3923	33.1688	0	-0.901016	-0.433785	0	None	None
ChainingRodShaped	4950	3.83563	0.5	20.1345	55.537	0	-0.0163313	-0.999867	0	None	None
ChainingRodShaped	4775	4.97262	0.5	2.88946	12.939	0	-0.975209	0.221286	0	None	5275
ChainingRodShaped	4777	4.81628	0.5	-3.5252	25.0884	0	-0.658359	-0.752704	0	5328	4776
ChainingRodShaped	5548	2.06719	0.5	-24.6116	30.5558	0	-0.31023	0.950662	0	5549	5531
ChainingRodShaped	5442	2.33251	0.5	2.99395	45.4006	0	-0.166953	-0.985965	0	None	None
ChainingRodShaped	5064	3.65901	0.5	-5.45563	46.9699	0	0.0731559	-0.997321	0	None	None
ChainingRodShaped	4982	3.69761	0.5	-8.96827	46.5527	0	-0.364897	0.931048	0	None	None
ChainingRodShaped	5184	3.43981	0.5	14.1818	13.842	0	0.957738	0.287644	0	None	None
ChainingRodShaped	5390	2.56251	0.5	2.92365	27.1506	0	0.889697	0.456551	0	5391	4788
ChainingRodShaped	4791	4.42861	0.5	-32.8122	35.8974	0	0.0826524	-0.996578	0	None	4790
ChainingRodShaped	4994	3.92135	0.5	-22.0223	49.1775	0	0.304318	-0.952571	0	None	None
ChainingRodShaped	4795	4.30197	0.5	-1.29067	26.1878	0	0.678009	0.735054	0	None	4794
ChainingRodShaped	4797	4.53555	0.5	11.6613	16.1701	0	0.95873	0.284319	0	None	None
ChainingRodShaped	5090	4.5515	0.5	6.41009	23.5554	0	0.852664	0.52246	0	None	None
ChainingRodShaped	4801	4.89842	0.5	28.2344	49.895	0	0.862339	-0.506332	0	None	None
ChainingRodShaped	4803	4.56181	0.5	12.096	15.2765	0	0.958204	0.286084	0	None	None
ChainingRodShaped	5550	2.02986	0.5	29.5336	57.0627	0	0.721644	-0.692264	0	5551	4804
ChainingRodShaped	5066	3.80902	0.5	9.91884	28.4764	0	0.903547	0.428488	0	None	None
ChainingRodShaped	5048	3.68253	0.5	-10.8955	31.4557	0	0.0256078	-0.999672	0	None	None
ChainingRodShaped	5092	4.2481	0.5	2.94095	15.3598	0	0.769821	-0.63826	0	None	None
ChainingRodShaped	5084	3.28006	0.5	4.78002	10.4912	0	-0.975376	0.220547	0	None	None
ChainingRodShaped	4815	3.95665	0.5	20.7741	40.1038	0	-0.034004	-0.999422	0	5188	4814
ChainingRodShaped	5232	4.12467	0.5	-7.37148	26.8088	0	-0.736787	0.676125	0	None	None
ChainingRodShaped	5158	4.6874	0.5	4.88084	53.9548	0	-0.509877	-0.860247	0	None	None
ChainingRodShaped	4821	4.42639	0.5	-1.18546	48.5844	0	0.446314	0.894877	0	None	None
ChainingRodShaped	5052	3.51514	0.5	16.3533	38.0568	0	0.891964	0.452106	0	None	None
ChainingRodShaped	5148	3.92133	0.5	-18.0599	51.3829	0	-0.999093	-0.0425835	0	None	None
ChainingRodShaped	4827	4.86066	0.5	-25.3923	38.5969	0	0.984175	0.177202	0	None	None
ChainingRodShaped	5264	3.44169	0.5	14.9579	53.5328	0	-0.613123	-0.789988	0	None	None
ChainingRodShaped	5080	3.69364	0.5	28.5232	40.2413	0	-0.453494	0.891259	0	None	None
ChainingRodShaped	5514	2.19743	0.5	-24.7801	27.9236	0	0.30892	-0.951088	0	None	None
ChainingRodShaped	5294	3.30803	0.5	-5.54552	32.5837	0	-0.927484	-0.373863	0	None	None
ChainingRodShaped	5334	3.50709	0.5	23.8308	58.7481	0	0.264291	-0.964443	0	None	None
ChainingRodShaped	5320	3.39089	0.5	14.5792	22.7268	0	-0.863267	0.504747	0	None	None
ChainingRodShaped	4841	4.29767	0.5	16.6707	34.9373	0	-0.895748	-0.444563	0	None	None
ChainingRodShaped	5194	3.31878	0.5	-24.9804	42.7891	0	0.969513	0.245038	0	None	None
ChainingRodShaped	5112	4.86187	0.5	17.7264	47.9957	0	0.572258	-0.820074	0	None	None
ChainingRodShaped	5498	2.44063	0.5	9.71767	31.5762	0	-0.898481	-0.439012	0	None	None
ChainingRodShaped	4849	4.5905	0.5	24.1658	29.8351	0	0.0625658	0.998041	0	None	None
ChainingRodShaped	5216	4.06337	0.5	-24.5657	20.7438	0	0.251752	-0.967792	0	None	None
ChainingRodShaped	5204	3.98391	0.5	-30.3628	30.9387	0	-0.0548431	0.998495	0	None	None
ChainingRodShaped	5206	3.69828	0.5	-6.98838	56.1139	0	-0.185812	-0.982585	0	None	None
ChainingRodShaped	5276	3.01837	0.5	-43.7845	54.1795	0	0.994369	-0.105977	0	None	None
ChainingRodShaped	4859	4.37086	0.5	-35.2744	42.0124	0	0.221825	0.975087	0	None	4858
ChainingRodShaped	4861	4.55403	0.5	27.6887	53.175	0	0.705786	-0.708425	0	None	None
ChainingRodShaped	5248	4.15396	0.5	-12.475	39.4039	0	-0.701641	-0.712531	0	None	None
ChainingRodShaped	4865	4.98616	0.5	17.8047	19.2957	0	-0.765164	0.643835	0	None	None
ChainingRodShaped	5528	2.25608	0.5	-15.5967	31.0668	0	-0.0673072	-0.997732	0	None	None
ChainingRodShaped	5168	4.60053	0.5	9.59611	51.3275	0	-0.346774	0.937949	0	None	None
ChainingRodShaped	5132	4.43543	0.5	-2.43219	48.2313	0	0.443026	0.896509	0	None	None
ChainingRodShaped	4873	4.0988	0.5	-45.6682	33.25	0	0.474559	0.880224	0	None	4872
ChainingRodShaped	4875	3.43626	0.5	33.5108	40.2828	0	0.999988	0.00499101	0	None	4874
ChainingRodShaped	5378	2.53005	0.5	27.4264	33.5794	0	0.0200075	-0.9998	0	None	None
ChainingRodShaped	5564	2.02355	0.5	5.42706	56.7033	0	-0.723289	-0.690545	0	None	None
ChainingRodShaped	4881	4.12375	0.5	-9.77675	15.8396	0	-0.97439	0.224866	0	5274	4880
ChainingRodShaped	4883	3.71951	0.5	1.47562	14.2634	0	-0.973975	0.226654	0	None	4882
ChainingRodShaped	5504	2.16104	0.5	21.7454	20.0015	0	-0.963992	0.265933	0	None	None
ChainingRodShaped	5402	2.51842	0.5	-17.3029	46.6242	0	0.311559	-0.950227	0	None	None
ChainingRodShaped	5186	3.83478	0.5	-12.8453	24.0048	0	-0.0662505	-0.997803	0	None	None
ChainingRodShaped	5220	3.76435	0.5	-2.17047	18.8665	0	-0.202998	-0.979179	0	None	None
ChainingRodShaped	5226	3.71327	0.5	30.2595	26.8189	0	-0.325156	-0.945661	0	None	None
ChainingRodShaped	5214	4.19489	0.5	28.1558	54.1028	0	0.70642	-0.707793	0	None	None
ChainingRodShaped	5200	3.3311	0.5	-13.8032	31.4268	0	0.52808	0.849194	0	None	None
ChainingRodShaped	5290	3.41859	0.5	15.8095	46.3646	0	0.162438	-0.986719	0	None	None
ChainingRodShaped	5302	2.83811	0.5	-33.7108	40.2443	0	0.243432	0.969918	0	None	None
ChainingRodShaped	5288	2.91029	0.5	17.787	26.6524	0	-0.874504	0.485017	0	None	None
ChainingRodShaped	4905	4.71806	0.5	6.21199	44.3461	0	-0.989174	0.146747	0	None	None
ChainingRodShaped	5480	2.43481	0.5	13.6445	57.4859	0	-0.809687	-0.586862	0	None	None
ChainingRodShaped	5224	3.37117	0.5	19.2886	40.2132	0	0.276841	-0.960916	0	None	None
ChainingRodShaped	5408	2.87032	0.5	-11.8325	41.7405	0	-0.569321	-0.822115	0	None	None
ChainingRodShaped	5424	2.54856	0.5	10.9543	50.4916	0	0.343881	-0.939013	0	None	None
ChainingRodShaped	5458	2.5247	0.5	6.47938	18.8848	0	-0.822293	-0.569065	0	None	None
ChainingRodShaped	5280	3.55007	0.5	8.44323	38.3397	0	-0.48739	-0.873184	0	None	None
ChainingRodShaped	5472	2.57815	0.5	3.76732	24.3132	0	0.876542	0.481326	0	None	None
ChainingRodShaped	4921	4.55776	0.5	20.2102	30.1708	0	-0.0812384	-0.996695	0	None	None
ChainingRodShaped	5398	2.49677	0.5	27.5349	27.4808	0	0.218778	0.975775	0	None	None
ChainingRodShaped	5238	4.13046	0.5	32.6036	23.0283	0	-0.115391	-0.99332	0	None	None
ChainingRodShaped	5250	3.89491	0.5	24.5316	47.8416	0	-0.470327	0.882492	0	None	None
ChainingRodShaped	4929	4.52761	0.5	30.636	32.1264	0	-0.557065	0.830469	0	None	None
ChainingRodShaped	5488	2.24973	0.5	6.03657	53.272	0	-0.760756	-0.649038	0	None	None
ChainingRodShaped	5252	3.08678	0.5	-18.2046	52.9838	0	-0.893705	-0.448655	0	None	None
ChainingRodShaped	4935	4.26033	0.5	-17.8929	15.9001	0	0.125645	-0.992075	0	5032	4934
ChainingRodShaped	5476	2.43565	0.5	-17.3979	56.7432	0	-0.626187	-0.779673	0	None	None
ChainingRodShaped	4939	4.84542	0.5	14.4393	48.8222	0	0.152839	-0.988251	0	None	None
ChainingRodShaped	5300	3.29332	0.5	-26.412	57.6648	0	-0.790486	-0.612481	0	None	None
ChainingRodShaped	4943	4.39467	0.5	-7.5393	39.5694	0	-0.706747	-0.707466	0	None	None
ChainingRodShaped	5272	3.27216	0.5	-3.34418	29.3205	0	-0.824438	-0.565952	0	None	None
ChainingRodShaped	5406	2.36362	0.5	20.0187	47.6627	0	-0.0179386	-0.999839	0	None	None
ChainingRodShaped	4949	4.81145	0.5	12.1113	43.5734	0	-0.574842	0.818264	0	None	None
ChainingRodShaped	4951	4.22778	0.5	20.8099	60.447	0	-0.306379	-0.95191	0	None	None
ChainingRodShaped	4953	3.96861	0.5	8.38238	60.3572	0	-0.945493	-0.325642	0	None	None
ChainingRodShaped	5560	2.03424	0.5	25.3442	37.514	0	-0.361165	0.932502	0	None	None
ChainingRodShaped	5304	3.52762	0.5	-16.4523	27.9483	0	0.998598	0.0529321	0	None	None
ChainingRodShaped	5554	2.07932	0.5	22.5667	36.2123	0	0.0529909	0.998595	0	None	None
ChainingRodShaped	5342	3.04531	0.5	-24.8419	54.9738	0	-0.693195	-0.72075	0	None	None
ChainingRodShaped	5486	2.21835	0.5	22.9711	26.3575	0	-0.0654387	-0.997857	0	None	None
ChainingRodShaped	4965	3.92159	0.5	-29.3767	30.9376	0	-0.0512434	0.998686	0	None	None
ChainingRodShaped	4967	4.2992	0.5	20.4308	22.4006	0	-0.963472	0.26781	0	None	None
ChainingRodShaped	4969	4.30483	0.5	43.6623	48.5975	0	0.874368	-0.485264	0	None	None
ChainingRodShaped	5310	3.33719	0.5	-27.3536	28.3468	0	-0.29019	-0.956969	0	None	None
ChainingRodShaped	5322	3.01395	0.5	6.75666	31.8532	0	0.690827	0.72302	0	None	None
ChainingRodShaped	4975	4.67085	0.5	8.84878	42.9705	0	-0.988585	0.150664	0	None	None
ChainingRodShaped	5434	2.65764	0.5	28.1049	38.8686	0	-0.451738	0.892151	0	None	None
ChainingRodShaped	5360	3.03545	0.5	-16.0097	49.0206	0	0.298135	-0.954524	0	None	None
ChainingRodShaped	4981	4.27598	0.5	22.5458	17.7541	0	-0.966238	0.257653	0	None	None
ChainingRodShaped	5340	2.90965	0.5	-9.80154	45.6756	0	-0.284086	0.958799	0	None	None
ChainingRodShaped	5432	2.50042	0.5	8.92165	19.9549	0	-0.876333	0.481705	0	None	None
ChainingRodShaped	5336	3.11388	0.5	37.2783	47.0756	0	0.337633	-0.941278	0	None	None
ChainingRodShaped	4989	4.8804	0.5	-42.3391	48.6748	0	0.991425	0.130675	0	None	None
ChainingRodShaped	4991	3.6481	0.5	-1.20813	39.0162	0	-0.88529	-0.465039	0	None	None
ChainingRodShaped	4993	3.89639	0.5	19.1715	56.29	0	-0.00900168	-0.999959	0	None	None
ChainingRodShaped	4995	3.90412	0.5	-22.4456	53.325	0	-0.493891	-0.869524	0	None	None
ChainingRodShaped	4997	4.38847	0.5	-8.12366	47.0441	0	-0.370696	0.928754	0	None	None
ChainingRodShaped	4999	4.29224	0.5	36.3496	50.5458	0	0.723511	-0.690313	0	4804	4998
ChainingRodShaped	5494	2.39856	0.5	-1.1223	41.8247	0	-0.545952	-0.837817	0	None	None
ChainingRodShaped	5338	2.74974	0.5	-24.5002	53.9008	0	-0.689819	-0.723982	0	None	None
ChainingRodShaped	5478	2.44885	0.5	2.60178	33.7817	0	0.634255	0.773124	0	None	None
ChainingRodShaped	5007	4.05102	0.5	-29.3462	40.8344	0	0.980993	0.194041	0	None	None
ChainingRodShaped	5009	3.79929	0.5	-31.6245	43.9831	0	0.397572	0.917571	0	None	None
ChainingRodShaped	5011	4.61804	0.5	-3.61179	20.797	0	0.157254	-0.987558	0	None	None
ChainingRodShaped	5013	4.11101	0.5	23.4162	33.7931	0	-0.0527805	-0.998606	0	None	None
ChainingRodShaped	5015	3.19322	0.5	-9.8153	24.9612	0	0.0121909	-0.999926	0	4744	5014
ChainingRodShaped	5456	2.34468	0.5	-3.24851	53.1731	0	0.510054	-0.860142	0	None	None
ChainingRodShaped	5446	2.38982	0.5	6.40789	41.7695	0	-0.932355	-0.361543	0	None	None
ChainingRodShaped	5021	3.57801	0.5	-44.3047	50.9276	0	0.988009	-0.154394	0	None	None
ChainingRodShaped	5426	2.60809	0.5	14.372	26.4205	0	-0.844405	0.535705	0	None	None
ChainingRodShaped	5410	2.4273	0.5	25.5178	28.8803	0	-0.329826	0.944042	0	None	None
ChainingRodShaped	5562	2.02273	0.5	-9.21273	55.107	0	-0.517601	-0.855622	0	None	None
ChainingRodShaped	5029	3.32347	0.5	29.367	40.8219	0	-0.468624	0.883398	0	None	5028
ChainingRodShaped	5031	4.05791	0.5	-31.0797	39.481	0	0.980899	0.194517	0	None	5030
ChainingRodShaped	5033	3.46693	0.5	-18.9985	24.8099	0	0.121378	-0.992606	0	None	5032
ChainingRodShaped	5460	2.47482	0.5	-12.3359	42.679	0	-0.561052	-0.82778	0	None	None
ChainingRodShaped	5556	2.03802	0.5	1.44952	47.3975	0	-0.457117	-0.889407	0	None	None
ChainingRodShaped	5039	4.84912	0.5	0.763245	37.8827	0	-0.892682	-0.450686	0	None	None
ChainingRodShaped	5420	2.71871	0.5	26.5965	22.4932	0	0.541309	-0.840824	0	None	None
ChainingRodShaped	5043	3.35212	0.5	-31.1621	28.0672	0	-0.0861853	0.996279	0	None	None
ChainingRodShaped	5045	3.82531	0.5	-29.7402	48.7128	0	0.918127	-0.396287	0	None	5044
ChainingRodShaped	5047	4.96597	0.5	3.78845	11.7291	0	-0.975617	0.21948	0	None	None
ChainingRodShaped	5049	3.92969	0.5	-10.9881	36.2186	0	0.0117065	-0.999931	0	None	None
ChainingRodShaped	5051	4.49706	0.5	2.85072	37.5925	0	0.945191	0.326517	0	None	None
ChainingRodShaped	5542	2.15009	0.5	13.2883	35.8664	0	0.704645	0.70956	0	None	None
ChainingRodShaped	5452	2.29647	0.5	30.7119	47.2723	0	0.856083	-0.516838	0	None	None
ChainingRodShaped	5496	2.28001	0.5	5.86839	47.297	0	0.445963	-0.895051	0	None	None
ChainingRodShaped	5502	2.22788	0.5	17.2785	58.2146	0	-0.82783	-0.56098	0	None	None
ChainingRodShaped	5462	2.50852	0.5	38.397	49.9793	0	0.726874	-0.686771	0	None	None
ChainingRodShaped	5063	3.58766	0.5	2.93334	22.275	0	0.817466	-0.575977	0	None	None
ChainingRodShaped	5532	2.14717	0.5	-6.8663	49.0343	0	0.348511	-0.937305	0	None	None
ChainingRodShaped	5067	3.72321	0.5	6.73928	26.6874	0	0.999995	0.00326468	0	None	None
ChainingRodShaped	5492	2.24824	0.5	5.00969	16.7636	0	0.424146	-0.905594	0	None	None
ChainingRodShaped	5071	3.98687	0.5	22.1964	57.1487	0	0.249467	-0.968383	0	None	None
ChainingRodShaped	5073	2.72403	0.5	33.2829	28.0678	0	0.185628	-0.98262	0	5376	5072
ChainingRodShaped	5558	2.07089	0.5	-41.8709	51.8871	0	0.999765	-0.0216961	0	None	None
ChainingRodShaped	5077	3.37895	0.5	35.6788	45.8909	0	0.0884914	-0.996077	0	None	None
ChainingRodShaped	5079	3.5896	0.5	-3.72318	34.3654	0	0.923701	0.383115	0	None	None
ChainingRodShaped	5466	2.62716	0.5	30.5724	37.09	0	-0.182404	0.983224	0	None	None
ChainingRodShaped	5083	3.57068	0.5	13.1001	54.2017	0	-0.081349	-0.996686	0	None	None
ChainingRodShaped	5085	4.67255	0.5	8.71679	14.2932	0	0.17569	-0.984446	0	None	None
ChainingRodShaped	5087	4.71814	0.5	-11.9473	34.8644	0	0.00326155	-0.999995	0	None	None
ChainingRodShaped	5089	4.92238	0.5	-4.23901	30.6744	0	0.969107	0.246642	0	None	None
ChainingRodShaped	5091	4.43067	0.5	6.17099	21.6407	0	0.69921	0.714916	0	None	None
ChainingRodShaped	5093	4.98171	0.5	2.73554	19.5871	0	0.376389	-0.926462	0	None	None
ChainingRodShaped	5095	2.87551	0.5	-40.7226	42.4368	0	0.472949	0.88109	0	4872	5094
ChainingRodShaped	5097	3.75152	0.5	-5.68695	31.3108	0	0.970346	0.241721	0	None	None
ChainingRodShaped	5099	3.25467	0.5	27.5838	51.8562	0	0.717559	-0.696498	0	None	None
ChainingRodShaped	5101	3.61834	0.5	-23.1645	36.2043	0	0.837743	-0.546065	0	None	None
ChainingRodShaped	5516	2.34652	0.5	-10.7941	24.1931	0	0.0158265	-0.999875	0	None	None
ChainingRodShaped	5105	3.48786	0.5	-21.5256	45.2256	0	0.923717	-0.383075	0	5044	5104
ChainingRodShaped	5107	3.71637	0.5	13.4818	38.9323	0	0.24583	0.969313	0	None	None
ChainingRodShaped	5109	3.45354	0.5	-7.64096	28.3882	0	-0.743547	0.668684	0	None	None
ChainingRodShaped	5111	3.24851	0.5	7.74706	47.9433	0	-0.453237	0.89139	0	None	None
ChainingRodShaped	5113	3.48531	0.5	16.7715	51.6333	0	0.407945	-0.913007	0	None	None
ChainingRodShaped	5115	3.37818	0.5	-31.7652	51.9365	0	0.253093	0.967442	0	5144	5114
ChainingRodShaped	5117	3.94657	0.5	-1.79506	55.1793	0	0.175553	0.98447	0	None	None
ChainingRodShaped	5119	3.12699	0.5	28.4091	33.6687	0	0.0217129	-0.999764	0	None	None
ChainingRodShaped	5121	3.76119	0.5	-26.6268	27.3645	0	-0.28842	-0.957504	0	None	None
ChainingRodShaped	5123	4.24984	0.5	18.6944	17.2608	0	-0.764157	0.64503	0	None	None
ChainingRodShaped	5125	3.28641	0.5	11.2917	35.1775	0	0.697511	0.716574	0	None	None
ChainingRodShaped	5127	4.27309	0.5	42.7718	45.5305	0	-0.43726	-0.899335	0	None	None
ChainingRodShaped	5129	3.96589	0.5	-0.145854	52.884	0	0.436419	0.899743	0	None	None
ChainingRodShaped	5131	3.21556	0.5	33.8118	44.2703	0	0.859507	-0.511124	0	5134	5130
ChainingRodShaped	5133	3.05356	0.5	-3.2538	44.3372	0	0.427194	0.90416	0	None	None
ChainingRodShaped	5135	2.64178	0.5	27.2174	48.2244	0	0.855855	-0.517216	0	None	5134
ChainingRodShaped	5137	2.83531	0.5	50.1953	46.094	0	0.873311	-0.487164	0	5450	5136
ChainingRodShaped	5139	4.13207	0.5	1.14942	53.3084	0	0.442971	0.896536	0	None	None
ChainingRodShaped	5141	4.26203	0.5	-20.5062	52.6431	0	-0.458483	-0.888703	0	None	None
ChainingRodShaped	5143	3.78978	0.5	11.4293	20.7494	0	-0.51444	0.857526	0	None	None
ChainingRodShaped	5145	3.04113	0.5	-33.8848	43.5414	0	0.23633	0.971673	0	4683	5144
ChainingRodShaped	5147	3.34936	0.5	25.2952	57.7576	0	0.361424	-0.932401	0	None	None
ChainingRodShaped	5149	3.0564	0.5	-15.6165	53.6558	0	-0.597449	-0.801907	0	None	None
ChainingRodShaped	5151	2.63483	0.5	-18.8619	13.4887	0	-0.32471	0.945814	0	None	5150
ChainingRodShaped	5153	3.76745	0.5	-6.62997	51.5032	0	0.294015	-0.955801	0	None	None
ChainingRodShaped	5155	3.30444	0.5	21.3869	32.2759	0	-0.0587209	-0.998274	0	4717	5154
ChainingRodShaped	5157	3.96431	0.5	24.4798	35.0694	0	0.00186347	0.999998	0	None	None
ChainingRodShaped	5159	3.26118	0.5	8.06505	57.6535	0	-0.735204	-0.677845	0	None	None
ChainingRodShaped	5161	3.86328	0.5	8.12892	31.8876	0	0.691349	0.722521	0	None	None
ChainingRodShaped	5163	3.07395	0.5	31.2787	26.4049	0	-0.403933	-0.914788	0	None	None
ChainingRodShaped	5165	4.39073	0.5	-16.4909	32.4319	0	-0.0651514	-0.997875	0	None	None
ChainingRodShaped	5167	2.62755	0.5	-9.99186	56.5077	0	-0.308746	-0.951145	0	5172	5166
ChainingRodShaped	5169	4.67361	0.5	10.9733	46.7892	0	-0.600561	0.799579	0	None	None
ChainingRodShaped	5171	4.04256	0.5	10.207	54.7566	0	0.0554249	0.998463	0	None	None
ChainingRodShaped	5173	3.04244	0.5	-7.68782	63.575	0	-0.310586	-0.950545	0	None	5172
ChainingRodShaped	5175	4.22879	0.5	12.4023	30.7441	0	-0.900323	-0.435222	0	None	None
ChainingRodShaped	5177	2.8087	0.5	-35.6888	27.853	0	-0.100877	0.994899	0	5352	5176
ChainingRodShaped	5179	4.63644	0.5	17.9484	31.7535	0	-0.780977	-0.62456	0	None	None
ChainingRodShaped	5181	3.89186	0.5	17.0323	45.571	0	0.227994	-0.973663	0	None	None
ChainingRodShaped	5183	2.4658	0.5	21.1265	56.1235	0	-0.0158366	-0.999875	0	None	5182
ChainingRodShaped	5185	3.59344	0.5	11.8756	12.2137	0	0.982461	0.186468	0	None	None
ChainingRodShaped	5187	4.40851	0.5	-12.7545	29.0897	0	0.00325711	-0.999995	0	None	None
ChainingRodShaped	5189	2.51991	0.5	20.9926	48.47	0	-0.0180484	-0.999837	0	5182	5188
ChainingRodShaped	5191	3.24126	0.5	-20.8925	38.7585	0	0.121708	-0.992566	0	None	None
ChainingRodShaped	5193	4.24056	0.5	9.62808	21.8799	0	-0.505838	0.862628	0	None	None
ChainingRodShaped	5195	4.52729	0.5	-29.7855	41.7574	0	0.98083	0.194863	0	None	None
ChainingRodShaped	5197	3.20366	0.5	6.79817	37.6269	0	-0.599401	-0.800449	0	None	5196
ChainingRodShaped	5199	3.2654	0.5	-2.02939	44.6599	0	-0.432496	-0.901636	0	5208	5198
ChainingRodShaped	5201	3.90912	0.5	-16.5821	28.9195	0	0.99854	0.0540247	0	None	None
ChainingRodShaped	5203	2.98578	0.5	-12.4785	48.7702	0	-0.30388	-0.95271	0	5166	5202
ChainingRodShaped	5205	3.54185	0.5	-29.7486	26.2358	0	-0.2274	0.973801	0	None	None
ChainingRodShaped	5207	3.7644	0.5	-4.01734	56.0666	0	0.592791	-0.805357	0	None	None
ChainingRodShaped	5209	3.15674	0.5	1.50657	51.8377	0	-0.447914	-0.894077	0	4721	5208
ChainingRodShaped	5211	2.58435	0.5	-55.4294	45.9626	0	0.991664	0.128851	0	None	5210
ChainingRodShaped	5213	3.0321	0.5	30.5894	42.1334	0	0.190919	-0.981606	0	None	5212
ChainingRodShaped	5215	4.16467	0.5	26.3206	58.2522	0	0.44754	-0.894264	0	None	None
ChainingRodShaped	5217	4.19522	0.5	-24.9592	25.3157	0	0.314514	-0.949253	0	None	None
ChainingRodShaped	5219	3.32964	0.5	-26.6316	50.733	0	0.432058	-0.901846	0	None	None
ChainingRodShaped	5221	4.15084	0.5	-1.93594	22.3134	0	0.678079	-0.734989	0	None	None
ChainingRodShaped	5223	4.26824	0.5	26.0906	42.8008	0	-0.461305	0.887242	0	None	None
ChainingRodShaped	5225	3.55516	0.5	18.2511	44.5074	0	0.237728	-0.971332	0	None	None
ChainingRodShaped	5227	3.17836	0.5	28.9462	30.3077	0	0.732981	-0.680249	0	None	None
ChainingRodShaped	5229	2.99353	0.5	48.6589	38.8102	0	-0.865026	-0.501728	0	None	5228
ChainingRodShaped	5231	2.68738	0.5	-14.3355	41.1857	0	0.46595	0.884811	0	5296	5230
ChainingRodShaped	5233	2.85274	0.5	-4.26288	26.9309	0	-0.965589	-0.260075	0	None	None
ChainingRodShaped	5235	3.73618	0.5	12.1141	54.0122	0	-0.0753826	-0.997155	0	None	None
ChainingRodShaped	5237	4.1693	0.5	17.3627	53.5492	0	0.24595	-0.969282	0	None	None
ChainingRodShaped	5239	3.55197	0.5	31.7873	25.1414	0	-0.41306	-0.910704	0	None	None
ChainingRodShaped	5241	3.4951	0.5	14.8327	18.9121	0	-0.533218	0.845978	0	None	None
ChainingRodShaped	5243	4.00028	0.5	28.2593	29.6089	0	-0.727278	0.686343	0	None	None
ChainingRodShaped	5245	2.50387	0.5	-10.0545	38.6861	0	0.0158261	-0.999875	0	None	5244
ChainingRodShaped	5247	3.61598	0.5	9.89638	17.4024	0	-0.993435	0.114399	0	None	None
ChainingRodShaped	5249	4.04405	0.5	-7.6607	40.8019	0	-0.711426	-0.702761	0	None	None
ChainingRodShaped	5251	2.80692	0.5	26.5644	44.002	0	-0.467438	0.884026	0	None	None
ChainingRodShaped	5253	3.33258	0.5	-15.3487	55.8786	0	-0.538155	-0.842846	0	None	None
ChainingRodShaped	5255	2.39033	0.5	37.9465	52.9188	0	0.873509	-0.486808	0	5482	5254
ChainingRodShaped	5257	3.96088	0.5	-6.32968	37.64	0	-0.407662	-0.913133	0	None	None
ChainingRodShaped	5259	2.84402	0.5	-0.944181	23.0986	0	0.519154	-0.854681	0	None	None
ChainingRodShaped	5261	3.09753	0.5	14.3231	17.8697	0	-0.536686	0.843782	0	None	None
ChainingRodShaped	5263	3.64933	0.5	12.3652	14.3288	0	0.957653	0.287926	0	None	None
ChainingRodShaped	5265	2.86362	0.5	17.0206	56.8454	0	-0.826281	-0.563257	0	None	None
ChainingRodShaped	5267	3.08529	0.5	-0.0993493	44.4784	0	-0.733717	-0.679455	0	None	None
ChainingRodShaped	5269	2.68283	0.5	-21.3729	20.8245	0	-0.321997	0.946741	0	5150	5268
ChainingRodShaped	5271	3.12155	0.5	-18.9315	47.2095	0	0.540705	-0.841213	0	None	None
ChainingRodShaped	5273	4.04004	0.5	-1.51809	29.3966	0	-0.818368	-0.574695	0	None	None
ChainingRodShaped	5275	2.64478	0.5	-1.79744	14.0057	0	-0.974836	0.222924	0	4775	5274
ChainingRodShaped	5277	3.38755	0.5	-47.0928	55.9214	0	0.933909	-0.35751	0	None	None
ChainingRodShaped	5279	2.95488	0.5	21.1531	24.6523	0	0.848064	-0.529894	0	None	None
ChainingRodShaped	5281	3.62305	0.5	11.0944	40.254	0	-0.701588	-0.712583	0	None	None
ChainingRodShaped	5283	2.73055	0.5	-20.9521	28.1496	0	0.428812	0.903394	0	None	5282
ChainingRodShaped	5285	3.31051	0.5	16.6976	42.1462	0	0.137943	-0.99044	0	None	None
ChainingRodShaped	5287	2.75916	0.5	-4.359	46.0741	0	0.133087	-0.991104	0	None	None
ChainingRodShaped	5289	3.3568	0.5	20.4886	26.2165	0	-0.844961	0.534827	0	None	None
ChainingRodShaped	5291	3.43393	0.5	15.3623	50.7273	0	0.0151504	-0.999885	0	None	None
ChainingRodShaped	5293	3.67837	0.5	8.5585	40.8669	0	-0.999974	0.00718868	0	None	None
ChainingRodShaped	5295	3.63107	0.5	-1.96234	33.7431	0	-0.754193	-0.656653	0	None	None
ChainingRodShaped	5297	2.65713	0.5	-17.7678	34.6228	0	0.455533	0.890219	0	5282	5296
ChainingRodShaped	5299	3.31391	0.5	-30.8264	35.1766	0	-0.532724	0.846289	0	None	None
ChainingRodShaped	5301	3.86599	0.5	-24.9405	60.6003	0	-0.637227	-0.770676	0	None	None
ChainingRodShaped	5303	2.97315	0.5	-33.8509	36.3933	0	-0.0826192	0.996581	0	None	None
ChainingRodShaped	5305	2.93891	0.5	-20.0942	26.9376	0	0.620924	0.78387	0	None	None
ChainingRodShaped	5307	3.1616	0.5	2.90482	25.5322	0	0.984824	0.173558	0	None	None
ChainingRodShaped	5309	2.53167	0.5	-12.6984	17.5318	0	-0.973993	0.226577	0	4619	5308
ChainingRodShaped	5311	3.33135	0.5	-27.0903	32.4021	0	-0.190206	-0.981744	0	None	None
ChainingRodShaped	5313	3.64763	0.5	-16.4912	26.9662	0	0.998668	0.0515924	0	None	None
ChainingRodShaped	5315	3.49368	0.5	14.2297	35.4028	0	0.731563	0.681773	0	None	None
ChainingRodShaped	5317	3.36313	0.5	9.61306	44.5806	0	-0.804967	0.59332	0	None	None
ChainingRodShaped	5319	2.6841	0.5	-28.4929	35.0038	0	0.348049	0.937476	0	None	None
ChainingRodShaped	5321	2.99193	0.5	18.3143	20.9583	0	-0.962285	0.272044	0	None	None
ChainingRodShaped	5323	3.52708	0.5	4.48476	29.0505	0	0.894835	0.446398	0	None	None
ChainingRodShaped	5325	3.1771	0.5	14.7859	59.4805	0	-0.826828	-0.562454	0	None	None
ChainingRodShaped	5327	3.01239	0.5	44.5637	45.1591	0	0.0928723	-0.995678	0	None	None
ChainingRodShaped	5329	2.68368	0.5	1.95729	31.4501	0	-0.637755	-0.770239	0	5196	5328
ChainingRodShaped	5331	2.76979	0.5	-24.0755	52.4621	0	-0.502562	-0.864541	0	None	None
ChainingRodShaped	5333	2.68187	0.5	-28.3471	30.0187	0	-0.0496211	0.998768	0	None	None
ChainingRodShaped	5335	2.59419	0.5	23.5021	61.5643	0	0.810805	-0.585317	0	None	None
ChainingRodShaped	5337	2.90583	0.5	35.0536	49.8094	0	0.486582	-0.873635	0	None	None
ChainingRodShaped	5339	3.02993	0.5	-21.4169	56.2133	0	-0.85726	-0.514884	0	None	None
ChainingRodShaped	5341	2.821	0.5	-7.12754	44.0398	0	-0.988063	-0.154049	0	None	None
ChainingRodShaped	5343	2.50513	0.5	-22.2291	57.5568	0	-0.523896	-0.851782	0	None	None
ChainingRodShaped	5345	2.4854	0.5	-36.9049	42.5356	0	-0.0588151	0.998269	0	5404	5344
ChainingRodShaped	5347	2.48601	0.5	-23.5211	20.9804	0	0.314654	-0.949206	0	None	None
ChainingRodShaped	5349	2.45678	0.5	-10.8446	48.0163	0	0.448621	0.893722	0	5230	5348
ChainingRodShaped	5351	2.46305	0.5	10.3258	30.8213	0	0.900271	0.435329	0	4788	5350
ChainingRodShaped	5353	2.60861	0.5	-34.9686	20.8918	0	-0.10406	0.994571	0	None	5352
ChainingRodShaped	5355	2.72967	0.5	-24.6704	44.2346	0	-0.999974	-0.00716397	0	None	None
ChainingRodShaped	5357	3.18537	0.5	-27.7323	39.1403	0	0.981854	0.18964	0	None	None
ChainingRodShaped	5359	3.34834	0.5	-12.1921	38.3388	0	-0.696729	-0.717334	0	None	None
ChainingRodShaped	5361	2.93014	0.5	-15.1068	51.4569	0	-0.118721	-0.992928	0	None	None
ChainingRodShaped	5363	3.22168	0.5	22.5395	59.7354	0	0.259139	-0.96584	0	None	None
ChainingRodShaped	5365	2.508	0.5	2.7249	42.9694	0	-0.791852	-0.610714	0	None	None
ChainingRodShaped	5367	2.83196	0.5	-1.52951	39.9096	0	-0.883776	-0.46791	0	None	None
ChainingRodShaped	5369	2.51287	0.5	3.76222	53.9921	0	-0.505448	-0.862857	0	None	None
ChainingRodShaped	5371	3.15109	0.5	6.80509	47.6207	0	-0.448507	0.893779	0	None	None
ChainingRodShaped	5373	2.71571	0.5	4.10627	50.4851	0	-0.43185	-0.901946	0	None	None
ChainingRodShaped	5375	2.59059	0.5	9.27319	55.672	0	0.0576724	0.998336	0	None	None
ChainingRodShaped	5377	2.34116	0.5	32.0126	34.7743	0	0.187401	-0.982284	0	5212	5376
ChainingRodShaped	5379	2.7133	0.5	26.8704	36.9624	0	0.524212	-0.851588	0	None	None
ChainingRodShaped	5381	2.45443	0.5	-5.27316	37.6336	0	-0.406099	-0.913829	0	5198	5380
ChainingRodShaped	5383	2.97268	0.5	-11.7716	23.4473	0	0.0156961	-0.999877	0	None	None
ChainingRodShaped	5385	2.71475	0.5	2.23302	10.374	0	-0.739822	0.672803	0	None	None
ChainingRodShaped	5387	2.928	0.5	24.4081	25.1634	0	0.296386	-0.955068	0	None	None
ChainingRodShaped	5389	2.73283	0.5	4.05657	30.4501	0	0.689992	0.723817	0	None	None
ChainingRodShaped	5391	2.2166	0.5	-0.0780336	25.5939	0	0.885629	0.464394	0	None	5390
ChainingRodShaped	5393	2.61536	0.5	11.7664	47.3489	0	0.599909	-0.800068	0	None	None
ChainingRodShaped	5395	2.6082	0.5	21.8146	20.9969	0	-0.963592	0.267379	0	None	None
ChainingRodShaped	5397	2.87402	0.5	-29.5702	44.4754	0	0.792102	0.610389	0	None	None
ChainingRodShaped	5399	2.89861	0.5	27.7345	23.9451	0	-0.0191024	0.999818	0	None	None
ChainingRodShaped	5401	2.7418	0.5	-17.8919	49.4451	0	0.739582	-0.673067	0	None	None
ChainingRodShaped	5403	2.81016	0.5	-19.4031	49.4835	0	0.74596	-0.66599	0	None	None
ChainingRodShaped	5405	2.34541	0.5	-36.4337	35.7546	0	-0.0828168	0.996565	0	5176	5404
ChainingRodShaped	5407	2.98584	0.5	19.8362	51.1757	0	-0.162597	-0.986693	0	None	None
ChainingRodShaped	5409	2.55509	0.5	-9.10024	41.7871	0	-0.988718	-0.14979	0	None	None
ChainingRodShaped	5411	2.85915	0.5	26.4512	25.3956	0	-0.222341	0.974969	0	None	None
ChainingRodShaped	5413	2.70151	0.5	-28.8331	26.6811	0	0.226522	-0.974006	0	None	None
ChainingRodShaped	5415	2.75588	0.5	22.7124	39.5787	0	0.0388721	0.999244	0	None	None
ChainingRodShaped	5417	2.67082	0.5	28.909	54.7556	0	0.706412	-0.707801	0	None	None
ChainingRodShaped	5419	2.30213	0.5	-23.8055	31.2548	0	0.308316	-0.951284	0	4769	5418
ChainingRodShaped	5421	2.85935	0.5	25.303	25.9907	0	0.219144	-0.975693	0	None	None
ChainingRodShaped	5423	2.59082	0.5	-44.0688	53.0978	0	0.992041	-0.125914	0	None	None
ChainingRodShaped	5425	2.54966	0.5	11.1247	53.7933	0	-0.0654098	-0.997858	0	None	None
ChainingRodShaped	5427	2.78243	0.5	17.5091	24.5439	0	-0.876491	0.481419	0	None	None
ChainingRodShaped	5429	2.75096	0.5	-26.4385	52.6775	0	0.421668	-0.90675	0	None	None
ChainingRodShaped	5431	2.35866	0.5	-13.3348	58.1416	0	-0.111417	-0.993774	0	5484	5430
ChainingRodShaped	5433	2.40855	0.5	11.8885	18.2989	0	-0.778931	0.627109	0	None	None
ChainingRodShaped	5435	2.31892	0.5	29.4703	36.1284	0	0.0852825	0.996357	0	None	None
ChainingRodShaped	5437	2.60173	0.5	14.9557	23.6487	0	-0.86441	0.502788	0	None	None
ChainingRodShaped	5439	2.25465	0.5	21.8805	44.4819	0	-0.02641	-0.999651	0	None	5438
ChainingRodShaped	5441	2.68808	0.5	4.62991	42.0214	0	-0.795663	-0.605739	0	None	None
ChainingRodShaped	5443	2.36218	0.5	4.31506	47.7868	0	-0.11607	-0.993241	0	None	None
ChainingRodShaped	5445	2.61588	0.5	-5.21658	54.0703	0	0.666446	-0.745553	0	None	None
ChainingRodShaped	5447	2.63268	0.5	9.8065	41.8692	0	-0.990043	0.140765	0	None	None
ChainingRodShaped	5449	2.38894	0.5	-5.62091	53.0464	0	0.668907	-0.743346	0	None	None
ChainingRodShaped	5451	2.27791	0.5	44.2335	49.4175	0	0.873655	-0.486546	0	5254	5450
ChainingRodShaped	5453	2.59002	0.5	27.7627	49.0371	0	0.858788	-0.512332	0	None	None
ChainingRodShaped	5455	2.42865	0.5	18.3619	25.1916	0	0.871632	-0.490162	0	None	None
ChainingRodShaped	5457	2.38866	0.5	-5.20804	55.8529	0	0.529034	-0.848601	0	None	None
ChainingRodShaped	5459	2.42634	0.5	9.06507	18.4873	0	-0.992593	0.121484	0	None	None
ChainingRodShaped	5461	2.39446	0.5	-10.5857	44.7497	0	0.2486	-0.968606	0	None	None
ChainingRodShaped	5463	2.29675	0.5	35.9332	52.3223	0	0.723998	-0.689803	0	None	None
ChainingRodShaped	5465	2.43288	0.5	31.1278	51.0006	0	0.723433	-0.690394	0	None	None
ChainingRodShaped	5467	2.32753	0.5	30.8654	33.8677	0	-0.434161	0.900835	0	None	None
ChainingRodShaped	5469	2.34635	0.5	-25.8307	55.6031	0	-0.787061	-0.616876	0	None	None
ChainingRodShaped	5471	2.40644	0.5	23.9497	23.3468	0	0.415911	-0.909405	0	None	None
ChainingRodShaped	5473	2.21538	0.5	0.746158	24.3087	0	0.999723	-0.0235277	0	None	None
ChainingRodShaped	5475	2.33148	0.5	-0.742079	12.7465	0	-0.97457	0.224084	0	None	None
ChainingRodShaped	5477	2.27637	0.5	-15.5303	59.5071	0	-0.594486	-0.804106	0	None	None
ChainingRodShaped	5479	2.40266	0.5	0.0169957	31.6385	0	0.812875	0.582438	0	None	None
ChainingRodShaped	5481	2.43736	0.5	16.6321	59.1243	0	-0.881499	-0.472186	0	None	None
ChainingRodShaped	5483	2.2515	0.5	32.3042	56.067	0	0.873051	-0.487629	0	None	5482
ChainingRodShaped	5485	2.2202	0.5	-12.6199	64.5946	0	-0.109411	-0.993997	0	None	5484
ChainingRodShaped	5487	2.3078	0.5	23.1772	29.6045	0	-0.0634217	-0.997987	0	None	None
ChainingRodShaped	5489	2.41477	0.5	7.47039	55.7535	0	-0.728546	-0.684997	0	None	None
ChainingRodShaped	5491	2.31021	0.5	42.3133	46.854	0	-0.431644	-0.902044	0	None	None
ChainingRodShaped	5493	2.41282	0.5	3.68993	19.7885	0	0.384225	-0.923239	0	None	None
ChainingRodShaped	5495	2.42202	0.5	1.11082	44.2976	0	-0.72688	-0.686764	0	None	None
ChainingRodShaped	5497	2.19636	0.5	5.46273	50.6142	0	-0.199404	-0.979917	0	None	None
ChainingRodShaped	5499	2.40425	0.5	12.7631	33.0749	0	-0.905297	-0.424778	0	None	None
ChainingRodShaped	5501	2.41901	0.5	38.7658	46.3397	0	0.46329	-0.886206	0	None	None
ChainingRodShaped	5503	2.20311	0.5	19.5665	60.2311	0	-0.409143	-0.91247	0	None	None
ChainingRodShaped	5505	2.29419	0.5	24.7822	18.9669	0	-0.931285	0.36429	0	None	None
ChainingRodShaped	5507	2.31314	0.5	-11.8158	30.3964	0	0.0156144	-0.999878	0	None	None
ChainingRodShaped	5509	2.35145	0.5	-15.7881	57.0702	0	-0.549465	-0.835517	0	None	None
ChainingRodShaped	5511	2.39039	0.5	15.1603	44.3526	0	0.362446	-0.932005	0	None	None
ChainingRodShaped	5513	2.17363	0.5	-1.61787	52.0686	0	0.430105	0.902779	0	None	None
ChainingRodShaped	5515	2.32103	0.5	-25.7975	31.0116	0	0.308483	-0.95123	0	None	None
ChainingRodShaped	5517	2.30888	0.5	-10.8249	27.4904	0	0.0177634	-0.999842	0	None	None
ChainingRodShaped	5519	2.28497	0.5	0.707545	22.2386	0	0.263259	-0.964725	0	None	None
ChainingRodShaped	5521	2.2551	0.5	17.5684	28.1822	0	-0.989533	0.144309	0	None	None
ChainingRodShaped	5523	2.16466	0.5	38.729	51.0682	0	0.746046	-0.665895	0	None	None
ChainingRodShaped	5525	2.26922	0.5	-6.73205	46.232	0	-0.368296	0.929709	0	None	None
ChainingRodShaped	5527	2.2093	0.5	13.2033	50.352	0	0.162714	-0.986673	0	None	None
ChainingRodShaped	5529	2.1137	0.5	-15.408	34.2164	0	-0.0551654	-0.998477	0	None	None
ChainingRodShaped	5531	2.09447	0.5	-25.5642	33.478	0	-0.30975	0.950818	0	5548	5530
ChainingRodShaped	5533	2.2065	0.5	-7.81926	52.0447	0	0.288628	-0.957441	0	None	None
ChainingRodShaped	5535	2.15838	0.5	27.9205	37.1194	0	-0.526489	0.850182	0	None	None
ChainingRodShaped	5537	2.07968	0.5	23.6347	53.4343	0	0.493233	-0.869897	0	None	None
ChainingRodShaped	5539	2.05117	0.5	-21.8016	25.1551	0	0.318447	-0.947941	0	5418	5538
ChainingRodShaped	5541	2.0835	0.5	9.4372	46.6741	0	-0.319928	0.947442	0	None	None
ChainingRodShaped	5543	2.09655	0.5	11.1787	33.6215	0	0.767332	0.64125	0	None	None
ChainingRodShaped	5545	2.13721	0.5	32.1031	47.5997	0	0.812754	-0.582607	0	None	None
ChainingRodShaped	5547	2.09671	0.5	14.9315	40.6012	0	-0.129486	0.991581	0	None	None
ChainingRodShaped	5549	2.06743	0.5	-23.6583	27.6477	0	-0.312872	0.949795	0	5268	5548
ChainingRodShaped	5551	2.04158	0.5	27.3448	59.1643	0	0.72103	-0.692903	0	None	5550
ChainingRodShaped	5553	2.09363	0.5	4.73454	62.257	0	0.348927	-0.93715	0	None	None
ChainingRodShaped	5555	2.09217	0.5	22.41	33.1612	0	0.0535138	0.998567	0	None	None
ChainingRodShaped	5557	2.10916	0.5	2.83633	50.1031	0	-0.437576	-0.899181	0	None	None
ChainingRodShaped	5559	2.03911	0.5	-44.9074	52.1278	0	0.996901	-0.0786667	0	None	None
ChainingRodShaped	5561	2.06253	0.5	25.4539	34.4199	0	-0.00825526	0.999966	0	None	None
ChainingRodShaped	5563	2.03719	0.5	-7.81776	57.7791	0	-0.426139	-0.904658	0	None	None
ChainingRodShaped	5565	2.03449	0.5	7.70779	58.6605	0	-0.737722	-0.675105	0	None	None
ChainingRodShaped	5567	2.01918	0.5	-14.0895	39.546	0	-0.468615	-0.883403	0	None	None
ChainingRodShaped	5569	2.01154	0.5	-26.0746	24.6519	0	0.0360812	-0.999349	0	None	None
