cell_type	cell_id	length	radius	pos_x	pos_y	pos_z	ori_x	ori_y	ori_z	lower_link	upper_link
ChainingRodShaped	6054	2.38237	0.5	-21.4475	45.4328	0	0.644549	-0.764563	0	None	None
ChainingRodShaped	6110	2.15889	0.5	5.79228	47.064	0	0.409796	0.912177	0	6111	None
ChainingRodShaped	5848	2.99937	0.5	28.8981	44.9847	0	0.203853	-0.979001	0	None	None
ChainingRodShaped	5234	4.48603	0.5	-8.84236	40.2231	0	0.0731714	0.997319	0	5788	None
ChainingRodShaped	5972	3.28555	0.5	20.6865	19.2452	0	0.621046	-0.783774	0	None	None
ChainingRodShaped	5196	4.73489	0.5	-8.14475	20.3905	0	-0.349534	-0.936924	0	6158	None
ChainingRodShaped	5938	2.99191	0.5	-23.3171	30.8737	0	-0.268836	-0.963186	0	None	None
ChainingRodShaped	5652	3.7178	0.5	61.7151	20.4112	0	0.904331	-0.426832	0	5653	None
ChainingRodShaped	5590	4.7525	0.5	7.70354	43.3244	0	-0.777623	0.62873	0	None	None
ChainingRodShaped	5888	2.74687	0.5	-1.80389	39.9183	0	-0.1674	-0.985889	0	None	None
ChainingRodShaped	5604	3.36217	0.5	27.2321	21.7911	0	0.458869	-0.888504	0	5605	None
ChainingRodShaped	5452	4.53934	0.5	37.1783	44.5515	0	-0.0948717	0.99549	0	None	None
ChainingRodShaped	6076	2.23319	0.5	-4.67513	63.5785	0	0.164492	0.986378	0	6077	None
ChainingRodShaped	6122	2.25638	0.5	0.902111	50.2589	0	-0.0817656	0.996652	0	None	None
ChainingRodShaped	5622	3.48065	0.5	-16.6923	25.7982	0	-0.169612	0.985511	0	None	None
ChainingRodShaped	5550	4.91444	0.5	47.4643	31.3688	0	0.864981	-0.501804	0	5551	None
ChainingRodShaped	5962	2.80115	0.5	34.5394	-4.84398	0	0.592544	-0.805538	0	5963	None
ChainingRodShaped	5784	3.45838	0.5	5.15838	4.8572	0	0.0702096	-0.997532	0	5785	None
ChainingRodShaped	5434	3.84848	0.5	31.2147	33.6034	0	-0.150772	0.988569	0	5435	None
ChainingRodShaped	5616	4.99826	0.5	-36.3758	26.1096	0	-0.391305	-0.920261	0	5617	None
ChainingRodShaped	6088	2.27428	0.5	0.493418	29.2072	0	0.267037	0.963686	0	None	None
ChainingRodShaped	6176	2.08418	0.5	12.6545	54.4735	0	-0.931688	0.363259	0	None	None
ChainingRodShaped	5734	4.0947	0.5	-4.18543	37.6729	0	-0.192883	-0.981222	0	None	None
ChainingRodShaped	5532	4.4309	0.5	25.4858	16.7621	0	0.516137	-0.856506	0	5533	None
ChainingRodShaped	5834	3.75116	0.5	-12.7468	28.7271	0	-0.428964	0.903322	0	None	None
ChainingRodShaped	5506	3.50132	0.5	-21.3433	39.5699	0	-0.508221	-0.861227	0	5507	None
ChainingRodShaped	5584	4.78605	0.5	35.879	64.5276	0	-0.447827	0.89412	0	5585	None
ChainingRodShaped	5724	3.56898	0.5	-30.6011	61.2369	0	0.324379	0.945927	0	5725	None
ChainingRodShaped	5702	4.02925	0.5	22.2778	51.5915	0	-0.244232	0.969717	0	None	None
ChainingRodShaped	5752	3.88799	0.5	27.552	40.3999	0	-0.760262	0.649617	0	None	None
ChainingRodShaped	6190	2.02268	0.5	-34.0164	47.7367	0	0.270398	0.962749	0	6191	None
ChainingRodShaped	5930	3.37732	0.5	-34.6591	24.3215	0	-0.951501	-0.307645	0	None	None
ChainingRodShaped	5924	2.98239	0.5	-20.1299	33.2922	0	-0.781288	0.624171	0	None	None
ChainingRodShaped	5874	3.67491	0.5	-8.39777	45.2533	0	-0.11701	-0.993131	0	None	None
ChainingRodShaped	5996	2.83421	0.5	55.2332	25.3435	0	0.851629	-0.524145	0	5997	None
ChainingRodShaped	5902	3.31927	0.5	5.11717	39.745	0	-0.627207	0.778853	0	5903	None
ChainingRodShaped	5554	3.74856	0.5	-15.6773	37.1235	0	-0.16283	0.986654	0	6144	None
ChainingRodShaped	5776	3.38527	0.5	-7.20693	58.4716	0	0.566087	0.824345	0	5777	None
ChainingRodShaped	5898	3.17683	0.5	-32.438	41.4743	0	0.695351	-0.718671	0	None	None
ChainingRodShaped	5308	4.91017	0.5	5.1053	30.8001	0	-0.467201	0.884151	0	5626	None
ChainingRodShaped	5882	2.82326	0.5	19.5438	19.0829	0	0.620791	-0.783976	0	None	None
ChainingRodShaped	5442	4.62552	0.5	-43.876	46.9401	0	-0.600864	-0.799351	0	None	None
ChainingRodShaped	5998	2.51547	0.5	35.5787	40.4338	0	0.0957521	-0.995405	0	5999	None
ChainingRodShaped	5970	2.6455	0.5	-20.2636	56.9502	0	-0.792826	0.609448	0	None	None
ChainingRodShaped	6024	2.38824	0.5	-27.9023	40.721	0	0.296186	0.95513	0	None	None
ChainingRodShaped	6066	2.652	0.5	-10.9954	11.5121	0	0.31047	-0.950583	0	None	None
ChainingRodShaped	5538	3.9772	0.5	10.5344	63.4874	0	0.651992	0.758225	0	None	None
ChainingRodShaped	5228	4.91829	0.5	-24.9465	20.6543	0	-0.835151	-0.550021	0	None	None
ChainingRodShaped	5764	3.41975	0.5	-3.57475	35.5254	0	-0.182125	-0.983275	0	5765	None
ChainingRodShaped	5688	3.89143	0.5	3.79061	36.9822	0	-0.393594	0.919284	0	5689	None
ChainingRodShaped	6104	2.34919	0.5	-9.92751	38.6079	0	0.0714494	0.997444	0	None	None
ChainingRodShaped	5988	2.84848	0.5	-44.5246	29.403	0	-0.21685	-0.976205	0	5989	None
ChainingRodShaped	5746	3.75065	0.5	24.3254	22.1355	0	0.440737	-0.897636	0	5747	None
ChainingRodShaped	5662	3.65603	0.5	13.3217	64.0391	0	0.472297	0.88144	0	5663	None
ChainingRodShaped	5824	3.64151	0.5	-29.612	36.3622	0	-0.0591008	-0.998252	0	None	None
ChainingRodShaped	6128	2.26626	0.5	-8.67208	16.2708	0	-0.358651	-0.933472	0	6129	None
ChainingRodShaped	5292	4.48774	0.5	5.56436	13.228	0	-0.0719436	0.997409	0	None	None
ChainingRodShaped	5774	3.01658	0.5	-41.9186	35.1542	0	-0.367691	-0.929948	0	5775	None
ChainingRodShaped	5838	3.33274	0.5	26.7515	25.477	0	0.471202	-0.882026	0	5839	None
ChainingRodShaped	5780	3.71976	0.5	8.17582	49.4378	0	0.203961	-0.978979	0	None	None
ChainingRodShaped	5684	3.88199	0.5	-5.94004	41.0496	0	-0.057204	-0.998363	0	None	None
ChainingRodShaped	5754	2.92735	0.5	-29.0272	47.8981	0	-0.399196	-0.916865	0	None	None
ChainingRodShaped	6196	2.05935	0.5	-36.9358	32.351	0	-0.385382	-0.922757	0	None	None
ChainingRodShaped	5440	4.04168	0.5	32.9308	42.5674	0	0.309049	-0.951046	0	6048	None
ChainingRodShaped	6010	2.83085	0.5	48.0763	43.4257	0	0.490296	-0.871556	0	None	None
ChainingRodShaped	6200	2.02831	0.5	55.2386	27.0155	0	0.524693	-0.851292	0	6201	None
ChainingRodShaped	5666	3.35178	0.5	44.898	44.1248	0	0.506531	-0.862222	0	5667	5767
ChainingRodShaped	5932	3.39038	0.5	49.1502	48.4829	0	0.666785	-0.74525	0	None	None
ChainingRodShaped	5318	4.88654	0.5	26.0312	66.291	0	0.254662	-0.96703	0	5634	5445
ChainingRodShaped	5984	2.44846	0.5	-36.3606	31.1806	0	0.394255	0.919001	0	None	None
ChainingRodShaped	5602	4.61813	0.5	-29.8964	50.9733	0	0.0651453	-0.997876	0	None	None
ChainingRodShaped	5456	4.96585	0.5	-10.3506	50.5922	0	-0.21795	-0.97596	0	None	None
ChainingRodShaped	5600	3.62328	0.5	10.582	50.4044	0	-0.213414	-0.976962	0	None	None
ChainingRodShaped	5914	3.40655	0.5	19.4826	38.9843	0	0.479979	-0.87728	0	5915	6079
ChainingRodShaped	5464	3.99707	0.5	-35.1241	52.4251	0	-0.363044	-0.931772	0	6106	5807
ChainingRodShaped	5608	3.61853	0.5	2.33265	15.7588	0	0.0695323	-0.99758	0	None	None
ChainingRodShaped	5922	2.86932	0.5	-0.661418	36.9662	0	-0.37632	-0.92649	0	5923	5579
ChainingRodShaped	5570	3.59031	0.5	-27.1004	40.0214	0	-0.286619	-0.958045	0	None	None
ChainingRodShaped	6000	2.34416	0.5	1.2702	39.1301	0	0.384724	0.923032	0	6001	5935
ChainingRodShaped	5710	4.26318	0.5	17.1474	36.6595	0	0.448095	-0.893986	0	5711	5975
ChainingRodShaped	5620	3.77923	0.5	-40.5586	47.2556	0	-0.216889	-0.976196	0	5621	5575
ChainingRodShaped	5994	3.01846	0.5	-11.617	40.6295	0	0.644137	0.76491	0	None	None
ChainingRodShaped	6162	2.07684	0.5	11.3149	21.2507	0	-0.472674	0.881237	0	6163	5927
ChainingRodShaped	6042	2.64981	0.5	-1.3467	50.1319	0	-0.124823	-0.992179	0	6043	6087
ChainingRodShaped	5518	4.65975	0.5	-26.8441	21.7735	0	-0.838065	-0.545571	0	None	None
ChainingRodShaped	5468	4.50499	0.5	2.12229	54.1342	0	0.613657	0.789573	0	None	None
ChainingRodShaped	5528	4.88306	0.5	-13.1065	15.6645	0	0.390758	-0.920493	0	None	None
ChainingRodShaped	5390	4.41028	0.5	-23.9865	35.4355	0	0.535926	0.844265	0	None	None
ChainingRodShaped	5800	3.77957	0.5	-22.2299	53.6146	0	0.423513	0.90589	0	None	None
ChainingRodShaped	5880	3.2036	0.5	34.3465	55.5811	0	0.0621294	-0.998068	0	5881	5913
ChainingRodShaped	5526	4.41268	0.5	-43.3513	49.3218	0	-0.670724	-0.741707	0	None	None
ChainingRodShaped	5566	4.57814	0.5	10.9382	25.6055	0	-0.702033	0.712145	0	None	None
ChainingRodShaped	5250	4.97963	0.5	12.3738	17.2375	0	-0.47868	0.87799	0	5718	5627
ChainingRodShaped	5378	4.48264	0.5	-30.5295	43.5117	0	-0.170039	-0.985437	0	None	None
ChainingRodShaped	6098	2.3484	0.5	-15.4043	46.8708	0	0.575609	0.817725	0	6099	6181
ChainingRodShaped	5672	4.55254	0.5	-10.0124	11.6921	0	-0.313056	0.949735	0	5673	6073
ChainingRodShaped	5844	2.95582	0.5	24.2462	16.3251	0	-0.613622	0.7896	0	5845	5833
ChainingRodShaped	5748	3.12339	0.5	38.9775	35.1637	0	0.86052	-0.509417	0	5749	5503
ChainingRodShaped	6172	2.12455	0.5	-11.6097	43.3308	0	0.121106	-0.99264	0	None	None
ChainingRodShaped	5796	2.96511	0.5	-19.6768	31.6932	0	-0.780017	0.625759	0	None	None
ChainingRodShaped	6150	2.17282	0.5	-30.0919	31.1374	0	-0.474084	0.88048	0	None	None
ChainingRodShaped	6050	2.62849	0.5	-38.5984	30.3968	0	0.245287	0.969451	0	6051	5607
ChainingRodShaped	5680	3.09871	0.5	34.9505	35.2494	0	-0.853407	0.521245	0	None	None
ChainingRodShaped	5802	4.14862	0.5	20.7878	54.7336	0	0.123738	0.992315	0	None	None
ChainingRodShaped	6016	2.62272	0.5	-35.9541	44.7004	0	0.282209	0.959353	0	6017	5699
ChainingRodShaped	5392	4.60701	0.5	46.2547	44.6447	0	-0.484979	0.874526	0	6136	6135
ChainingRodShaped	5658	3.39886	0.5	-16.7527	47.7064	0	-0.471638	-0.881792	0	5659	5507
ChainingRodShaped	5428	4.13049	0.5	-9.19106	12.2052	0	-0.316956	0.94844	0	None	None
ChainingRodShaped	5750	4.33179	0.5	15.2599	33.8693	0	0.50826	-0.861204	0	5751	5805
ChainingRodShaped	6026	2.52511	0.5	-6.99968	39.1366	0	-0.0572312	-0.998361	0	None	None
ChainingRodShaped	6166	2.16754	0.5	12.3524	55.666	0	-0.951444	0.307821	0	None	None
ChainingRodShaped	5588	3.45228	0.5	0.0769845	24.8344	0	0.331584	0.943426	0	None	None
ChainingRodShaped	5630	4.24854	0.5	-29.79	41.4355	0	-0.402661	-0.915349	0	5631	5285
ChainingRodShaped	6070	2.63304	0.5	34.7409	8.04627	0	-0.120806	0.992676	0	6071	5979
ChainingRodShaped	6192	2.03193	0.5	3.87571	22.4901	0	0.0796776	-0.996821	0	6193	5821
ChainingRodShaped	6046	2.74603	0.5	18.8225	16.6963	0	0.581786	-0.813342	0	6047	5387
ChainingRodShaped	5510	3.97475	0.5	28.2707	42.7803	0	0.848899	-0.528554	0	5511	5615
ChainingRodShaped	5728	4.71226	0.5	-20.6255	22.7267	0	0.293773	0.955875	0	None	None
ChainingRodShaped	5768	3.1082	0.5	9.72146	45.3664	0	-0.452663	0.891682	0	None	None
ChainingRodShaped	5770	3.60356	0.5	-8.07746	37.4805	0	0.0672097	0.997739	0	5771	5593
ChainingRodShaped	6152	2.17174	0.5	32.634	46.7117	0	0.304709	-0.952446	0	None	None
ChainingRodShaped	5558	3.37207	0.5	18.365	38.8348	0	0.468446	-0.883492	0	6138	5577
ChainingRodShaped	5864	3.49619	0.5	-0.0317029	43.3428	0	-0.39967	-0.916659	0	None	None
ChainingRodShaped	5948	3.38356	0.5	14.4049	30.0694	0	0.649414	-0.760435	0	None	None
ChainingRodShaped	5878	3.08753	0.5	32.9371	35.3254	0	0.843656	-0.536885	0	5879	5481
ChainingRodShaped	5458	4.71701	0.5	-17.9719	35.7902	0	-0.517006	-0.855982	0	None	None
ChainingRodShaped	5716	3.95316	0.5	-4.00194	31.2281	0	-0.366931	-0.930248	0	5717	6159
ChainingRodShaped	5876	2.6979	0.5	13.9729	25.3699	0	0.557968	-0.829862	0	None	None
ChainingRodShaped	6202	2.02363	0.5	-9.77689	27.8876	0	0.0839423	0.996471	0	6203	5789
ChainingRodShaped	5420	4.6585	0.5	26.4298	47.0594	0	0.210978	-0.977491	0	None	None
ChainingRodShaped	6014	2.32993	0.5	-3.48562	23.5645	0	0.314398	0.949291	0	6015	5645
ChainingRodShaped	5384	4.88684	0.5	-28.3362	47.0717	0	-0.403739	-0.914874	0	None	None
ChainingRodShaped	5798	3.94819	0.5	2.05862	20.5259	0	0.0740654	-0.997253	0	None	None
ChainingRodShaped	5530	4.76354	0.5	-41.3321	55.4238	0	-0.792936	-0.609305	0	None	None
ChainingRodShaped	5794	4.21827	0.5	6.32334	41.3223	0	-0.611502	0.791243	0	None	None
ChainingRodShaped	5552	4.9455	0.5	-31.4562	35.1702	0	0.387604	0.921826	0	None	None
ChainingRodShaped	5446	4.86687	0.5	-9.59458	43.1947	0	-0.0631938	-0.998001	0	None	None
ChainingRodShaped	5756	3.98954	0.5	-26.8092	44.2268	0	-0.636965	-0.770893	0	None	None
ChainingRodShaped	6018	2.69638	0.5	54.4142	32.3638	0	0.502554	-0.864546	0	None	None
ChainingRodShaped	5990	2.95473	0.5	-10.4755	16.5374	0	-0.279639	0.960105	0	None	None
ChainingRodShaped	6170	2.08621	0.5	11.2588	44.283	0	0.443672	-0.896189	0	None	None
ChainingRodShaped	5644	3.55257	0.5	-0.328914	32.4489	0	0.351989	0.936004	0	5645	5773
ChainingRodShaped	5992	2.96382	0.5	5.04263	57.8198	0	-0.65175	-0.758434	0	None	None
ChainingRodShaped	5862	3.5489	0.5	-15.4581	17.9236	0	-0.721644	-0.692264	0	None	None
ChainingRodShaped	6040	2.28646	0.5	28.7686	10.4111	0	-0.60129	0.799031	0	6041	5845
ChainingRodShaped	5706	3.21758	0.5	-20.8582	46.972	0	0.383275	-0.923634	0	None	None
ChainingRodShaped	5980	2.94987	0.5	-7.48176	64.903	0	-0.490162	-0.871632	0	5981	5695
ChainingRodShaped	5826	3.26411	0.5	17.6306	53.7729	0	-0.161024	-0.986951	0	None	None
ChainingRodShaped	5542	3.76909	0.5	-31.5195	46.1483	0	0.069712	-0.997567	0	None	None
ChainingRodShaped	5698	4.33783	0.5	-33.3984	52.9071	0	0.310644	0.950526	0	5699	5725
ChainingRodShaped	5816	2.84985	0.5	13.6442	29.4543	0	-0.641778	0.766891	0	5817	5395
ChainingRodShaped	5612	4.74388	0.5	3.19997	48.227	0	-0.415998	-0.909366	0	5613	5731
ChainingRodShaped	5762	3.69601	0.5	13.544	45.721	0	-0.468151	0.883648	0	None	None
ChainingRodShaped	5562	3.69666	0.5	14.5831	57.4122	0	-0.98598	0.166866	0	None	None
ChainingRodShaped	5614	4.77134	0.5	37.7409	37.0414	0	0.861558	-0.507659	0	5615	5551
ChainingRodShaped	5494	3.88429	0.5	6.26062	50.2965	0	0.42936	0.903134	0	5934	6113
ChainingRodShaped	6182	2.06856	0.5	21.7368	43.3666	0	0.784049	-0.620698	0	6183	5301
ChainingRodShaped	6114	2.31093	0.5	-2.68329	-6.60344	0	-0.411857	0.911248	0	6115	5625
ChainingRodShaped	5918	2.9558	0.5	-19.3183	52.3922	0	-0.777949	0.628328	0	None	None
ChainingRodShaped	5646	3.13752	0.5	32.7443	23.278	0	-0.140617	0.990064	0	5647	5435
ChainingRodShaped	5892	3.20169	0.5	-3.49981	55.5097	0	0.141532	-0.989934	0	None	None
ChainingRodShaped	5744	2.89315	0.5	-15.634	19.0989	0	0.721265	0.692659	0	None	None
ChainingRodShaped	5380	4.97041	0.5	10.7403	28.4813	0	0.546614	-0.837384	0	6006	6161
ChainingRodShaped	6140	2.12914	0.5	47.947	48.3298	0	0.666728	-0.745301	0	None	None
ChainingRodShaped	5712	3.32198	0.5	3.28584	16.4517	0	0.0688157	-0.997629	0	None	None
ChainingRodShaped	5664	4.11749	0.5	-4.82258	39.6309	0	-0.354592	-0.935021	0	None	None
ChainingRodShaped	6028	2.54635	0.5	-31.173	62.6389	0	-0.359308	-0.933219	0	6029	6107
ChainingRodShaped	5596	4.53036	0.5	-34.6863	32.5927	0	-0.390547	-0.920583	0	None	None
ChainingRodShaped	5946	2.45302	0.5	44.0443	28.951	0	0.888136	-0.45958	0	5947	5715
ChainingRodShaped	5976	3.25032	0.5	0.652246	23.4862	0	0.327123	0.944982	0	None	None
ChainingRodShaped	5462	4.13098	0.5	33.9187	42.7717	0	0.302807	-0.953052	0	None	None
ChainingRodShaped	5858	2.9465	0.5	-40.0602	29.9192	0	0.259829	0.965655	0	5859	5921
ChainingRodShaped	5908	2.80372	0.5	13.598	21.9923	0	-0.698034	0.716064	0	None	None
ChainingRodShaped	5778	4.43564	0.5	-24.0273	37.2068	0	0.56512	0.825008	0	None	None
ChainingRodShaped	5598	4.8712	0.5	52.2569	34.0875	0	-0.501873	0.864941	0	5599	6137
ChainingRodShaped	5696	4.25526	0.5	-19.2592	25.8287	0	-0.43605	0.899923	0	None	None
ChainingRodShaped	5766	3.16691	0.5	49.5147	36.3813	0	0.517249	-0.855835	0	5767	5549
ChainingRodShaped	5866	3.00663	0.5	23.9713	44.3154	0	0.843754	-0.536731	0	5867	5671
ChainingRodShaped	6142	2.14709	0.5	0.622787	64.2787	0	-0.151972	-0.988385	0	6143	5961
ChainingRodShaped	5792	3.26363	0.5	15.8196	25.2803	0	0.634211	-0.77316	0	None	None
ChainingRodShaped	5700	4.20377	0.5	15.2353	35.8535	0	-0.50103	0.86543	0	None	None
ChainingRodShaped	6116	2.35675	0.5	40.1616	52.3119	0	0.494635	-0.869101	0	6117	5667
ChainingRodShaped	5950	2.45528	0.5	-25.8727	50.2393	0	-0.409099	-0.91249	0	5951	5631
ChainingRodShaped	6120	2.41514	0.5	33.757	69.4928	0	0.0232431	-0.99973	0	6121	5411
ChainingRodShaped	5810	3.11105	0.5	27.7502	45.6218	0	0.205383	-0.978682	0	None	None
ChainingRodShaped	5886	3.50442	0.5	19.0448	7.6453	0	-0.505202	0.863001	0	5887	5741
ChainingRodShaped	5344	4.73596	0.5	31.9598	38.2432	0	-0.849157	0.528141	0	None	None
ChainingRodShaped	5636	4.39361	0.5	-22.2527	31.1493	0	0.264967	0.964257	0	None	None
ChainingRodShaped	6132	2.1874	0.5	20.4074	47.8029	0	0.835051	-0.550173	0	6133	5511
ChainingRodShaped	5534	4.30349	0.5	5.05837	49.9683	0	-0.425037	-0.905176	0	5535	5483
ChainingRodShaped	6102	2.1769	0.5	29.6105	53.2077	0	0.28073	-0.959787	0	6103	6049
ChainingRodShaped	5386	4.35283	0.5	24.6001	8.70884	0	0.589055	-0.808093	0	5387	5837
ChainingRodShaped	6164	2.12074	0.5	-35.6397	41.8319	0	0.258565	0.965994	0	6165	6191
ChainingRodShaped	5852	3.7232	0.5	-4.50745	23.6073	0	0.311247	0.950329	0	5853	5841
ChainingRodShaped	5928	2.78448	0.5	-13.8582	26.8728	0	-0.192555	0.981286	0	5929	6145
ChainingRodShaped	5618	3.20126	0.5	31.6563	53.2338	0	0.295773	-0.955258	0	None	None
ChainingRodShaped	5592	4.82142	0.5	-7.23194	46.8456	0	0.119128	0.992879	0	5593	5787
ChainingRodShaped	5904	2.60395	0.5	-28.354	51.8972	0	-0.416705	-0.909042	0	None	None
ChainingRodShaped	5926	3.04969	0.5	7.79248	28.1482	0	-0.436223	0.899839	0	5927	5689
ChainingRodShaped	5954	2.69993	0.5	-28.5627	26.1104	0	0.0906741	0.995881	0	None	None
ChainingRodShaped	5820	3.71134	0.5	4.51887	13.8863	0	0.0714897	-0.997441	0	5821	5785
ChainingRodShaped	6074	2.56111	0.5	-2.32797	23.9309	0	-0.315901	-0.948792	0	None	None
ChainingRodShaped	6030	2.54683	0.5	-26.1486	24.5515	0	-0.834508	-0.550996	0	None	None
ChainingRodShaped	5418	4.65815	0.5	-13.0739	34.8755	0	0.0292235	0.999573	0	None	None
ChainingRodShaped	5576	3.82468	0.5	23.2135	29.5621	0	0.460177	-0.887827	0	5577	5605
ChainingRodShaped	5808	3.71335	0.5	-13.819	50.7839	0	-0.575968	-0.817472	0	None	None
ChainingRodShaped	5686	4.09919	0.5	-30.8573	25.7221	0	-0.686895	-0.726757	0	None	None
ChainingRodShaped	6086	2.42829	0.5	-2.26224	43.1968	0	-0.147317	-0.989089	0	6087	5765
ChainingRodShaped	6158	2.09688	0.5	-6.59641	24.5217	0	-0.353684	-0.935365	0	6159	5196
ChainingRodShaped	5486	4.26217	0.5	-28.309	55.8258	0	-0.643175	-0.765719	0	None	None
ChainingRodShaped	6096	2.19152	0.5	48.958	29.1903	0	0.854245	-0.51987	0	6097	5997
ChainingRodShaped	5470	4.20743	0.5	1.89904	49.995	0	-0.0717915	0.99742	0	None	None
ChainingRodShaped	5632	4.88405	0.5	23.3151	51.5121	0	0.244583	-0.969628	0	None	None
ChainingRodShaped	6184	2.06607	0.5	19.1851	50.8963	0	-0.109188	-0.994021	0	None	None
ChainingRodShaped	6154	2.21963	0.5	-19.3768	35.3659	0	-0.520067	-0.854126	0	None	None
ChainingRodShaped	5448	4.66465	0.5	-19.5623	38.7955	0	-0.526721	-0.850038	0	None	None
ChainingRodShaped	6058	2.25652	0.5	4.5109	59.1579	0	0.843703	0.53681	0	None	None
ChainingRodShaped	6044	2.49547	0.5	-12.7912	31.1631	0	0.862385	-0.506253	0	None	None
ChainingRodShaped	5546	3.85574	0.5	45.4121	54.6808	0	0.650269	-0.759704	0	None	None
ChainingRodShaped	5640	3.1526	0.5	-13.6119	47.7034	0	0.580337	0.814376	0	None	None
ChainingRodShaped	5574	4.90087	0.5	-42.7185	37.5334	0	-0.21686	-0.976203	0	5575	5989
ChainingRodShaped	5654	4.81499	0.5	9.97965	43.0085	0	0.487403	-0.873177	0	5655	5751
ChainingRodShaped	5578	3.39004	0.5	-4.18473	28.0127	0	-0.359165	-0.933274	0	5579	5569
ChainingRodShaped	5536	3.99477	0.5	3.28297	29.4871	0	0.0871879	-0.996192	0	5537	6193
ChainingRodShaped	5854	2.80291	0.5	-27.4176	20.2194	0	-0.837176	-0.546933	0	None	None
ChainingRodShaped	5804	2.96738	0.5	20.1939	25.5657	0	0.513505	-0.858087	0	5805	5533
ChainingRodShaped	5758	4.20089	0.5	21.6247	49.8846	0	-0.207903	0.978149	0	None	None
ChainingRodShaped	5788	3.03294	0.5	-9.18945	35.4824	0	0.0728753	0.997341	0	5789	5234
ChainingRodShaped	5742	3.21202	0.5	-22.1346	36.5355	0	0.536051	0.844185	0	5743	5581
ChainingRodShaped	5508	4.66848	0.5	40.587	55.245	0	-0.458255	0.888821	0	6134	5585
ChainingRodShaped	5660	4.52817	0.5	-8.84595	27.232	0	0.0845041	0.996423	0	5661	5771
ChainingRodShaped	6124	2.23141	0.5	-28.7114	32.7409	0	-0.475916	0.879491	0	None	None
ChainingRodShaped	5498	4.58193	0.5	8.45892	58.4993	0	-0.716861	-0.697216	0	None	None
ChainingRodShaped	5738	4.21779	0.5	15.3206	46.4223	0	0.497049	-0.867722	0	5739	5915
ChainingRodShaped	5828	3.31834	0.5	-5.75807	16.2544	0	0.283611	0.958939	0	5829	6015
ChainingRodShaped	5718	3.96651	0.5	14.9977	12.4378	0	-0.480831	0.876813	0	5719	5250
ChainingRodShaped	5856	2.725	0.5	-14.2873	15.9227	0	0.388194	-0.921578	0	None	None
ChainingRodShaped	5806	3.83564	0.5	-38.6728	43.3731	0	-0.366682	-0.930346	0	5807	5775
ChainingRodShaped	5257	4.57342	0.5	12.8534	48.8073	0	0.498349	-0.866976	0	None	6139
ChainingRodShaped	5524	4.61255	0.5	-18.6077	53.4934	0	-0.897527	0.440959	0	None	None
ChainingRodShaped	6180	2.07276	0.5	-11.7725	51.9459	0	0.583569	0.812064	0	6181	5777
ChainingRodShaped	5656	3.13703	0.5	-32.2262	43.6808	0	0.297436	-0.954742	0	None	None
ChainingRodShaped	5964	2.81	0.5	9.146	39.644	0	-0.750367	0.661022	0	None	None
ChainingRodShaped	5782	4.12647	0.5	-31.1353	54.0077	0	0.0887374	-0.996055	0	None	None
ChainingRodShaped	6004	2.41785	0.5	14.5619	19.0613	0	-0.433085	0.901353	0	None	None
ChainingRodShaped	5982	3.02021	0.5	-14.7657	26.4484	0	0.196274	-0.980549	0	None	None
ChainingRodShaped	6080	2.50457	0.5	-21.5422	23.054	0	0.297239	0.954803	0	None	None
ChainingRodShaped	5682	3.06002	0.5	46.174	48.5536	0	0.748357	-0.663296	0	None	None
ChainingRodShaped	5668	3.1341	0.5	-3.7942	48.81	0	-0.31319	-0.949691	0	None	None
ChainingRodShaped	5650	4.91831	0.5	-4.55519	51.4479	0	-0.118622	-0.992939	0	None	None
ChainingRodShaped	5281	4.71509	0.5	12.2196	46.3602	0	0.459282	-0.88829	0	None	5711
ChainingRodShaped	6112	2.30821	0.5	9.57653	56.9934	0	0.461311	0.887239	0	6113	5663
ChainingRodShaped	5285	4.69144	0.5	-31.9704	36.4253	0	-0.395702	-0.918379	0	5630	5617
ChainingRodShaped	5694	4.33639	0.5	-11.8378	57.008	0	-0.475161	-0.879899	0	5695	5659
ChainingRodShaped	6034	2.46034	0.5	-6.39518	45.9473	0	-0.12087	-0.992668	0	None	None
ChainingRodShaped	5678	3.48983	0.5	-3.81465	44.8753	0	-0.120426	-0.992722	0	None	None
ChainingRodShaped	5822	3.99503	0.5	2.66329	11.8148	0	0.545671	-0.837999	0	None	None
ChainingRodShaped	5594	3.35661	0.5	13.4398	56.4652	0	-0.968918	0.247381	0	None	None
ChainingRodShaped	5760	3.04888	0.5	0.230467	-12.9346	0	-0.422038	0.906578	0	5761	6115
ChainingRodShaped	5624	4.16022	0.5	-6.21775	1.55089	0	-0.38242	0.923988	0	5625	5673
ChainingRodShaped	5301	4.67222	0.5	25.1934	40.7235	0	0.799971	-0.600039	0	6182	5879
ChainingRodShaped	5708	4.78264	0.5	-34.5564	35.4179	0	-0.395629	-0.91841	0	None	None
ChainingRodShaped	5720	3.44134	0.5	-12.5121	25.1246	0	-0.21333	0.97698	0	None	None
ChainingRodShaped	5726	3.43168	0.5	-38.5078	56.4862	0	-0.216856	-0.976204	0	5727	5621
ChainingRodShaped	5626	3.09206	0.5	7.44556	26.3836	0	-0.469731	0.882809	0	5627	5308
ChainingRodShaped	5714	4.48045	0.5	51.9221	25.0587	0	0.901637	-0.432494	0	5715	5653
ChainingRodShaped	5313	4.11769	0.5	16.2642	47.8778	0	0.764032	-0.645178	0	None	6183
ChainingRodShaped	5978	2.72746	0.5	33.8334	15.268	0	-0.128956	0.99165	0	5979	5647
ChainingRodShaped	5317	4.92466	0.5	18.4892	52.9513	0	-0.165516	-0.986207	0	None	None
ChainingRodShaped	5634	3.75914	0.5	24.6837	71.4339	0	0.252022	-0.967722	0	5635	5318
ChainingRodShaped	5772	2.97768	0.5	2.9951	40.7651	0	0.395832	0.918323	0	5773	6111
ChainingRodShaped	5850	2.85342	0.5	-25.3375	42.57	0	-0.991099	0.133126	0	None	None
ChainingRodShaped	5690	4.75668	0.5	-18.6845	27.0159	0	-0.486107	0.873899	0	None	None
ChainingRodShaped	5692	4.18839	0.5	-11.0564	36.3751	0	0.0635566	0.997978	0	None	None
ChainingRodShaped	5986	2.68926	0.5	10.6296	31.2427	0	0.783454	-0.62145	0	None	None
ChainingRodShaped	5974	2.96723	0.5	20.7054	29.4986	0	0.442088	-0.896972	0	5975	5747
ChainingRodShaped	5870	2.84519	0.5	8.48025	29.4679	0	0.303616	-0.952794	0	None	None
ChainingRodShaped	5732	3.43056	0.5	25.2527	51.9566	0	0.24635	-0.969181	0	None	None
ChainingRodShaped	6052	2.36185	0.5	-4.37856	17.4362	0	-0.285568	-0.958359	0	None	None
ChainingRodShaped	5670	3.32521	0.5	31.982	39.3532	0	0.854394	-0.519626	0	5671	5749
ChainingRodShaped	5341	4.70981	0.5	-1.61968	15.3741	0	0.788008	0.615666	0	None	None
ChainingRodShaped	5638	3.88694	0.5	17.8437	37.489	0	-0.448201	0.893933	0	None	None
ChainingRodShaped	5648	4.34988	0.5	36.6851	35.3716	0	-0.858598	0.51265	0	None	None
ChainingRodShaped	5830	3.31419	0.5	43.8432	53.4525	0	0.652615	-0.75769	0	None	None
ChainingRodShaped	5704	3.81429	0.5	-23.8317	48.8013	0	0.430177	-0.902745	0	None	None
ChainingRodShaped	5674	3.06593	0.5	-26.3525	46.8527	0	-0.416625	-0.909078	0	None	None
ChainingRodShaped	5730	2.81982	0.5	-0.384907	40.1315	0	-0.391137	-0.920332	0	5731	5717
ChainingRodShaped	5896	3.45188	0.5	-19.8167	22.0301	0	0.292768	0.956183	0	None	None
ChainingRodShaped	6022	2.51908	0.5	-21.1377	51.029	0	-0.621835	0.783149	0	None	None
ChainingRodShaped	5359	4.11777	0.5	23.79	-0.425357	0	-0.507701	0.861533	0	None	5887
ChainingRodShaped	5361	4.14831	0.5	-42.3096	21.5287	0	0.258528	0.966004	0	None	5859
ChainingRodShaped	5676	3.17107	0.5	-27.306	32.2117	0	-0.440604	0.897702	0	None	None
ChainingRodShaped	5906	2.86284	0.5	-0.836162	46.9046	0	-0.116207	-0.993225	0	None	None
ChainingRodShaped	5722	4.60739	0.5	-33.6987	29.8626	0	-0.394345	-0.918962	0	None	None
ChainingRodShaped	5960	2.82747	0.5	-0.386066	57.4229	0	-0.138226	-0.990401	0	5961	6043
ChainingRodShaped	5900	3.61983	0.5	-1.80866	22.3729	0	0.312651	0.949868	0	None	None
ChainingRodShaped	6008	2.46841	0.5	-3.94363	71.1524	0	-0.494497	-0.86918	0	6009	5981
ChainingRodShaped	5740	3.21408	0.5	14.577	15.3705	0	-0.494421	0.869222	0	5741	6163
ChainingRodShaped	6036	2.30832	0.5	17.4517	48.5919	0	0.827876	-0.560911	0	6037	5867
ChainingRodShaped	5379	4.38936	0.5	-30.7282	48.7863	0	0.068855	-0.997627	0	None	None
ChainingRodShaped	6006	2.3831	0.5	8.20229	32.4031	0	0.537815	-0.843063	0	6007	5380
ChainingRodShaped	5383	4.0295	0.5	-10.4029	20.882	0	0.0914085	0.995813	0	None	6203
ChainingRodShaped	6020	2.58318	0.5	-26.4307	51.3882	0	-0.414029	-0.910264	0	None	None
ChainingRodShaped	5387	4.32914	0.5	21.4677	13.0226	0	0.58607	-0.810261	0	6046	5386
ChainingRodShaped	6078	2.5179	0.5	22.9623	32.5595	0	0.472912	-0.88111	0	6079	5839
ChainingRodShaped	5868	2.71556	0.5	-26.1159	33.4137	0	0.0360461	0.99935	0	None	None
ChainingRodShaped	6136	2.25669	0.5	48.411	40.7834	0	-0.491947	0.870625	0	6137	5392
ChainingRodShaped	5395	3.94758	0.5	10.833	32.8048	0	-0.64342	0.765513	0	5816	5903
ChainingRodShaped	6100	2.4929	0.5	-12.0327	36.2662	0	0.0600204	0.998197	0	None	None
ChainingRodShaped	5736	3.75198	0.5	-21.096	28.0832	0	-0.256405	-0.96657	0	None	None
ChainingRodShaped	5872	3.65186	0.5	8.97359	36.5309	0	0.631641	-0.775261	0	None	None
ChainingRodShaped	5786	3.4927	0.5	-5.89499	56.2195	0	0.160967	0.98696	0	5787	6077
ChainingRodShaped	5832	3.40084	0.5	18.6005	23.4393	0	-0.629402	0.77708	0	5833	5817
ChainingRodShaped	5407	4.15776	0.5	-7.04319	15.3795	0	0.281305	0.959619	0	None	5853
ChainingRodShaped	5842	3.1518	0.5	-11.476	55.5496	0	-0.556634	-0.830758	0	None	None
ChainingRodShaped	5411	4.51569	0.5	33.8918	65.0452	0	0.0347869	-0.999395	0	6120	5881
ChainingRodShaped	5912	2.93856	0.5	34.897	47.9816	0	0.0824417	-0.996596	0	5913	5999
ChainingRodShaped	6060	2.57869	0.5	11.1839	35.3782	0	-0.657729	0.753255	0	None	None
ChainingRodShaped	5417	4.08235	0.5	31.0701	51.7713	0	0.289208	-0.957266	0	None	None
ChainingRodShaped	6094	2.53337	0.5	-11.4211	39.3844	0	0.641418	0.767192	0	None	None
ChainingRodShaped	5860	2.67426	0.5	24.8233	49.585	0	0.242284	-0.970205	0	None	None
ChainingRodShaped	5818	3.10369	0.5	33.6414	76.6283	0	0.0114504	-0.999934	0	5819	6121
ChainingRodShaped	5790	2.99036	0.5	12.1008	44.6103	0	-0.452627	0.8917	0	None	None
ChainingRodShaped	5836	2.72448	0.5	29.9532	1.39419	0	0.591923	-0.805994	0	5837	5963
ChainingRodShaped	5429	4.91834	0.5	-3.49459	16.9608	0	-0.284293	-0.958737	0	None	None
ChainingRodShaped	5431	3.83066	0.5	33.3033	4.3166	0	-0.5942	0.804317	0	None	6041
ChainingRodShaped	5840	3.74041	0.5	-1.65002	31.7375	0	0.351625	0.936141	0	5841	6001
ChainingRodShaped	5435	4.95899	0.5	32.017	28.2655	0	-0.146825	0.989162	0	5646	5434
ChainingRodShaped	5940	2.98257	0.5	35.6089	0.719666	0	-0.114857	0.993382	0	5941	6071
ChainingRodShaped	6072	2.43899	0.5	-12.1992	19.2515	0	-0.236964	0.971519	0	6073	5929
ChainingRodShaped	6048	2.67012	0.5	31.599	46.7051	0	0.302535	-0.953138	0	6049	5440
ChainingRodShaped	5443	4.97864	0.5	-41.1651	49.789	0	-0.272422	-0.962178	0	None	None
ChainingRodShaped	5445	4.58283	0.5	27.5054	60.758	0	0.260444	-0.965489	0	5318	6103
ChainingRodShaped	5956	3.24782	0.5	-10.5524	44.646	0	-0.0174049	-0.999849	0	None	None
ChainingRodShaped	5958	2.64113	0.5	-16.4658	42.0842	0	-0.771786	-0.635882	0	None	None
ChainingRodShaped	5944	3.16221	0.5	-22.8031	57.0822	0	-0.409973	-0.912098	0	5945	5951
ChainingRodShaped	5453	4.96405	0.5	36.3006	43.321	0	-0.0941776	0.995555	0	None	None
ChainingRodShaped	5890	3.0055	0.5	-25.1798	38.8314	0	0.952445	0.304711	0	None	None
ChainingRodShaped	5812	2.78454	0.5	-8.61109	51.8481	0	-0.530862	-0.847459	0	None	None
ChainingRodShaped	6084	2.22245	0.5	-15.3608	40.0586	0	-0.966058	-0.258324	0	None	None
ChainingRodShaped	5461	4.34892	0.5	-22.2262	24.7429	0	-0.853246	-0.521509	0	None	None
ChainingRodShaped	5814	4.01407	0.5	33.8292	47.6086	0	0.0679808	-0.997687	0	None	None
ChainingRodShaped	6106	2.45315	0.5	-33.5958	56.3579	0	-0.361039	-0.932551	0	6107	5464
ChainingRodShaped	6174	2.04631	0.5	36.976	57.9761	0	0.48633	-0.873775	0	6175	6117
ChainingRodShaped	5846	3.20712	0.5	2.5522	56.2927	0	0.605731	0.795669	0	None	None
ChainingRodShaped	5471	3.79761	0.5	3.51826	54.3349	0	-0.609421	-0.792847	0	None	None
ChainingRodShaped	5952	3.32658	0.5	-16.7019	31.6499	0	-0.168908	0.985632	0	None	None
ChainingRodShaped	5910	2.76753	0.5	9.55842	50.2818	0	-0.210672	-0.977557	0	None	None
ChainingRodShaped	5884	2.64192	0.5	-34.231	26.7366	0	-0.698726	-0.71539	0	None	None
ChainingRodShaped	5479	4.92236	0.5	-9.01992	49.3608	0	-0.527678	-0.849444	0	None	None
ChainingRodShaped	5481	4.23026	0.5	36.8971	32.9137	0	0.861932	-0.507023	0	5878	5947
ChainingRodShaped	5483	4.7058	0.5	2.76989	44.9727	0	-0.408491	-0.912762	0	5534	5923
ChainingRodShaped	5916	3.12512	0.5	3.22796	51.291	0	-0.232305	-0.972643	0	None	None
ChainingRodShaped	6032	2.86878	0.5	-29.3271	56.1478	0	-0.639897	-0.76846	0	None	None
ChainingRodShaped	5920	3.39209	0.5	-38.0056	37.4698	0	0.265963	0.963983	0	5921	6017
ChainingRodShaped	6092	2.5094	0.5	-18.923	45.7504	0	0.49233	0.870409	0	None	None
ChainingRodShaped	6082	2.42357	0.5	-17.9639	32.8715	0	0.0704233	0.997517	0	None	None
ChainingRodShaped	5934	3.20582	0.5	4.35159	46.1924	0	0.413012	0.910726	0	5935	5494
ChainingRodShaped	6064	2.34281	0.5	44.3783	54.3573	0	0.65101	-0.759069	0	None	None
ChainingRodShaped	5894	2.648	0.5	11.4149	62.5631	0	-0.470407	-0.88245	0	None	None
ChainingRodShaped	5501	4.63435	0.5	-19.5277	37.0023	0	-0.523544	-0.851999	0	None	None
ChainingRodShaped	5503	3.62147	0.5	42.7263	32.9382	0	0.859246	-0.511562	0	5748	6097
ChainingRodShaped	5505	4.32559	0.5	50.3258	39.4487	0	0.495276	-0.868735	0	None	None
ChainingRodShaped	5507	3.9148	0.5	-18.9942	43.638	0	-0.492303	-0.870424	0	5658	5506
ChainingRodShaped	6134	2.22757	0.5	42.6348	51.3072	0	-0.466885	0.884318	0	6135	5508
ChainingRodShaped	5511	4.2844	0.5	23.9481	45.5109	0	0.842122	-0.539287	0	6132	5510
ChainingRodShaped	6146	2.09752	0.5	-30.0423	24.6931	0	0.433093	0.901349	0	None	None
ChainingRodShaped	6108	2.32009	0.5	18.0331	16.0951	0	-0.579306	0.81511	0	None	None
ChainingRodShaped	5968	2.97252	0.5	-40.3134	23.5706	0	0.242589	0.970129	0	5969	6051
ChainingRodShaped	5936	3.34799	0.5	-26.1857	23.3683	0	-0.83668	-0.547692	0	None	None
ChainingRodShaped	6118	2.19001	0.5	-27.5888	25.776	0	0.109415	0.993996	0	None	None
ChainingRodShaped	5942	3.20307	0.5	-15.1454	14.9042	0	0.270866	-0.962617	0	None	None
ChainingRodShaped	5525	4.02992	0.5	-17.4869	49.6944	0	0.17409	0.98473	0	None	None
ChainingRodShaped	5527	3.8892	0.5	-41.2325	53.0768	0	-0.689667	-0.724127	0	None	None
ChainingRodShaped	5529	4.57801	0.5	-13.2083	19.3033	0	0.240376	-0.97068	0	None	None
ChainingRodShaped	6126	2.18888	0.5	-37.0058	57.7855	0	0.0480382	0.998846	0	None	None
ChainingRodShaped	5533	4.58612	0.5	22.6474	21.4773	0	0.51531	-0.857004	0	5804	5532
ChainingRodShaped	5535	4.95619	0.5	7.47971	55.0424	0	-0.435557	-0.900161	0	None	5534
ChainingRodShaped	5537	4.93077	0.5	2.80885	34.9187	0	0.0867162	-0.996233	0	None	5536
ChainingRodShaped	6012	2.8023	0.5	8.83406	60.2307	0	0.717704	0.696348	0	None	None
ChainingRodShaped	6056	2.69559	0.5	12.782	35.0934	0	-0.693892	0.720079	0	None	None
ChainingRodShaped	5543	4.14173	0.5	-31.8841	51.0826	0	0.078283	-0.996931	0	None	None
ChainingRodShaped	5966	2.96469	0.5	-16.8757	54.667	0	-0.510097	0.860117	0	None	None
ChainingRodShaped	6038	2.47046	0.5	43.7201	57.4314	0	0.914063	-0.405572	0	None	None
ChainingRodShaped	5549	3.37143	0.5	51.7276	32.7385	0	0.521006	-0.853553	0	5766	6201
ChainingRodShaped	5551	4.43168	0.5	42.5648	34.2158	0	0.864217	-0.503119	0	5614	5550
ChainingRodShaped	5553	4.34828	0.5	-29.6963	32.4832	0	-0.476607	0.879116	0	None	None
ChainingRodShaped	6144	2.14061	0.5	-15.0301	33.2621	0	-0.169222	0.985578	0	6145	5554
ChainingRodShaped	6160	2.12382	0.5	14.9754	22.1544	0	0.568882	-0.822419	0	6161	6047
ChainingRodShaped	6138	2.19514	0.5	16.5812	42.1661	0	0.477091	-0.878854	0	6139	5558
ChainingRodShaped	6148	2.17528	0.5	6.96757	61.1735	0	-0.717186	-0.696882	0	None	None
ChainingRodShaped	6002	2.39706	0.5	15.331	58.5737	0	-0.99814	-0.0609707	0	None	None
ChainingRodShaped	5565	4.88503	0.5	1.80336	71.8037	0	-0.156438	-0.987688	0	None	6143
ChainingRodShaped	5567	3.90501	0.5	12.0632	21.9586	0	-0.470521	0.882389	0	None	None
ChainingRodShaped	5569	4.57146	0.5	-5.95999	23.3711	0	-0.355773	-0.934572	0	5578	6129
ChainingRodShaped	5571	3.7501	0.5	-24.0622	40.3327	0	-0.976184	0.216944	0	None	None
ChainingRodShaped	6068	2.29188	0.5	15.0608	51.3882	0	0.827691	-0.561184	0	6069	6133
ChainingRodShaped	5575	3.62808	0.5	-41.5777	42.6684	0	-0.216876	-0.976199	0	5620	5574
ChainingRodShaped	5577	4.87468	0.5	20.746	34.3039	0	0.462802	-0.886462	0	5558	5576
ChainingRodShaped	5579	4.51866	0.5	-2.39252	32.6183	0	-0.365472	-0.930822	0	5922	5578
ChainingRodShaped	5581	4.31603	0.5	-19.5942	40.5562	0	0.533035	0.846093	0	5742	6099
ChainingRodShaped	6062	2.66931	0.5	-22.4481	45.1215	0	0.64854	-0.761181	0	None	None
ChainingRodShaped	5585	3.69425	0.5	38.2318	59.8516	0	-0.451597	0.892222	0	5508	5584
ChainingRodShaped	6156	2.08752	0.5	4.4444	60.3103	0	0.835157	0.550012	0	None	None
ChainingRodShaped	5589	3.97509	0.5	-0.858835	20.108	0	-0.00923606	0.999957	0	None	None
ChainingRodShaped	5591	4.17052	0.5	8.80319	41.212	0	-0.783873	0.620921	0	None	None
ChainingRodShaped	5593	3.21691	0.5	-7.75122	41.8663	0	0.0825302	0.996589	0	5770	5592
ChainingRodShaped	5595	4.51018	0.5	18.2884	57.438	0	-0.751487	-0.659748	0	None	None
ChainingRodShaped	5597	4.22165	0.5	-32.5644	37.5125	0	-0.398343	-0.917237	0	None	None
ChainingRodShaped	5599	4.12461	0.5	55.0191	29.3385	0	-0.503792	0.863825	0	None	5598
ChainingRodShaped	5601	3.6231	0.5	15.593	52.2058	0	-0.823484	0.56734	0	None	None
ChainingRodShaped	5603	3.33346	0.5	-27.9916	54.6764	0	-0.643143	-0.765746	0	None	None
ChainingRodShaped	5605	3.16029	0.5	25.2771	25.5752	0	0.459136	-0.888366	0	5576	5604
ChainingRodShaped	5607	4.30462	0.5	-37.4955	34.7198	0	0.24854	0.968622	0	6050	6165
ChainingRodShaped	6198	2.03452	0.5	1.21674	17.4095	0	0.0601002	-0.998192	0	None	None
ChainingRodShaped	6090	2.43246	0.5	-23.5509	19.2058	0	0.0326231	0.999468	0	None	None
ChainingRodShaped	5613	3.71027	0.5	5.39176	52.9665	0	-0.424237	-0.905551	0	None	5612
ChainingRodShaped	5615	4.7235	0.5	32.8157	39.9877	0	0.854726	-0.519079	0	5510	5614
ChainingRodShaped	5617	4.38035	0.5	-34.1489	31.3415	0	-0.392002	-0.919964	0	5285	5616
ChainingRodShaped	6186	2.03198	0.5	33.3661	55.1332	0	0.0888155	-0.996048	0	None	None
ChainingRodShaped	5621	3.85823	0.5	-39.5144	51.9553	0	-0.216885	-0.976197	0	5726	5620
ChainingRodShaped	6188	2.05146	0.5	-15.4575	24.2427	0	-0.0563838	0.998409	0	None	None
ChainingRodShaped	5625	3.69496	0.5	-4.29882	-2.96177	0	-0.400889	0.916127	0	6114	5624
ChainingRodShaped	5627	4.36066	0.5	9.67461	22.2198	0	-0.473705	0.880684	0	5250	5626
ChainingRodShaped	6178	2.09251	0.5	-12.6156	43.508	0	0.125089	-0.992146	0	None	None
ChainingRodShaped	5631	4.29565	0.5	-27.6565	46.25	0	-0.40751	-0.913201	0	5950	5630
ChainingRodShaped	5633	4.59578	0.5	22.038	56.8138	0	-0.0526585	-0.998613	0	None	None
ChainingRodShaped	5635	4.52708	0.5	23.3909	76.4078	0	0.251191	-0.967938	0	None	5634
ChainingRodShaped	5637	4.29712	0.5	-25.1417	26.9239	0	0.696714	0.717349	0	None	None
ChainingRodShaped	5639	3.72215	0.5	19.9872	33.1964	0	-0.444186	0.895935	0	None	None
ChainingRodShaped	5641	3.91955	0.5	-16.1115	43.9977	0	0.637937	0.770089	0	None	None
ChainingRodShaped	6130	2.34448	0.5	-16.8954	40.545	0	-0.778121	-0.628114	0	None	None
ChainingRodShaped	5645	4.5117	0.5	-2.04582	27.7326	0	0.333818	0.942637	0	6014	5644
ChainingRodShaped	5647	3.16938	0.5	33.3141	19.1728	0	-0.134411	0.990926	0	5978	5646
ChainingRodShaped	5649	3.16421	0.5	40.7744	32.9541	0	-0.862549	0.505973	0	None	None
ChainingRodShaped	5651	4.32758	0.5	-5.25177	53.9218	0	-0.153672	-0.988122	0	None	None
ChainingRodShaped	5653	4.75629	0.5	56.985	22.647	0	0.903874	-0.427799	0	5714	5652
ChainingRodShaped	5655	3.48836	0.5	7.5248	47.5221	0	0.465682	-0.884952	0	None	5654
ChainingRodShaped	5657	4.3932	0.5	-32.7183	49.1586	0	0.0763255	-0.997083	0	None	None
ChainingRodShaped	5659	4.67616	0.5	-14.4105	52.1529	0	-0.462008	-0.886876	0	5694	5658
ChainingRodShaped	5661	4.75854	0.5	-9.35018	21.6186	0	0.0941266	0.99556	0	None	5660
ChainingRodShaped	5663	3.01372	0.5	11.28	60.2217	0	0.470749	0.882267	0	6112	5662
ChainingRodShaped	5665	4.57766	0.5	-4.77148	44.0968	0	-0.110486	-0.993878	0	None	None
ChainingRodShaped	5667	4.62087	0.5	42.394	48.4267	0	0.500344	-0.865827	0	6116	5666
ChainingRodShaped	6168	2.09301	0.5	-3.14855	52.1819	0	-0.424652	-0.905357	0	None	None
ChainingRodShaped	5671	4.29075	0.5	27.8971	41.859	0	0.850675	-0.525692	0	5866	5670
ChainingRodShaped	5673	4.53583	0.5	-8.17406	6.49724	0	-0.353888	0.935288	0	5624	5672
ChainingRodShaped	5675	4.77877	0.5	-23.2752	44.6065	0	-0.652741	0.757582	0	None	None
ChainingRodShaped	5677	3.51077	0.5	-25.9798	28.6074	0	0.284219	0.958759	0	None	None
ChainingRodShaped	6194	2.04364	0.5	-2.5927	48.231	0	-0.126258	-0.991997	0	None	None
ChainingRodShaped	5681	4.8935	0.5	39.2394	32.7114	0	-0.865613	0.500714	0	None	None
ChainingRodShaped	5683	3.11244	0.5	43.5867	51.6345	0	0.462901	-0.88641	0	None	None
ChainingRodShaped	5685	4.14966	0.5	-5.44186	46.018	0	-0.12262	-0.992454	0	None	None
ChainingRodShaped	5687	3.42909	0.5	-30.7135	27.8779	0	-0.963093	-0.269169	0	None	None
ChainingRodShaped	5689	4.29499	0.5	5.83095	32.352	0	-0.412528	0.910945	0	5926	5688
ChainingRodShaped	5691	4.5904	0.5	-17.001	21.7284	0	-0.160329	0.987064	0	None	None
ChainingRodShaped	5693	4.61062	0.5	-10.7348	31.0615	0	-0.0358772	0.999356	0	None	None
ChainingRodShaped	5695	3.39674	0.5	-9.51044	61.2675	0	-0.484603	-0.874734	0	5980	5694
ChainingRodShaped	5697	4.2116	0.5	-17.8473	20.8629	0	-0.163153	0.986601	0	None	None
ChainingRodShaped	5699	3.13331	0.5	-34.8355	48.4036	0	0.295356	0.955387	0	6016	5698
ChainingRodShaped	5701	4.78846	0.5	16.465	35.8089	0	-0.457944	0.888981	0	None	None
ChainingRodShaped	5703	3.18912	0.5	24.183	47.7492	0	-0.819343	0.573304	0	None	None
ChainingRodShaped	5705	4.7143	0.5	-22.846	54.587	0	-0.417776	-0.90855	0	None	None
ChainingRodShaped	5707	3.9816	0.5	-22.6227	50.4312	0	0.824229	-0.566257	0	None	None
ChainingRodShaped	5709	4.0627	0.5	-33.844	40.4188	0	0.319532	-0.947576	0	None	None
ChainingRodShaped	5711	4.40688	0.5	14.7506	41.4154	0	0.451938	-0.892049	0	5281	5710
ChainingRodShaped	5713	4.29556	0.5	2.98397	21.2458	0	0.0761174	-0.997099	0	None	None
ChainingRodShaped	5715	3.35348	0.5	47.5136	27.2013	0	0.896483	-0.443079	0	5946	5714
ChainingRodShaped	5717	4.23983	0.5	-2.11215	35.9536	0	-0.375475	-0.926832	0	5730	5716
ChainingRodShaped	5719	3.24368	0.5	17.2122	8.40205	0	-0.481319	0.876546	0	None	5718
ChainingRodShaped	5721	4.18788	0.5	-11.126	23.8736	0	0.0891473	0.996018	0	None	None
ChainingRodShaped	5723	4.19332	0.5	-32.0097	31.2794	0	-0.382854	-0.923809	0	None	None
ChainingRodShaped	5725	2.84245	0.5	-31.956	57.259	0	0.319945	0.947436	0	5698	5724
ChainingRodShaped	5727	3.73584	0.5	-37.5144	60.9587	0	-0.216834	-0.976208	0	None	5726
ChainingRodShaped	5729	2.99459	0.5	-21.5076	18.0205	0	-0.0332784	0.999446	0	None	None
ChainingRodShaped	5731	3.08899	0.5	1.1834	43.7519	0	-0.403505	-0.914978	0	5612	5730
ChainingRodShaped	5733	3.73199	0.5	24.4671	55.1765	0	0.782737	-0.622353	0	None	None
ChainingRodShaped	5735	4.1193	0.5	-3.03393	44.1878	0	-0.130357	-0.991467	0	None	None
ChainingRodShaped	5737	3.06021	0.5	-21.5413	30.1253	0	-0.266054	-0.963958	0	None	None
ChainingRodShaped	5739	3.63767	0.5	12.8554	50.6924	0	0.502836	-0.864382	0	None	5738
ChainingRodShaped	5741	3.60402	0.5	16.762	11.5656	0	-0.501182	0.865342	0	5886	5740
ChainingRodShaped	5743	3.67307	0.5	-24.5234	32.7982	0	0.540696	0.841218	0	None	5742
ChainingRodShaped	5745	3.42541	0.5	-19.2449	19.8686	0	0.174111	0.984726	0	None	None
ChainingRodShaped	5747	2.85534	0.5	22.43	25.9945	0	0.441053	-0.897481	0	5974	5746
ChainingRodShaped	5749	2.95902	0.5	35.516	37.2218	0	0.858443	-0.51291	0	5670	5748
ChainingRodShaped	5751	4.01014	0.5	12.6511	38.3184	0	0.503238	-0.864148	0	5654	5750
ChainingRodShaped	5753	2.88373	0.5	31.5817	37.3674	0	-0.843826	0.536617	0	None	None
ChainingRodShaped	5755	3.52017	0.5	-27.3348	51.7459	0	-0.42185	-0.906666	0	None	None
ChainingRodShaped	5757	4.21406	0.5	-23.5439	43.435	0	-0.657815	0.753179	0	None	None
ChainingRodShaped	5759	3.30577	0.5	24.3107	46.4422	0	-0.840186	0.542298	0	None	None
ChainingRodShaped	5761	2.89254	0.5	1.90559	-16.5284	0	-0.422877	0.906187	0	None	5760
ChainingRodShaped	5763	3.51555	0.5	15.7174	41.6729	0	-0.456246	0.889854	0	None	None
ChainingRodShaped	5765	2.86964	0.5	-2.8433	39.6009	0	-0.169971	-0.985449	0	6086	5764
ChainingRodShaped	5767	3.77254	0.5	47.2184	40.2069	0	0.512354	-0.858774	0	5666	5766
ChainingRodShaped	5769	4.54472	0.5	12.6174	40.5093	0	-0.53214	0.846657	0	None	None
ChainingRodShaped	5771	4.23315	0.5	-8.42202	32.5852	0	0.0730944	0.997325	0	5660	5770
ChainingRodShaped	5773	3.71886	0.5	1.34041	36.759	0	0.370066	0.929005	0	5644	5772
ChainingRodShaped	5775	3.41719	0.5	-40.3694	39.0737	0	-0.367479	-0.930032	0	5806	5774
ChainingRodShaped	5777	3.25352	0.5	-9.6622	54.9275	0	0.573139	0.819458	0	6180	5776
ChainingRodShaped	5779	3.52582	0.5	-26.1059	36.2081	0	0.642177	0.766557	0	None	None
ChainingRodShaped	5781	4.48531	0.5	9.21225	54.1577	0	-0.447238	-0.894415	0	None	None
ChainingRodShaped	5783	2.94234	0.5	-29.4747	57.6059	0	-0.634084	-0.773264	0	None	None
ChainingRodShaped	5785	3.47747	0.5	4.84445	9.31022	0	0.0704518	-0.997515	0	5820	5784
ChainingRodShaped	5787	3.32887	0.5	-6.57095	51.8682	0	0.145455	0.989365	0	5592	5786
ChainingRodShaped	5789	3.10307	0.5	-9.49334	31.4325	0	0.0767652	0.997049	0	6202	5788
ChainingRodShaped	5791	4.14572	0.5	13.7682	40.5452	0	-0.534238	0.845334	0	None	None
ChainingRodShaped	5793	3.05063	0.5	13.1273	28.363	0	0.566364	-0.824155	0	None	None
ChainingRodShaped	5795	3.67772	0.5	9.73296	37.8714	0	-0.840842	0.54128	0	None	None
ChainingRodShaped	5797	3.18507	0.5	-19.2152	29.8054	0	-0.676943	0.736036	0	None	None
ChainingRodShaped	5799	3.11585	0.5	2.18731	24.995	0	-0.233442	-0.972371	0	None	None
ChainingRodShaped	5801	3.42793	0.5	-20.3887	51.6465	0	-0.616788	0.787129	0	None	None
ChainingRodShaped	5803	3.09655	0.5	20.5619	50.1806	0	-0.203433	0.979089	0	None	None
ChainingRodShaped	5805	4.03231	0.5	17.8946	29.4215	0	0.511111	-0.859515	0	5750	5804
ChainingRodShaped	5807	3.81811	0.5	-36.9086	47.86	0	-0.365128	-0.930957	0	5464	5806
ChainingRodShaped	5809	3.16546	0.5	-10.7954	54.9094	0	-0.564907	-0.825154	0	None	None
ChainingRodShaped	5811	3.69679	0.5	26.8146	49.9196	0	0.219448	-0.975624	0	None	None
ChainingRodShaped	5813	3.17094	0.5	-7.92247	54.579	0	-0.604776	-0.796396	0	None	None
ChainingRodShaped	5815	3.92525	0.5	33.0202	52.4494	0	0.339868	-0.940473	0	None	None
ChainingRodShaped	5817	2.71644	0.5	16.0473	26.564	0	-0.636653	0.771151	0	5832	5816
ChainingRodShaped	5819	3.7571	0.5	33.5939	81.0525	0	0.010159	-0.999948	0	None	5818
ChainingRodShaped	5821	3.77577	0.5	4.17346	18.6081	0	0.0744588	-0.997224	0	6192	5820
ChainingRodShaped	5823	3.77024	0.5	0.514913	13.5692	0	0.274876	-0.96148	0	None	None
ChainingRodShaped	5825	3.03112	0.5	-29.1658	40.471	0	-0.4027	-0.915332	0	None	None
ChainingRodShaped	5827	3.63415	0.5	19.7678	57.4175	0	-0.75491	-0.655828	0	None	None
ChainingRodShaped	5829	2.98994	0.5	-6.92651	12.2717	0	0.279492	0.960148	0	None	5828
ChainingRodShaped	5831	3.84252	0.5	40.941	56.7207	0	0.458232	-0.888833	0	None	None
ChainingRodShaped	5833	3.94726	0.5	21.5073	19.8102	0	-0.621345	0.783537	0	5844	5832
ChainingRodShaped	5835	3.06045	0.5	-11.4939	28.3104	0	-0.432756	0.901511	0	None	None
ChainingRodShaped	5837	3.54144	0.5	27.5133	4.72124	0	0.5909	-0.806745	0	5386	5836
ChainingRodShaped	5839	3.11196	0.5	24.7621	29.1992	0	0.471558	-0.881835	0	6078	5838
ChainingRodShaped	5841	2.92907	0.5	-3.12755	27.6856	0	0.331607	0.943418	0	5852	5840
ChainingRodShaped	5843	2.94167	0.5	-9.03567	58.5793	0	-0.844835	-0.535026	0	None	None
ChainingRodShaped	5845	2.85371	0.5	26.6193	13.2449	0	-0.606924	0.79476	0	6040	5844
ChainingRodShaped	5847	3.55204	0.5	0.473198	54.6624	0	0.276039	0.961146	0	None	None
ChainingRodShaped	5849	3.14961	0.5	28.0466	48.9645	0	0.217738	-0.976007	0	None	None
ChainingRodShaped	5851	3.29793	0.5	-23.3742	41.1626	0	-0.97436	0.224994	0	None	None
ChainingRodShaped	5853	2.70419	0.5	-5.77975	19.6097	0	0.293237	0.95604	0	5407	5852
ChainingRodShaped	5855	3.56508	0.5	-23.9223	22.5037	0	-0.836896	-0.547361	0	None	None
ChainingRodShaped	5857	3.16979	0.5	-17.9352	17.102	0	0.340739	-0.940158	0	None	None
ChainingRodShaped	5859	3.1492	0.5	-41.1082	26.0156	0	0.258813	0.965928	0	5361	5858
ChainingRodShaped	5861	2.85148	0.5	23.9043	53.2306	0	0.244612	-0.969621	0	None	None
ChainingRodShaped	5863	2.99669	0.5	-14.5551	22.5256	0	-0.192395	-0.981317	0	None	None
ChainingRodShaped	5865	2.95381	0.5	0.100675	47.0506	0	-0.106267	-0.994338	0	None	None
ChainingRodShaped	5867	3.17377	0.5	20.5515	46.5271	0	0.835732	-0.549137	0	6036	5866
ChainingRodShaped	5869	3.47147	0.5	-24.5235	30.1292	0	0.277847	0.960625	0	None	None
ChainingRodShaped	5871	2.93291	0.5	6.6668	32.7553	0	0.421628	-0.906769	0	None	None
ChainingRodShaped	5873	3.60179	0.5	6.0552	40.1041	0	0.619387	-0.785086	0	None	None
ChainingRodShaped	5875	3.40045	0.5	-8.72642	48.037	0	-0.51916	-0.854677	0	None	None
ChainingRodShaped	5877	2.80889	0.5	11.8835	28.4724	0	0.554963	-0.831875	0	None	None
ChainingRodShaped	5879	3.60396	0.5	29.3376	37.722	0	0.821943	-0.569569	0	5301	5878
ChainingRodShaped	5881	3.65497	0.5	34.1019	59.9831	0	0.049408	-0.998779	0	5411	5880
ChainingRodShaped	5883	3.81851	0.5	16.844	22.4447	0	0.625501	-0.780223	0	None	None
ChainingRodShaped	5885	3.04053	0.5	-31.1312	28.7875	0	-0.963125	-0.269055	0	None	None
ChainingRodShaped	5887	3.57243	0.5	21.3354	3.74282	0	-0.507143	0.861862	0	5359	5886
ChainingRodShaped	5889	2.63593	0.5	-0.973038	43.4806	0	-0.390466	-0.920617	0	None	None
ChainingRodShaped	5891	3.77269	0.5	-27.5288	36.0142	0	0.642034	0.766676	0	None	None
ChainingRodShaped	5893	2.8948	0.5	-4.46098	58.4776	0	-0.199011	-0.979997	0	None	None
ChainingRodShaped	5895	2.91218	0.5	14.8484	60.9876	0	-0.198769	0.980046	0	None	None
ChainingRodShaped	5897	2.9056	0.5	-20.5163	17.9681	0	-0.0345403	0.999403	0	None	None
ChainingRodShaped	5899	3.29315	0.5	-33.8007	44.8681	0	-0.269571	-0.962981	0	None	None
ChainingRodShaped	5901	3.17794	0.5	-1.82873	18.2429	0	0.000764772	1	0	None	None
ChainingRodShaped	5903	3.41762	0.5	7.85644	36.3808	0	-0.635514	0.772089	0	5395	5902
ChainingRodShaped	5905	3.5972	0.5	-26.1688	55.317	0	-0.65077	-0.759275	0	None	None
ChainingRodShaped	5907	2.7296	0.5	-0.271463	50.6232	0	-0.0808275	-0.996728	0	None	None
ChainingRodShaped	5909	3.10666	0.5	15.8073	18.7987	0	-0.405719	0.913998	0	None	None
ChainingRodShaped	5911	2.94492	0.5	10.1142	53.8491	0	-0.439907	-0.898043	0	None	None
ChainingRodShaped	5913	2.58865	0.5	34.6059	51.7148	0	0.0725763	-0.997363	0	5880	5912
ChainingRodShaped	5915	2.7142	0.5	17.5216	42.5372	0	0.487149	-0.873319	0	5738	5914
ChainingRodShaped	5917	3.26126	0.5	5.17082	54.8785	0	-0.610405	-0.792089	0	None	None
ChainingRodShaped	5919	2.86061	0.5	-18.5722	49.0865	0	0.174241	0.984703	0	None	None
ChainingRodShaped	5921	2.67205	0.5	-39.0684	33.5892	0	0.262064	0.965051	0	5858	5920
ChainingRodShaped	5923	2.94784	0.5	0.835334	40.5632	0	-0.391904	-0.920006	0	5483	5922
ChainingRodShaped	5925	3.10986	0.5	-16.2409	34.5416	0	-0.179123	0.983827	0	None	None
ChainingRodShaped	5927	3.24501	0.5	9.6316	24.4672	0	-0.456984	0.889475	0	6162	5926
ChainingRodShaped	5929	3.26125	0.5	-13.0498	22.9692	0	-0.211947	0.977281	0	6072	5928
ChainingRodShaped	5931	2.92347	0.5	-32.6306	26.1415	0	-0.923613	-0.383327	0	None	None
ChainingRodShaped	5933	2.80426	0.5	46.4843	51.4984	0	0.502333	-0.864674	0	None	None
ChainingRodShaped	5935	2.97363	0.5	2.69822	42.4746	0	0.399285	0.916827	0	6000	5934
ChainingRodShaped	5937	2.71514	0.5	-23.1707	25.9304	0	-0.591701	-0.806157	0	None	None
ChainingRodShaped	5939	3.2346	0.5	-22.1823	34.6323	0	-0.539267	-0.842135	0	None	None
ChainingRodShaped	5941	2.51632	0.5	36.038	-3.00234	0	-0.114198	0.993458	0	None	5940
ChainingRodShaped	5943	2.95899	0.5	-18.5637	15.9222	0	0.341507	-0.939879	0	None	None
ChainingRodShaped	5945	2.78013	0.5	-21.1756	60.7018	0	-0.410197	-0.911997	0	None	5944
ChainingRodShaped	5947	2.87172	0.5	40.8306	30.6665	0	0.876629	-0.481167	0	5481	5946
ChainingRodShaped	5949	2.95001	0.5	11.7319	33.2535	0	0.650165	-0.759793	0	None	None
ChainingRodShaped	5951	2.70081	0.5	-24.4113	53.4997	0	-0.409004	-0.912533	0	5944	5950
ChainingRodShaped	5953	2.86317	0.5	-16.0041	27.6285	0	-0.171935	0.985108	0	None	None
ChainingRodShaped	5955	2.61004	0.5	-29.5647	22.7019	0	0.218456	0.975847	0	None	None
ChainingRodShaped	5957	2.78467	0.5	-11.5449	49.6841	0	-0.221881	-0.975074	0	None	None
ChainingRodShaped	5959	3.04333	0.5	-14.0614	44.923	0	-0.419966	-0.90754	0	None	None
ChainingRodShaped	5961	2.4589	0.5	0.131021	61.0203	0	-0.146622	-0.989193	0	6142	5960
ChainingRodShaped	5963	2.98836	0.5	32.2337	-1.7089	0	0.59242	-0.80563	0	5836	5962
ChainingRodShaped	5965	2.72989	0.5	11.7506	37.979	0	-0.508478	0.861075	0	None	None
ChainingRodShaped	5967	3.06288	0.5	-15.7597	51.7836	0	0.415202	0.909729	0	None	None
ChainingRodShaped	5969	2.54998	0.5	-41.225	19.9235	0	0.242418	0.970172	0	None	5968
ChainingRodShaped	5971	3.25602	0.5	-19.1235	54.9476	0	-0.869246	0.494379	0	None	None
ChainingRodShaped	5973	2.50357	0.5	18.2599	22.2773	0	0.628439	-0.777859	0	None	None
ChainingRodShaped	5975	2.39669	0.5	19.0773	32.7928	0	0.444293	-0.895882	0	5710	5974
ChainingRodShaped	5977	3.15941	0.5	0.121895	19.3845	0	-0.0192338	0.999815	0	None	None
ChainingRodShaped	5979	2.61666	0.5	34.2975	11.6349	0	-0.124451	0.992226	0	6070	5978
ChainingRodShaped	5981	2.48653	0.5	-5.65793	68.1338	0	-0.493131	-0.869955	0	6008	5980
ChainingRodShaped	5983	2.68539	0.5	-15.4686	30.2282	0	0.174692	-0.984623	0	None	None
ChainingRodShaped	5985	3.15227	0.5	-36.5847	28.1514	0	0.394765	0.918782	0	None	None
ChainingRodShaped	5987	3.06566	0.5	8.23558	34.2021	0	0.561508	-0.827471	0	None	None
ChainingRodShaped	5989	2.45877	0.5	-43.7327	32.9678	0	-0.216853	-0.976204	0	5574	5988
ChainingRodShaped	5991	2.61269	0.5	-8.47693	13.0309	0	-0.313002	0.949752	0	None	None
ChainingRodShaped	5993	2.47771	0.5	7.63579	60.446	0	-0.719566	-0.694424	0	None	None
ChainingRodShaped	5995	2.9869	0.5	-13.9514	39.2177	0	0.586463	0.809976	0	None	None
ChainingRodShaped	5997	2.85877	0.5	51.9595	27.3554	0	0.852363	-0.52295	0	6096	5996
ChainingRodShaped	5999	2.8884	0.5	35.2348	44.1016	0	0.0910132	-0.99585	0	5912	5998
ChainingRodShaped	6001	2.95086	0.5	-0.0946976	35.7714	0	0.369408	0.929267	0	5840	6000
ChainingRodShaped	6003	2.73646	0.5	18.5589	59.1092	0	-0.802513	-0.596635	0	None	None
ChainingRodShaped	6005	2.75629	0.5	16.4185	16.0849	0	-0.755548	0.655093	0	None	None
ChainingRodShaped	6007	2.93467	0.5	6.2389	35.4868	0	0.536724	-0.843758	0	None	6006
ChainingRodShaped	6009	2.86928	0.5	-2.13043	74.3376	0	-0.494877	-0.868963	0	None	6008
ChainingRodShaped	6011	2.72119	0.5	46.5138	46.6819	0	0.650351	-0.759634	0	None	None
ChainingRodShaped	6013	2.73778	0.5	6.16367	57.6304	0	0.659304	0.751877	0	None	None
ChainingRodShaped	6015	2.84837	0.5	-4.57715	20.1555	0	0.296802	0.954939	0	5828	6014
ChainingRodShaped	6017	2.52709	0.5	-36.9433	41.2747	0	0.272641	0.962116	0	5920	6016
ChainingRodShaped	6019	2.68577	0.5	52.5661	35.5503	0	0.501791	-0.864989	0	None	None
ChainingRodShaped	6021	2.58476	0.5	-24.992	54.6566	0	-0.434088	-0.90087	0	None	None
ChainingRodShaped	6023	2.72971	0.5	-19.8115	47.8004	0	-0.140644	0.99006	0	None	None
ChainingRodShaped	6025	2.39873	0.5	-28.5857	37.439	0	0.0305734	0.999533	0	None	None
ChainingRodShaped	6027	2.36631	0.5	-6.76614	42.5666	0	-0.07254	-0.997366	0	None	None
ChainingRodShaped	6029	2.7333	0.5	-29.8651	66.0329	0	-0.359834	-0.933017	0	None	6028
ChainingRodShaped	6031	2.68668	0.5	-23.6482	27.07	0	-0.689505	-0.724281	0	None	None
ChainingRodShaped	6033	2.615	0.5	-26.7602	58.8056	0	-0.814723	-0.579851	0	None	None
ChainingRodShaped	6035	2.69776	0.5	-5.88329	49.4748	0	-0.181838	-0.983328	0	None	None
ChainingRodShaped	6037	2.59732	0.5	14.6163	50.5353	0	0.822201	-0.569197	0	None	6036
ChainingRodShaped	6039	2.67516	0.5	40.7993	59.2226	0	0.943726	-0.330728	0	None	None
ChainingRodShaped	6041	2.5557	0.5	30.8114	7.68009	0	-0.59688	0.802331	0	5431	6040
ChainingRodShaped	6043	2.63516	0.5	-0.884894	53.7349	0	-0.129713	-0.991552	0	5960	6042
ChainingRodShaped	6045	2.50012	0.5	-14.0503	34.5849	0	-0.0192308	-0.999815	0	None	None
ChainingRodShaped	6047	2.26319	0.5	16.7986	19.5445	0	0.576222	-0.817293	0	6160	6046
ChainingRodShaped	6049	2.39886	0.5	30.5501	50.0689	0	0.292385	-0.956301	0	6102	6048
ChainingRodShaped	6051	2.24608	0.5	-39.4374	27.0682	0	0.243437	0.969917	0	5968	6050
ChainingRodShaped	6053	2.3695	0.5	-3.40151	20.648	0	-0.299085	-0.954226	0	None	None
ChainingRodShaped	6055	2.59619	0.5	-22.5968	48.4644	0	0.433305	-0.901247	0	None	None
ChainingRodShaped	6057	2.27361	0.5	14.9762	32.4288	0	-0.511693	0.859168	0	None	None
ChainingRodShaped	6059	2.29338	0.5	1.63043	57.6739	0	0.930271	0.366873	0	None	None
ChainingRodShaped	6061	2.6019	0.5	13.522	32.685	0	-0.610855	0.791743	0	None	None
ChainingRodShaped	6063	2.30306	0.5	-24.5388	48.0286	0	0.430668	-0.90251	0	None	None
ChainingRodShaped	6065	2.59621	0.5	42.081	56.8243	0	0.502331	-0.864675	0	None	None
ChainingRodShaped	6067	2.25207	0.5	-12.9922	12.8611	0	0.688556	-0.725183	0	None	None
ChainingRodShaped	6069	2.51514	0.5	12.257	53.2875	0	0.828121	-0.56055	0	None	6068
ChainingRodShaped	6071	2.58351	0.5	35.1702	4.47176	0	-0.117676	0.993052	0	5940	6070
ChainingRodShaped	6073	2.44782	0.5	-11.3362	15.9553	0	-0.270014	0.962856	0	5672	6072
ChainingRodShaped	6075	2.36956	0.5	-1.18763	27.1939	0	-0.335863	-0.941911	0	None	None
ChainingRodShaped	6077	2.60358	0.5	-5.23706	60.2091	0	0.164512	0.986375	0	5786	6076
ChainingRodShaped	6079	2.35083	0.5	21.3353	35.5803	0	0.475608	-0.879657	0	5914	6078
ChainingRodShaped	6081	2.53987	0.5	-22.5382	19.8061	0	0.0236299	0.999721	0	None	None
ChainingRodShaped	6083	2.37085	0.5	-17.347	29.6555	0	-0.170826	0.985301	0	None	None
ChainingRodShaped	6085	2.41012	0.5	-13.3042	41.3977	0	-0.993644	-0.112569	0	None	None
ChainingRodShaped	6087	2.47186	0.5	-1.79185	46.6066	0	-0.126139	-0.992013	0	6042	6086
ChainingRodShaped	6089	2.28686	0.5	-0.527217	26.1004	0	0.336107	0.941824	0	None	None
ChainingRodShaped	6091	2.21121	0.5	-22.4629	16.476	0	-0.209779	0.977749	0	None	None
ChainingRodShaped	6093	2.44712	0.5	-20.6232	42.7315	0	0.487304	0.873233	0	None	None
ChainingRodShaped	6095	2.54346	0.5	-13.8878	37.6464	0	0.575634	0.817707	0	None	None
ChainingRodShaped	6097	2.38515	0.5	46.1526	30.8884	0	0.856654	-0.515891	0	5503	6096
ChainingRodShaped	6099	2.27141	0.5	-17.2723	44.1555	0	0.557286	0.83032	0	5581	6098
ChainingRodShaped	6101	2.49302	0.5	-11.9236	32.8468	0	-0.170768	0.985311	0	None	None
ChainingRodShaped	6103	2.48027	0.5	28.6987	56.397	0	0.269591	-0.962975	0	5445	6102
ChainingRodShaped	6105	2.34055	0.5	-10.1608	35.2946	0	0.0654691	0.997855	0	None	None
ChainingRodShaped	6107	2.24157	0.5	-32.3915	59.4756	0	-0.359638	-0.933092	0	6028	6106
ChainingRodShaped	6109	2.39919	0.5	19.9201	13.3426	0	-0.631819	0.775116	0	None	None
ChainingRodShaped	6111	2.37221	0.5	4.46345	44.1055	0	0.409343	0.91238	0	5772	6110
ChainingRodShaped	6113	2.40728	0.5	8.0608	54.0128	0	0.445363	0.89535	0	5494	6112
ChainingRodShaped	6115	2.31457	0.5	-1.31334	-9.60406	0	-0.418603	0.908169	0	5760	6114
ChainingRodShaped	6117	2.30953	0.5	38.5244	55.2073	0	0.489807	-0.871831	0	6174	6116
ChainingRodShaped	6119	2.22659	0.5	-28.5204	22.7865	0	0.227801	0.973708	0	None	None
ChainingRodShaped	6121	2.39943	0.5	33.6912	72.887	0	0.0156644	-0.999877	0	5818	6120
ChainingRodShaped	6123	2.26292	0.5	1.10418	46.9584	0	0.0189998	0.999819	0	None	None
ChainingRodShaped	6125	2.38962	0.5	-27.3454	29.7911	0	-0.336547	0.941667	0	None	None
ChainingRodShaped	6127	2.15304	0.5	-37.0349	54.62	0	0.021229	0.999775	0	None	None
ChainingRodShaped	6129	2.19892	0.5	-7.51829	19.2821	0	-0.356811	-0.934177	0	5569	6128
ChainingRodShaped	6131	2.14064	0.5	-14.3811	42.5561	0	-0.778104	-0.628135	0	None	None
ChainingRodShaped	6133	2.23275	0.5	17.7499	49.5721	0	0.829884	-0.557936	0	6068	6132
ChainingRodShaped	6135	2.18658	0.5	44.1416	48.4884	0	-0.476022	0.879433	0	5392	6134
ChainingRodShaped	6137	2.17395	0.5	49.9976	37.9966	0	-0.497564	0.867427	0	5598	6136
ChainingRodShaped	6139	2.23948	0.5	15.031	44.9802	0	0.487844	-0.872931	0	5257	6138
ChainingRodShaped	6141	2.13511	0.5	45.6683	50.4394	0	0.693931	-0.720041	0	None	None
ChainingRodShaped	6143	2.11213	0.5	1.10239	67.3649	0	-0.15506	-0.987905	0	5565	6142
ChainingRodShaped	6145	2.09946	0.5	-14.4926	30.2193	0	-0.178877	0.983872	0	5928	6144
ChainingRodShaped	6147	2.0851	0.5	-30.7995	21.7431	0	0.217886	0.975974	0	None	None
ChainingRodShaped	6149	2.24672	0.5	9.19784	63.4516	0	-0.651317	-0.758806	0	None	None
ChainingRodShaped	6151	2.17429	0.5	-28.142	28.7198	0	-0.576101	0.817378	0	None	None
ChainingRodShaped	6153	2.21051	0.5	32.6638	49.7131	0	0.09577	-0.995403	0	None	None
ChainingRodShaped	6155	2.19158	0.5	-17.7117	38.098	0	-0.522369	-0.852719	0	None	None
ChainingRodShaped	6157	2.16989	0.5	1.74949	58.7813	0	0.930195	0.367064	0	None	None
ChainingRodShaped	6159	2.17793	0.5	-5.47951	27.4477	0	-0.359564	-0.93312	0	5716	6158
ChainingRodShaped	6161	2.0857	0.5	13.2298	24.7098	0	0.559002	-0.829166	0	5380	6160
ChainingRodShaped	6163	2.13546	0.5	12.7884	18.5494	0	-0.484767	0.874643	0	5740	6162
ChainingRodShaped	6165	2.147	0.5	-36.4398	38.8065	0	0.252845	0.967507	0	5607	6164
ChainingRodShaped	6167	2.14729	0.5	15.4227	55.0296	0	-0.997648	0.0685411	0	None	None
ChainingRodShaped	6169	2.13138	0.5	-1.7541	54.7621	0	-0.130956	-0.991388	0	None	None
ChainingRodShaped	6171	2.08436	0.5	9.96869	47.0525	0	0.469428	-0.882971	0	None	None
ChainingRodShaped	6173	2.10357	0.5	-11.4979	46.3633	0	-0.00179756	-0.999998	0	None	None
ChainingRodShaped	6175	2.0608	0.5	35.4957	60.6424	0	0.484549	-0.874764	0	None	6174
ChainingRodShaped	6177	2.0732	0.5	15.6364	54.0175	0	-0.997518	0.0704079	0	None	None
ChainingRodShaped	6179	2.0915	0.5	-12.4714	46.5269	0	0.00780217	-0.99997	0	None	None
ChainingRodShaped	6181	2.05569	0.5	-13.5552	49.4683	0	0.584112	0.811673	0	6098	6180
ChainingRodShaped	6183	2.03325	0.5	19.3772	45.2725	0	0.771869	-0.635782	0	5313	6182
ChainingRodShaped	6185	2.03195	0.5	19.6565	53.8967	0	-0.156593	-0.987663	0	None	None
ChainingRodShaped	6187	2.06091	0.5	33.1736	58.1649	0	0.0724775	-0.99737	0	None	None
ChainingRodShaped	6189	2.05766	0.5	-15.8647	21.3726	0	-0.0909178	0.995858	0	None	None
ChainingRodShaped	6191	2.05762	0.5	-34.831	44.8098	0	0.265662	0.964066	0	6164	6190
ChainingRodShaped	6193	2.03043	0.5	3.62781	25.5003	0	0.0843753	-0.996434	0	5536	6192
ChainingRodShaped	6195	2.02204	0.5	-2.18667	51.2264	0	-0.134742	-0.990881	0	None	None
ChainingRodShaped	6197	2.04331	0.5	-35.7525	35.1563	0	-0.395658	-0.918398	0	None	None
ChainingRodShaped	6199	2.01419	0.5	1.08737	20.4272	0	0.0640916	-0.997944	0	None	None
ChainingRodShaped	6201	2.02339	0.5	53.6549	29.5892	0	0.523368	-0.852107	0	5549	6200
ChainingRodShaped	6203	2.0203	0.5	-10.0385	24.884	0	0.08934	0.996001	0	5383	6202
