cell_type	cell_id	length	radius	pos_x	pos_y	pos_z	ori_x	ori_y	ori_z	lower_link	upper_link
ChainingRodShaped	5417	3.14457	0.5	-26.4541	38.8238	0	0.0804017	-0.996763	0	None	None
ChainingRodShaped	4221	3.36673	0.5	30.7966	34.7922	0	0.316741	-0.948512	0	4222	None
ChainingRodShaped	5455	3.91237	0.5	7.14638	29.1661	0	-0.846299	-0.532709	0	None	None
ChainingRodShaped	4217	3.46015	0.5	-43.1289	29.9255	0	0.61906	-0.785344	0	4218	None
ChainingRodShaped	5741	2.73004	0.5	23.0226	14.0137	0	0.995843	0.0910892	0	None	None
ChainingRodShaped	5467	2.40973	0.5	-11.9926	34.5242	0	0.126858	0.991921	0	5468	None
ChainingRodShaped	4211	4.83283	0.5	-8.69683	23.4667	0	0.36315	0.931731	0	4212	None
ChainingRodShaped	4209	4.099	0.5	15.8624	32.943	0	0.981197	-0.193011	0	5415	None
ChainingRodShaped	4207	4.76616	0.5	31.198	36.6557	0	0.318545	-0.947908	0	4208	None
ChainingRodShaped	5569	3.63131	0.5	-11.6106	26.3907	0	-0.374785	-0.927112	0	None	None
ChainingRodShaped	5103	2.77041	0.5	28.4091	45.7459	0	-0.574231	0.818693	0	5104	None
ChainingRodShaped	5279	4.58935	0.5	-7.51071	49.0869	0	-0.272684	-0.962104	0	None	None
ChainingRodShaped	5693	2.87232	0.5	3.78161	37.9812	0	-0.513266	-0.85823	0	None	None
ChainingRodShaped	4197	4.29309	0.5	-41.8514	56.143	0	0.726073	0.687618	0	5495	None
ChainingRodShaped	5519	2.95336	0.5	-32.9047	43.8564	0	0.644763	0.764382	0	None	None
ChainingRodShaped	5613	2.6425	0.5	31.0257	43.6535	0	-0.566028	0.824386	0	None	None
ChainingRodShaped	4735	4.66642	0.5	-18.3071	13.0044	0	-0.675028	-0.737793	0	None	None
ChainingRodShaped	5129	4.82023	0.5	-26.7569	9.84504	0	-0.253377	-0.967368	0	None	None
ChainingRodShaped	5951	2.1746	0.5	-6.68534	14.588	0	-0.940869	-0.338769	0	None	None
ChainingRodShaped	5011	2.63446	0.5	24.3476	50.5086	0	0.999101	-0.0423821	0	5012	None
ChainingRodShaped	5089	3.65196	0.5	5.07809	21.3509	0	-0.996865	-0.0791191	0	None	None
ChainingRodShaped	5567	2.17941	0.5	-20.784	33.4181	0	0.218558	0.975824	0	5568	None
ChainingRodShaped	4971	3.8779	0.5	6.12295	24.0964	0	-0.696632	-0.717429	0	None	None
ChainingRodShaped	4177	4.96611	0.5	-41.7697	26.7991	0	-0.829187	-0.558971	0	5771	None
ChainingRodShaped	5027	2.4309	0.5	36.8332	26.8297	0	0.336578	-0.941656	0	5028	None
ChainingRodShaped	4173	3.61433	0.5	8.79968	54.1578	0	-0.940669	-0.339325	0	4174	None
ChainingRodShaped	4913	4.02389	0.5	-30.8088	51.0337	0	0.704336	0.709867	0	None	None
ChainingRodShaped	5019	2.76211	0.5	36.9013	30.8148	0	0.027769	-0.999614	0	5020	None
ChainingRodShaped	5863	2.51848	0.5	30.7334	24.9561	0	0.0634368	-0.997986	0	None	None
ChainingRodShaped	5619	2.91576	0.5	-18.3085	20.9952	0	0.0843642	0.996435	0	None	None
ChainingRodShaped	4969	4.6477	0.5	-27.8652	47.7315	0	-0.99995	0.00995946	0	None	None
ChainingRodShaped	5843	2.13395	0.5	-5.81865	47.1266	0	-0.999946	0.0103963	0	5844	None
ChainingRodShaped	5281	2.49424	0.5	19.1598	57.7192	0	-0.735468	0.677559	0	5282	None
ChainingRodShaped	4157	4.69417	0.5	28.8388	47.7359	0	0.380621	-0.924731	0	4158	None
ChainingRodShaped	5719	2.87938	0.5	18.0909	60.7104	0	0.868233	0.496157	0	None	None
ChainingRodShaped	4153	4.85666	0.5	-26.8288	22.6687	0	0.331685	0.94339	0	4979	None
ChainingRodShaped	4663	4.97832	0.5	33.1164	48.1975	0	-0.994336	0.106285	0	None	None
ChainingRodShaped	5381	3.14133	0.5	-39.0711	38.1495	0	-0.181127	-0.98346	0	None	None
ChainingRodShaped	5757	3.0006	0.5	-6.8769	22.9265	0	-0.365222	-0.930921	0	None	None
ChainingRodShaped	5821	2.33141	0.5	-9.40988	19.103	0	0.385281	0.922799	0	None	None
ChainingRodShaped	4143	4.93839	0.5	-28.4039	39.9279	0	0.440516	-0.897745	0	4144	None
ChainingRodShaped	5003	2.65667	0.5	-23.2708	37.0627	0	-0.882552	0.470214	0	5004	None
ChainingRodShaped	5057	2.35918	0.5	26.8568	48.8858	0	0.137188	0.990545	0	5058	None
ChainingRodShaped	5931	2.27559	0.5	31.1533	39.8359	0	-0.339993	0.940428	0	None	None
ChainingRodShaped	4135	4.00088	0.5	-8.45659	52.642	0	-0.251251	-0.967922	0	5547	None
ChainingRodShaped	4133	4.08011	0.5	13.3017	21.1292	0	0.996614	0.0822233	0	4134	None
ChainingRodShaped	4131	4.43283	0.5	-11.9841	10.711	0	-0.997358	0.0726428	0	4132	None
ChainingRodShaped	4851	4.08572	0.5	-3.37688	50.6432	0	-0.948773	-0.315959	0	None	None
ChainingRodShaped	5369	2.44336	0.5	10.7586	41.6456	0	0.723974	0.689827	0	5370	None
ChainingRodShaped	5267	4.17864	0.5	-39.3366	29.6154	0	-0.833883	-0.551941	0	None	None
ChainingRodShaped	5147	4.42526	0.5	-41.156	43.1357	0	0.0613682	-0.998115	0	None	None
ChainingRodShaped	5471	2.8303	0.5	-42.5345	50.2484	0	-0.680698	0.732564	0	None	None
ChainingRodShaped	4119	3.4224	0.5	14.4654	57.5155	0	-0.869426	-0.494063	0	4120	None
ChainingRodShaped	4117	4.59012	0.5	-37.0341	33.1366	0	-0.622443	-0.782665	0	5527	None
ChainingRodShaped	5189	4.95336	0.5	5.8768	38.2839	0	-0.721416	-0.692502	0	None	None
ChainingRodShaped	5793	2.8646	0.5	44.7537	44.722	0	0.887411	-0.46098	0	None	None
ChainingRodShaped	5353	4.0211	0.5	-9.79607	64.9181	0	0.821368	0.570399	0	None	None
ChainingRodShaped	5037	3.85924	0.5	-10.7647	26.1319	0	-0.365491	-0.930815	0	None	None
ChainingRodShaped	4107	3.53525	0.5	-47.4012	52.2576	0	-0.726305	-0.687373	0	4108	None
ChainingRodShaped	4941	4.38478	0.5	22.1342	11.6626	0	0.755764	0.654845	0	None	None
ChainingRodShaped	5021	2.67291	0.5	8.15748	27.5508	0	0.692993	0.720944	0	5022	None
ChainingRodShaped	4104	3.97365	0.5	2.53965	21.7724	0	0.700359	0.713791	0	None	5022
ChainingRodShaped	5405	3.3416	0.5	20.3919	13.0132	0	0.997125	-0.0757774	0	None	None
ChainingRodShaped	4108	3.5609	0.5	-44.0978	55.3836	0	-0.726371	-0.687303	0	None	4107
ChainingRodShaped	5737	2.80168	0.5	-10.5664	37.2068	0	-0.287655	-0.957734	0	None	None
ChainingRodShaped	5945	2.20351	0.5	-8.39674	63.491	0	0.823987	0.566609	0	None	None
ChainingRodShaped	5401	3.74358	0.5	42.0255	54.9249	0	0.997697	0.0678276	0	None	None
ChainingRodShaped	5097	3.82545	0.5	25.4265	45.5788	0	0.136277	0.990671	0	None	None
ChainingRodShaped	5527	2.29155	0.5	-34.2704	36.606	0	-0.624143	-0.78131	0	5528	4117
ChainingRodShaped	4120	4.86366	0.5	18.9335	60.0549	0	-0.869402	-0.494106	0	None	4119
ChainingRodShaped	5203	3.41792	0.5	-36.7927	52.3842	0	-0.306344	-0.951921	0	None	None
ChainingRodShaped	5449	3.21364	0.5	-40.9107	38.6323	0	0.408484	-0.912765	0	None	None
ChainingRodShaped	5953	2.36321	0.5	-38.0268	25.9059	0	-0.930786	-0.365564	0	None	None
ChainingRodShaped	4128	3.41568	0.5	5.63529	36.7319	0	0.718943	0.695069	0	None	5370
ChainingRodShaped	5969	2.23982	0.5	-3.03844	52.3132	0	-0.696231	-0.717818	0	None	None
ChainingRodShaped	4132	4.24271	0.5	-6.66235	10.3206	0	-0.997276	0.0737585	0	None	4131
ChainingRodShaped	4134	4.94365	0.5	7.81367	20.6572	0	0.996074	0.0885252	0	None	4133
ChainingRodShaped	5547	2.14986	0.5	-7.43239	56.5838	0	-0.251977	-0.967733	0	5548	4135
ChainingRodShaped	5883	2.26003	0.5	34.4935	30.4592	0	-0.335045	0.942202	0	None	None
ChainingRodShaped	5261	2.5719	0.5	25.8303	41.8324	0	0.150578	0.988598	0	5262	5058
ChainingRodShaped	4142	4.0353	0.5	-16.3092	33.367	0	-0.884888	0.465805	0	None	5004
ChainingRodShaped	4144	4.1205	0.5	-30.8323	44.8949	0	0.437591	-0.899174	0	None	4143
ChainingRodShaped	4795	4.4197	0.5	-4.67423	17.6292	0	-0.83325	-0.552897	0	None	None
ChainingRodShaped	5911	2.23606	0.5	-11.6982	18.4629	0	-0.378988	-0.925401	0	None	None
ChainingRodShaped	5181	3.75012	0.5	-28.8382	56.5613	0	-0.826784	-0.562519	0	None	None
ChainingRodShaped	5483	3.4534	0.5	34.9217	53.3333	0	-0.9761	-0.217322	0	None	None
ChainingRodShaped	4979	2.59054	0.5	-28.3927	18.2166	0	0.330809	0.943698	0	4980	4153
ChainingRodShaped	4929	4.56024	0.5	14.5161	54.1422	0	0.941389	0.337322	0	None	None
ChainingRodShaped	4158	4.81173	0.5	26.6202	53.0502	0	0.389931	-0.920844	0	None	4157
ChainingRodShaped	4160	4.19514	0.5	24.9897	52.3321	0	-0.733848	0.679313	0	None	5282
ChainingRodShaped	4162	3.95296	0.5	1.39093	47.0264	0	-0.999873	0.0159476	0	None	5844
ChainingRodShaped	5523	3.26607	0.5	-21.9725	49.0056	0	-0.231228	0.972899	0	None	None
ChainingRodShaped	4761	4.4056	0.5	-13.9588	14.918	0	0.664934	0.746902	0	None	None
ChainingRodShaped	5065	3.69829	0.5	27.6515	27.7111	0	0.588239	-0.808687	0	None	None
ChainingRodShaped	4170	3.43159	0.5	36.6912	38.7642	0	0.0251601	-0.999683	0	None	5020
ChainingRodShaped	5885	2.41119	0.5	-33.1713	45.0279	0	0.641879	0.766806	0	None	None
ChainingRodShaped	4174	4.34347	0.5	13.4827	55.8444	0	-0.940963	-0.338509	0	None	4173
ChainingRodShaped	5183	2.34401	0.5	34.4191	33.5596	0	0.340047	-0.940409	0	5184	5028
ChainingRodShaped	5771	2.13336	0.5	-37.9995	29.3401	0	-0.829401	-0.558654	0	5772	4177
ChainingRodShaped	5441	3.84976	0.5	8.42684	23.7604	0	-0.708685	-0.705525	0	None	None
ChainingRodShaped	4182	4.2994	0.5	-22.4789	26.0251	0	0.22728	0.97383	0	None	5568
ChainingRodShaped	5335	3.21507	0.5	14.3119	20.2623	0	-0.997332	-0.0730016	0	None	None
ChainingRodShaped	4186	4.10908	0.5	16.0305	50.8007	0	0.999473	-0.0324641	0	None	5012
ChainingRodShaped	5907	2.52211	0.5	-1.08494	11.185	0	-0.431763	0.901987	0	None	None
ChainingRodShaped	4919	4.47163	0.5	-29.1439	13.0107	0	-0.596996	-0.802244	0	None	None
ChainingRodShaped	5503	3.50481	0.5	-21.7372	13.0305	0	-0.370333	-0.928899	0	None	None
ChainingRodShaped	5879	2.65908	0.5	29.5572	48.5258	0	-0.38983	0.920887	0	None	None
ChainingRodShaped	5117	3.94741	0.5	-30.6063	42.243	0	-0.440722	0.897644	0	None	None
ChainingRodShaped	5495	2.3238	0.5	-44.9792	53.1817	0	0.726381	0.687292	0	5496	4197
ChainingRodShaped	5871	2.44179	0.5	6.28332	39.929	0	-0.71445	-0.699687	0	None	None
ChainingRodShaped	5921	2.28327	0.5	-6.51112	49.1993	0	-0.270537	-0.962709	0	None	None
ChainingRodShaped	5231	2.48789	0.5	32.4829	39.9455	0	-0.576175	0.817326	0	5232	5104
ChainingRodShaped	5715	2.93198	0.5	-9.3567	42.8949	0	0.904193	0.427125	0	None	None
ChainingRodShaped	4208	4.11617	0.5	29.4525	41.8027	0	0.324101	-0.946022	0	None	4207
ChainingRodShaped	5415	2.26764	0.5	11.7459	33.7332	0	0.983431	-0.181282	0	5416	4209
ChainingRodShaped	4212	4.95973	0.5	-10.8745	17.9929	0	0.376018	0.926612	0	None	4211
ChainingRodShaped	4214	4.82686	0.5	-13.027	26.5616	0	0.126319	0.99199	0	None	5468
ChainingRodShaped	5253	3.54589	0.5	13.2077	14.0943	0	0.756759	-0.653694	0	None	None
ChainingRodShaped	4218	3.52382	0.5	-45.9096	33.4534	0	0.619026	-0.785371	0	None	4217
ChainingRodShaped	5119	3.87672	0.5	1.98494	29.3713	0	-0.218994	-0.975726	0	None	None
ChainingRodShaped	4222	3.72138	0.5	29.3597	39.1019	0	0.315793	-0.948828	0	None	4221
ChainingRodShaped	5787	2.59686	0.5	-25.9904	50.6284	0	-0.682065	-0.731292	0	None	None
ChainingRodShaped	5667	3.25938	0.5	-43.8762	52.1816	0	-0.911109	-0.412165	0	None	None
ChainingRodShaped	5641	2.74102	0.5	-29.3282	27.0718	0	0.400012	0.91651	0	None	None
ChainingRodShaped	5563	3.71249	0.5	-38.0889	47.147	0	-0.768422	-0.639943	0	None	None
ChainingRodShaped	4807	4.25358	0.5	-27.7666	13.2216	0	-0.598106	-0.801417	0	None	None
ChainingRodShaped	5457	3.23802	0.5	28.3119	29.5616	0	0.206979	-0.978345	0	None	None
ChainingRodShaped	5397	4.30437	0.5	-33.5572	51.2768	0	-0.439223	-0.898378	0	None	None
ChainingRodShaped	5751	2.66143	0.5	-24.6424	50.7011	0	-0.674706	-0.738087	0	None	None
ChainingRodShaped	5191	4.55197	0.5	13.0036	24.9967	0	-0.997717	-0.0675332	0	None	None
ChainingRodShaped	5363	4.17166	0.5	7.15141	23.8196	0	-0.702253	-0.711927	0	None	None
ChainingRodShaped	5271	4.91423	0.5	-13.1483	53.1851	0	0.28797	0.957639	0	None	None
ChainingRodShaped	4899	4.93963	0.5	-38.7175	26.6851	0	-0.928946	-0.370215	0	None	None
ChainingRodShaped	4841	4.67328	0.5	-15.0977	24.8152	0	-0.108798	-0.994064	0	None	None
ChainingRodShaped	5697	3.29361	0.5	-10.573	48.6445	0	-0.622421	-0.782682	0	None	None
ChainingRodShaped	4903	4.46303	0.5	-9.90172	41.6142	0	0.908414	0.418071	0	None	None
ChainingRodShaped	5721	2.80818	0.5	-13.9499	63.4243	0	0.53345	0.845831	0	None	None
ChainingRodShaped	5655	2.8209	0.5	39.0051	43.6432	0	-0.766476	0.642273	0	None	None
ChainingRodShaped	5425	2.90104	0.5	36.9448	51.1905	0	-0.83535	0.549719	0	None	None
ChainingRodShaped	5937	2.32867	0.5	-12.3569	19.3506	0	0.377839	0.925871	0	None	None
ChainingRodShaped	5511	3.50866	0.5	-9.44372	16.5193	0	-0.376841	-0.926278	0	None	None
ChainingRodShaped	5731	2.79647	0.5	44.6774	52.479	0	-0.957469	-0.288535	0	None	None
ChainingRodShaped	5525	3.25781	0.5	15.3542	11.9908	0	0.996465	0.0840061	0	None	None
ChainingRodShaped	5479	3.0224	0.5	-3.58471	24.0298	0	0.083415	-0.996515	0	None	None
ChainingRodShaped	5121	4.33602	0.5	25.5259	31.1437	0	0.809149	-0.587603	0	None	None
ChainingRodShaped	6043	2.00781	0.5	11.0428	23.8818	0	-0.997257	-0.0740172	0	None	None
ChainingRodShaped	5139	4.38428	0.5	-20.1251	51.728	0	-0.488501	-0.872564	0	None	None
ChainingRodShaped	5977	2.18592	0.5	-27.5878	36.3269	0	-0.999946	0.0104068	0	None	None
ChainingRodShaped	5197	4.14004	0.5	15.8935	40.1701	0	0.977766	-0.209698	0	None	None
ChainingRodShaped	5389	3.98333	0.5	-34.0982	54.772	0	-0.695954	-0.718086	0	None	None
ChainingRodShaped	5469	3.41414	0.5	23.2639	20.8903	0	-0.536559	0.843863	0	None	None
ChainingRodShaped	5345	4.69495	0.5	6.32644	36.1042	0	-0.71196	-0.70222	0	None	None
ChainingRodShaped	5531	2.79347	0.5	-9.50194	37.5765	0	-0.297189	-0.954819	0	None	None
ChainingRodShaped	5377	3.75739	0.5	-21.5176	26.0354	0	-0.232341	-0.972634	0	None	None
ChainingRodShaped	5123	4.23501	0.5	11.5833	13.8995	0	0.830039	-0.557705	0	None	None
ChainingRodShaped	5513	3.40493	0.5	-41.8735	31.6999	0	-0.0148334	-0.99989	0	None	None
ChainingRodShaped	5217	4.01124	0.5	8.78286	44.5812	0	-0.464937	-0.885344	0	None	None
ChainingRodShaped	5229	4.1687	0.5	0.859408	60.5541	0	-0.627954	0.778251	0	None	None
ChainingRodShaped	4655	4.98287	0.5	16.4518	55.8808	0	0.939334	0.343004	0	None	None
ChainingRodShaped	5935	2.33145	0.5	1.97796	33.4212	0	0.234561	-0.972101	0	None	None
ChainingRodShaped	5165	4.41182	0.5	-14.4847	9.86996	0	-0.936654	0.350257	0	None	None
ChainingRodShaped	4999	4.86239	0.5	-35.8898	46.239	0	0.63905	0.769166	0	None	None
ChainingRodShaped	5905	2.22391	0.5	10.3871	6.65759	0	0.479605	-0.877484	0	None	None
ChainingRodShaped	6033	2.06006	0.5	-13.1159	42.2135	0	-0.913966	-0.405792	0	None	None
ChainingRodShaped	5817	2.56907	0.5	0.505198	27.2791	0	-0.244286	-0.969703	0	None	None
ChainingRodShaped	5651	2.88416	0.5	-23.769	48.4732	0	-0.234669	0.972075	0	None	None
ChainingRodShaped	5321	3.44435	0.5	37.6985	57.6784	0	0.999222	0.0394384	0	None	None
ChainingRodShaped	5767	2.92609	0.5	14.0635	45.9283	0	-0.963448	-0.267895	0	None	None
ChainingRodShaped	4945	4.50225	0.5	-2.62126	7.78901	0	-0.454669	0.89066	0	None	None
ChainingRodShaped	6005	2.19734	0.5	9.04475	50.5805	0	0.648952	0.760829	0	None	None
ChainingRodShaped	5009	4.26857	0.5	-33.1186	35.5049	0	0.340028	0.940415	0	None	None
ChainingRodShaped	5445	3.78128	0.5	-44.887	36.0421	0	0.0105857	-0.999944	0	None	None
ChainingRodShaped	5533	3.00421	0.5	35.0086	51.2668	0	0.850542	-0.525906	0	None	None
ChainingRodShaped	4987	4.63981	0.5	-9.44371	27.0334	0	-0.312145	-0.950035	0	None	None
ChainingRodShaped	5225	4.10577	0.5	-42.7555	42.8984	0	0.369875	-0.929082	0	None	None
ChainingRodShaped	5841	2.34775	0.5	-0.202683	53.7102	0	-0.952412	-0.304813	0	None	None
ChainingRodShaped	5275	4.82787	0.5	-2.50871	58.0252	0	-0.537188	-0.843463	0	None	None
ChainingRodShaped	5233	4.20777	0.5	-26.1944	56.0256	0	-0.821481	-0.570236	0	None	None
ChainingRodShaped	5365	3.05587	0.5	-30.7937	18.5048	0	0.645502	-0.763759	0	None	None
ChainingRodShaped	5597	2.62059	0.5	17.1547	25.8359	0	-0.994913	0.100735	0	None	None
ChainingRodShaped	5461	4.11351	0.5	43.0887	51.1194	0	-0.930952	0.365141	0	None	None
ChainingRodShaped	5831	2.61167	0.5	-9.11945	11.477	0	-0.996826	0.0796119	0	None	None
ChainingRodShaped	5515	3.00977	0.5	-37.3878	28.5847	0	-0.832583	-0.553901	0	None	None
ChainingRodShaped	5889	2.25769	0.5	28.2256	39.5317	0	0.310249	-0.950655	0	None	None
ChainingRodShaped	4947	4.23986	0.5	17.8223	29.8254	0	-0.884444	-0.466647	0	None	None
ChainingRodShaped	5989	2.1302	0.5	-21.4085	11.1432	0	-0.328084	-0.944649	0	None	None
ChainingRodShaped	5739	2.81773	0.5	-2.5029	26.3287	0	-0.183463	-0.983027	0	None	None
ChainingRodShaped	5079	3.8076	0.5	-32.1949	18.3243	0	0.728851	-0.684672	0	None	None
ChainingRodShaped	5071	4.42333	0.5	42.6816	43.5853	0	-0.863096	0.50504	0	None	None
ChainingRodShaped	5947	2.264	0.5	-7.78643	16.5951	0	-0.777092	-0.629387	0	None	None
ChainingRodShaped	4967	4.19515	0.5	-19.8152	50.3103	0	-0.510071	-0.860132	0	None	None
ChainingRodShaped	5347	3.21879	0.5	24.0246	33.5208	0	0.762247	-0.647287	0	None	None
ChainingRodShaped	5555	2.6687	0.5	-25.2453	8.4002	0	0.417773	-0.908552	0	None	None
ChainingRodShaped	4895	4.98738	0.5	-15.6061	42.9712	0	-0.492108	-0.870534	0	None	None
ChainingRodShaped	5557	3.69089	0.5	14.5147	14.2456	0	0.75062	-0.660734	0	None	None
ChainingRodShaped	4661	4.81564	0.5	-15.6486	28.3652	0	-0.118733	-0.992926	0	None	None
ChainingRodShaped	5897	2.42257	0.5	-27.851	35.3743	0	-1	0.00039473	0	None	None
ChainingRodShaped	4991	4.08991	0.5	-23.5934	20.0573	0	-0.636848	-0.770989	0	None	None
ChainingRodShaped	5549	3.35348	0.5	-22.5876	29.6187	0	0.245393	0.969424	0	None	None
ChainingRodShaped	5013	4.86856	0.5	-13.6983	38.4557	0	0.936451	-0.350799	0	None	None
ChainingRodShaped	5747	2.95797	0.5	17.0629	34.3938	0	0.769414	-0.63875	0	None	None
ChainingRodShaped	5367	4.24463	0.5	-9.76685	55.2267	0	-0.239224	-0.970964	0	None	None
ChainingRodShaped	4997	4.624	0.5	19.1286	33.8299	0	0.757111	-0.653286	0	None	None
ChainingRodShaped	5265	4.9301	0.5	-16.5478	43.143	0	-0.500733	-0.865602	0	None	None
ChainingRodShaped	5049	4.56506	0.5	16.6626	22.1738	0	-0.999458	0.0329104	0	None	None
ChainingRodShaped	4765	4.48732	0.5	10.9268	49.8094	0	-0.639401	-0.768874	0	None	None
ChainingRodShaped	5207	3.3965	0.5	13.211	7.34348	0	0.171609	0.985165	0	None	None
ChainingRodShaped	4961	4.44198	0.5	-22.8945	10.2595	0	-0.425909	0.904766	0	None	None
ChainingRodShaped	5083	4.16945	0.5	1.39034	63.0781	0	-0.827608	0.561306	0	None	None
ChainingRodShaped	5725	3.06324	0.5	-8.07149	22.4759	0	-0.361508	-0.932369	0	None	None
ChainingRodShaped	4857	4.82108	0.5	-26.9408	61.5121	0	-0.45204	-0.891998	0	None	None
ChainingRodShaped	5837	2.81801	0.5	21.312	22.1685	0	-0.544971	0.838455	0	None	None
ChainingRodShaped	5029	4.38852	0.5	-37.7718	48.9448	0	-0.700744	-0.713413	0	None	None
ChainingRodShaped	5867	2.38394	0.5	1.25814	23.1427	0	-0.706754	-0.707459	0	None	None
ChainingRodShaped	5075	4.08979	0.5	16.6027	16.7632	0	-0.579443	0.815013	0	None	None
ChainingRodShaped	5581	3.07747	0.5	23.9818	42.2587	0	0.148635	0.988892	0	None	None
ChainingRodShaped	4833	4.87493	0.5	8.00423	13.2011	0	0.99156	0.129649	0	None	None
ChainingRodShaped	6031	2.04752	0.5	31.548	28.4483	0	-0.0651985	0.997872	0	None	None
ChainingRodShaped	5273	4.63067	0.5	-5.30216	53.4496	0	-0.258295	-0.966066	0	None	None
ChainingRodShaped	5845	2.34759	0.5	-31.7034	26.194	0	0.938987	0.343954	0	None	None
ChainingRodShaped	5661	2.96469	0.5	-21.9434	40.6324	0	-0.609282	0.792954	0	None	None
ChainingRodShaped	4783	4.35383	0.5	-28.8688	50.3071	0	-0.693007	-0.720931	0	None	None
ChainingRodShaped	5263	4.61085	0.5	49.8283	53.9656	0	-0.818046	0.575153	0	None	None
ChainingRodShaped	5909	2.19804	0.5	-17.8743	7.39281	0	-0.593918	0.804526	0	None	None
ChainingRodShaped	5827	2.5246	0.5	-16.1853	9.46564	0	-0.937806	0.347161	0	None	None
ChainingRodShaped	5179	4.54711	0.5	-16.1011	49.0318	0	0.551872	0.833929	0	None	None
ChainingRodShaped	5249	4.56508	0.5	43.3489	56.0515	0	-0.996177	-0.0873569	0	None	None
ChainingRodShaped	4853	4.9722	0.5	-29.868	50.6164	0	-0.699655	-0.714481	0	None	None
ChainingRodShaped	5809	2.69806	0.5	-38.135	58.1892	0	-0.875648	-0.482949	0	None	None
ChainingRodShaped	5681	2.6416	0.5	-26.4318	18.0864	0	-0.311879	-0.950122	0	None	None
ChainingRodShaped	5501	3.60488	0.5	2.99537	50.6877	0	0.923693	0.383133	0	None	None
ChainingRodShaped	5085	4.28276	0.5	19.557	53.7824	0	0.151914	0.988394	0	None	None
ChainingRodShaped	5157	4.70191	0.5	15.5787	47.7747	0	-0.89888	-0.438194	0	None	None
ChainingRodShaped	5327	4.51594	0.5	14.0242	44.9376	0	-0.965573	-0.260131	0	None	None
ChainingRodShaped	5287	4.80488	0.5	31.1679	19.5733	0	0.644909	0.764259	0	None	None
ChainingRodShaped	5491	2.83022	0.5	5.01872	49.4686	0	0.928945	0.370218	0	None	None
ChainingRodShaped	5687	3.19879	0.5	34.186	45.8486	0	-0.537098	0.84352	0	None	None
ChainingRodShaped	5215	3.76037	0.5	35.4782	40.1933	0	-0.38741	-0.921908	0	None	None
ChainingRodShaped	5565	3.24584	0.5	-33.0192	46.6976	0	0.64951	0.760353	0	None	None
ChainingRodShaped	5705	3.20638	0.5	-24.5404	40.2454	0	0.0153174	0.999883	0	None	None
ChainingRodShaped	5507	4.18966	0.5	27.4253	15.6219	0	0.098558	0.995131	0	None	None
ChainingRodShaped	5517	3.06009	0.5	0.659274	32.105	0	-0.200319	-0.979731	0	None	None
ChainingRodShaped	6007	2.09725	0.5	-46.4612	49.6672	0	0.248546	0.96862	0	None	None
ChainingRodShaped	5659	2.7948	0.5	7.07076	14.0233	0	0.992302	0.123841	0	None	None
ChainingRodShaped	5861	2.4652	0.5	16.6971	27.8141	0	-0.99538	0.0960089	0	None	None
ChainingRodShaped	5521	3.68022	0.5	-8.09765	44.9712	0	-0.996386	-0.0849444	0	None	None
ChainingRodShaped	5443	3.19688	0.5	-20.5379	57.6635	0	-0.112605	-0.99364	0	None	None
ChainingRodShaped	5859	2.47264	0.5	3.91326	7.62397	0	-0.964732	-0.263233	0	None	None
ChainingRodShaped	5663	2.81612	0.5	-8.15754	64.8526	0	0.822277	0.569088	0	None	None
ChainingRodShaped	5735	2.53353	0.5	-14.9319	53.9606	0	0.319545	0.947571	0	None	None
ChainingRodShaped	5967	2.30216	0.5	12.5641	42.0196	0	-0.729198	-0.684303	0	None	None
ChainingRodShaped	5881	2.34225	0.5	-1.57118	26.4964	0	-0.193329	-0.981134	0	None	None
ChainingRodShaped	5789	2.48896	0.5	-30.3207	46.01	0	-0.446264	0.894901	0	None	None
ChainingRodShaped	5573	3.56742	0.5	2.9042	43.4041	0	0.608365	0.793657	0	None	None
ChainingRodShaped	5145	4.8797	0.5	29.6278	57.1021	0	0.935059	0.354491	0	None	None
ChainingRodShaped	5775	3.0351	0.5	1.34148	55.283	0	-0.93365	-0.358188	0	None	None
ChainingRodShaped	5985	2.11108	0.5	11.5588	8.69402	0	0.728302	-0.685256	0	None	None
ChainingRodShaped	5839	2.56136	0.5	-27.6384	53.8481	0	-0.827143	-0.561992	0	None	None
ChainingRodShaped	6017	2.04633	0.5	-42.8483	32.3505	0	-0.0138489	-0.999904	0	None	None
ChainingRodShaped	5409	4.36314	0.5	-26.6797	56.8415	0	-0.827009	-0.562189	0	None	None
ChainingRodShaped	5331	4.23816	0.5	-14.1081	25.3776	0	-0.116394	-0.993203	0	None	None
ChainingRodShaped	5637	2.88171	0.5	-18.4923	61.0774	0	-0.327644	-0.944801	0	None	None
ChainingRodShaped	5635	3.38877	0.5	33.9657	50.5356	0	0.909994	-0.414622	0	None	None
ChainingRodShaped	5949	2.37429	0.5	10.3253	52.6721	0	0.933169	0.359438	0	None	None
ChainingRodShaped	5915	2.46013	0.5	-34.1115	30.7836	0	-0.833312	-0.552804	0	None	None
ChainingRodShaped	5975	2.10563	0.5	5.30054	17.6505	0	0.791852	-0.610713	0	None	None
ChainingRodShaped	5319	4.49146	0.5	-7.24143	31.9605	0	-0.239509	-0.970894	0	None	None
ChainingRodShaped	4993	4.8422	0.5	29.6281	27.4678	0	0.0534542	-0.99857	0	None	None
ChainingRodShaped	5645	2.57398	0.5	-46.5312	36.0851	0	0.520169	-0.854064	0	None	None
ChainingRodShaped	5163	3.42558	0.5	3.10712	38.6438	0	-0.521827	-0.853051	0	None	None
ChainingRodShaped	5703	2.61008	0.5	46.6568	48.3218	0	-0.997679	0.0680854	0	None	None
ChainingRodShaped	5403	3.63498	0.5	38.1473	56.7042	0	0.999293	0.0375878	0	None	None
ChainingRodShaped	5333	3.95502	0.5	25.7853	27.0559	0	-0.594211	0.804309	0	None	None
ChainingRodShaped	5255	3.71387	0.5	-47.0725	43.5785	0	0.99234	0.123533	0	None	None
ChainingRodShaped	5783	2.6135	0.5	-3.30099	6.98266	0	-0.449266	0.893398	0	None	None
ChainingRodShaped	5477	3.95086	0.5	-17.9129	17.8969	0	-0.629348	-0.777124	0	None	None
ChainingRodShaped	5399	3.08701	0.5	-15.2108	41.6374	0	-0.438869	-0.898551	0	None	None
ChainingRodShaped	5579	3.63223	0.5	14.2576	28.2686	0	-0.647954	-0.76168	0	None	None
ChainingRodShaped	5379	4.45652	0.5	15.5633	16.5623	0	0.583295	-0.812261	0	None	None
ChainingRodShaped	5683	2.56982	0.5	-3.19939	55.2406	0	-0.577933	-0.816084	0	None	None
ChainingRodShaped	5529	3.384	0.5	19.331	28.5169	0	-0.994736	0.102466	0	None	None
ChainingRodShaped	5411	2.89612	0.5	13.8549	49.5764	0	-0.646655	0.762782	0	None	None
ChainingRodShaped	5485	3.5869	0.5	-32.4789	24.8648	0	0.939513	0.342514	0	None	None
ChainingRodShaped	5673	2.76741	0.5	-14.5276	11.8247	0	-0.952421	-0.304785	0	None	None
ChainingRodShaped	5631	2.88934	0.5	-0.575369	22.7721	0	-0.757496	-0.65284	0	None	None
ChainingRodShaped	5685	2.66509	0.5	-4.7174	19.9488	0	-0.812169	-0.583423	0	None	None
ChainingRodShaped	5393	4.35619	0.5	-7.1643	45.9854	0	-0.995486	-0.094905	0	None	None
ChainingRodShaped	5295	4.01725	0.5	-29.536	36.7473	0	0.370552	0.928812	0	None	None
ChainingRodShaped	5025	4.16847	0.5	-39.9703	54.7193	0	-0.828844	-0.55948	0	None	None
ChainingRodShaped	5193	4.96086	0.5	-22.4161	63.3316	0	-0.962632	0.270813	0	None	None
ChainingRodShaped	5413	4.49946	0.5	-6.85287	37.3308	0	-0.621479	-0.783431	0	None	None
ChainingRodShaped	5351	4.65003	0.5	4.68256	29.7091	0	-0.835466	-0.549542	0	None	None
ChainingRodShaped	5201	4.23144	0.5	43.9009	48.6409	0	-0.640198	0.76821	0	None	None
ChainingRodShaped	5371	3.49636	0.5	-40.1421	47.9007	0	-0.374031	-0.927416	0	None	None
ChainingRodShaped	5593	3.23733	0.5	-7.59467	12.3154	0	-0.997572	0.0696478	0	None	None
ChainingRodShaped	5943	2.32045	0.5	-11.9157	50.7183	0	-0.286854	-0.957974	0	None	None
ChainingRodShaped	5305	3.97417	0.5	16.4602	9.42624	0	0.895308	0.445447	0	None	None
ChainingRodShaped	5541	2.87416	0.5	38.7076	47.5378	0	0.796194	-0.605041	0	None	None
ChainingRodShaped	5577	3.76935	0.5	-26.2464	30.8279	0	0.219212	0.975677	0	None	None
ChainingRodShaped	5373	4.68724	0.5	-13.9161	37.5452	0	0.932895	-0.360147	0	None	None
ChainingRodShaped	5675	2.86157	0.5	3.68153	54.1205	0	-0.923903	-0.382628	0	None	None
ChainingRodShaped	5423	3.27566	0.5	-23.2087	14.7026	0	-0.448251	-0.893908	0	None	None
ChainingRodShaped	5929	2.29907	0.5	-18.5224	29.1024	0	0.0860795	-0.996288	0	None	None
ChainingRodShaped	5819	2.4357	0.5	-12.812	56.7261	0	0.51425	0.85764	0	None	None
ChainingRodShaped	4901	4.66175	0.5	-30.1323	56.8333	0	-0.822152	-0.569268	0	None	None
ChainingRodShaped	5811	2.6733	0.5	-28.1153	27.4805	0	0.390822	0.920466	0	None	None
ChainingRodShaped	5963	2.32785	0.5	11.0749	12.3744	0	0.995918	-0.0902594	0	None	None
ChainingRodShaped	4995	4.50776	0.5	-27.5743	50.3207	0	-0.689341	-0.724437	0	None	None
ChainingRodShaped	5571	3.88474	0.5	9.02861	37.4279	0	0.737378	0.67548	0	None	None
ChainingRodShaped	5709	3.03739	0.5	-23.5223	29.6699	0	-0.255061	-0.966925	0	None	None
ChainingRodShaped	5707	2.71199	0.5	-29.6975	60.4792	0	-0.308493	-0.951227	0	None	None
ChainingRodShaped	5691	2.98978	0.5	-7.20207	28.1095	0	-0.266197	-0.963919	0	None	None
ChainingRodShaped	5621	2.60365	0.5	-16.683	8.61158	0	-0.938469	0.345363	0	None	None
ChainingRodShaped	5699	2.71103	0.5	21.8761	39.4207	0	-0.789564	-0.613669	0	None	None
ChainingRodShaped	5847	2.81681	0.5	-4.40661	22.808	0	0.0686222	-0.997643	0	None	None
ChainingRodShaped	5603	3.62123	0.5	-17.1244	59.0454	0	-0.341088	-0.940031	0	None	None
ChainingRodShaped	5419	3.27917	0.5	-22.5624	39.8917	0	-0.601323	0.799006	0	None	None
ChainingRodShaped	5509	3.43076	0.5	-38.2422	42.6501	0	-0.0919625	0.995762	0	None	None
ChainingRodShaped	4949	4.14329	0.5	-17.6969	42.9889	0	-0.509364	-0.860551	0	None	None
ChainingRodShaped	5463	2.96642	0.5	-20.8176	9.11566	0	0.164505	0.986376	0	None	None
ChainingRodShaped	5105	3.77616	0.5	-7.36205	9.42515	0	-0.996489	0.0837256	0	None	None
ChainingRodShaped	5047	4.3259	0.5	2.64366	63.4221	0	-0.827911	0.560859	0	None	None
ChainingRodShaped	5239	4.29737	0.5	11.4095	30.5072	0	-0.849984	-0.526808	0	None	None
ChainingRodShaped	5395	3.54851	0.5	18.5849	24.6251	0	-0.983603	0.180347	0	None	None
ChainingRodShaped	5045	4.19614	0.5	25.4665	15.5162	0	0.0921783	0.995743	0	None	None
ChainingRodShaped	5451	4.07748	0.5	12.5447	38.1638	0	0.712943	0.701222	0	None	None
ChainingRodShaped	5639	3.62235	0.5	33.012	31.2991	0	0.30018	0.953883	0	None	None
ChainingRodShaped	5849	2.3188	0.5	20.4514	33.9291	0	0.762202	-0.647339	0	None	None
ChainingRodShaped	6045	2.00822	0.5	45.5833	45.9339	0	-0.999959	-0.00909098	0	None	None
ChainingRodShaped	5919	2.42462	0.5	17.3025	20.4173	0	-0.747932	0.663776	0	None	None
ChainingRodShaped	5853	2.59313	0.5	26.8184	34.8909	0	-0.0746269	-0.997212	0	None	None
ChainingRodShaped	5015	4.01346	0.5	-17.9092	25.3778	0	-0.103928	-0.994585	0	None	None
ChainingRodShaped	5785	2.73878	0.5	12.023	60.58	0	0.182058	0.983288	0	None	None
ChainingRodShaped	5835	2.60936	0.5	-18.3612	47.2569	0	0.52505	0.851071	0	None	None
ChainingRodShaped	5213	4.25716	0.5	22.8176	25.3889	0	-0.867487	0.497459	0	None	None
ChainingRodShaped	5041	4.45419	0.5	-9.17404	35.6146	0	-0.306738	-0.951794	0	None	None
ChainingRodShaped	5609	2.97253	0.5	4.6962	44.0176	0	-0.694628	-0.719369	0	None	None
ChainingRodShaped	5723	2.82782	0.5	4.93155	52.5418	0	0.921051	0.389441	0	None	None
ChainingRodShaped	6035	2.03383	0.5	-36.8092	39.745	0	0.00744049	0.999972	0	None	None
ChainingRodShaped	5101	4.83089	0.5	33.3982	45.3041	0	-0.537073	0.843536	0	None	None
ChainingRodShaped	5251	3.33678	0.5	-16.1956	23.3439	0	-0.0998237	-0.995005	0	None	None
ChainingRodShaped	5629	3.27943	0.5	35.9104	46.1799	0	-0.834693	0.550715	0	None	None
ChainingRodShaped	5361	3.06987	0.5	41.1846	37.847	0	-0.998641	-0.0521196	0	None	None
ChainingRodShaped	4668	4.78924	0.5	12.1581	46.4982	0	-0.560483	-0.828166	0	None	None
ChainingRodShaped	5391	3.08534	0.5	23.2614	43.9124	0	0.124829	0.992178	0	None	None
ChainingRodShaped	5753	2.52952	0.5	40.2621	43.8672	0	-0.771688	0.636002	0	None	None
ChainingRodShaped	5899	2.52591	0.5	4.99529	60.3156	0	-0.974375	-0.224931	0	None	None
ChainingRodShaped	5927	2.27096	0.5	-30.4445	15.3253	0	0.33837	0.941013	0	None	None
ChainingRodShaped	5067	4.06822	0.5	-34.8812	38.4244	0	0.342953	0.939353	0	None	None
ChainingRodShaped	4680	4.8498	0.5	-31.8828	21.0512	0	0.767708	-0.640799	0	None	None
ChainingRodShaped	5301	4.32081	0.5	-8.56438	5.2419	0	-0.698123	0.715978	0	None	None
ChainingRodShaped	5169	4.19389	0.5	-7.40825	52.9521	0	-0.258927	-0.965897	0	None	None
ChainingRodShaped	5995	2.12284	0.5	-39.2699	56.4074	0	-0.859455	-0.511211	0	None	None
ChainingRodShaped	5237	4.0507	0.5	21.6151	46.831	0	-0.975319	0.220799	0	None	None
ChainingRodShaped	5059	4.42888	0.5	-13.9897	58.9263	0	0.405682	0.914014	0	None	None
ChainingRodShaped	5247	4.7776	0.5	-23.5228	32.4904	0	0.401892	0.915687	0	None	None
ChainingRodShaped	5187	3.96025	0.5	-5.31844	44.2313	0	-0.998243	-0.0592543	0	None	None
ChainingRodShaped	5759	2.76658	0.5	33.3889	26.0472	0	0.493902	0.869518	0	None	None
ChainingRodShaped	5177	4.4929	0.5	10.9624	22.8921	0	-0.996568	-0.0827787	0	None	None
ChainingRodShaped	4700	4.95275	0.5	-19.7216	56.4269	0	-0.10809	-0.994141	0	None	None
ChainingRodShaped	5277	3.80322	0.5	3.94979	16.0648	0	0.691492	-0.722384	0	None	None
ChainingRodShaped	5777	2.85476	0.5	-0.920651	48.0238	0	0.999965	-0.00834918	0	None	None
ChainingRodShaped	5743	2.99443	0.5	33.5494	23.7496	0	0.31528	0.948999	0	None	None
ChainingRodShaped	5283	4.21575	0.5	26.4416	15.5654	0	0.0958758	0.995393	0	None	None
ChainingRodShaped	5297	3.46849	0.5	-5.40182	43.3222	0	-0.9976	-0.0692425	0	None	None
ChainingRodShaped	5435	3.0528	0.5	-1.3077	34.6442	0	0.0347581	-0.999396	0	None	None
ChainingRodShaped	5599	2.66161	0.5	-30.9914	59.6236	0	-0.298965	-0.954264	0	None	None
ChainingRodShaped	4716	4.98472	0.5	-18.5234	43.3945	0	0.51794	0.855417	0	None	None
ChainingRodShaped	5115	4.07674	0.5	-31.2638	41.4543	0	-0.441118	0.897449	0	None	None
ChainingRodShaped	5979	2.20414	0.5	-26.9716	44.5641	0	0.128569	0.991701	0	None	None
ChainingRodShaped	5481	3.71291	0.5	20.5886	36.3037	0	0.75443	-0.65638	0	None	None
ChainingRodShaped	5965	2.27925	0.5	14.3839	52.0436	0	-0.9383	-0.345822	0	None	None
ChainingRodShaped	5185	4.29068	0.5	-12.3807	52.5574	0	-0.278377	-0.960472	0	None	None
ChainingRodShaped	6023	2.07616	0.5	-42.5172	44.9201	0	0.350604	-0.936524	0	None	None
ChainingRodShaped	5109	4.41087	0.5	12.7482	40.8877	0	-0.726824	-0.686823	0	None	None
ChainingRodShaped	5643	2.77302	0.5	-17.616	60.603	0	-0.329848	-0.944034	0	None	None
ChainingRodShaped	5545	3.40318	0.5	4.8132	6.04923	0	-0.976327	-0.216298	0	None	None
ChainingRodShaped	5227	4.12856	0.5	-14.8455	17.1091	0	-0.60104	-0.799219	0	None	None
ChainingRodShaped	5433	3.16441	0.5	-17.9116	49.7212	0	0.547957	0.836506	0	None	None
ChainingRodShaped	5151	3.58462	0.5	-36.709	60.2753	0	-0.833768	-0.552115	0	None	None
ChainingRodShaped	5315	3.08859	0.5	-22.0171	14.927	0	0.440241	0.89788	0	None	None
ChainingRodShaped	5153	3.70272	0.5	11.1778	17.509	0	0.648026	-0.761619	0	None	None
ChainingRodShaped	5791	2.51098	0.5	37.7124	52.7316	0	-0.998955	-0.0457013	0	None	None
ChainingRodShaped	5329	4.76752	0.5	6.62556	59.685	0	-0.973083	-0.230453	0	None	None
ChainingRodShaped	5199	3.47814	0.5	-0.278099	16.3513	0	0.973037	-0.230649	0	None	None
ChainingRodShaped	6001	2.16424	0.5	31.4467	50.6134	0	0.91401	-0.405693	0	None	None
ChainingRodShaped	5459	4.00707	0.5	-7.1012	61.556	0	-0.266641	-0.963796	0	None	None
ChainingRodShaped	4756	4.69369	0.5	17.2352	38.8914	0	0.97808	-0.208231	0	None	None
ChainingRodShaped	5223	3.30647	0.5	10.3756	58.0584	0	-0.29962	-0.954059	0	None	None
ChainingRodShaped	5311	4.49461	0.5	30.2646	32.9454	0	0.252085	-0.967705	0	None	None
ChainingRodShaped	5779	2.39544	0.5	-16.8847	11.7015	0	0.679742	0.733451	0	None	None
ChainingRodShaped	5473	3.61072	0.5	-32.8921	50.4392	0	-0.448185	-0.893941	0	None	None
ChainingRodShaped	5537	3.45545	0.5	14.3027	53.0455	0	-0.940368	-0.34016	0	None	None
ChainingRodShaped	5349	4.6442	0.5	-16.1164	18.6448	0	-0.618773	-0.785569	0	None	None
ChainingRodShaped	5385	3.6965	0.5	25.7088	20.5098	0	-0.882346	0.470602	0	None	None
ChainingRodShaped	6037	2.01579	0.5	-48.1542	41.4365	0	0.814998	-0.579464	0	None	None
ChainingRodShaped	4774	4.73825	0.5	27.0706	26.898	0	-0.590275	0.807202	0	None	None
ChainingRodShaped	5997	2.21295	0.5	2.4372	39.3356	0	-0.529707	-0.848181	0	None	None
ChainingRodShaped	5303	3.60744	0.5	-3.92216	58.559	0	-0.263483	-0.964664	0	None	None
ChainingRodShaped	5431	3.57127	0.5	38.3115	55.7237	0	0.999377	0.0352804	0	None	None
ChainingRodShaped	5307	3.11974	0.5	-5.60282	37.1017	0	-0.736928	-0.675971	0	None	None
ChainingRodShaped	4784	4.98422	0.5	-23.6415	54.2864	0	-0.813961	-0.58092	0	None	None
ChainingRodShaped	5341	4.03694	0.5	16.7055	42.3785	0	-0.915539	0.40223	0	None	None
ChainingRodShaped	5733	2.75318	0.5	6.61358	17.8559	0	0.797204	-0.60371	0	None	None
ChainingRodShaped	5375	4.16962	0.5	-2.57801	9.82042	0	-0.453267	0.891375	0	None	None
ChainingRodShaped	6029	2.03173	0.5	-0.801297	25.8292	0	-0.203158	-0.979146	0	None	None
ChainingRodShaped	5357	3.86254	0.5	-6.57021	20.1966	0	-0.184377	-0.982856	0	None	None
ChainingRodShaped	5903	2.20756	0.5	-1.15837	20.0223	0	-0.866558	-0.499076	0	None	None
ChainingRodShaped	5717	2.94251	0.5	-44.4648	44.5848	0	0.344459	-0.938801	0	None	None
ChainingRodShaped	5765	2.70269	0.5	-16.8605	26.3053	0	-0.1088	-0.994064	0	None	None
ChainingRodShaped	4802	4.90815	0.5	-23.4949	65.4874	0	-0.948144	-0.31784	0	None	None
ChainingRodShaped	5987	2.22555	0.5	20.1304	16.0479	0	-0.999408	0.0344052	0	None	None
ChainingRodShaped	5325	4.22581	0.5	-22.4046	59.3213	0	-0.380591	-0.924744	0	None	None
ChainingRodShaped	5971	2.25196	0.5	-27.0543	15.8517	0	-0.996404	-0.0847325	0	None	None
ChainingRodShaped	5257	3.35913	0.5	-36.3904	22.4655	0	0.998113	-0.0614001	0	None	None
ChainingRodShaped	4812	4.44835	0.5	9.52906	19.8593	0	0.997169	0.0751914	0	None	None
ChainingRodShaped	5317	3.2357	0.5	-33.3185	32.4784	0	-0.994662	0.103182	0	None	None
ChainingRodShaped	4816	4.85625	0.5	30.0313	56.2008	0	0.93507	0.354463	0	None	None
ChainingRodShaped	5299	4.22249	0.5	-43.8811	34.3033	0	0.0234718	-0.999724	0	None	None
ChainingRodShaped	5833	2.82545	0.5	10.2041	45.3093	0	-0.473764	-0.880652	0	None	None
ChainingRodShaped	4822	4.3272	0.5	0.551477	25.1199	0	-0.712486	-0.701686	0	None	None
ChainingRodShaped	4824	4.70342	0.5	25.1724	22.9937	0	-0.882811	0.469728	0	None	None
ChainingRodShaped	4826	4.41564	0.5	12.8284	10.1054	0	0.989661	-0.143428	0	None	None
ChainingRodShaped	5933	2.47699	0.5	-9.27848	24.5412	0	-0.353835	-0.935308	0	None	None
ChainingRodShaped	5475	3.76361	0.5	16.8153	13.5228	0	0.754108	-0.65675	0	None	None
ChainingRodShaped	5823	2.806	0.5	12.4832	27.7664	0	-0.721602	-0.692308	0	None	None
ChainingRodShaped	5293	4.79089	0.5	2.32627	13.6363	0	0.954908	-0.296901	0	None	None
ChainingRodShaped	5657	3.40751	0.5	-11.5018	45.8628	0	-0.591964	-0.805964	0	None	None
ChainingRodShaped	4838	4.25792	0.5	8.96263	33.2802	0	0.983885	-0.178804	0	None	None
ChainingRodShaped	5601	3.00334	0.5	-40.0042	40.2369	0	0.0551556	-0.998478	0	None	None
ChainingRodShaped	5387	3.4053	0.5	-14.5178	29.7873	0	-0.12866	-0.991689	0	None	None
ChainingRodShaped	5429	3.29179	0.5	4.0202	8.82701	0	-0.994427	-0.105431	0	None	None
ChainingRodShaped	5313	4.82173	0.5	4.85984	31.2118	0	-0.770144	-0.63787	0	None	None
ChainingRodShaped	4848	4.49117	0.5	-25.4154	30.2683	0	0.222419	0.974951	0	None	None
ChainingRodShaped	5323	4.70681	0.5	3.78581	9.78755	0	0.99447	0.105018	0	None	None
ChainingRodShaped	5587	3.47154	0.5	-0.204686	52.7025	0	-0.950908	-0.309475	0	None	None
ChainingRodShaped	5589	3.81979	0.5	-25.7299	53.9816	0	-0.812234	-0.583332	0	None	None
ChainingRodShaped	5343	4.43055	0.5	-19.4012	64.7486	0	-0.95319	-0.302371	0	None	None
ChainingRodShaped	5499	3.99727	0.5	-27.9582	61.6589	0	-0.451764	-0.892138	0	None	None
ChainingRodShaped	5535	3.40361	0.5	1.40654	18.8896	0	0.943095	-0.332523	0	None	None
ChainingRodShaped	5465	4.15396	0.5	20.549	49.1034	0	-0.944685	-0.327978	0	None	None
ChainingRodShaped	5337	3.74673	0.5	-23.6366	25.2447	0	0.224719	0.974424	0	None	None
ChainingRodShaped	5585	3.46547	0.5	-20.0948	18.7359	0	-0.446666	-0.894701	0	None	None
ChainingRodShaped	5957	2.24699	0.5	50.0035	48.1668	0	-0.982006	-0.188847	0	None	None
ChainingRodShaped	5383	3.68742	0.5	-19.4189	36.0345	0	-0.889504	0.456928	0	None	None
ChainingRodShaped	4872	4.8837	0.5	6.25756	29.6563	0	-0.840916	-0.541165	0	None	None
ChainingRodShaped	6041	2.01153	0.5	-10.4207	56.7526	0	-0.254234	-0.967143	0	None	None
ChainingRodShaped	5893	2.52048	0.5	-2.90678	42.7948	0	-0.910438	-0.413645	0	None	None
ChainingRodShaped	5591	3.29919	0.5	-1.85115	10.5249	0	-0.444359	0.895849	0	None	None
ChainingRodShaped	5339	4.72126	0.5	0.875485	3.71339	0	-0.996493	0.083673	0	None	None
ChainingRodShaped	5359	3.51472	0.5	-38.1608	51.3244	0	-0.20559	-0.978638	0	None	None
ChainingRodShaped	5559	3.82045	0.5	-11.7209	29.4181	0	-0.174248	-0.984702	0	None	None
ChainingRodShaped	4886	4.12744	0.5	38.8808	49.2171	0	0.974134	-0.225973	0	None	None
ChainingRodShaped	5487	2.86929	0.5	-24.7838	46.4293	0	-0.148395	-0.988928	0	None	None
ChainingRodShaped	5653	2.64314	0.5	40.4809	51.1609	0	-0.824942	0.565217	0	None	None
ChainingRodShaped	5355	4.8017	0.5	-19.7011	48.6797	0	-0.518644	-0.85499	0	None	None
ChainingRodShaped	4894	4.07559	0.5	23.1702	36.5927	0	0.617228	-0.786785	0	None	None
ChainingRodShaped	5611	3.72091	0.5	-12.7171	47.3638	0	-0.579165	-0.81521	0	None	None
ChainingRodShaped	4898	4.70106	0.5	-39.9857	33.5122	0	0.388165	0.92159	0	None	None
ChainingRodShaped	5763	2.37971	0.5	-31.7544	28.2467	0	-0.942595	-0.333939	0	None	None
ChainingRodShaped	4902	4.1074	0.5	-26.4035	60.4338	0	-0.452955	-0.891534	0	None	None
ChainingRodShaped	5625	2.95962	0.5	-13.5579	39.4053	0	0.939915	-0.34141	0	None	None
ChainingRodShaped	6027	2.07075	0.5	-0.318145	41.0467	0	0.234154	0.972199	0	None	None
ChainingRodShaped	5497	3.39128	0.5	1.29734	57.3306	0	-0.945953	0.324305	0	None	None
ChainingRodShaped	5453	4.25813	0.5	-26.9728	25.2026	0	0.386827	0.922152	0	None	None
ChainingRodShaped	5421	3.37104	0.5	-33.9231	28.5094	0	-0.936767	-0.349954	0	None	None
ChainingRodShaped	5647	2.99175	0.5	-33.5291	47.5617	0	0.646709	0.762737	0	None	None
ChainingRodShaped	5427	3.94675	0.5	20.3807	31.4658	0	-0.754984	0.655743	0	None	None
ChainingRodShaped	6003	2.09985	0.5	28.2588	14.085	0	0.0942313	0.99555	0	None	None
ChainingRodShaped	5679	2.50245	0.5	-27.4765	17.9564	0	-0.321344	-0.946962	0	None	None
ChainingRodShaped	4922	4.60477	0.5	2.7106	45.8982	0	-0.996604	0.082344	0	None	None
ChainingRodShaped	6009	2.15735	0.5	31.8863	55.5744	0	0.818416	0.574626	0	None	None
ChainingRodShaped	5447	4.12603	0.5	14.5344	34.1366	0	0.977281	-0.211948	0	None	None
ChainingRodShaped	4928	4.00642	0.5	2.05671	40.4663	0	-0.538154	-0.842846	0	None	None
ChainingRodShaped	5489	3.44375	0.5	11.5683	54.128	0	0.941102	0.338123	0	None	None
ChainingRodShaped	5437	3.16744	0.5	-11.3586	13.5644	0	0.966025	0.258449	0	None	None
ChainingRodShaped	5575	2.67212	0.5	-7.74915	13.2859	0	-0.998021	0.0628772	0	None	None
ChainingRodShaped	5561	3.33274	0.5	1.0473	48.9675	0	0.999999	0.00165891	0	None	None
ChainingRodShaped	5773	2.56092	0.5	-17.3554	35.964	0	-0.89404	0.447986	0	None	None
ChainingRodShaped	5407	4.12182	0.5	46.7433	50.713	0	-0.92529	0.379259	0	None	None
ChainingRodShaped	5439	4.38875	0.5	19.3171	10.0732	0	0.453374	0.89132	0	None	None
ChainingRodShaped	6025	2.07375	0.5	-30.473	21.1446	0	0.768059	-0.64038	0	None	None
ChainingRodShaped	5875	2.53616	0.5	0.0659982	4.78487	0	-0.997035	0.0769508	0	None	None
ChainingRodShaped	4948	4.54638	0.5	21.4293	29.2326	0	-0.993662	0.11241	0	None	None
ChainingRodShaped	4950	4.8426	0.5	-14.8179	47.6401	0	-0.567901	-0.823097	0	None	None
ChainingRodShaped	4952	4.70633	0.5	-29.1862	31.1933	0	-0.940347	-0.340217	0	None	None
ChainingRodShaped	5607	2.68205	0.5	-16.1227	13.9602	0	0.672371	0.740214	0	None	None
ChainingRodShaped	4956	4.01754	0.5	-4.23541	35.9038	0	-0.754041	-0.656827	0	None	None
ChainingRodShaped	5505	3.59572	0.5	-22.9303	48.9344	0	-0.234865	0.972028	0	None	None
ChainingRodShaped	5551	3.24228	0.5	-46.3882	38.4262	0	0.318497	-0.947924	0	None	None
ChainingRodShaped	5539	2.88712	0.5	-24.2763	8.64585	0	-0.421417	0.906867	0	None	None
ChainingRodShaped	4964	4.64604	0.5	-15.0123	35.851	0	-0.896835	0.442364	0	None	None
ChainingRodShaped	5605	2.68736	0.5	-40.9282	36.2601	0	0.391574	-0.920147	0	None	None
ChainingRodShaped	5991	2.16119	0.5	-17.9604	53.989	0	-0.32899	-0.944333	0	None	None
ChainingRodShaped	4970	3.83048	0.5	-27.6478	46.7715	0	-0.999961	0.00878796	0	None	None
ChainingRodShaped	5493	4.0357	0.5	9.57408	27.6319	0	-0.698849	-0.715269	0	None	None
ChainingRodShaped	5671	2.72721	0.5	-2.86183	29.8663	0	0.0891426	-0.996019	0	None	None
ChainingRodShaped	5627	3.6698	0.5	-21.0483	23.9951	0	-0.242059	-0.970261	0	None	None
ChainingRodShaped	5665	2.55341	0.5	-11.2091	5.96441	0	0.168486	0.985704	0	None	None
ChainingRodShaped	4980	2.83303	0.5	-29.6197	14.7168	0	0.330998	0.943631	0	None	4979
ChainingRodShaped	4982	4.87025	0.5	24.1679	36.863	0	0.613859	-0.789415	0	None	None
ChainingRodShaped	5615	3.17318	0.5	5.7264	10.9733	0	0.994775	0.102096	0	None	None
ChainingRodShaped	5553	3.51505	0.5	48.0807	51.9763	0	-0.999856	-0.0169861	0	None	None
ChainingRodShaped	4988	4.95425	0.5	-8.06585	32.598	0	-0.238968	-0.971027	0	None	None
ChainingRodShaped	4990	4.34842	0.5	-23.2071	16.8223	0	-0.464957	-0.885333	0	None	None
ChainingRodShaped	4992	4.42343	0.5	-19.737	25.3133	0	-0.239992	-0.970775	0	None	None
ChainingRodShaped	5543	3.19787	0.5	28.611	31.8605	0	0.757526	-0.652804	0	None	None
ChainingRodShaped	4996	4.49547	0.5	-22.783	53.7386	0	-0.813532	-0.581521	0	None	None
ChainingRodShaped	4998	3.81594	0.5	14.8939	36.7102	0	0.933898	-0.357539	0	None	None
ChainingRodShaped	5913	2.34076	0.5	-35.9062	47.719	0	0.64671	0.762736	0	None	None
ChainingRodShaped	5623	3.20432	0.5	-12.1637	43.6477	0	-0.909842	-0.414954	0	None	None
ChainingRodShaped	5004	2.53528	0.5	-20.0991	35.3724	0	-0.882732	0.469877	0	4142	5003
ChainingRodShaped	5583	3.84468	0.5	33.2312	49.1417	0	0.994408	-0.105606	0	None	None
ChainingRodShaped	5008	3.70685	0.5	34.7911	41.0571	0	-0.390893	-0.920436	0	None	None
ChainingRodShaped	5010	3.97755	0.5	-28.6894	33.478	0	-0.964978	0.26233	0	None	None
ChainingRodShaped	5012	2.96959	0.5	20.5547	50.6521	0	0.999437	-0.0335443	0	4186	5011
ChainingRodShaped	5677	3.19322	0.5	-18.4577	39.2315	0	0.986831	-0.161754	0	None	None
ChainingRodShaped	5016	3.75572	0.5	-17.6617	30.1793	0	0.0960287	-0.995379	0	None	None
ChainingRodShaped	5695	2.97783	0.5	-47.8552	47.8552	0	0.159305	0.987229	0	None	None
ChainingRodShaped	5020	2.86105	0.5	36.798	34.6227	0	0.026489	-0.999649	0	4170	5019
ChainingRodShaped	5022	2.73369	0.5	5.58346	24.8873	0	0.697092	0.716982	0	4104	5021
ChainingRodShaped	5711	3.19654	0.5	-49.4139	38.4632	0	0.802142	-0.597134	0	None	None
ChainingRodShaped	5633	2.86161	0.5	-36.2737	56.7313	0	-0.704349	-0.709854	0	None	None
ChainingRodShaped	5028	2.76525	0.5	35.6216	30.2166	0	0.337103	-0.941468	0	5183	5027
ChainingRodShaped	5873	2.58365	0.5	-35.1252	52.3758	0	-0.71889	-0.695124	0	None	None
ChainingRodShaped	5617	3.20173	0.5	39.9852	41.5826	0	-0.790285	0.612739	0	None	None
ChainingRodShaped	5769	3.05946	0.5	-11.2652	60.4868	0	0.848393	0.529366	0	None	None
ChainingRodShaped	5797	2.70418	0.5	8.47681	55.0698	0	0.940836	0.338862	0	None	None
ChainingRodShaped	5729	2.5872	0.5	-9.63719	30.1316	0	-0.180848	-0.983511	0	None	None
ChainingRodShaped	5040	4.57398	0.5	10.2442	50.4937	0	-0.652362	-0.757908	0	None	None
ChainingRodShaped	5649	3.03854	0.5	-6.62179	39.1089	0	-0.624159	-0.781297	0	None	None
ChainingRodShaped	5595	3.39575	0.5	19.9742	21.8478	0	-0.264898	0.964276	0	None	None
ChainingRodShaped	5046	4.91903	0.5	21.264	9.61817	0	0.754965	0.655765	0	None	None
ChainingRodShaped	5048	4.06282	0.5	7.3725	62.9184	0	-0.970213	-0.242253	0	None	None
ChainingRodShaped	5050	4.52669	0.5	19.6079	19.683	0	-0.754533	0.656262	0	None	None
ChainingRodShaped	5669	2.85	0.5	46.2781	40.4788	0	-0.99732	-0.0731642	0	None	None
ChainingRodShaped	5713	2.58167	0.5	-25.3323	42.7866	0	0.139536	0.990217	0	None	None
ChainingRodShaped	5745	2.72343	0.5	41.6609	46.7486	0	-0.657923	0.753085	0	None	None
ChainingRodShaped	5058	2.68343	0.5	26.3632	45.4098	0	0.143892	0.989593	0	5261	5057
ChainingRodShaped	5060	4.28581	0.5	-15.9541	53.9574	0	0.329001	0.94433	0	None	None
ChainingRodShaped	5799	2.45828	0.5	-5.77005	29.8703	0	-0.232672	-0.972555	0	None	None
ChainingRodShaped	5855	2.75618	0.5	-14.1597	61.0003	0	0.434679	0.900585	0	None	None
ChainingRodShaped	5066	4.64789	0.5	23.9069	31.1528	0	0.806528	-0.591196	0	None	None
ChainingRodShaped	5795	2.4549	0.5	-35.9064	38.3983	0	0.333549	0.942733	0	None	None
ChainingRodShaped	5829	2.41788	0.5	-10.5895	40.2649	0	-0.909604	-0.415476	0	None	None
ChainingRodShaped	5072	3.90117	0.5	46.643	43.2227	0	-0.549672	-0.835381	0	None	None
ChainingRodShaped	5074	3.85009	0.5	-8.37037	56.8337	0	-0.248917	-0.968525	0	None	None
ChainingRodShaped	5076	4.33897	0.5	20.9402	15.0438	0	-0.999646	0.0265897	0	None	None
ChainingRodShaped	5781	2.73412	0.5	26.1167	37.5713	0	-0.139439	-0.990231	0	None	None
ChainingRodShaped	5080	3.99498	0.5	-32.687	17.4483	0	0.729072	-0.684437	0	None	None
ChainingRodShaped	5082	4.6112	0.5	32.4015	32.6168	0	0.293302	0.95602	0	None	None
ChainingRodShaped	5869	2.45274	0.5	4.29122	61.1635	0	-0.974608	-0.223917	0	None	None
ChainingRodShaped	5689	2.55183	0.5	20.9683	52.6863	0	-0.584156	-0.811641	0	None	None
ChainingRodShaped	5088	4.87054	0.5	12.5821	58.603	0	0.302974	0.952999	0	None	None
ChainingRodShaped	5877	2.35641	0.5	9.01095	21.7521	0	-0.996909	-0.0785598	0	None	None
ChainingRodShaped	5749	2.55775	0.5	7.52196	44.187	0	-0.472156	-0.881515	0	None	None
ChainingRodShaped	5925	2.40286	0.5	19.9556	17.0375	0	-0.999014	0.0443979	0	None	None
ChainingRodShaped	5096	4.82642	0.5	0.230389	15.2728	0	-0.972152	0.234351	0	None	None
ChainingRodShaped	5701	2.95757	0.5	24.5413	46.1951	0	0.134744	0.99088	0	None	None
ChainingRodShaped	5100	4.38538	0.5	-33.1861	16.5682	0	0.728477	-0.685071	0	None	None
ChainingRodShaped	5102	4.12758	0.5	37.3208	42.4843	0	-0.755174	0.655524	0	None	None
ChainingRodShaped	5104	2.45161	0.5	30.4848	42.7863	0	-0.574234	0.818692	0	5231	5103
ChainingRodShaped	5857	2.37377	0.5	-6.60294	7.29785	0	-0.492789	-0.870149	0	None	None
ChainingRodShaped	5961	2.31731	0.5	-4.82774	29.7536	0	-0.242391	-0.970179	0	None	None
ChainingRodShaped	5110	4.10566	0.5	16.6745	40.9866	0	-0.978376	0.206834	0	None	None
ChainingRodShaped	5973	2.11656	0.5	29.2308	21.1072	0	0.985717	-0.168409	0	None	None
ChainingRodShaped	5114	3.85953	0.5	0.216622	59.8162	0	-0.627211	0.778849	0	None	None
ChainingRodShaped	5801	2.55659	0.5	-31.3717	37.7238	0	0.248315	0.968679	0	None	None
ChainingRodShaped	5939	2.22971	0.5	-29.856	38.5941	0	0.473286	0.880909	0	None	None
ChainingRodShaped	6021	2.03691	0.5	3.19959	32.236	0	0.206723	-0.9784	0	None	None
ChainingRodShaped	5803	2.77567	0.5	21.9675	33.899	0	0.768636	-0.639686	0	None	None
ChainingRodShaped	5805	2.76373	0.5	7.48527	15.1329	0	0.999935	-0.0114417	0	None	None
ChainingRodShaped	5981	2.198	0.5	34.9062	24.7054	0	0.311802	0.950147	0	None	None
ChainingRodShaped	5128	4.6772	0.5	-32.2442	27.0357	0	-0.939499	-0.342551	0	None	None
ChainingRodShaped	5993	2.12825	0.5	-26.7125	13.0091	0	-0.602827	-0.797872	0	None	None
ChainingRodShaped	5887	2.48384	0.5	33.0255	18.6957	0	0.63976	0.768575	0	None	None
ChainingRodShaped	6015	2.13251	0.5	48.2985	43.6939	0	-0.65426	-0.75627	0	None	None
ChainingRodShaped	5813	2.76604	0.5	-38.7817	33.8936	0	0.386421	0.922322	0	None	None
ChainingRodShaped	5959	2.30329	0.5	43.8981	53.7944	0	-0.98669	0.162614	0	None	None
ChainingRodShaped	5140	3.86231	0.5	-18.7531	56.5264	0	-0.0992618	-0.995061	0	None	None
ChainingRodShaped	5142	3.87626	0.5	5.06239	50.505	0	0.927082	0.374858	0	None	None
ChainingRodShaped	5144	4.27727	0.5	-2.21492	34.2065	0	0.0247441	-0.999694	0	None	None
ChainingRodShaped	5999	2.12803	0.5	25.9098	57.529	0	-0.478395	0.878145	0	None	None
ChainingRodShaped	5727	2.53047	0.5	-41.439	47.2796	0	-0.376325	-0.926488	0	None	None
ChainingRodShaped	5150	4.07481	0.5	-28.0178	43.7931	0	0.122664	0.992448	0	None	None
ChainingRodShaped	5807	2.47487	0.5	-32.3595	62.6608	0	-0.757304	-0.653063	0	None	None
ChainingRodShaped	5755	2.5897	0.5	9.478	17.9037	0	0.694883	-0.719123	0	None	None
ChainingRodShaped	5156	3.53934	0.5	18.7108	45.5219	0	-0.669479	0.742831	0	None	None
ChainingRodShaped	5158	4.0175	0.5	19.2281	46.3311	0	-0.676874	0.736099	0	None	None
ChainingRodShaped	5160	3.39267	0.5	23.8167	25.8975	0	-0.862469	0.50611	0	None	None
ChainingRodShaped	5162	3.90754	0.5	4.51881	27.3416	0	-0.997118	0.0758682	0	None	None
ChainingRodShaped	5164	3.8347	0.5	5.70322	42.7736	0	-0.468986	-0.883205	0	None	None
ChainingRodShaped	5166	4.66602	0.5	-9.59504	8.71252	0	-0.900259	0.435355	0	None	None
ChainingRodShaped	5815	2.33545	0.5	-36.4442	25.4633	0	0.930921	0.365221	0	None	None
ChainingRodShaped	5761	3.02939	0.5	-6.22443	57.3813	0	-0.26085	-0.965379	0	None	None
ChainingRodShaped	5172	3.44646	0.5	8.45936	58.7204	0	-0.824198	-0.566302	0	None	None
ChainingRodShaped	5174	3.97645	0.5	-9.7816	7.72869	0	-0.89913	0.437682	0	None	None
ChainingRodShaped	5176	3.60907	0.5	-23.8624	36.0528	0	-0.95535	0.295475	0	None	None
ChainingRodShaped	5891	2.44372	0.5	15.3928	23.1464	0	-0.999447	0.0332533	0	None	None
ChainingRodShaped	5180	4.62787	0.5	-19.0442	44.2927	0	0.518739	0.854932	0	None	None
ChainingRodShaped	5182	3.54921	0.5	-25.6665	59.7559	0	-0.451243	-0.892401	0	None	None
ChainingRodShaped	5184	2.49395	0.5	33.2499	36.7741	0	0.343339	-0.939212	0	None	5183
ChainingRodShaped	5186	3.63588	0.5	-11.1573	57.8348	0	-0.25248	-0.967602	0	None	None
ChainingRodShaped	5188	4.51501	0.5	0.673467	45.0773	0	-0.998701	0.0509545	0	None	None
ChainingRodShaped	5941	2.18043	0.5	9.16094	41.4504	0	-0.725992	-0.687703	0	None	None
ChainingRodShaped	5917	2.31095	0.5	15.6232	26.9521	0	-0.995871	0.0907814	0	None	None
ChainingRodShaped	5851	2.77764	0.5	-21.863	64.9939	0	-0.950119	-0.311889	0	None	None
ChainingRodShaped	6013	2.07753	0.5	-0.157205	32.7877	0	-0.19053	-0.981681	0	None	None
ChainingRodShaped	5198	3.33632	0.5	11.1912	38.1241	0	0.719915	0.694062	0	None	None
ChainingRodShaped	5865	2.64181	0.5	-4.49142	16.6137	0	0.838736	0.544538	0	None	None
ChainingRodShaped	5202	4.64164	0.5	48.5591	46.9614	0	-0.999948	-0.0101739	0	None	None
ChainingRodShaped	5204	4.64251	0.5	-33.9265	56.3404	0	-0.698875	-0.715244	0	None	None
ChainingRodShaped	6039	2.01865	0.5	-15.9172	7.29009	0	-0.934967	0.354736	0	None	None
ChainingRodShaped	5825	2.65832	0.5	11.3104	7.02916	0	0.482685	-0.875794	0	None	None
ChainingRodShaped	5210	4.62573	0.5	7.14792	56.7251	0	-0.905217	-0.42495	0	None	None
ChainingRodShaped	5212	3.76154	0.5	-1.85217	20.6583	0	-0.861515	-0.507733	0	None	None
ChainingRodShaped	5901	2.25186	0.5	26.5822	23.5039	0	-0.930563	0.366133	0	None	None
ChainingRodShaped	5216	3.98737	0.5	38.5518	40.0997	0	-0.749606	0.661884	0	None	None
ChainingRodShaped	5218	3.48813	0.5	11.2145	48.5905	0	-0.609482	-0.7928	0	None	None
ChainingRodShaped	5923	2.3812	0.5	4.44957	11.9057	0	0.999799	0.0200512	0	None	None
ChainingRodShaped	6019	2.0625	0.5	31.8908	45.8795	0	-0.536827	0.843692	0	None	None
ChainingRodShaped	6047	2.00536	0.5	12.9424	62.6883	0	-0.889603	0.456735	0	None	None
ChainingRodShaped	5226	4.95586	0.5	-44.5447	48.1078	0	0.282322	-0.95932	0	None	None
ChainingRodShaped	5895	2.52088	0.5	-14.4154	19.2478	0	-0.61489	-0.788613	0	None	None
ChainingRodShaped	5230	4.41735	0.5	1.93481	60.7587	0	-0.627905	0.77829	0	None	None
ChainingRodShaped	5232	2.25474	0.5	34.4277	37.1887	0	-0.576554	0.817059	0	None	5231
ChainingRodShaped	5234	4.34559	0.5	-23.0814	60.2196	0	-0.384125	-0.923281	0	None	None
ChainingRodShaped	5236	3.97586	0.5	4.36907	24.9479	0	-0.707461	-0.706753	0	None	None
ChainingRodShaped	5238	4.07365	0.5	24.0505	48.416	0	-0.927661	-0.373424	0	None	None
ChainingRodShaped	5240	3.39108	0.5	15.7353	32.0154	0	-0.983076	0.183196	0	None	None
ChainingRodShaped	5242	3.54521	0.5	-34.2854	41.3779	0	0.862392	0.50624	0	None	None
ChainingRodShaped	5244	4.59856	0.5	-2.09416	55.1566	0	-0.573163	-0.819441	0	None	None
ChainingRodShaped	5246	3.50805	0.5	-16.8643	16.1414	0	-0.630734	-0.775999	0	None	None
ChainingRodShaped	5248	3.70693	0.5	-25.0593	27.5627	0	0.241045	0.970514	0	None	None
ChainingRodShaped	5250	4.36905	0.5	46.6966	55.7233	0	-0.870144	-0.492797	0	None	None
ChainingRodShaped	5983	2.13225	0.5	-15.6139	21.0409	0	-0.77591	-0.630844	0	None	None
ChainingRodShaped	5254	4.84314	0.5	8.80409	16.051	0	0.99978	-0.0209791	0	None	None
ChainingRodShaped	6011	2.09688	0.5	-46.6085	44.6284	0	0.992099	0.12546	0	None	None
ChainingRodShaped	5955	2.2561	0.5	-35.4952	19.2758	0	0.847499	0.530797	0	None	None
ChainingRodShaped	5260	3.45278	0.5	17.7357	42.9731	0	-0.919319	0.393514	0	None	None
ChainingRodShaped	5262	2.46013	0.5	25.3041	38.3672	0	0.149366	0.988782	0	None	5261
ChainingRodShaped	5264	4.13519	0.5	51.2097	54.21	0	-0.818195	0.574942	0	None	None
ChainingRodShaped	5266	3.38009	0.5	-13.8016	47.457	0	-0.571505	-0.820598	0	None	None
ChainingRodShaped	5268	4.57428	0.5	-35.6105	33.3537	0	-0.608313	-0.793697	0	None	None
ChainingRodShaped	5270	4.14918	0.5	-33.2883	60.0788	0	-0.633031	-0.774126	0	None	None
ChainingRodShaped	5272	4.38004	0.5	-15.5604	48.189	0	0.560181	0.82837	0	None	None
ChainingRodShaped	5274	4.65704	0.5	-4.82761	58.8645	0	-0.258596	-0.965986	0	None	None
ChainingRodShaped	5276	4.32187	0.5	-1.93439	61.6236	0	-0.330326	-0.943867	0	None	None
ChainingRodShaped	5278	4.06201	0.5	-0.593989	17.3783	0	0.974283	-0.225329	0	None	None
ChainingRodShaped	5280	3.53897	0.5	-6.14625	53.9479	0	-0.261181	-0.96529	0	None	None
ChainingRodShaped	5282	2.61062	0.5	21.7648	55.3155	0	-0.73439	0.678728	0	4160	5281
ChainingRodShaped	5284	3.39567	0.5	24.2455	11.0918	0	0.614114	0.789218	0	None	None
ChainingRodShaped	5286	3.26737	0.5	-43.1844	49.5121	0	0.677457	-0.735563	0	None	None
ChainingRodShaped	5288	4.7738	0.5	30.3511	16.2811	0	0.461953	0.886904	0	None	None
ChainingRodShaped	5290	4.71598	0.5	-21.7797	20.5274	0	-0.691301	-0.722567	0	None	None
ChainingRodShaped	5292	3.29682	0.5	5.46024	47.8879	0	0.698437	0.715671	0	None	None
ChainingRodShaped	5294	4.84332	0.5	-3.18798	13.8062	0	0.944512	0.328477	0	None	None
ChainingRodShaped	5296	4.36872	0.5	-26.3618	33.831	0	-0.963041	0.269354	0	None	None
ChainingRodShaped	5298	4.60924	0.5	-0.0867264	44.1767	0	-0.998853	0.0478779	0	None	None
ChainingRodShaped	5300	4.58835	0.5	-44.4601	39.3585	0	0.423389	-0.905948	0	None	None
ChainingRodShaped	5302	3.27404	0.5	-5.69171	5.93695	0	-0.886895	-0.46197	0	None	None
ChainingRodShaped	5304	4.3457	0.5	-2.48873	63.3033	0	-0.288757	-0.957403	0	None	None
ChainingRodShaped	5306	3.42567	0.5	13.9728	5.9655	0	0.16992	0.985458	0	None	None
ChainingRodShaped	5308	3.11971	0.5	-2.31264	40.7009	0	-0.236101	-0.971728	0	None	None
ChainingRodShaped	5310	4.34109	0.5	-43.33	39.2439	0	0.420547	-0.907271	0	None	None
ChainingRodShaped	5312	4.01108	0.5	28.7667	35.1823	0	-0.0881678	-0.996106	0	None	None
ChainingRodShaped	5314	4.09004	0.5	3.80999	33.8911	0	0.215269	-0.976555	0	None	None
ChainingRodShaped	5316	3.16413	0.5	-23.7205	9.75995	0	-0.423089	0.906088	0	None	None
ChainingRodShaped	5318	3.53353	0.5	-30.1625	32.901	0	-0.966572	0.256395	0	None	None
ChainingRodShaped	5320	4.85663	0.5	-4.72863	36.6706	0	-0.747843	-0.663875	0	None	None
ChainingRodShaped	5322	4.75253	0.5	35.3261	58.3582	0	0.738969	0.67374	0	None	None
ChainingRodShaped	5324	3.9879	0.5	-0.0902465	11.7551	0	0.31161	-0.95021	0	None	None
ChainingRodShaped	5326	3.10496	0.5	-20.9549	60.2978	0	-0.385612	-0.922661	0	None	None
ChainingRodShaped	5328	3.79773	0.5	18.2895	43.7793	0	-0.916909	0.399096	0	None	None
ChainingRodShaped	5330	4.92762	0.5	10.9805	62.9088	0	-0.217937	-0.975963	0	None	None
ChainingRodShaped	5332	3.42614	0.5	-13.5341	30.1235	0	-0.129562	-0.991571	0	None	None
ChainingRodShaped	5334	3.98703	0.5	28.1113	23.9536	0	-0.929212	0.369547	0	None	None
ChainingRodShaped	5336	3.61792	0.5	17.2351	17.9302	0	-0.462061	0.886848	0	None	None
ChainingRodShaped	5338	3.29953	0.5	-25.0075	21.305	0	0.0784454	0.996918	0	None	None
ChainingRodShaped	5340	4.82745	0.5	6.55267	4.14991	0	-0.992864	-0.11925	0	None	None
ChainingRodShaped	5342	3.67278	0.5	20.8421	42.3593	0	-0.761754	-0.647867	0	None	None
ChainingRodShaped	5344	3.36791	0.5	-14.6464	66.15	0	-0.942556	0.334049	0	None	None
ChainingRodShaped	5346	3.14989	0.5	9.86525	39.4777	0	-0.72845	-0.685099	0	None	None
ChainingRodShaped	5348	3.25872	0.5	21.5245	36.7198	0	0.749479	-0.662029	0	None	None
ChainingRodShaped	5350	4.46428	0.5	-12.2566	22.5372	0	-0.781132	-0.624366	0	None	None
ChainingRodShaped	5352	3.53466	0.5	8.77959	31.9592	0	-0.997263	-0.0739407	0	None	None
ChainingRodShaped	5354	3.48584	0.5	-12.1746	64.5236	0	0.397968	0.917399	0	None	None
ChainingRodShaped	5356	4.38404	0.5	-17.1233	53.5512	0	-0.33843	-0.940991	0	None	None
ChainingRodShaped	5358	3.75014	0.5	-5.31686	22.6441	0	0.058635	-0.998279	0	None	None
ChainingRodShaped	5360	4.37481	0.5	-36.062	55.5675	0	-0.704523	-0.709681	0	None	None
ChainingRodShaped	5362	3.99226	0.5	44.1699	39.5154	0	-0.971596	0.236645	0	None	None
ChainingRodShaped	5364	4.81664	0.5	11.0314	27.6313	0	-0.728505	-0.68504	0	None	None
ChainingRodShaped	5366	4.30867	0.5	-34.5916	20.9166	0	0.962349	-0.271818	0	None	None
ChainingRodShaped	5368	4.71051	0.5	-8.40246	60.4817	0	-0.269359	-0.96304	0	None	None
ChainingRodShaped	5370	2.19127	0.5	8.36824	39.363	0	0.722354	0.691524	0	4128	5369
ChainingRodShaped	5372	4.11436	0.5	-38.91	52.5079	0	-0.206824	-0.978378	0	None	None
ChainingRodShaped	5374	4.03376	0.5	-14.5769	36.6577	0	0.901218	-0.433367	0	None	None
ChainingRodShaped	5376	3.8476	0.5	0.529722	6.22235	0	-0.886231	0.463244	0	None	None
ChainingRodShaped	5378	3.06467	0.5	-20.5072	30.3111	0	-0.223046	-0.974808	0	None	None
ChainingRodShaped	5380	3.16761	0.5	13.8641	19.2873	0	0.997498	0.070688	0	None	None
ChainingRodShaped	5382	3.37544	0.5	-39.1656	42.3145	0	0.0820019	-0.996632	0	None	None
ChainingRodShaped	5384	4.30092	0.5	-15.0353	33.7352	0	-0.889512	0.456912	0	None	None
ChainingRodShaped	5386	4.37761	0.5	28.5755	18.1146	0	-0.146385	0.989228	0	None	None
ChainingRodShaped	5388	4.50997	0.5	-17.1857	32.7816	0	0.88226	-0.470762	0	None	None
ChainingRodShaped	5390	3.70385	0.5	-30.4028	57.827	0	-0.824467	-0.56591	0	None	None
ChainingRodShaped	5392	4.27895	0.5	20.5135	40.8509	0	0.768193	0.640219	0	None	None
ChainingRodShaped	5394	3.60942	0.5	-2.29022	46.1494	0	-0.999694	0.024756	0	None	None
ChainingRodShaped	5396	3.62819	0.5	22.8916	23.1134	0	-0.884692	0.466176	0	None	None
ChainingRodShaped	5398	3.2725	0.5	-30.4981	54.0253	0	-0.74128	-0.671196	0	None	None
ChainingRodShaped	5400	3.32917	0.5	-13.0826	45.2085	0	-0.581037	-0.813877	0	None	None
ChainingRodShaped	5402	3.37045	0.5	37.483	54.7116	0	0.999511	0.0312718	0	None	None
ChainingRodShaped	5404	4.48599	0.5	33.5104	55.5093	0	0.82196	0.569545	0	None	None
ChainingRodShaped	5406	4.65458	0.5	16.582	11.1246	0	0.99456	0.104163	0	None	None
ChainingRodShaped	5408	3.00316	0.5	50.1392	50.7448	0	-0.985882	0.167443	0	None	None
ChainingRodShaped	5410	4.00641	0.5	-24.0655	60.7748	0	-0.454477	-0.890759	0	None	None
ChainingRodShaped	5412	4.38397	0.5	17.0911	49.7835	0	-0.999435	0.0336216	0	None	None
ChainingRodShaped	5414	3.0212	0.5	-3.3764	40.2572	0	-0.226371	-0.974041	0	None	None
ChainingRodShaped	5416	2.1937	0.5	8.57045	34.3032	0	0.985042	-0.172313	0	None	5415
ChainingRodShaped	5418	4.47626	0.5	-26.1559	43.567	0	-0.134496	-0.990914	0	None	None
ChainingRodShaped	5420	3.0608	0.5	-19.461	37.5688	0	-0.988782	0.149364	0	None	None
ChainingRodShaped	5422	4.48772	0.5	-29.3127	30.1554	0	-0.940673	-0.339314	0	None	None
ChainingRodShaped	5424	4.44017	0.5	-21.0161	19.0134	0	-0.44949	-0.893286	0	None	None
ChainingRodShaped	5426	3.44487	0.5	39.3138	50.7734	0	-0.823505	0.567309	0	None	None
ChainingRodShaped	5428	3.46935	0.5	23.0119	30.6357	0	-0.807984	0.589204	0	None	None
ChainingRodShaped	5430	3.72894	0.5	8.02013	7.63218	0	-0.743656	0.668562	0	None	None
ChainingRodShaped	5432	3.75618	0.5	34.0017	54.6596	0	0.824678	0.565602	0	None	None
ChainingRodShaped	5434	4.04842	0.5	-20.3266	45.8317	0	0.516511	0.85628	0	None	None
ChainingRodShaped	5436	4.27733	0.5	-1.51321	40.1052	0	-0.238936	-0.971035	0	None	None
ChainingRodShaped	5438	2.9343	0.5	-13.5088	13.9472	0	0.669633	0.742692	0	None	None
ChainingRodShaped	5440	3.4439	0.5	16.351	7.74795	0	0.737616	0.675221	0	None	None
ChainingRodShaped	5442	4.47834	0.5	12.685	25.9191	0	-0.998024	-0.0628269	0	None	None
ChainingRodShaped	5444	2.9524	0.5	-19.3857	61.5098	0	-0.329588	-0.944125	0	None	None
ChainingRodShaped	5446	3.03753	0.5	-45.9425	40.211	0	0.421845	-0.906668	0	None	None
ChainingRodShaped	5448	3.73598	0.5	9.77429	35.0196	0	0.987673	-0.156534	0	None	None
ChainingRodShaped	5450	3.42391	0.5	-45.201	42.3847	0	0.990327	-0.138752	0	None	None
ChainingRodShaped	5452	3.77017	0.5	10.896	35.8075	0	0.986451	-0.164057	0	None	None
ChainingRodShaped	5454	4.23581	0.5	-28.6839	20.3157	0	0.334801	0.942289	0	None	None
ChainingRodShaped	5456	4.17281	0.5	11.4259	31.5849	0	-0.852045	-0.523469	0	None	None
ChainingRodShaped	5458	3.25352	0.5	26.0623	32.9433	0	0.640957	-0.767577	0	None	None
ChainingRodShaped	5460	3.61257	0.5	-5.16439	63.616	0	-0.778341	0.627841	0	None	None
ChainingRodShaped	5462	2.94665	0.5	46.0209	49.3697	0	-0.999685	0.0251015	0	None	None
ChainingRodShaped	5464	4.38881	0.5	-18.1656	5.91567	0	-0.874465	0.485089	0	None	None
ChainingRodShaped	5466	3.9486	0.5	22.4676	48.7918	0	-0.928102	-0.372327	0	None	None
ChainingRodShaped	5468	2.42639	0.5	-12.4336	31.1424	0	0.131639	0.991298	0	4214	5467
ChainingRodShaped	5470	2.9986	0.5	26.0044	18.6077	0	-0.998801	-0.0489637	0	None	None
ChainingRodShaped	5472	3.58241	0.5	-41.0234	52.6732	0	-0.782009	-0.623268	0	None	None
ChainingRodShaped	5474	3.15105	0.5	-29.9387	53.2548	0	-0.736073	-0.676902	0	None	None
ChainingRodShaped	5476	3.19264	0.5	14.0934	16.9619	0	0.582807	-0.812611	0	None	None
ChainingRodShaped	5478	4.132	0.5	-17.2798	21.9671	0	-0.0943256	-0.995541	0	None	None
ChainingRodShaped	5480	3.49727	0.5	-3.62309	28.2267	0	0.0990892	-0.995079	0	None	None
ChainingRodShaped	5482	3.39872	0.5	15.5372	38.0428	0	0.998665	-0.0516538	0	None	None
ChainingRodShaped	5484	4.22123	0.5	39.685	53.7964	0	-0.999293	-0.0376042	0	None	None
ChainingRodShaped	5486	4.03413	0.5	-36.4987	23.455	0	0.998126	-0.061197	0	None	None
ChainingRodShaped	5488	3.04138	0.5	-26.3366	48.7204	0	0.999395	0.0347705	0	None	None
ChainingRodShaped	5490	3.79317	0.5	7.30146	52.488	0	0.920882	0.389841	0	None	None
ChainingRodShaped	5492	2.86753	0.5	2.87372	48.0021	0	0.999932	0.0116631	0	None	None
ChainingRodShaped	5494	3.11228	0.5	13.0815	30.4768	0	-0.855206	-0.518287	0	None	None
ChainingRodShaped	5496	2.26314	0.5	-47.3712	50.9185	0	0.726372	0.687301	0	None	5495
ChainingRodShaped	5498	3.8982	0.5	4.32563	58.1583	0	-0.995379	-0.0960262	0	None	None
ChainingRodShaped	5500	3.87223	0.5	-27.7638	64.2343	0	-0.446009	-0.895028	0	None	None
ChainingRodShaped	5502	3.12944	0.5	-1.18015	49.9192	0	0.999976	0.00687993	0	None	None
ChainingRodShaped	5504	3.59853	0.5	-19.3598	14.7262	0	-0.668371	-0.743828	0	None	None
ChainingRodShaped	5506	3.89626	0.5	-23.2285	44.3502	0	0.180111	0.983646	0	None	None
ChainingRodShaped	5508	4.06612	0.5	25.4784	11.0353	0	0.622685	0.782473	0	None	None
ChainingRodShaped	5510	3.65871	0.5	-38.0848	38.2094	0	0.173187	0.984889	0	None	None
ChainingRodShaped	5512	2.92514	0.5	-7.81565	19.1775	0	-0.0524702	-0.998622	0	None	None
ChainingRodShaped	5514	2.79725	0.5	-41.4701	35.052	0	0.382348	-0.924018	0	None	None
ChainingRodShaped	5516	3.11179	0.5	-33.792	29.5933	0	-0.933222	-0.359301	0	None	None
ChainingRodShaped	5518	3.98967	0.5	0.401859	36.4728	0	0.158709	-0.987325	0	None	None
ChainingRodShaped	5520	3.42005	0.5	-33.1185	39.9025	0	0.468112	0.883669	0	None	None
ChainingRodShaped	5522	2.83292	0.5	-3.92548	45.2302	0	-0.999872	-0.0160186	0	None	None
ChainingRodShaped	5524	3.88329	0.5	-22.2499	44.5988	0	0.189938	0.981796	0	None	None
ChainingRodShaped	5526	3.99549	0.5	11.3403	11.293	0	0.989376	-0.145376	0	None	None
ChainingRodShaped	5528	2.16306	0.5	-32.2606	39.1273	0	-0.622437	-0.78267	0	None	5527
ChainingRodShaped	5530	4.07456	0.5	23.6802	27.1178	0	-0.846121	0.532991	0	None	None
ChainingRodShaped	5532	3.3587	0.5	-7.10644	39.9834	0	-0.629684	-0.776852	0	None	None
ChainingRodShaped	5534	3.02938	0.5	31.5175	53.1008	0	0.778052	-0.6282	0	None	None
ChainingRodShaped	5536	3.74273	0.5	-0.0593967	18.1965	0	0.975638	-0.219387	0	None	None
ChainingRodShaped	5538	3.92854	0.5	17.6404	54.2081	0	-0.630127	-0.776492	0	None	None
ChainingRodShaped	5540	3.25738	0.5	-21.2173	6.55726	0	-0.830262	0.557373	0	None	None
ChainingRodShaped	5542	3.10317	0.5	36.8101	47.69	0	0.448951	-0.893556	0	None	None
ChainingRodShaped	5544	3.82077	0.5	27.8561	35.7421	0	-0.0861311	-0.996284	0	None	None
ChainingRodShaped	5546	2.93616	0.5	7.64947	5.31981	0	-0.996763	-0.0803972	0	None	None
ChainingRodShaped	5548	2.34299	0.5	-6.61048	59.7229	0	-0.254506	-0.967071	0	None	5547
ChainingRodShaped	5550	3.49628	0.5	-24.5541	25.5914	0	0.237686	0.971342	0	None	None
ChainingRodShaped	5552	3.49287	0.5	-49.2589	40.8544	0	0.793774	-0.608213	0	None	None
ChainingRodShaped	5554	3.54172	0.5	52.5293	51.6462	0	-1	-0.000184027	0	None	None
ChainingRodShaped	5556	3.41038	0.5	-25.1168	12.4116	0	-0.211397	-0.9774	0	None	None
ChainingRodShaped	5558	3.35711	0.5	12.2458	17.7187	0	0.640466	-0.767986	0	None	None
ChainingRodShaped	5560	3.30015	0.5	-10.7724	33.7855	0	-0.332737	-0.94302	0	None	None
ChainingRodShaped	5562	3.93961	0.5	-3.56731	49.014	0	0.999917	-0.0128859	0	None	None
ChainingRodShaped	5564	3.31082	0.5	-35.1533	50.4698	0	-0.522002	-0.852944	0	None	None
ChainingRodShaped	5566	3.896	0.5	-35.9212	43.1925	0	0.630057	0.776549	0	None	None
ChainingRodShaped	5568	2.34952	0.5	-21.5035	30.2362	0	0.223045	0.974808	0	4182	5567
ChainingRodShaped	5570	3.62657	0.5	-10.4904	30.8044	0	-0.180873	-0.983507	0	None	None
ChainingRodShaped	5572	3.12518	0.5	5.98808	34.1347	0	0.61325	0.789889	0	None	None
ChainingRodShaped	5574	2.94855	0.5	0.587842	40.8094	0	0.23133	0.972875	0	None	None
ChainingRodShaped	5576	3.21577	0.5	-4.16678	14.4723	0	-0.941181	-0.337902	0	None	None
ChainingRodShaped	5578	3.08075	0.5	-27.4619	26.5381	0	0.383445	0.923564	0	None	None
ChainingRodShaped	5580	2.96451	0.5	17.6023	30.7773	0	-0.887445	-0.460913	0	None	None
ChainingRodShaped	5582	3.59557	0.5	21.4529	40.3261	0	0.785675	0.618639	0	None	None
ChainingRodShaped	5584	3.52899	0.5	29.2049	50.9723	0	0.682636	-0.730759	0	None	None
ChainingRodShaped	5586	3.10772	0.5	-19.0909	23.1217	0	-0.0966522	-0.995318	0	None	None
ChainingRodShaped	5588	3.8526	0.5	1.30156	52.1889	0	-0.947766	-0.318967	0	None	None
ChainingRodShaped	5590	2.95392	0.5	-22.4199	56.761	0	-0.639242	-0.769006	0	None	None
ChainingRodShaped	5592	3.61258	0.5	0.875736	7.25817	0	-0.859982	0.510325	0	None	None
ChainingRodShaped	5594	3.60617	0.5	-3.3227	12.7577	0	-0.94344	-0.331544	0	None	None
ChainingRodShaped	5596	2.84693	0.5	21.9741	19.1709	0	-0.456812	0.889563	0	None	None
ChainingRodShaped	5598	3.07782	0.5	20.847	25.1255	0	-0.94211	0.335303	0	None	None
ChainingRodShaped	5600	3.63406	0.5	-30.3627	63.502	0	-0.346353	-0.938104	0	None	None
ChainingRodShaped	5602	2.73101	0.5	-40.2506	44.0703	0	0.0615388	-0.998105	0	None	None
ChainingRodShaped	5604	3.58883	0.5	-15.2438	63.1945	0	-0.533285	-0.845936	0	None	None
ChainingRodShaped	5606	3.11611	0.5	-42.5164	39.8029	0	0.418229	-0.908342	0	None	None
ChainingRodShaped	5608	2.93948	0.5	-18.6818	11.1637	0	0.672374	0.740211	0	None	None
ChainingRodShaped	5610	3.26548	0.5	7.21638	46.9459	0	-0.829956	-0.557828	0	None	None
ChainingRodShaped	5612	2.68617	0.5	-10.8055	50.9463	0	-0.2261	-0.974104	0	None	None
ChainingRodShaped	5614	2.63397	0.5	33.0674	42.2344	0	-0.518098	0.855321	0	None	None
ChainingRodShaped	5616	2.71268	0.5	1.99058	11.4497	0	0.875613	-0.483014	0	None	None
ChainingRodShaped	5618	2.95636	0.5	40.861	39.6828	0	-0.842435	0.538798	0	None	None
ChainingRodShaped	5620	3.69035	0.5	-19.8166	17.1421	0	0.451408	0.892318	0	None	None
ChainingRodShaped	5622	2.70209	0.5	-13.3153	7.24443	0	-0.905457	0.424439	0	None	None
ChainingRodShaped	5624	3.27544	0.5	-9.83123	46.5703	0	-0.606086	-0.795399	0	None	None
ChainingRodShaped	5626	2.84194	0.5	-18.1586	40.1067	0	0.985163	-0.171621	0	None	None
ChainingRodShaped	5628	3.49101	0.5	-19.9618	28.4143	0	-0.230271	-0.973127	0	None	None
ChainingRodShaped	5630	3.12339	0.5	39.7533	45.6558	0	-0.999794	-0.0202773	0	None	None
ChainingRodShaped	5632	2.96985	0.5	2.22154	25.4543	0	-0.712567	-0.701604	0	None	None
ChainingRodShaped	5634	3.2988	0.5	-32.8089	59.1106	0	-0.630001	-0.776595	0	None	None
ChainingRodShaped	5636	3.17975	0.5	30.3652	52.716	0	0.738403	-0.67436	0	None	None
ChainingRodShaped	5638	2.76659	0.5	-16.7712	64.4334	0	-0.543451	-0.839441	0	None	None
ChainingRodShaped	5640	3.59547	0.5	33.093	28.2757	0	0.296376	0.955071	0	None	None
ChainingRodShaped	5642	2.97925	0.5	-29.9502	23.3734	0	-0.0555488	0.998456	0	None	None
ChainingRodShaped	5644	2.54404	0.5	-15.9891	63.8416	0	-0.538329	-0.842735	0	None	None
ChainingRodShaped	5646	2.74801	0.5	-48.4507	38.9898	0	0.801601	-0.597859	0	None	None
ChainingRodShaped	5648	3.5171	0.5	-36.2163	44.3287	0	0.631654	0.775251	0	None	None
ChainingRodShaped	5650	3.2972	0.5	-4.79434	40.774	0	0.151278	-0.988491	0	None	None
ChainingRodShaped	5652	3.44753	0.5	-24.1247	44.5031	0	0.170255	0.9854	0	None	None
ChainingRodShaped	5654	3.49668	0.5	43.0351	48.1542	0	-0.646047	0.763298	0	None	None
ChainingRodShaped	5656	3.40559	0.5	42.3813	41.3732	0	-0.890447	0.455087	0	None	None
ChainingRodShaped	5658	2.63115	0.5	-9.08751	49.0062	0	-0.63023	-0.776408	0	None	None
ChainingRodShaped	5660	3.53951	0.5	3.46187	15.1909	0	0.691569	-0.722311	0	None	None
ChainingRodShaped	5662	3.52354	0.5	-18.86	38.3808	0	-0.988165	0.153396	0	None	None
ChainingRodShaped	5664	3.00145	0.5	-11.3823	62.6758	0	0.850834	0.525435	0	None	None
ChainingRodShaped	5666	3.29883	0.5	-9.13093	4.41257	0	-0.696063	0.71798	0	None	None
ChainingRodShaped	5668	2.77569	0.5	-42.1066	54.4949	0	-0.758008	-0.652245	0	None	None
ChainingRodShaped	5670	3.4153	0.5	48.8861	42.7437	0	-0.728248	-0.685313	0	None	None
ChainingRodShaped	5672	3.45401	0.5	-3.11546	33.8849	0	0.0241769	-0.999708	0	None	None
ChainingRodShaped	5674	2.74558	0.5	-11.2046	12.3301	0	-0.889151	-0.457613	0	None	None
ChainingRodShaped	5676	3.31187	0.5	7.39581	55.7639	0	-0.90708	-0.420958	0	None	None
ChainingRodShaped	5678	3.02557	0.5	-21.0683	41.7111	0	0.370533	-0.928819	0	None	None
ChainingRodShaped	5680	2.64579	0.5	-26.2834	21.3134	0	-0.321245	-0.946996	0	None	None
ChainingRodShaped	5682	2.89327	0.5	-23.1474	22.1492	0	-0.629476	-0.77702	0	None	None
ChainingRodShaped	5684	2.52171	0.5	-1.25706	58.1786	0	-0.535512	-0.844527	0	None	None
ChainingRodShaped	5686	3.31126	0.5	-2.37251	22.8145	0	-0.27248	-0.962162	0	None	None
ChainingRodShaped	5688	2.85507	0.5	36.8999	44.148	0	-0.756201	0.654339	0	None	None
ChainingRodShaped	5690	3.01075	0.5	22.9159	51.5601	0	-0.99929	0.037668	0	None	None
ChainingRodShaped	5692	3.1812	0.5	-6.23609	32.0533	0	-0.238903	-0.971043	0	None	None
ChainingRodShaped	5694	3.05592	0.5	6.08672	41.0742	0	-0.708381	-0.70583	0	None	None
ChainingRodShaped	5696	3.26174	0.5	-49.8698	45.2934	0	0.997753	0.0669999	0	None	None
ChainingRodShaped	5698	3.32403	0.5	-9.48266	52.4153	0	-0.247553	-0.968874	0	None	None
ChainingRodShaped	5700	3.30924	0.5	24.6656	40.593	0	-0.158517	-0.987356	0	None	None
ChainingRodShaped	5702	2.64958	0.5	21.6513	44.6156	0	0.640116	0.768278	0	None	None
ChainingRodShaped	5704	3.05854	0.5	50.1665	49.2131	0	-0.982258	-0.187537	0	None	None
ChainingRodShaped	5706	3.03054	0.5	-22.7501	38.5996	0	-0.593294	0.804986	0	None	None
ChainingRodShaped	5708	2.4749	0.5	-29.0948	63.8196	0	-0.421803	-0.906687	0	None	None
ChainingRodShaped	5710	3.29824	0.5	-22.0378	33.4929	0	-0.415039	-0.909804	0	None	None
ChainingRodShaped	5712	2.63702	0.5	-51.5743	41.5521	0	0.385304	-0.92279	0	None	None
ChainingRodShaped	5714	3.09334	0.5	-25.5215	39.0426	0	-0.0780274	0.996951	0	None	None
ChainingRodShaped	5716	3.06474	0.5	-12.9355	41.2755	0	0.916911	0.399092	0	None	None
ChainingRodShaped	5718	2.89331	0.5	-45.8492	47.1529	0	-0.0945114	-0.995524	0	None	None
ChainingRodShaped	5720	2.98115	0.5	14.6901	58.7683	0	0.864443	0.502731	0	None	None
ChainingRodShaped	5722	2.77352	0.5	-15.6851	60.106	0	0.349314	0.937006	0	None	None
ChainingRodShaped	5724	2.43946	0.5	1.55804	51.257	0	0.950909	0.309472	0	None	None
ChainingRodShaped	5726	3.15041	0.5	-6.73482	26.2753	0	-0.256541	-0.966533	0	None	None
ChainingRodShaped	5728	2.9658	0.5	-40.2814	50.8214	0	-0.216597	-0.976261	0	None	None
ChainingRodShaped	5730	2.42217	0.5	-8.81392	33.4795	0	-0.248677	-0.968587	0	None	None
ChainingRodShaped	5732	2.48482	0.5	48.2447	52.9692	0	-0.999865	-0.0164052	0	None	None
ChainingRodShaped	5734	2.64913	0.5	3.83174	20.0011	0	0.936923	-0.349535	0	None	None
ChainingRodShaped	5736	3.20302	0.5	-16.289	50.4709	0	0.543502	0.839408	0	None	None
ChainingRodShaped	5738	2.46523	0.5	-9.04906	39.9587	0	-0.914988	-0.403481	0	None	None
ChainingRodShaped	5740	3.13359	0.5	-1.55358	30.6323	0	-0.215015	-0.976611	0	None	None
ChainingRodShaped	5742	3.14794	0.5	19.1581	14.101	0	0.999871	-0.0160531	0	None	None
ChainingRodShaped	5744	2.89141	0.5	33.0283	20.2516	0	0.640761	0.76774	0	None	None
ChainingRodShaped	5746	2.5025	0.5	43.7861	44.0818	0	-0.866416	0.499323	0	None	None
ChainingRodShaped	5748	2.74504	0.5	13.696	36.1412	0	0.930276	-0.36686	0	None	None
ChainingRodShaped	5750	3.09951	0.5	7.9129	46.291	0	-0.828652	-0.559765	0	None	None
ChainingRodShaped	5752	2.91732	0.5	-21.6016	52.2697	0	-0.81823	-0.574892	0	None	None
ChainingRodShaped	5754	2.80306	0.5	43.3726	41.997	0	-0.883021	0.469333	0	None	None
ChainingRodShaped	5756	2.73671	0.5	7.1381	18.6496	0	0.794985	-0.606629	0	None	None
ChainingRodShaped	5758	2.48437	0.5	-5.72996	26.4742	0	-0.246863	-0.96905	0	None	None
ChainingRodShaped	5760	3.02078	0.5	31.9009	22.5104	0	0.438234	0.898861	0	None	None
ChainingRodShaped	5762	2.49816	0.5	-5.27304	60.988	0	-0.248923	-0.968523	0	None	None
ChainingRodShaped	5764	2.40965	0.5	-28.5873	29.4025	0	-0.940689	-0.339269	0	None	None
ChainingRodShaped	5766	2.99953	0.5	-16.7033	30.0665	0	0.0951653	-0.995461	0	None	None
ChainingRodShaped	5768	2.70831	0.5	17.0664	45.9682	0	-0.662014	0.749492	0	None	None
ChainingRodShaped	5770	3.06595	0.5	-13.5088	57.4103	0	0.505661	0.862732	0	None	None
ChainingRodShaped	5772	2.07284	0.5	-35.4293	31.0709	0	-0.829577	-0.558392	0	None	5771
ChainingRodShaped	5774	2.59941	0.5	-14.1902	34.3743	0	-0.892368	0.451308	0	None	None
ChainingRodShaped	5776	2.76181	0.5	4.90918	56.7671	0	-0.907132	-0.420847	0	None	None
ChainingRodShaped	5778	2.54388	0.5	-4.57869	48.0768	0	0.999962	-0.00873564	0	None	None
ChainingRodShaped	5780	2.73458	0.5	-19.1811	9.029	0	0.618661	0.785658	0	None	None
ChainingRodShaped	5782	2.98147	0.5	26.743	41.4856	0	-0.154286	-0.988026	0	None	None
ChainingRodShaped	5784	2.43192	0.5	-2.53503	3.82212	0	0.287188	0.957874	0	None	None
ChainingRodShaped	5786	2.68953	0.5	11.0766	57.0237	0	0.293432	0.95598	0	None	None
ChainingRodShaped	5788	2.51344	0.5	-22.0292	53.1191	0	-0.815967	-0.578098	0	None	None
ChainingRodShaped	5790	2.82801	0.5	-28.8617	44.4052	0	0.112732	0.993625	0	None	None
ChainingRodShaped	5792	2.94305	0.5	41.4207	52.8691	0	-0.998352	-0.057385	0	None	None
ChainingRodShaped	5794	2.46263	0.5	42.5033	47.2747	0	0.652073	-0.758156	0	None	None
ChainingRodShaped	5796	2.79537	0.5	-37.0906	34.7059	0	0.57728	0.816546	0	None	None
ChainingRodShaped	5798	2.57899	0.5	5.17069	53.6921	0	0.921485	0.388413	0	None	None
ChainingRodShaped	5800	2.37991	0.5	-4.89686	32.9537	0	0.00414885	-0.999991	0	None	None
ChainingRodShaped	5802	2.33086	0.5	-32.4643	34.4997	0	0.347117	0.937822	0	None	None
ChainingRodShaped	5804	2.96559	0.5	19.0796	36.3874	0	0.747829	-0.663891	0	None	None
ChainingRodShaped	5806	2.46124	0.5	4.58952	16.7884	0	0.693643	-0.720319	0	None	None
ChainingRodShaped	5808	2.81081	0.5	-31.8462	64.4018	0	-0.767067	-0.641568	0	None	None
ChainingRodShaped	5810	2.84628	0.5	-34.9885	60.2242	0	-0.835286	-0.549815	0	None	None
ChainingRodShaped	5812	2.89767	0.5	-28.984	23.9019	0	-0.0313547	0.999508	0	None	None
ChainingRodShaped	5814	2.45779	0.5	-40.1738	30.6837	0	0.627982	0.778228	0	None	None
ChainingRodShaped	5816	2.47224	0.5	-39.6288	24.4359	0	0.993721	0.111885	0	None	None
ChainingRodShaped	5818	2.33835	0.5	1.29361	30.5714	0	-0.209244	-0.977864	0	None	None
ChainingRodShaped	5820	2.87953	0.5	-14.0831	53.3541	0	0.286135	0.958189	0	None	None
ChainingRodShaped	5822	2.80916	0.5	-10.7528	15.8398	0	0.385269	0.922804	0	None	None
ChainingRodShaped	5824	2.53145	0.5	14.7565	30.3548	0	-0.855738	-0.51741	0	None	None
ChainingRodShaped	5826	2.57501	0.5	8.83144	9.48685	0	0.744423	-0.667708	0	None	None
ChainingRodShaped	5828	2.44037	0.5	-12.9797	8.1704	0	-0.907032	0.421062	0	None	None
ChainingRodShaped	5830	2.82734	0.5	-7.31862	41.7616	0	-0.915115	-0.403192	0	None	None
ChainingRodShaped	5832	2.47123	0.5	-5.5941	11.2115	0	-0.997964	0.0637841	0	None	None
ChainingRodShaped	5834	2.38975	0.5	12.169	48.273	0	-0.601514	-0.798862	0	None	None
ChainingRodShaped	5836	2.40323	0.5	-20.1142	44.319	0	0.510176	0.86007	0	None	None
ChainingRodShaped	5838	2.56805	0.5	23.1613	19.0126	0	-0.459495	0.88818	0	None	None
ChainingRodShaped	5840	2.48861	0.5	-24.7959	55.856	0	-0.815738	-0.578422	0	None	None
ChainingRodShaped	5842	2.52662	0.5	2.99346	54.8798	0	-0.927444	-0.373962	0	None	None
ChainingRodShaped	5844	2.16843	0.5	-2.66815	47.0879	0	-0.999899	0.0142245	0	4162	5843
ChainingRodShaped	5846	2.4684	0.5	-34.8851	25.0102	0	0.932922	0.36008	0	None	None
ChainingRodShaped	5848	2.79996	0.5	-4.59727	26.5354	0	-0.0763752	-0.997079	0	None	None
ChainingRodShaped	5850	2.59502	0.5	17.8883	36.1788	0	0.750541	-0.660824	0	None	None
ChainingRodShaped	5852	2.51313	0.5	-18.4036	66.1026	0	-0.95356	-0.301204	0	None	None
ChainingRodShaped	5854	2.37132	0.5	27.1403	38.2894	0	-0.129494	-0.99158	0	None	None
ChainingRodShaped	5856	2.53972	0.5	-15.5744	57.6864	0	0.383373	0.923594	0	None	None
ChainingRodShaped	5858	2.357	0.5	-4.99887	8.14332	0	-0.484063	-0.875033	0	None	None
ChainingRodShaped	5860	2.63755	0.5	7.04228	7.21209	0	-0.74265	0.66968	0	None	None
ChainingRodShaped	5862	2.55531	0.5	20.1857	27.4782	0	-0.995406	0.095741	0	None	None
ChainingRodShaped	5864	2.66384	0.5	30.5533	28.5303	0	0.0584656	-0.998289	0	None	None
ChainingRodShaped	5866	2.42155	0.5	-8.01043	15.1057	0	0.937433	0.348166	0	None	None
ChainingRodShaped	5868	2.44014	0.5	3.6447	25.5382	0	-0.708913	-0.705296	0	None	None
ChainingRodShaped	5870	2.31905	0.5	7.57509	61.9464	0	-0.969198	-0.246282	0	None	None
ChainingRodShaped	5872	2.38131	0.5	8.68099	42.2915	0	-0.721402	-0.692517	0	None	None
ChainingRodShaped	5874	2.55648	0.5	-32.2876	54.3812	0	-0.942028	-0.335535	0	None	None
ChainingRodShaped	5876	2.46809	0.5	4.00439	4.83612	0	-0.971157	-0.238442	0	None	None
ChainingRodShaped	5878	2.33909	0.5	12.2997	22.0246	0	-0.996634	-0.0819799	0	None	None
ChainingRodShaped	5880	2.63217	0.5	31.1328	45.2793	0	-0.53663	0.843817	0	None	None
ChainingRodShaped	5882	2.35591	0.5	-0.82317	29.7008	0	-0.224782	-0.974409	0	None	None
ChainingRodShaped	5884	2.64455	0.5	35.0541	27.5956	0	-0.616982	0.786977	0	None	None
ChainingRodShaped	5886	2.49132	0.5	-35.3297	42.3994	0	0.623606	0.781739	0	None	None
ChainingRodShaped	5888	2.49808	0.5	31.1924	15.753	0	0.462168	0.886792	0	None	None
ChainingRodShaped	5890	2.55448	0.5	27.9522	42.904	0	0.170786	-0.985308	0	None	None
ChainingRodShaped	5892	2.58197	0.5	17.2948	23.9149	0	-0.981748	0.190185	0	None	None
ChainingRodShaped	5894	2.26246	0.5	0.35127	43.2011	0	-0.999282	0.0378795	0	None	None
ChainingRodShaped	5896	2.27773	0.5	-12.0224	21.5524	0	-0.774861	-0.632132	0	None	None
ChainingRodShaped	5898	2.22416	0.5	-24.9131	34.402	0	-0.961066	0.276319	0	None	None
ChainingRodShaped	5900	2.5709	0.5	8.41553	61.1425	0	-0.968597	-0.248638	0	None	None
ChainingRodShaped	5902	2.57079	0.5	29.4144	22.2465	0	-0.99991	0.0134264	0	None	None
ChainingRodShaped	5904	2.51828	0.5	1.4445	21.9855	0	-0.699643	-0.714492	0	None	None
ChainingRodShaped	5906	2.56781	0.5	8.01953	8.92742	0	0.742626	-0.669706	0	None	None
ChainingRodShaped	5908	2.44529	0.5	0.867277	8.47202	0	-0.836326	0.548233	0	None	None
ChainingRodShaped	5910	2.35931	0.5	-15.1564	5.88405	0	-0.917305	0.398186	0	None	None
ChainingRodShaped	5912	2.30175	0.5	-10.4985	21.4584	0	-0.383059	-0.923724	0	None	None
ChainingRodShaped	5914	2.30352	0.5	-38.3074	45.527	0	0.874671	0.484718	0	None	None
ChainingRodShaped	5916	2.22535	0.5	-31.1276	31.5074	0	-0.939571	-0.342354	0	None	None
ChainingRodShaped	5918	2.27994	0.5	18.8767	26.6348	0	-0.995871	0.0907785	0	None	None
ChainingRodShaped	5920	2.30939	0.5	19.0083	18.3427	0	-0.951287	0.308307	0	None	None
ChainingRodShaped	5922	2.24407	0.5	-4.64106	52.2259	0	-0.25027	-0.968176	0	None	None
ChainingRodShaped	5924	2.2164	0.5	1.49676	12.889	0	0.952472	-0.304625	0	None	None
ChainingRodShaped	5926	2.49824	0.5	23.3696	16.9137	0	-0.999513	0.0312149	0	None	None
ChainingRodShaped	5928	2.51116	0.5	-31.3219	12.0772	0	0.191258	0.98154	0	None	None
ChainingRodShaped	5930	2.43897	0.5	-19.2987	32.2282	0	0.488048	-0.872817	0	None	None
ChainingRodShaped	5932	2.29387	0.5	32.2013	36.7463	0	-0.323705	0.946158	0	None	None
ChainingRodShaped	5934	2.37436	0.5	-8.26793	27.7298	0	-0.302583	-0.953123	0	None	None
ChainingRodShaped	5936	2.36948	0.5	1.3078	36.6474	0	0.160582	-0.987023	0	None	None
ChainingRodShaped	5938	2.25827	0.5	-13.8741	16.5433	0	0.688026	0.725686	0	None	None
ChainingRodShaped	5940	2.24582	0.5	-31.0126	35.6051	0	0.361245	0.932471	0	None	None
ChainingRodShaped	5942	2.19174	0.5	11.4509	43.4511	0	-0.991629	0.129122	0	None	None
ChainingRodShaped	5944	2.14352	0.5	-11.0712	53.7833	0	-0.248937	-0.96852	0	None	None
ChainingRodShaped	5946	2.34761	0.5	-11.1237	61.7031	0	0.850646	0.525738	0	None	None
ChainingRodShaped	5948	2.28973	0.5	-5.14824	18.462	0	-0.827684	-0.561194	0	None	None
ChainingRodShaped	5950	2.3561	0.5	7.79678	50.8202	0	0.446276	0.894895	0	None	None
ChainingRodShaped	5952	2.17705	0.5	-3.8208	15.8834	0	-0.8428	-0.538228	0	None	None
ChainingRodShaped	5954	2.38017	0.5	-34.902	27.1062	0	-0.938302	-0.345818	0	None	None
ChainingRodShaped	5956	2.22746	0.5	-36.6469	17.258	0	0.79429	0.607539	0	None	None
ChainingRodShaped	5958	2.16054	0.5	53.0295	49.0015	0	-0.867561	-0.49733	0	None	None
ChainingRodShaped	5960	2.26656	0.5	47.0035	54.0358	0	-0.997299	0.0734469	0	None	None
ChainingRodShaped	5962	2.1219	0.5	-3.99439	32.7475	0	0.014188	-0.999899	0	None	None
ChainingRodShaped	5964	2.23089	0.5	7.71031	12.1998	0	0.990214	0.13956	0	None	None
ChainingRodShaped	5966	2.142	0.5	17.1858	51.7136	0	-0.999748	0.0224697	0	None	None
ChainingRodShaped	5968	2.31844	0.5	14.476	44.0881	0	-0.962927	-0.269761	0	None	None
ChainingRodShaped	5970	2.26116	0.5	-0.857378	55.2533	0	-0.574266	-0.818669	0	None	None
ChainingRodShaped	5972	2.28176	0.5	-24.7679	17.4282	0	-0.90122	-0.433361	0	None	None
ChainingRodShaped	5974	2.27976	0.5	26.3671	21.2578	0	0.883405	-0.468611	0	None	None
ChainingRodShaped	5976	2.1041	0.5	2.84999	19.3658	0	0.939723	-0.341937	0	None	None
ChainingRodShaped	5978	2.10145	0.5	-24.5268	35.271	0	-0.958264	0.285883	0	None	None
ChainingRodShaped	5980	2.11941	0.5	-27.4007	41.4384	0	0.133182	0.991092	0	None	None
ChainingRodShaped	5982	2.17009	0.5	34.9182	21.6194	0	-0.124332	0.992241	0	None	None
ChainingRodShaped	5984	2.25623	0.5	-13.1476	23.0413	0	-0.778113	-0.628124	0	None	None
ChainingRodShaped	5986	2.18899	0.5	9.08048	10.5542	0	0.741599	-0.670844	0	None	None
ChainingRodShaped	5988	2.23413	0.5	23.3484	15.9422	0	-0.99933	0.0365871	0	None	None
ChainingRodShaped	5990	2.25869	0.5	-19.3835	13.2525	0	-0.670541	-0.741872	0	None	None
ChainingRodShaped	5992	2.14062	0.5	-16.917	56.9162	0	-0.374119	-0.927381	0	None	None
ChainingRodShaped	5994	2.11864	0.5	-24.9973	15.5948	0	-0.506461	-0.862263	0	None	None
ChainingRodShaped	5996	2.09323	0.5	-36.6343	57.7602	0	-0.707153	-0.70706	0	None	None
ChainingRodShaped	5998	2.16128	0.5	4.20053	41.9394	0	-0.528216	-0.84911	0	None	None
ChainingRodShaped	6000	2.2009	0.5	27.0074	54.604	0	-0.386719	0.922198	0	None	None
ChainingRodShaped	6002	2.07888	0.5	29.1114	52.5446	0	0.73162	-0.681713	0	None	None
ChainingRodShaped	6004	2.09376	0.5	27.2175	11.2407	0	0.403674	0.914903	0	None	None
ChainingRodShaped	6006	2.10698	0.5	7.04234	48.1802	0	0.705561	0.708649	0	None	None
ChainingRodShaped	6008	2.19161	0.5	-47.0264	46.6035	0	0.211796	0.977314	0	None	None
ChainingRodShaped	6010	2.06436	0.5	29.095	54.7963	0	0.933411	0.358809	0	None	None
ChainingRodShaped	6012	2.0603	0.5	-49.6525	44.3131	0	0.997708	0.067671	0	None	None
ChainingRodShaped	6014	2.09675	0.5	-0.385475	35.7536	0	0.148808	-0.988866	0	None	None
ChainingRodShaped	6016	2.13592	0.5	50.7276	45.6027	0	-0.788269	-0.615331	0	None	None
ChainingRodShaped	6018	2.08584	0.5	-42.932	35.4027	0	0.0334699	-0.99944	0	None	None
ChainingRodShaped	6020	2.06623	0.5	33.5357	43.2961	0	-0.528611	0.848864	0	None	None
ChainingRodShaped	6022	2.09327	0.5	2.54282	35.1779	0	0.224821	-0.9744	0	None	None
ChainingRodShaped	6024	2.03422	0.5	-43.1774	47.7364	0	0.496395	-0.868097	0	None	None
ChainingRodShaped	6026	2.06528	0.5	-32.3864	23.148	0	0.938457	-0.345397	0	None	None
ChainingRodShaped	6028	2.0449	0.5	-1.04485	38.1062	0	0.341961	0.939714	0	None	None
ChainingRodShaped	6030	2.05216	0.5	-0.107064	28.7117	0	-0.234538	-0.972107	0	None	None
ChainingRodShaped	6032	2.03803	0.5	31.6731	25.4237	0	-0.0716573	0.997429	0	None	None
ChainingRodShaped	6034	2.06031	0.5	-10.349	43.4605	0	-0.905642	-0.424044	0	None	None
ChainingRodShaped	6036	2.04797	0.5	-37.3486	36.8208	0	0.163323	0.986573	0	None	None
ChainingRodShaped	6038	2.02914	0.5	-50.6706	43.0881	0	0.861279	-0.508132	0	None	None
ChainingRodShaped	6040	2.02684	0.5	-13.1727	6.08246	0	-0.903419	0.428759	0	None	None
ChainingRodShaped	6042	2.01066	0.5	-9.6401	59.6122	0	-0.278975	-0.960298	0	None	None
ChainingRodShaped	6044	2.01956	0.5	14.0391	24.1133	0	-0.997865	-0.0653144	0	None	None
ChainingRodShaped	6046	2.00723	0.5	48.5848	45.9649	0	-0.999935	-0.011403	0	None	None
ChainingRodShaped	6048	2.00355	0.5	15.6306	61.3725	0	-0.913778	0.406213	0	None	None
