cell_type	cell_id	length	radius	pos_x	pos_y	pos_z	ori_x	ori_y	ori_z	lower_link	upper_link
ChainingRodShaped	198	3.7647	0.5	-14.8756	26.1361	0	0.302807	-0.953052	0	None	None
ChainingRodShaped	204	4.6941	0.5	-87.9201	-6.2437	0	-0.893723	-0.448619	0	205	None
ChainingRodShaped	350	2.27693	0.5	40.3182	65.6461	0	-0.909941	-0.414738	0	351	367
ChainingRodShaped	298	2.79706	0.5	-17.4726	32.5135	0	-0.844751	-0.53516	0	None	None
ChainingRodShaped	234	3.41137	0.5	-16.9134	29.3467	0	0.851927	0.52366	0	None	None
ChainingRodShaped	330	2.34855	0.5	-9.83377	36.3645	0	-0.825034	-0.565084	0	331	311
ChainingRodShaped	302	3.13504	0.5	-17.5381	26.3063	0	0.999999	0.00155584	0	None	None
ChainingRodShaped	324	2.44577	0.5	-15.3391	36.9761	0	0.233087	-0.972456	0	None	None
ChainingRodShaped	312	2.41236	0.5	-32.5208	34.6535	0	0.935642	-0.352951	0	None	None
ChainingRodShaped	250	2.98336	0.5	-53.6126	11.0859	0	-0.888921	-0.45806	0	251	241
ChainingRodShaped	268	4.40763	0.5	-20.2241	43.9511	0	0.795279	-0.606243	0	None	None
ChainingRodShaped	152	4.5497	0.5	79.5667	83.8008	0	-0.902461	-0.430772	0	153	345
ChainingRodShaped	300	2.81667	0.5	-35.8315	22.4192	0	-0.577109	-0.816667	0	None	None
ChainingRodShaped	226	4.10324	0.5	-26.4914	32.9158	0	0.985848	-0.167644	0	None	None
ChainingRodShaped	262	2.94933	0.5	4.11577	46.0655	0	-0.828425	-0.5601	0	263	191
ChainingRodShaped	260	3.1328	0.5	-20.3141	32.5781	0	0.524441	-0.851447	0	None	None
ChainingRodShaped	286	2.65653	0.5	-22.0385	41.9869	0	0.994659	0.103214	0	None	None
ChainingRodShaped	210	3.96469	0.5	-40.0188	18.2728	0	-0.877759	-0.479102	0	211	371
ChainingRodShaped	236	4.29256	0.5	-32.8942	43.3901	0	0.646462	-0.762947	0	None	None
ChainingRodShaped	360	2.18243	0.5	-21.61	23.6517	0	0.924788	0.380483	0	None	None
ChainingRodShaped	356	2.10797	0.5	-33.6115	33.6874	0	0.998384	-0.0568274	0	None	None
ChainingRodShaped	368	2.03952	0.5	-27.9076	36.0552	0	0.943281	-0.331995	0	None	None
ChainingRodShaped	254	3.1989	0.5	-27.5401	30.8517	0	0.999626	-0.0273371	0	None	None
ChainingRodShaped	182	4.88736	0.5	-22.4483	29.4462	0	-0.855348	-0.518054	0	None	None
ChainingRodShaped	212	4.11294	0.5	56.894	73.1723	0	-0.908732	-0.417379	0	213	353
ChainingRodShaped	348	2.28344	0.5	-38.0944	35.3129	0	0.855914	-0.517118	0	None	None
ChainingRodShaped	196	3.80693	0.5	-71.0623	2.22534	0	-0.893173	-0.449713	0	197	209
ChainingRodShaped	218	4.36581	0.5	21.3795	56.4571	0	-0.886315	-0.463083	0	219	355
ChainingRodShaped	180	4.9317	0.5	-32.3747	35.641	0	0.934576	-0.355763	0	None	None
ChainingRodShaped	276	3.78883	0.5	-29.1244	43.1755	0	-0.73595	-0.677036	0	None	None
ChainingRodShaped	220	4.05537	0.5	88.7773	88.2054	0	-0.901927	-0.431889	0	221	153
ChainingRodShaped	332	2.23405	0.5	-18.2791	22.7629	0	0.96935	0.245686	0	None	None
ChainingRodShaped	232	3.54347	0.5	-23.3782	27.7192	0	-0.857972	-0.513696	0	233	239
ChainingRodShaped	228	3.31672	0.5	-19.6927	35.3425	0	0.516404	-0.856345	0	None	None
ChainingRodShaped	358	2.13524	0.5	-30.3497	35.9188	0	0.933504	-0.358568	0	None	None
ChainingRodShaped	170	4.32745	0.5	-29.2438	27.946	0	-0.449938	-0.89306	0	None	None
ChainingRodShaped	320	2.60068	0.5	-37.1277	22.4333	0	-0.619314	-0.785144	0	None	None
ChainingRodShaped	252	3.54415	0.5	-31.0924	24.3734	0	-0.868697	-0.495345	0	None	None
ChainingRodShaped	162	4.09385	0.5	-32.6977	28.4158	0	0.924861	0.380305	0	None	None
ChainingRodShaped	264	3.71826	0.5	-39.8265	40.7417	0	-0.160488	-0.987038	0	None	None
ChainingRodShaped	316	2.70912	0.5	-35.9975	30.3545	0	0.86495	-0.501858	0	None	None
ChainingRodShaped	256	4.73822	0.5	-40.7613	32.5459	0	0.365619	-0.930765	0	None	None
ChainingRodShaped	278	3.98695	0.5	-20.8516	40.9738	0	0.910817	0.41281	0	None	None
ChainingRodShaped	148	3.86997	0.5	46.774	68.5691	0	-0.911451	-0.411409	0	352	351
ChainingRodShaped	338	2.45004	0.5	-24.0553	36.9915	0	0.827861	-0.560933	0	None	None
ChainingRodShaped	342	2.38381	0.5	-34.9939	40.8092	0	0.876441	-0.481508	0	None	None
ChainingRodShaped	294	2.72751	0.5	-22.6932	32.0729	0	0.961217	0.275792	0	None	None
ChainingRodShaped	190	4.53839	0.5	-3.49495	40.7851	0	-0.817843	-0.575441	0	191	331
ChainingRodShaped	270	2.87346	0.5	-35.5695	31.493	0	0.940324	-0.340282	0	None	None
ChainingRodShaped	176	4.69782	0.5	11.3938	50.7658	0	-0.850107	-0.52661	0	354	263
ChainingRodShaped	364	2.05864	0.5	-31.7158	43.5338	0	0.643014	-0.765854	0	None	None
ChainingRodShaped	290	3.10263	0.5	66.1548	77.4597	0	-0.906097	-0.42307	0	291	213
ChainingRodShaped	282	3.8126	0.5	-28.2431	22.5885	0	0.868788	0.495184	0	None	None
ChainingRodShaped	240	3.79101	0.5	-61.8861	6.86039	0	-0.891824	-0.452383	0	241	197
ChainingRodShaped	326	2.74552	0.5	-23.889	20.8134	0	0.992115	-0.125332	0	None	None
ChainingRodShaped	370	2.01735	0.5	-46.0463	15.0284	0	-0.884092	-0.467314	0	371	251
ChainingRodShaped	206	4.24258	0.5	31.1926	61.3692	0	-0.900695	-0.434451	0	366	219
ChainingRodShaped	238	4.20694	0.5	-30.831	23.3826	0	-0.869752	-0.493489	0	239	211
ChainingRodShaped	184	3.99615	0.5	-40.5337	42.6865	0	-0.310193	-0.950674	0	None	None
ChainingRodShaped	334	2.23475	0.5	-15.4936	31.4155	0	0.841686	0.539968	0	None	None
ChainingRodShaped	208	4.0391	0.5	-79.0857	-1.80844	0	-0.893641	-0.448782	0	209	205
ChainingRodShaped	310	2.61156	0.5	-15.6256	32.5147	0	-0.841069	-0.540928	0	311	233
ChainingRodShaped	127	4.92994	0.5	-26.3455	28.2599	0	-0.858421	-0.512945	0	None	None
ChainingRodShaped	346	2.39275	0.5	-36.5958	35.6362	0	0.643153	-0.765738	0	None	None
ChainingRodShaped	131	4.9798	0.5	-40.4589	37.9485	0	0.846907	-0.531741	0	None	None
ChainingRodShaped	314	2.51	0.5	-33.9013	41.805	0	0.985121	-0.171864	0	None	None
ChainingRodShaped	328	2.48257	0.5	-39.9963	23.4603	0	-0.443522	-0.896264	0	None	None
ChainingRodShaped	306	2.90144	0.5	-28.4313	40.1841	0	0.990811	0.135256	0	None	None
ChainingRodShaped	318	2.69014	0.5	-36.2911	28.4969	0	0.999079	0.0429142	0	None	None
ChainingRodShaped	222	4.77494	0.5	-27.8218	38.2722	0	0.991226	0.13218	0	None	None
ChainingRodShaped	242	3.33511	0.5	-30.2493	33.6281	0	0.92909	0.369853	0	None	None
ChainingRodShaped	336	2.42707	0.5	-19.8101	33.6358	0	0.524941	-0.851139	0	None	None
ChainingRodShaped	244	4.49207	0.5	-38.6678	29.3907	0	0.999346	0.0361661	0	None	None
ChainingRodShaped	352	2.17471	0.5	50.3571	70.1887	0	-0.910884	-0.412663	0	353	148
ChainingRodShaped	280	3.84943	0.5	-26.4743	41.4519	0	0.990648	0.136442	0	None	None
ChainingRodShaped	153	3.97161	0.5	84.2795	86.0527	0	-0.902097	-0.431534	0	220	152
ChainingRodShaped	248	3.09001	0.5	-32.8381	24.6071	0	-0.767539	-0.641002	0	None	None
ChainingRodShaped	157	4.70806	0.5	-36.8784	39.6178	0	0.809691	-0.586857	0	None	None
ChainingRodShaped	246	4.05121	0.5	-33.7136	20.6207	0	0.873862	0.486174	0	None	None
ChainingRodShaped	258	4.39539	0.5	-18.4584	35.6207	0	0.36935	-0.92929	0	None	None
ChainingRodShaped	322	2.57391	0.5	-36.8333	27.4284	0	0.999368	-0.0355411	0	None	None
ChainingRodShaped	292	2.96938	0.5	-25.3824	43.3652	0	0.786579	0.617489	0	None	None
ChainingRodShaped	288	3.54396	0.5	-31.0672	45.0188	0	0.420208	-0.907428	0	None	None
ChainingRodShaped	284	3.54478	0.5	-18.1708	37.5852	0	0.367272	-0.930113	0	None	None
ChainingRodShaped	274	3.22362	0.5	-26.538	29.2862	0	-0.854023	-0.520235	0	None	None
ChainingRodShaped	266	4.27607	0.5	-27.9508	20.166	0	0.994027	-0.109138	0	None	None
ChainingRodShaped	272	3.07345	0.5	-25.1664	25.5051	0	0.861546	0.50768	0	None	None
ChainingRodShaped	354	2.1221	0.5	15.0464	52.9849	0	-0.862906	-0.505364	0	355	176
ChainingRodShaped	344	2.13953	0.5	72.8918	80.6257	0	-0.903943	-0.427653	0	345	291
ChainingRodShaped	181	4.13925	0.5	-37.0126	38.491	0	0.809529	-0.587079	0	None	None
ChainingRodShaped	183	4.14994	0.5	-24.1115	34.5645	0	0.93284	-0.36029	0	None	None
ChainingRodShaped	185	4.5237	0.5	-40.91	44.7259	0	-0.313666	-0.949533	0	None	None
ChainingRodShaped	187	4.48139	0.5	-34.4433	39.1101	0	0.819646	-0.57287	0	None	None
ChainingRodShaped	296	2.57419	0.5	-22.6758	22.0054	0	0.793919	-0.608023	0	None	None
ChainingRodShaped	191	3.76835	0.5	0.635361	43.6756	0	-0.821062	-0.570839	0	262	190
ChainingRodShaped	362	2.11385	0.5	-30.0505	31.602	0	0.93089	0.365299	0	None	None
ChainingRodShaped	195	4.43211	0.5	-36.6286	45.2807	0	0.447948	-0.894059	0	None	None
ChainingRodShaped	197	4.58955	0.5	-66.465	4.5435	0	-0.892666	-0.450719	0	240	196
ChainingRodShaped	308	2.94677	0.5	-16.9262	24.5782	0	0.853658	0.520834	0	None	None
ChainingRodShaped	304	2.94425	0.5	-19.0908	25.1853	0	0.996062	0.0886558	0	None	None
ChainingRodShaped	203	3.86853	0.5	-34.5514	47.6441	0	0.931529	-0.363666	0	None	None
ChainingRodShaped	205	3.55857	0.5	-83.3521	-3.95066	0	-0.893706	-0.448652	0	208	204
ChainingRodShaped	366	2.06405	0.5	34.8466	63.116	0	-0.904761	-0.425919	0	367	206
ChainingRodShaped	209	3.13353	0.5	-75.0184	0.234971	0	-0.893473	-0.449118	0	196	208
ChainingRodShaped	211	4.61535	0.5	-35.4658	20.7815	0	-0.874148	-0.485659	0	238	210
ChainingRodShaped	213	4.74511	0.5	61.7529	75.414	0	-0.907388	-0.420295	0	290	212
ChainingRodShaped	215	3.71467	0.5	-40.1632	35.401	0	0.85665	-0.515898	0	None	None
ChainingRodShaped	217	4.8843	0.5	-26.1541	34.2977	0	0.930697	-0.365792	0	None	None
ChainingRodShaped	219	4.93098	0.5	26.2935	58.9633	0	-0.894808	-0.446451	0	206	218
ChainingRodShaped	221	4.2786	0.5	93.4237	90.4307	0	-0.901882	-0.431983	0	None	220
ChainingRodShaped	223	3.39737	0.5	-30.4263	38.9116	0	0.99045	0.13787	0	None	None
ChainingRodShaped	340	2.43862	0.5	-35.6581	26.3117	0	-0.959342	-0.282247	0	None	None
ChainingRodShaped	227	4.14624	0.5	-31.3671	32.1345	0	0.930344	0.366689	0	None	None
ChainingRodShaped	229	4.28789	0.5	-22.3662	38.0974	0	0.984178	-0.177185	0	None	None
ChainingRodShaped	231	3.42018	0.5	-21.5414	27.6692	0	0.856414	0.51629	0	None	None
ChainingRodShaped	233	4.29739	0.5	-19.2857	30.2138	0	-0.850296	-0.526305	0	310	232
ChainingRodShaped	235	3.88489	0.5	-18.812	27.3653	0	0.983801	0.179264	0	None	None
ChainingRodShaped	372	2.00611	0.5	-34.7586	43.7776	0	0.454129	-0.890936	0	None	None
ChainingRodShaped	239	2.99295	0.5	-26.946	25.6112	0	-0.864297	-0.502982	0	232	238
ChainingRodShaped	241	4.03996	0.5	-57.5635	9.06044	0	-0.890611	-0.454765	0	250	240
ChainingRodShaped	243	3.50507	0.5	-34.4761	32.7096	0	0.999483	-0.03216	0	None	None
ChainingRodShaped	245	3.65944	0.5	-41.8732	30.4122	0	-0.0949587	-0.995481	0	None	None
ChainingRodShaped	247	4.90942	0.5	-38.4952	17.9716	0	0.877563	0.479461	0	None	None
ChainingRodShaped	249	3.91535	0.5	-30.2213	28.172	0	-0.453724	-0.891142	0	None	None
ChainingRodShaped	251	4.19013	0.5	-49.6086	13.1623	0	-0.886809	-0.462137	0	370	250
ChainingRodShaped	253	3.829	0.5	-27.0382	26.7028	0	-0.861687	-0.50744	0	None	None
ChainingRodShaped	255	4.29143	0.5	-32.056	29.7436	0	0.926361	0.376637	0	None	None
ChainingRodShaped	257	4.37373	0.5	-42.689	34.8179	0	0.0370282	-0.999314	0	None	None
ChainingRodShaped	259	3.27622	0.5	-21.2536	38.8987	0	0.984723	-0.174126	0	None	None
ChainingRodShaped	261	4.15369	0.5	-23.5953	35.4632	0	0.939796	-0.341737	0	None	None
ChainingRodShaped	263	3.11467	0.5	7.3624	48.2173	0	-0.838429	-0.545011	0	176	262
ChainingRodShaped	265	3.71627	0.5	-38.8306	45.294	0	-0.120349	-0.992732	0	None	None
ChainingRodShaped	267	3.67643	0.5	-31.2665	19.0172	0	0.985195	0.171439	0	None	None
ChainingRodShaped	269	3.867	0.5	-22.6917	42.914	0	0.994389	0.105788	0	None	None
ChainingRodShaped	271	3.21565	0.5	-39.0884	33.4	0	0.797107	-0.603838	0	None	None
ChainingRodShaped	273	4.32978	0.5	-29.2119	23.1682	0	0.86911	0.494619	0	None	None
ChainingRodShaped	275	3.59705	0.5	-22.5735	31.078	0	-0.961687	-0.274149	0	None	None
ChainingRodShaped	277	3.54932	0.5	-28.2772	45.3533	0	-0.723459	-0.690367	0	None	None
ChainingRodShaped	279	4.1937	0.5	-25.6849	39.5546	0	0.99112	0.132969	0	None	None
ChainingRodShaped	281	3.67215	0.5	-31.188	40.7996	0	0.990148	0.140023	0	None	None
ChainingRodShaped	283	3.92662	0.5	-32.4617	20.1818	0	0.873732	0.486408	0	None	None
ChainingRodShaped	285	3.42379	0.5	-19.3617	40.5591	0	-0.909903	-0.414821	0	None	None
ChainingRodShaped	287	2.68094	0.5	-24.683	40.6884	0	0.991391	0.130934	0	None	None
ChainingRodShaped	289	3.38241	0.5	-31.6132	47.6205	0	0.916823	-0.399294	0	None	None
ChainingRodShaped	291	2.94475	0.5	69.7404	79.1398	0	-0.904933	-0.425554	0	344	290
ChainingRodShaped	293	3.62056	0.5	-27.5214	43.034	0	0.808299	0.588772	0	None	None
ChainingRodShaped	295	3.18331	0.5	-26.5462	31.918	0	0.985034	-0.172362	0	None	None
ChainingRodShaped	297	2.95178	0.5	-25.6748	22.001	0	0.998721	-0.0505644	0	None	None
ChainingRodShaped	299	2.88306	0.5	-16.5743	35.5365	0	-0.15346	-0.988155	0	None	None
ChainingRodShaped	301	3.22569	0.5	-33.3308	25.4875	0	-0.766372	-0.642397	0	None	None
ChainingRodShaped	303	2.9325	0.5	-21.5306	25.9419	0	0.994445	0.105257	0	None	None
ChainingRodShaped	305	3.0311	0.5	-23.0411	24.7932	0	0.999016	0.0443411	0	None	None
ChainingRodShaped	307	2.46099	0.5	-32.067	39.6778	0	0.989984	0.141179	0	None	None
ChainingRodShaped	309	2.93758	0.5	-20.1224	23.1355	0	0.69627	0.71778	0	None	None
ChainingRodShaped	311	2.742	0.5	-12.6608	34.4561	0	-0.832257	-0.55439	0	330	310
ChainingRodShaped	313	2.46875	0.5	-35.357	35.6904	0	0.636998	-0.770865	0	None	None
ChainingRodShaped	315	2.51516	0.5	-37.0287	43.1802	0	0.763816	-0.645434	0	None	None
ChainingRodShaped	317	2.92895	0.5	-38.8427	31.5412	0	0.627336	-0.778749	0	None	None
ChainingRodShaped	319	2.75938	0.5	-39.9743	28.1522	0	0.983875	0.178856	0	None	None
ChainingRodShaped	321	2.58239	0.5	-35.9075	24.871	0	-0.856142	-0.516741	0	None	None
ChainingRodShaped	323	2.36578	0.5	-40.1856	26.9683	0	0.9987	0.0509694	0	None	None
ChainingRodShaped	325	2.6475	0.5	-17.5934	38.8259	0	0.365034	-0.930994	0	None	None
ChainingRodShaped	327	2.40255	0.5	-27.4351	21.1075	0	0.994435	-0.105352	0	None	None
ChainingRodShaped	329	2.61825	0.5	-38.1309	25.2351	0	-0.327283	-0.944927	0	None	None
ChainingRodShaped	331	2.5072	0.5	-7.10605	38.2515	0	-0.819943	-0.572445	0	190	330
ChainingRodShaped	333	2.37954	0.5	-20.7315	20.7849	0	0.626231	0.779638	0	None	None
ChainingRodShaped	335	2.32094	0.5	-18.2601	29.6834	0	0.850682	0.525681	0	None	None
ChainingRodShaped	337	2.20466	0.5	-21.7085	36.3162	0	0.68409	-0.729397	0	None	None
ChainingRodShaped	339	2.40228	0.5	-27.0733	37.1642	0	0.998823	-0.0485107	0	None	None
ChainingRodShaped	341	2.22415	0.5	-32.5275	27.4155	0	-0.923851	-0.382753	0	None	None
ChainingRodShaped	343	2.17586	0.5	-37.7608	41.8432	0	0.710483	-0.703715	0	None	None
ChainingRodShaped	345	2.14894	0.5	75.6844	81.9503	0	-0.903114	-0.429401	0	152	344
ChainingRodShaped	347	2.16277	0.5	-38.257	38.1684	0	0.812024	-0.583624	0	None	None
ChainingRodShaped	349	2.21269	0.5	-40.87	36.989	0	0.857707	-0.514138	0	None	None
ChainingRodShaped	351	2.20573	0.5	43.1808	66.9459	0	-0.911096	-0.412194	0	148	350
ChainingRodShaped	353	2.21343	0.5	53.1854	71.4739	0	-0.90993	-0.414762	0	212	352
ChainingRodShaped	355	2.2493	0.5	17.6979	54.4927	0	-0.875263	-0.483648	0	218	354
ChainingRodShaped	357	2.25693	0.5	-36.7683	33.7364	0	0.999986	0.00531325	0	None	None
ChainingRodShaped	359	2.25258	0.5	-33.3192	37.0547	0	0.933487	-0.358611	0	None	None
ChainingRodShaped	361	2.17107	0.5	-24.5287	23.7393	0	0.999059	0.0433704	0	None	None
ChainingRodShaped	363	2.1292	0.5	-32.9355	30.4508	0	0.927808	0.373057	0	None	None
ChainingRodShaped	365	2.09631	0.5	-33.7056	45.8488	0	0.74581	-0.666159	0	None	None
ChainingRodShaped	367	2.05924	0.5	37.5293	64.3669	0	-0.907835	-0.419328	0	350	366
ChainingRodShaped	369	2.03418	0.5	-30.7343	37.1202	0	0.934888	-0.354942	0	None	None
ChainingRodShaped	371	2.0265	0.5	-43.4541	16.4093	0	-0.881039	-0.473044	0	210	370
ChainingRodShaped	373	2.00375	0.5	-36.1041	46.4603	0	0.448616	-0.893724	0	None	None
