cell_type	cell_id	length	radius	pos_x	pos_y	pos_z	ori_x	ori_y	ori_z	lower_link	upper_link
ChainingRodShaped	4791	3.49224	0.5	1.6354	15.3533	0	-0.0730594	-0.997328	0	4792	None
ChainingRodShaped	4375	4.32844	0.5	34.3965	12.9829	0	0.34086	-0.940114	0	4376	None
ChainingRodShaped	5059	3.78171	0.5	6.8165	15.8436	0	-0.619822	-0.784743	0	None	None
ChainingRodShaped	4923	3.26242	0.5	24.363	56.3501	0	0.425727	0.904852	0	None	None
ChainingRodShaped	5105	2.52396	0.5	-30.4686	34.9333	0	-0.743275	0.668986	0	5106	None
ChainingRodShaped	5183	4.09605	0.5	36.1219	47.8456	0	-0.820689	0.571376	0	None	None
ChainingRodShaped	4425	4.40015	0.5	-31.7864	50.2199	0	-0.558542	-0.829476	0	4426	None
ChainingRodShaped	5099	4.40203	0.5	-4.28155	40.2658	0	-0.106607	0.994301	0	None	None
ChainingRodShaped	5153	3.12216	0.5	18.3922	47.9302	0	-0.588827	-0.808259	0	None	None
ChainingRodShaped	4027	4.54874	0.5	1.44535	47.4373	0	0.185339	0.982675	0	4028	None
ChainingRodShaped	4669	2.82642	0.5	-13.916	13.8346	0	-0.191473	-0.981498	0	4670	None
ChainingRodShaped	5471	2.37214	0.5	13.988	64.2434	0	0.352979	0.935631	0	5472	None
ChainingRodShaped	5177	2.7501	0.5	-11.3487	21.1355	0	-0.37057	-0.928805	0	None	None
ChainingRodShaped	5487	2.80301	0.5	-0.71048	22.8179	0	0.300415	-0.953808	0	None	None
ChainingRodShaped	5251	3.67474	0.5	-26.9474	33.9971	0	0.413133	-0.910671	0	None	None
ChainingRodShaped	5303	3.16354	0.5	20.5826	24.4907	0	0.969898	-0.243511	0	None	None
ChainingRodShaped	4343	4.3668	0.5	-2.56496	41.4644	0	0.0996368	-0.995024	0	4344	None
ChainingRodShaped	5445	2.31976	0.5	-24.0318	26.9401	0	0.993407	-0.114639	0	5446	None
ChainingRodShaped	5385	3.24442	0.5	-21.1434	51.8275	0	0.357391	0.933955	0	None	None
ChainingRodShaped	4909	2.92825	0.5	37.1116	14.3725	0	0.463481	-0.886107	0	4910	None
ChainingRodShaped	5295	2.64408	0.5	-6.22379	30.7678	0	0.406788	0.913523	0	5296	None
ChainingRodShaped	4271	4.3784	0.5	-18.3552	22.5758	0	-0.0569969	-0.998374	0	4272	None
ChainingRodShaped	5299	3.36514	0.5	-35.4132	51.6008	0	-0.188514	0.982071	0	None	None
ChainingRodShaped	4315	4.05236	0.5	14.2689	20.359	0	0.769786	0.638302	0	4316	None
ChainingRodShaped	5409	2.27469	0.5	-1.9875	28.6853	0	0.631689	-0.775222	0	5410	None
ChainingRodShaped	4655	4.94784	0.5	18.4778	44.9539	0	-0.604863	-0.79633	0	None	None
ChainingRodShaped	4325	4.17219	0.5	50.38	39.2568	0	0.825076	-0.565022	0	4326	None
ChainingRodShaped	5087	2.41716	0.5	30.4586	20.8872	0	0.339184	-0.94072	0	5088	None
ChainingRodShaped	4879	3.34129	0.5	1.9018	30.1317	0	-0.248405	-0.968656	0	4880	None
ChainingRodShaped	4359	4.69078	0.5	12.177	9.70459	0	-0.873469	-0.486879	0	None	None
ChainingRodShaped	4707	4.65963	0.5	-6.60399	27.5716	0	-0.401263	-0.915963	0	None	None
ChainingRodShaped	4953	2.56544	0.5	-2.59037	33.4868	0	0.108074	-0.994143	0	4954	None
ChainingRodShaped	5119	4.50239	0.5	6.34693	61.8773	0	0.612803	0.790235	0	None	None
ChainingRodShaped	5007	4.04056	0.5	36.885	49.8998	0	-0.999952	-0.0098133	0	None	None
ChainingRodShaped	5269	2.87989	0.5	-1.99144	36.891	0	0.110041	-0.993927	0	None	None
ChainingRodShaped	4713	4.96409	0.5	39.1467	20.9999	0	-0.865193	-0.501439	0	None	None
ChainingRodShaped	4513	4.12996	0.5	-31.4181	23.5733	0	-0.861947	0.506999	0	4514	None
ChainingRodShaped	4893	4.56417	0.5	-31.9158	51.7611	0	-0.550407	-0.834896	0	None	None
ChainingRodShaped	5161	3.04879	0.5	-25.4984	28.0891	0	0.993694	-0.11213	0	None	None
ChainingRodShaped	5201	3.46762	0.5	35.5537	44.1286	0	0.626189	-0.779671	0	None	None
ChainingRodShaped	5043	2.40038	0.5	-7.32319	32.9537	0	0.547744	-0.836646	0	5044	None
ChainingRodShaped	4961	3.76536	0.5	23.9288	48.7664	0	0.655898	0.754849	0	None	None
ChainingRodShaped	5207	2.59464	0.5	18.0379	49.4447	0	-0.415789	-0.909461	0	5208	None
ChainingRodShaped	5401	3.25744	0.5	-50.2274	36.5615	0	-0.0620325	-0.998074	0	None	None
ChainingRodShaped	5653	2.20679	0.5	2.99876	20.8238	0	-0.0725381	-0.997366	0	None	None
ChainingRodShaped	5393	3.12863	0.5	-28.9351	46.3964	0	-0.96428	-0.264884	0	None	None
ChainingRodShaped	5255	2.91903	0.5	36.4263	20.727	0	0.911431	0.411453	0	None	None
ChainingRodShaped	4693	4.06556	0.5	-46.9855	49.5376	0	-0.153868	0.988091	0	None	None
ChainingRodShaped	4843	2.72975	0.5	-3.26126	28.1211	0	-0.276973	0.960878	0	4844	None
ChainingRodShaped	4987	4.14736	0.5	-16.0992	18.9807	0	0.0805715	-0.996749	0	None	None
ChainingRodShaped	4349	4.92038	0.5	-9.85192	53.7647	0	0.686855	-0.726794	0	None	None
ChainingRodShaped	4291	3.47759	0.5	14.8222	19.0878	0	0.627795	0.778379	0	5553	None
ChainingRodShaped	4211	4.14541	0.5	-15.4153	47.7481	0	-0.594196	0.80432	0	4212	None
ChainingRodShaped	4671	3.29359	0.5	-7.45987	47.3615	0	-0.21382	-0.976873	0	4672	None
ChainingRodShaped	4959	3.13322	0.5	-19.3059	22.6301	0	-0.0628502	-0.998023	0	4960	None
ChainingRodShaped	5203	2.76861	0.5	9.17477	48.3762	0	-0.289411	-0.957205	0	None	None
ChainingRodShaped	4521	4.3996	0.5	-16.4927	34.8134	0	-0.0913372	0.99582	0	4522	None
ChainingRodShaped	4865	4.29458	0.5	-22.1032	16.895	0	-0.856401	0.516311	0	None	None
ChainingRodShaped	5015	3.32442	0.5	42.2331	46.006	0	-0.826933	0.5623	0	None	None
ChainingRodShaped	4451	4.35087	0.5	50.983	42.6759	0	-0.537164	-0.843478	0	None	None
ChainingRodShaped	4807	3.75093	0.5	-10.9879	6.62932	0	-0.965453	-0.260579	0	None	None
ChainingRodShaped	5649	2.08572	0.5	-15.6733	25.8252	0	-0.0890359	0.996028	0	5650	4522
ChainingRodShaped	5477	2.36823	0.5	11.4645	53.1123	0	-0.746772	-0.66508	0	None	None
ChainingRodShaped	5679	2.04432	0.5	-18.45	37.745	0	-0.0458499	-0.998948	0	5680	5156
ChainingRodShaped	4335	3.89359	0.5	-5.51393	56.7671	0	-0.192953	-0.981208	0	4336	4672
ChainingRodShaped	5341	2.26422	0.5	-9.66978	40.0631	0	-0.600391	0.799707	0	5342	4212
ChainingRodShaped	4785	3.45391	0.5	8.02182	10.8559	0	0.646878	0.762593	0	4786	5554
ChainingRodShaped	4937	4.77236	0.5	-8.30894	56.3676	0	0.644887	-0.764278	0	None	None
ChainingRodShaped	5301	2.74218	0.5	-25.9641	19.2038	0	0.859852	-0.510543	0	None	None
ChainingRodShaped	4447	3.27501	0.5	-1.08593	20.6325	0	-0.277854	0.960623	0	4448	4844
ChainingRodShaped	5595	2.2342	0.5	-43.7528	47.3577	0	0.158265	0.987397	0	None	None
ChainingRodShaped	5317	2.88285	0.5	33.7425	28.4256	0	0.240199	-0.970724	0	None	None
ChainingRodShaped	4975	3.94116	0.5	-30.7263	50.1101	0	-0.55844	-0.829545	0	None	None
ChainingRodShaped	4445	4.91371	0.5	9.18609	35.6125	0	-0.25578	-0.966735	0	None	None
ChainingRodShaped	5625	2.12223	0.5	-46.6769	37.7177	0	0.415119	-0.909767	0	None	None
ChainingRodShaped	4759	3.02917	0.5	24.2041	62.8665	0	-0.421893	-0.906646	0	4760	5274
ChainingRodShaped	5065	3.66369	0.5	11.075	48.5315	0	0.686656	0.726983	0	None	None
ChainingRodShaped	4887	2.63435	0.5	-11.3995	39.131	0	0.549718	-0.83535	0	4888	5044
ChainingRodShaped	5395	3.07474	0.5	36.0008	52.2132	0	-0.452958	-0.891532	0	None	None
ChainingRodShaped	4691	4.60618	0.5	-30.0176	29.5327	0	0.939663	-0.342102	0	None	None
ChainingRodShaped	4697	4.19522	0.5	-25.0606	62.9219	0	0.991094	-0.133168	0	None	None
ChainingRodShaped	5111	2.65837	0.5	-23.5925	18.9479	0	-0.858197	0.513321	0	5112	4514
ChainingRodShaped	4617	4.62015	0.5	42.5169	27.0154	0	0.953055	-0.302796	0	None	None
ChainingRodShaped	5567	2.34549	0.5	-1.41328	49.6159	0	-0.0934591	-0.995623	0	None	None
ChainingRodShaped	4837	4.90644	0.5	37.823	54.2449	0	-0.232219	-0.972663	0	None	None
ChainingRodShaped	4703	4.40417	0.5	2.83985	55.535	0	-0.785519	-0.618837	0	None	None
ChainingRodShaped	5227	2.77661	0.5	-3.90442	45.4943	0	0.102694	-0.994713	0	5228	4000
ChainingRodShaped	5693	2.04012	0.5	-4.21841	24.6566	0	-0.260808	0.965391	0	None	None
ChainingRodShaped	5237	3.86595	0.5	16.9307	10.0674	0	0.397879	-0.917438	0	None	None
ChainingRodShaped	5543	2.21823	0.5	5.678	43.4237	0	-0.292888	-0.956147	0	5544	5632
ChainingRodShaped	4437	3.63623	0.5	27.9114	28.0236	0	0.330239	-0.943897	0	4438	5088
ChainingRodShaped	4189	3.29825	0.5	43.0906	44.2375	0	0.826393	-0.563093	0	5425	4326
ChainingRodShaped	5041	3.74415	0.5	26.4472	55.3732	0	-0.354281	0.935139	0	None	None
ChainingRodShaped	5315	2.30805	0.5	-9.69902	38.499	0	0.59546	-0.803385	0	5316	4058
ChainingRodShaped	3766	4.97556	0.5	6.01313	13.4165	0	0.760269	0.649608	0	None	4316
ChainingRodShaped	5357	3.03797	0.5	-31.6601	46.3262	0	-0.458204	0.888847	0	None	None
ChainingRodShaped	5037	2.72178	0.5	-17.8289	31.2732	0	-0.0587571	-0.998272	0	5038	4272
ChainingRodShaped	5137	2.40134	0.5	-8.99238	24.4189	0	0.389692	0.920945	0	5138	5296
ChainingRodShaped	4297	3.94846	0.5	30.2176	27.5592	0	0.466034	-0.884767	0	4298	5558
ChainingRodShaped	5495	2.55032	0.5	-19.1738	48.651	0	0.0235705	0.999722	0	None	None
ChainingRodShaped	4695	3.8039	0.5	-31.4354	27.7066	0	0.995813	-0.0914136	0	4696	5446
ChainingRodShaped	4635	3.50237	0.5	-3.48739	51.234	0	0.0890355	-0.996028	0	4636	4344
ChainingRodShaped	5407	2.65596	0.5	11.0521	25.5331	0	0.40664	0.913588	0	None	None
ChainingRodShaped	5639	2.14324	0.5	-30.7209	39.0173	0	0.928665	-0.37092	0	None	None
ChainingRodShaped	5107	3.43836	0.5	0.40582	18.9107	0	0.268234	-0.963354	0	None	None
ChainingRodShaped	4921	4.19724	0.5	-14.3078	21.1426	0	0.0824414	-0.996596	0	None	None
ChainingRodShaped	3790	4.88331	0.5	9.73031	52.7887	0	0.340765	0.940149	0	None	4168
ChainingRodShaped	5423	2.2174	0.5	-12.3456	21.6786	0	-0.201401	-0.979509	0	5424	4670
ChainingRodShaped	4421	4.0754	0.5	-0.558359	36.9108	0	0.194263	0.980949	0	4422	4028
ChainingRodShaped	4749	4.06502	0.5	27.9591	54.1214	0	-0.355572	0.934649	0	None	None
ChainingRodShaped	5133	2.91486	0.5	-8.88777	45.4094	0	0.588093	-0.808793	0	None	None
ChainingRodShaped	3800	4.84187	0.5	-25.4431	59.6108	0	-0.559969	-0.828514	0	None	4426
ChainingRodShaped	5287	3.17041	0.5	35.3099	47.2427	0	-0.814935	0.579552	0	None	None
ChainingRodShaped	4443	3.3391	0.5	-25.0447	30.0334	0	-0.740044	0.672558	0	4444	5106
ChainingRodShaped	4877	4.02591	0.5	24.386	47.8319	0	0.6501	0.759849	0	None	None
ChainingRodShaped	4875	3.77828	0.5	13.1653	29.6985	0	-0.487582	0.873077	0	None	None
ChainingRodShaped	4303	3.99675	0.5	30.7804	22.8942	0	0.346481	-0.938057	0	4304	4376
ChainingRodShaped	3812	4.7965	0.5	2.25395	24.2122	0	-0.0675207	-0.997718	0	None	4792
ChainingRodShaped	5045	2.94055	0.5	-13.1043	12.979	0	-0.185431	-0.982657	0	None	None
ChainingRodShaped	4609	4.88038	0.5	12.3473	23.5431	0	0.00993397	-0.999951	0	None	None
ChainingRodShaped	5501	2.43617	0.5	6.68009	33.445	0	-0.247856	-0.968797	0	None	None
ChainingRodShaped	5457	2.46651	0.5	-6.62473	46.8141	0	0.219575	0.975596	0	None	None
ChainingRodShaped	5669	2.18186	0.5	20.7758	42.6275	0	0.188697	0.982035	0	None	None
ChainingRodShaped	4591	4.81457	0.5	26.0787	53.6226	0	-0.354035	0.935232	0	None	None
ChainingRodShaped	5621	2.17598	0.5	-5.25455	27.3057	0	-0.000162808	1	0	None	None
ChainingRodShaped	5339	3.55197	0.5	-46.7094	40.2	0	-0.402643	0.915357	0	None	None
ChainingRodShaped	4423	4.41617	0.5	47.7235	45.1672	0	0.264245	-0.964456	0	None	None
ChainingRodShaped	4965	3.569	0.5	38.1907	50.8817	0	-0.999976	-0.00690703	0	None	None
ChainingRodShaped	4831	4.95215	0.5	-9.92518	62.2264	0	0.987654	0.15665	0	None	None
ChainingRodShaped	5331	3.10343	0.5	20.7952	57.8253	0	0.418307	0.908306	0	None	None
ChainingRodShaped	5143	3.94128	0.5	3.09169	27.9172	0	0.176715	-0.984262	0	None	None
ChainingRodShaped	4651	4.02364	0.5	18.8898	23.9365	0	0.967413	-0.253203	0	None	None
ChainingRodShaped	5651	2.24706	0.5	1.80375	50.8732	0	-0.757336	-0.653025	0	None	None
ChainingRodShaped	4787	3.69637	0.5	11.39	51.7776	0	-0.743261	-0.669002	0	None	None
ChainingRodShaped	4815	4.89488	0.5	-9.83278	29.436	0	-0.188832	-0.982009	0	None	None
ChainingRodShaped	5699	2.03129	0.5	-2.38409	12.373	0	-0.889135	0.457645	0	None	None
ChainingRodShaped	5005	3.73395	0.5	18.6135	19.9778	0	-0.941052	0.338263	0	None	None
ChainingRodShaped	5725	2.00445	0.5	-47.678	56.1239	0	-0.86378	0.503869	0	None	None
ChainingRodShaped	4337	4.94705	0.5	-37.5348	47.724	0	0.211923	-0.977286	0	None	None
ChainingRodShaped	4939	3.44803	0.5	-28.4421	51.749	0	-0.565446	-0.824785	0	None	None
ChainingRodShaped	5017	3.86491	0.5	-41.1966	56.853	0	-0.570783	-0.821101	0	None	None
ChainingRodShaped	5387	2.51824	0.5	15.3578	50.7704	0	0.193971	0.981007	0	None	None
ChainingRodShaped	5573	2.49461	0.5	26.3756	57.8907	0	-0.701825	0.712349	0	None	None
ChainingRodShaped	5019	3.23903	0.5	-34.3752	47.5704	0	-0.370672	-0.928764	0	None	None
ChainingRodShaped	5197	3.4246	0.5	12.0005	12.5445	0	-0.639377	-0.768894	0	None	None
ChainingRodShaped	4621	4.1273	0.5	-44.1499	31.3251	0	-0.558887	0.829244	0	None	None
ChainingRodShaped	4985	4.26825	0.5	42.1125	25.0897	0	0.953938	-0.300003	0	None	None
ChainingRodShaped	4881	3.43001	0.5	35.3878	39.1223	0	0.911249	-0.411855	0	None	None
ChainingRodShaped	5001	3.91901	0.5	51.3494	47.569	0	-0.377075	-0.926183	0	None	None
ChainingRodShaped	4659	4.17419	0.5	-22.4639	21.3885	0	0.993768	-0.111468	0	None	None
ChainingRodShaped	4399	4.64144	0.5	-19.29	39.8696	0	0.0598948	0.998205	0	None	None
ChainingRodShaped	5609	2.36544	0.5	12.834	57.3584	0	-0.653631	-0.756813	0	None	None
ChainingRodShaped	4999	3.01723	0.5	7.73166	60.8658	0	-0.917588	-0.397533	0	None	None
ChainingRodShaped	5175	3.38397	0.5	46.0514	29.8371	0	0.976697	0.214621	0	None	None
ChainingRodShaped	5211	3.2254	0.5	32.5806	29.0896	0	0.237598	-0.971364	0	None	None
ChainingRodShaped	5717	2.01926	0.5	-32.8375	46.5382	0	-0.462277	0.886736	0	None	None
ChainingRodShaped	5473	2.77937	0.5	-10.6892	51.8386	0	0.853326	-0.521379	0	None	None
ChainingRodShaped	4925	4.59511	0.5	0.0226373	44.9536	0	-0.172475	-0.985014	0	None	None
ChainingRodShaped	5027	3.48928	0.5	12.9692	47.9671	0	0.158923	0.987291	0	None	None
ChainingRodShaped	5667	2.17003	0.5	-15.3883	33.418	0	0.046177	-0.998933	0	None	None
ChainingRodShaped	4459	4.47142	0.5	44.357	33.6241	0	0.00793588	0.999969	0	None	None
ChainingRodShaped	5113	4.26468	0.5	31.0921	58.4652	0	-0.901255	0.433288	0	None	None
ChainingRodShaped	5643	2.09492	0.5	-0.987133	30.2046	0	-0.210289	-0.977639	0	None	None
ChainingRodShaped	4639	3.89491	0.5	31.5831	44.682	0	-0.544339	0.838865	0	None	None
ChainingRodShaped	5483	2.48674	0.5	-31.7204	21.5268	0	0.243778	-0.969831	0	None	None
ChainingRodShaped	5617	2.28517	0.5	-5.93947	45.2969	0	0.124705	0.992194	0	None	None
ChainingRodShaped	5463	2.42029	0.5	21.8752	25.6295	0	-0.98638	-0.164482	0	None	None
ChainingRodShaped	5671	2.07985	0.5	-24.4031	44.6882	0	0.158602	0.987343	0	None	None
ChainingRodShaped	5491	2.45534	0.5	-8.19115	7.02095	0	-0.150925	-0.988545	0	None	None
ChainingRodShaped	4931	4.02425	0.5	-48.377	39.1087	0	0.403928	-0.914791	0	None	None
ChainingRodShaped	4505	4.39718	0.5	1.18088	61.5893	0	-0.99721	0.0746464	0	None	None
ChainingRodShaped	5333	3.17017	0.5	-14.1342	7.25209	0	0.0314898	-0.999504	0	None	None
ChainingRodShaped	5281	2.77617	0.5	33.7333	51.994	0	-0.436667	-0.899623	0	None	None
ChainingRodShaped	5365	3.11683	0.5	11.929	39.8499	0	0.671332	-0.741156	0	None	None
ChainingRodShaped	4393	4.83735	0.5	-27.6926	47.7284	0	-0.961583	-0.274515	0	None	None
ChainingRodShaped	5411	2.87445	0.5	14.6959	23.0362	0	-0.969673	0.244404	0	None	None
ChainingRodShaped	4801	4.66998	0.5	-29.2095	31.1999	0	0.738404	-0.674359	0	None	None
ChainingRodShaped	5031	3.74692	0.5	-34.5768	30.7491	0	0.850019	-0.526752	0	None	None
ChainingRodShaped	4441	4.73962	0.5	21.0852	14.1898	0	-0.820582	-0.571529	0	None	None
ChainingRodShaped	4739	4.11393	0.5	-48.7729	48.3206	0	0.167303	-0.985905	0	None	None
ChainingRodShaped	4903	3.92781	0.5	39.1678	55.7178	0	-0.231322	-0.972877	0	None	None
ChainingRodShaped	5011	4.86181	0.5	-13.8609	47.2716	0	0.594005	-0.804462	0	None	None
ChainingRodShaped	5569	2.37577	0.5	41.34	43.0486	0	-0.836864	0.547411	0	None	None
ChainingRodShaped	4471	4.28487	0.5	13.9659	41.7749	0	-0.272424	0.962177	0	None	None
ChainingRodShaped	5053	3.48276	0.5	20.0487	35.8101	0	0.0288366	0.999584	0	None	None
ChainingRodShaped	4781	4.92269	0.5	-12.9104	23.6561	0	-0.195732	-0.980657	0	None	None
ChainingRodShaped	4743	3.99981	0.5	23.8488	59.808	0	-0.421623	-0.906771	0	None	None
ChainingRodShaped	4849	3.77657	0.5	-36.8708	49.1633	0	0.202144	-0.979356	0	None	None
ChainingRodShaped	4951	4.78831	0.5	10.062	25.5967	0	0.397493	0.917605	0	None	None
ChainingRodShaped	4977	4.73629	0.5	22.724	42.9859	0	0.109602	0.993976	0	None	None
ChainingRodShaped	5009	4.21619	0.5	-45.4346	29.5693	0	-0.528131	0.849163	0	None	None
ChainingRodShaped	5467	2.86232	0.5	-18.4815	19.0044	0	0.709478	-0.704727	0	None	None
ChainingRodShaped	5173	3.044	0.5	36.7771	27.3371	0	0.718729	-0.695291	0	None	None
ChainingRodShaped	5545	2.54866	0.5	34.9244	37.2062	0	0.896787	-0.442462	0	None	None
ChainingRodShaped	5129	2.84247	0.5	1.68503	52.0701	0	-0.750767	-0.660567	0	None	None
ChainingRodShaped	4619	4.85386	0.5	-41.552	36.8057	0	-0.553104	0.833112	0	None	None
ChainingRodShaped	4943	3.55776	0.5	-22.1261	59.0878	0	-0.644401	-0.764688	0	None	None
ChainingRodShaped	5399	2.50173	0.5	10.1815	31.9958	0	0.272255	0.962225	0	None	None
ChainingRodShaped	5055	2.9521	0.5	-36.1801	43.35	0	0.755019	-0.655703	0	None	None
ChainingRodShaped	5561	2.42605	0.5	-8.76699	30.1473	0	-0.198663	-0.980068	0	None	None
ChainingRodShaped	5135	3.63066	0.5	-29.8666	62.8088	0	0.999981	-0.00614907	0	None	None
ChainingRodShaped	5219	3.95888	0.5	8.49851	29.5912	0	-0.284837	-0.958576	0	None	None
ChainingRodShaped	5117	3.96689	0.5	-49.1686	45.6647	0	-0.584646	0.811289	0	None	None
ChainingRodShaped	4907	4.37286	0.5	-36.8143	41.2767	0	0.802965	-0.596026	0	None	None
ChainingRodShaped	5549	2.40656	0.5	25.9936	51.1511	0	-0.325317	0.945605	0	None	None
ChainingRodShaped	3988	4.79196	0.5	-40.4653	28.4586	0	0.997013	-0.0772352	0	None	4696
ChainingRodShaped	4979	4.2243	0.5	28.6517	58.291	0	-0.945558	0.325455	0	None	None
ChainingRodShaped	4825	4.94648	0.5	16.6288	52.305	0	0.188989	0.981979	0	None	None
ChainingRodShaped	4949	3.37489	0.5	19.5265	40.3841	0	0.0714814	0.997442	0	None	None
ChainingRodShaped	5355	2.52788	0.5	-5.49676	34.5842	0	-0.612533	0.790445	0	5356	5342
ChainingRodShaped	4601	4.76425	0.5	17.3425	27.3214	0	-0.967964	0.25109	0	None	None
ChainingRodShaped	4000	3.77552	0.5	-3.44985	41.2536	0	0.109575	-0.993979	0	5227	4954
ChainingRodShaped	5021	4.51214	0.5	-33.1692	57.3255	0	0.934896	0.354922	0	None	None
ChainingRodShaped	4004	3.90684	0.5	1.94652	3.79104	0	0.654603	0.755972	0	None	4786
ChainingRodShaped	4653	3.85972	0.5	4.21614	4.89874	0	-0.654193	-0.756328	0	None	None
ChainingRodShaped	5349	2.74787	0.5	0.368598	31.8305	0	-0.230829	-0.972994	0	None	None
ChainingRodShaped	5329	2.54672	0.5	-23.523	54.1363	0	0.838093	0.545527	0	None	None
ChainingRodShaped	5597	2.43555	0.5	-43.315	57.4163	0	0.483649	-0.875262	0	None	None
ChainingRodShaped	5547	2.28655	0.5	-3.79009	19.1931	0	-0.165865	0.986148	0	None	None
ChainingRodShaped	5327	2.58723	0.5	-18.2615	44.0761	0	-0.00991746	-0.999951	0	5328	5680
ChainingRodShaped	5297	2.69047	0.5	-6.2664	24.7695	0	0.0342229	0.999414	0	None	None
ChainingRodShaped	4689	4.56171	0.5	15.2705	54.3797	0	-0.688478	-0.725257	0	None	None
ChainingRodShaped	4629	4.3175	0.5	-32.8652	44.5167	0	-0.456553	0.889696	0	None	None
ChainingRodShaped	4729	4.01557	0.5	41.0241	47.8982	0	-0.9985	0.054755	0	None	None
ChainingRodShaped	5029	4.78634	0.5	12.0622	10.7672	0	-0.873353	-0.487088	0	None	None
ChainingRodShaped	4028	4.40226	0.5	0.433095	42.0561	0	0.184697	0.982796	0	4421	4027
ChainingRodShaped	5217	2.89648	0.5	9.41331	22.3949	0	0.748029	0.663666	0	None	None
ChainingRodShaped	5475	2.55384	0.5	-14.776	28.6813	0	-0.18119	-0.983448	0	None	None
ChainingRodShaped	4957	3.60742	0.5	-3.96816	15.5379	0	-0.160823	0.986983	0	None	None
ChainingRodShaped	5539	2.27113	0.5	37.4468	22.6616	0	0.929088	-0.369858	0	None	None
ChainingRodShaped	5359	3.08104	0.5	36.6151	63.608	0	0.85911	-0.511791	0	None	None
ChainingRodShaped	5499	2.66096	0.5	-5.55413	13.314	0	-0.354216	0.935163	0	None	None
ChainingRodShaped	5563	2.33649	0.5	-7.91506	54.43	0	0.672183	-0.740385	0	None	None
ChainingRodShaped	5557	2.18056	0.5	33.5655	21.1574	0	0.462613	-0.88656	0	5558	4910
ChainingRodShaped	5247	3.67593	0.5	40.0875	51.8639	0	-0.999995	-0.00328649	0	None	None
ChainingRodShaped	4731	4.97062	0.5	4.26177	35.2877	0	0.265594	0.964085	0	None	None
ChainingRodShaped	5185	2.69551	0.5	-15.1362	19.3974	0	-0.0815009	0.996673	0	5186	5650
ChainingRodShaped	5121	4.18152	0.5	18.0047	62.8803	0	-0.465211	-0.8852	0	None	None
ChainingRodShaped	5631	2.09381	0.5	3.88258	37.4248	0	-0.278058	-0.960564	0	5632	4880
ChainingRodShaped	4056	4.91855	0.5	-16.137	46.7788	0	0.511156	-0.859488	0	None	4888
ChainingRodShaped	4058	4.94789	0.5	-6.88751	34.8307	0	0.615436	-0.788187	0	5315	5410
ChainingRodShaped	5373	3.15169	0.5	44.0894	45.9294	0	-0.829117	0.559075	0	None	None
ChainingRodShaped	5075	3.14066	0.5	-21.5061	44.3313	0	0.214941	0.976627	0	None	None
ChainingRodShaped	4993	2.50585	0.5	-17.4486	38.7231	0	-0.0458358	-0.998949	0	4994	5038
ChainingRodShaped	5085	4.05035	0.5	1.53237	32.5764	0	-0.240542	-0.970639	0	None	None
ChainingRodShaped	4369	4.993	0.5	42.5789	29.04	0	0.950607	-0.310397	0	None	None
ChainingRodShaped	5405	2.64987	0.5	42.0494	34.096	0	-0.165464	-0.986216	0	None	None
ChainingRodShaped	5155	2.65076	0.5	-18.8132	30.6583	0	-0.056372	-0.99841	0	5156	4960
ChainingRodShaped	5527	2.63341	0.5	-24.8969	36.5141	0	-0.445888	0.895089	0	None	None
ChainingRodShaped	5555	2.42662	0.5	29.9788	51.3205	0	-0.290258	0.956948	0	None	None
ChainingRodShaped	4509	4.40427	0.5	-5.23935	48.5714	0	-0.155732	0.987799	0	None	None
ChainingRodShaped	4945	4.14748	0.5	-46.2038	56.4189	0	-0.864233	0.503092	0	None	None
ChainingRodShaped	5151	4.32886	0.5	11.73	37.3254	0	-0.677172	0.735825	0	None	None
ChainingRodShaped	5465	2.83601	0.5	3.0267	48.5728	0	-0.481613	-0.876384	0	None	None
ChainingRodShaped	4989	3.60549	0.5	-52.0311	43.8585	0	0.718331	-0.695702	0	None	None
ChainingRodShaped	5289	3.3643	0.5	26.546	19.3966	0	-0.615474	0.788157	0	None	None
ChainingRodShaped	4090	3.86238	0.5	-11.9756	17.1813	0	0.376909	0.92625	0	None	5138
ChainingRodShaped	5323	3.16776	0.5	2.39049	44.0053	0	-0.546359	-0.837551	0	None	None
ChainingRodShaped	4094	4.09694	0.5	-4.66271	53.6426	0	0.0814779	-0.996675	0	None	5228
ChainingRodShaped	5427	2.65157	0.5	-50.6245	50.6018	0	0.0120337	-0.999928	0	None	None
ChainingRodShaped	4098	4.12811	0.5	-16.6596	14.7253	0	-0.850764	0.525549	0	None	5112
ChainingRodShaped	5535	2.27537	0.5	-26.7634	61.129	0	0.55153	0.834155	0	None	None
ChainingRodShaped	5123	4.34239	0.5	-23.5985	50.6632	0	-0.369656	-0.929169	0	None	None
ChainingRodShaped	5199	3.33642	0.5	-26.9592	22.0851	0	0.864157	-0.503222	0	None	None
ChainingRodShaped	4797	4.79154	0.5	-16.5331	12.3342	0	-0.853762	0.520663	0	None	None
ChainingRodShaped	5067	4.73693	0.5	12.5564	14.761	0	-0.633768	-0.773523	0	None	None
ChainingRodShaped	4967	3.7059	0.5	30.142	29.7867	0	0.461656	-0.887059	0	None	None
ChainingRodShaped	5279	3.39391	0.5	12.3346	55.3799	0	-0.670403	-0.741997	0	None	None
ChainingRodShaped	4885	4.26895	0.5	-27.5404	44.6478	0	-0.962004	0.273035	0	None	None
ChainingRodShaped	5051	3.17904	0.5	-9.17724	44.1623	0	0.588307	-0.808638	0	None	None
ChainingRodShaped	4809	3.4393	0.5	-33.4976	32.2442	0	0.824796	-0.565431	0	None	None
ChainingRodShaped	5089	3.71345	0.5	-1.31834	42.6663	0	-0.169838	-0.985472	0	None	None
ChainingRodShaped	4991	3.5455	0.5	0.145284	53.924	0	0.0863619	-0.996264	0	None	None
ChainingRodShaped	5285	2.82909	0.5	46.5066	55.0731	0	0.818811	-0.574063	0	None	None
ChainingRodShaped	4891	4.56384	0.5	44.7049	38.1033	0	0.552766	0.833337	0	None	None
ChainingRodShaped	4613	4.89285	0.5	10.6968	64.76	0	-0.828198	-0.560435	0	None	None
ChainingRodShaped	5125	4.00317	0.5	-25.8764	46.2458	0	-0.961584	-0.274511	0	None	None
ChainingRodShaped	5013	3.12131	0.5	-12.6502	48.9593	0	-0.0536478	-0.99856	0	None	None
ChainingRodShaped	5273	2.46029	0.5	21.0826	56.1131	0	-0.416824	-0.908987	0	5274	5208
ChainingRodShaped	5721	2.011	0.5	47.6272	39.9491	0	-0.820695	0.571367	0	None	None
ChainingRodShaped	4138	3.59558	0.5	-10.8873	28.8674	0	-0.196757	-0.980452	0	None	5424
ChainingRodShaped	5243	3.36766	0.5	-40.0415	38.1379	0	0.527343	-0.849653	0	None	None
ChainingRodShaped	5131	3.09942	0.5	26.4748	46.7225	0	-0.337868	0.941194	0	None	None
ChainingRodShaped	4973	3.46811	0.5	27.6299	60.1165	0	-0.983844	-0.17903	0	None	None
ChainingRodShaped	5257	2.9055	0.5	-46.2357	58.1833	0	-0.618311	0.785934	0	None	None
ChainingRodShaped	5097	3.01723	0.5	51.3236	51.7064	0	0.469456	-0.882956	0	None	None
ChainingRodShaped	4535	4.97381	0.5	22.7883	50.6319	0	0.750207	0.661204	0	None	None
ChainingRodShaped	5095	3.9204	0.5	23.8144	34.5686	0	0.54786	0.83657	0	None	None
ChainingRodShaped	5181	3.61546	0.5	23.3336	23.5765	0	-0.929941	-0.367708	0	None	None
ChainingRodShaped	4565	4.23985	0.5	-9.85098	14.2286	0	-0.296426	-0.955056	0	None	None
ChainingRodShaped	5195	2.79692	0.5	52.6879	53.3986	0	0.458178	-0.88886	0	None	None
ChainingRodShaped	5293	3.52112	0.5	14.9382	35.4117	0	0.732672	-0.680582	0	None	None
ChainingRodShaped	4571	3.99902	0.5	18.2109	13.9812	0	-0.621549	-0.783375	0	None	None
ChainingRodShaped	5361	2.97935	0.5	10.856	30.9131	0	0.281672	0.959511	0	None	None
ChainingRodShaped	4495	4.65454	0.5	38.6804	37.7314	0	0.74517	0.666875	0	None	None
ChainingRodShaped	4168	3.31391	0.5	11.4838	57.5701	0	0.34904	0.937108	0	3790	5472
ChainingRodShaped	5469	2.49585	0.5	-13.5145	39.38	0	0.326078	-0.945343	0	None	None
ChainingRodShaped	5429	2.67665	0.5	-10.8663	59.8531	0	0.941232	0.337762	0	None	None
ChainingRodShaped	5587	2.22189	0.5	4.96243	30.5811	0	-0.2633	-0.964714	0	None	None
ChainingRodShaped	5439	3.03826	0.5	-18.572	59.2856	0	-0.908406	-0.418089	0	None	None
ChainingRodShaped	4455	4.24259	0.5	-12.4917	30.5327	0	-0.200684	-0.979656	0	None	None
ChainingRodShaped	4567	4.48893	0.5	-22.0946	23.677	0	0.810911	-0.585169	0	None	None
ChainingRodShaped	4182	4.90582	0.5	8.013	50.8127	0	-0.308232	-0.951311	0	None	5544
ChainingRodShaped	4595	4.27589	0.5	37.4301	32.9746	0	-0.457112	-0.889409	0	None	None
ChainingRodShaped	5493	2.63315	0.5	-11.3091	8.53176	0	-0.504924	-0.863164	0	None	None
ChainingRodShaped	4563	4.69148	0.5	-25.4405	56.2106	0	-0.561388	-0.827552	0	None	None
ChainingRodShaped	5425	2.33405	0.5	39.9401	46.3867	0	0.825645	-0.564191	0	5426	4189
ChainingRodShaped	5635	2.2636	0.5	-40.6964	55.8663	0	-0.578964	-0.815353	0	None	None
ChainingRodShaped	5363	3.04727	0.5	-35.7251	29.2568	0	-0.99769	-0.0679281	0	None	None
ChainingRodShaped	4947	4.15817	0.5	-42.2716	33.4261	0	-0.847374	0.530997	0	None	None
ChainingRodShaped	4867	4.48286	0.5	18.5838	40.5114	0	0.0669839	0.997754	0	None	None
ChainingRodShaped	5305	3.64555	0.5	-33.0278	54.7507	0	0.381481	0.924377	0	None	None
ChainingRodShaped	4761	3.61684	0.5	17.6408	40.578	0	0.0689803	0.997618	0	None	None
ChainingRodShaped	5505	2.53474	0.5	-32.0055	36.738	0	0.999907	-0.0136234	0	None	None
ChainingRodShaped	5461	2.44317	0.5	17.8014	53.4166	0	0.196558	0.980492	0	None	None
ChainingRodShaped	4507	4.2577	0.5	-44.9008	46.3526	0	0.157638	0.987497	0	None	None
ChainingRodShaped	4575	4.17468	0.5	-31.4302	60.6108	0	0.816421	0.577457	0	None	None
ChainingRodShaped	4212	4.41607	0.5	-12.2678	43.5232	0	-0.600515	0.799614	0	5341	4211
ChainingRodShaped	4581	4.90038	0.5	15.245	63.9974	0	-0.460149	-0.887842	0	None	None
ChainingRodShaped	5433	2.39519	0.5	-38.3913	44.2974	0	0.467777	-0.883846	0	None	None
ChainingRodShaped	5033	3.2657	0.5	35.1165	36.0268	0	0.892317	-0.45141	0	None	None
ChainingRodShaped	5023	3.82533	0.5	-48.3136	34.3241	0	-0.50163	0.865082	0	None	None
ChainingRodShaped	5263	3.2197	0.5	-2.55767	22.2662	0	-0.27581	0.961212	0	None	None
ChainingRodShaped	5253	3.58406	0.5	22.7548	55.213	0	-0.429475	-0.903079	0	None	None
ChainingRodShaped	5369	2.49143	0.5	-46.2587	35.5223	0	-0.781733	0.623613	0	None	None
ChainingRodShaped	4917	4.37756	0.5	22.5892	27.7174	0	-0.983274	-0.182135	0	None	None
ChainingRodShaped	5205	3.39594	0.5	-33.918	21.6755	0	0.426536	-0.904471	0	None	None
ChainingRodShaped	4641	3.78153	0.5	-20.1885	41.2364	0	0.154003	0.98807	0	None	None
ChainingRodShaped	4611	4.39547	0.5	-40.9788	59.1447	0	-0.509809	-0.860287	0	None	None
ChainingRodShaped	5325	2.7014	0.5	-34.3055	44.2447	0	-0.744904	0.667172	0	None	None
ChainingRodShaped	5455	2.45567	0.5	-17.2595	20.2477	0	0.131319	-0.99134	0	None	None
ChainingRodShaped	5169	3.94524	0.5	30.7713	30.7722	0	0.433025	-0.901382	0	None	None
ChainingRodShaped	5645	2.09296	0.5	31.604	53.4868	0	-0.0678965	0.997692	0	None	None
ChainingRodShaped	4905	3.27782	0.5	45.8268	38.0259	0	0.55162	0.834096	0	None	None
ChainingRodShaped	4741	3.60147	0.5	-6.77813	13.7979	0	-0.361573	0.932344	0	None	None
ChainingRodShaped	5193	4.06877	0.5	-28.6858	38.346	0	-0.132937	0.991125	0	None	None
ChainingRodShaped	4757	4.73511	0.5	-8.47283	41.6596	0	0.601207	-0.799094	0	None	None
ChainingRodShaped	5623	2.16365	0.5	5.5221	11.7207	0	-0.755996	-0.654576	0	None	None
ChainingRodShaped	4599	4.00638	0.5	9.49035	20.2304	0	0.475271	0.879839	0	None	None
ChainingRodShaped	5337	3.42974	0.5	8.59119	57.6015	0	-0.58038	-0.814346	0	None	None
ChainingRodShaped	5579	2.33918	0.5	10.0029	44.421	0	-0.990888	-0.134686	0	None	None
ChainingRodShaped	5695	2.05467	0.5	39.9518	54.8095	0	-0.227487	-0.973781	0	None	None
ChainingRodShaped	5421	2.48847	0.5	1.97998	56.0797	0	-0.789229	-0.614099	0	None	None
ChainingRodShaped	4803	4.15295	0.5	-44.8464	53.3526	0	0.857108	-0.515136	0	None	None
ChainingRodShaped	4675	4.27715	0.5	20.8558	22.204	0	-0.940138	0.340793	0	None	None
ChainingRodShaped	4971	4.40051	0.5	-47.5095	46.6682	0	0.163383	-0.986563	0	None	None
ChainingRodShaped	4901	3.40407	0.5	18.7985	16.826	0	-0.941681	0.336506	0	None	None
ChainingRodShaped	4272	3.15823	0.5	-18.0694	27.3391	0	-0.0629588	-0.998016	0	5037	4271
ChainingRodShaped	5459	2.52115	0.5	25.6908	46.1779	0	-0.347253	0.937772	0	None	None
ChainingRodShaped	5249	3.7949	0.5	-25.4694	23.4774	0	0.868281	-0.496073	0	None	None
ChainingRodShaped	5585	2.46142	0.5	38.5691	27.0569	0	0.445153	-0.895455	0	None	None
ChainingRodShaped	4631	4.84116	0.5	18.885	30.2741	0	0.999865	0.0164288	0	None	None
ChainingRodShaped	4927	3.83883	0.5	-2.0681	56.9107	0	0.10161	-0.994824	0	None	None
ChainingRodShaped	4677	4.93031	0.5	-34.2974	62.1597	0	0.811072	0.584946	0	None	None
ChainingRodShaped	4813	4.81231	0.5	44.1399	54.3277	0	0.824595	-0.565723	0	None	None
ChainingRodShaped	4969	3.71536	0.5	27.0421	27.6326	0	0.32902	-0.944323	0	None	None
ChainingRodShaped	4673	4.32949	0.5	-6.61334	10.4455	0	-0.319652	0.947535	0	None	None
ChainingRodShaped	5553	2.12936	0.5	12.4263	16.1359	0	0.633708	0.773572	0	5554	4291
ChainingRodShaped	5707	2.03665	0.5	30.1591	39.808	0	0.912653	-0.408736	0	None	None
ChainingRodShaped	4296	4.86555	0.5	8.95031	41.1047	0	-0.282023	-0.959408	0	None	None
ChainingRodShaped	4298	3.59345	0.5	27.9486	31.7528	0	0.486065	-0.873923	0	None	4297
ChainingRodShaped	5525	2.74317	0.5	-23.5403	38.104	0	-0.439327	0.898327	0	None	None
ChainingRodShaped	5381	2.66763	0.5	-15.8885	53.8792	0	0.851551	0.524271	0	None	None
ChainingRodShaped	4304	3.91881	0.5	29.0486	27.5318	0	0.353144	-0.935569	0	None	4303
ChainingRodShaped	4719	3.8263	0.5	30.8454	55.3929	0	0.346249	0.938143	0	None	None
ChainingRodShaped	4715	3.67683	0.5	18.5449	31.1753	0	0.999651	0.0264156	0	None	None
ChainingRodShaped	5235	2.85056	0.5	-23.5417	56.3956	0	-0.83083	-0.556527	0	None	None
ChainingRodShaped	5447	2.8165	0.5	4.02016	21.591	0	0.0809898	0.996715	0	None	None
ChainingRodShaped	5003	4.43047	0.5	-37.4997	40.6147	0	0.807426	-0.589969	0	None	None
ChainingRodShaped	4316	4.27504	0.5	10.3043	17.052	0	0.765946	0.642905	0	3766	4315
ChainingRodShaped	4318	4.87054	0.5	-42.5764	50.1811	0	0.968409	-0.249367	0	None	None
ChainingRodShaped	4701	4.01168	0.5	-0.991943	10.5602	0	-0.890548	0.45489	0	None	None
ChainingRodShaped	5079	3.01052	0.5	33.9266	56.739	0	-0.380171	-0.924916	0	None	None
ChainingRodShaped	5209	3.16628	0.5	40.0839	52.8326	0	-0.999988	-0.00485577	0	None	None
ChainingRodShaped	4326	3.09584	0.5	46.5562	41.873	0	0.825653	-0.564178	0	4189	4325
ChainingRodShaped	5061	4.54751	0.5	16.6334	39.7723	0	0.0735671	0.99729	0	None	None
ChainingRodShaped	5345	2.97423	0.5	-36.7504	35.6938	0	0.798143	-0.602468	0	None	None
ChainingRodShaped	5675	2.13738	0.5	6.50935	54.3056	0	-0.564354	-0.825533	0	None	None
ChainingRodShaped	5537	2.32915	0.5	6.73053	19.2146	0	0.478479	0.878099	0	None	None
ChainingRodShaped	4336	4.39886	0.5	-4.52192	61.815	0	-0.192724	-0.981253	0	None	4335
ChainingRodShaped	5509	2.56332	0.5	-40.2961	50.6132	0	0.972321	-0.233649	0	None	None
ChainingRodShaped	5661	2.20337	0.5	41.3566	23.2629	0	0.952914	-0.303241	0	None	None
ChainingRodShaped	4873	3.59739	0.5	28.1457	39.6398	0	0.91483	-0.403839	0	None	None
ChainingRodShaped	4344	3.88101	0.5	-3.05958	46.563	0	0.0930346	-0.995663	0	4635	4343
ChainingRodShaped	5705	2.0269	0.5	-26.2805	37.1147	0	-0.440767	0.897622	0	None	None
ChainingRodShaped	4737	4.82186	0.5	-14.2284	26.6965	0	-0.191022	-0.981586	0	None	None
ChainingRodShaped	4350	4.66744	0.5	-8.95692	54.1808	0	0.679556	-0.733624	0	None	None
ChainingRodShaped	4855	4.93748	0.5	3.00565	46.6803	0	-0.525779	-0.850621	0	None	None
ChainingRodShaped	4354	4.58978	0.5	18.3388	59.5218	0	-0.616273	-0.787533	0	None	None
ChainingRodShaped	5613	2.26554	0.5	-37.5735	54.5961	0	-0.938189	-0.346123	0	None	None
ChainingRodShaped	4933	4.44157	0.5	-13.2331	56.0575	0	0.957014	0.290043	0	None	None
ChainingRodShaped	5049	3.73093	0.5	15.2509	10.017	0	0.0417791	-0.999127	0	None	None
ChainingRodShaped	5191	2.89607	0.5	-10.3429	18.6105	0	-0.37684	-0.926278	0	None	None
ChainingRodShaped	5515	2.71979	0.5	25.1708	21.688	0	-0.999954	-0.0096151	0	None	None
ChainingRodShaped	5641	2.26284	0.5	47.8199	52.9913	0	0.840497	-0.541816	0	None	None
ChainingRodShaped	5431	3.08197	0.5	-9.41831	26.4775	0	-0.221338	-0.975197	0	None	None
ChainingRodShaped	4775	4.35299	0.5	39.2215	29.8627	0	0.052081	-0.998643	0	None	None
ChainingRodShaped	4773	4.59062	0.5	-51.9261	47.6652	0	-0.923076	-0.384619	0	None	None
ChainingRodShaped	4763	4.90333	0.5	37.329	59.8087	0	0.139142	-0.990272	0	None	None
ChainingRodShaped	4376	4.3964	0.5	32.5667	18.0202	0	0.342016	-0.939694	0	4303	4375
ChainingRodShaped	5697	2.04479	0.5	-18.5686	14.7463	0	-0.849644	0.527357	0	None	None
ChainingRodShaped	4899	3.86532	0.5	-21.3077	35.8228	0	-0.460271	0.887779	0	None	None
ChainingRodShaped	4793	4.24724	0.5	29.3414	46.881	0	-0.294987	0.955501	0	None	None
ChainingRodShaped	5241	3.82112	0.5	-24.0792	37.0274	0	-0.446668	0.8947	0	None	None
ChainingRodShaped	4871	3.73105	0.5	36.4118	41.829	0	-0.912616	0.408817	0	None	None
ChainingRodShaped	4835	4.08565	0.5	39.9802	48.9473	0	-0.999999	0.00145653	0	None	None
ChainingRodShaped	4795	4.02536	0.5	21.5518	40.9442	0	0.111137	0.993805	0	None	None
ChainingRodShaped	5351	2.64819	0.5	-42.1354	53.1647	0	-0.946388	0.323033	0	None	None
ChainingRodShaped	5309	3.40666	0.5	-29.6331	48.1546	0	-0.957857	-0.287247	0	None	None
ChainingRodShaped	5159	3.41869	0.5	-29.1063	55.8703	0	-0.557474	-0.830194	0	None	None
ChainingRodShaped	4821	4.66906	0.5	-8.09609	48.9154	0	-0.21439	-0.976748	0	None	None
ChainingRodShaped	4400	4.73856	0.5	-19.7178	31.1817	0	0.0427662	0.999085	0	None	None
ChainingRodShaped	5069	3.53865	0.5	1.58705	40.8518	0	-0.483479	-0.875356	0	None	None
ChainingRodShaped	4847	3.92388	0.5	8.00472	47.7152	0	0.298949	0.954269	0	None	None
ChainingRodShaped	5593	2.28519	0.5	-13.1035	59.8077	0	0.716428	0.697661	0	None	None
ChainingRodShaped	5073	4.50967	0.5	-22.1404	47.1325	0	0.0852576	0.996359	0	None	None
ChainingRodShaped	5701	2.03296	0.5	-6.68456	37.6466	0	0.59715	-0.80213	0	None	None
ChainingRodShaped	5047	3.79872	0.5	21.401	63.5025	0	-0.76702	0.641623	0	None	None
ChainingRodShaped	4857	4.19806	0.5	1.38913	8.11859	0	0.336033	0.94185	0	None	None
ChainingRodShaped	4883	4.31055	0.5	1.42498	58.4561	0	-0.382902	-0.923789	0	None	None
ChainingRodShaped	5063	4.69908	0.5	5.93892	25.6054	0	-0.409541	-0.912292	0	None	None
ChainingRodShaped	5157	3.72186	0.5	-0.867772	54.5201	0	0.0916565	-0.995791	0	None	None
ChainingRodShaped	4422	3.82524	0.5	-1.53528	32.0588	0	0.200518	0.97969	0	None	4421
ChainingRodShaped	5377	3.34315	0.5	49.9031	51.9952	0	0.288755	-0.957403	0	None	None
ChainingRodShaped	4426	4.71519	0.5	-28.6786	54.8246	0	-0.560155	-0.828388	0	3800	4425
ChainingRodShaped	5611	2.31286	0.5	-18.7079	54.2889	0	-0.801969	-0.597366	0	None	None
ChainingRodShaped	5551	2.62566	0.5	16.7924	62.6872	0	-0.463726	-0.885978	0	None	None
ChainingRodShaped	5093	3.84437	0.5	-41.4271	27.5445	0	-0.996887	0.0788481	0	None	None
ChainingRodShaped	4851	4.37833	0.5	14.4876	52.1885	0	-0.681188	-0.732108	0	None	None
ChainingRodShaped	5685	2.08863	0.5	4.07912	41.4096	0	-0.289261	-0.95725	0	None	None
ChainingRodShaped	4438	4.65135	0.5	26.2409	32.8898	0	0.320535	-0.947237	0	None	4437
ChainingRodShaped	5115	4.42962	0.5	50.1663	43.2322	0	-0.537218	-0.843443	0	None	None
ChainingRodShaped	5605	2.23344	0.5	25.0676	15.5703	0	-0.967978	-0.251036	0	None	None
ChainingRodShaped	4444	4.03384	0.5	-21.5837	26.8773	0	-0.737956	0.674849	0	None	4443
ChainingRodShaped	5267	3.81966	0.5	11.6044	34.7414	0	-0.685166	0.728387	0	None	None
ChainingRodShaped	4448	3.50847	0.5	0.131607	16.4165	0	-0.277236	0.960802	0	None	4447
ChainingRodShaped	5647	2.22535	0.5	-10.0911	35.4205	0	0.551622	-0.834094	0	None	None
ChainingRodShaped	5443	2.49809	0.5	49.3236	46.7477	0	0.259251	-0.96581	0	None	None
ChainingRodShaped	5025	4.3441	0.5	-4.20893	12.4856	0	-0.351427	0.936215	0	None	None
ChainingRodShaped	4456	4.92944	0.5	-11.9265	34.7007	0	0.551594	-0.834113	0	None	None
ChainingRodShaped	5149	4.31311	0.5	8.30584	35.8688	0	0.256846	0.966452	0	None	None
ChainingRodShaped	4981	3.5715	0.5	45.3449	33.9381	0	0.010337	0.999947	0	None	None
ChainingRodShaped	5147	3.17774	0.5	6.75267	37.1835	0	-0.276127	-0.961121	0	None	None
ChainingRodShaped	4915	3.34047	0.5	4.52885	8.52845	0	-0.750598	-0.660759	0	None	None
ChainingRodShaped	4466	4.40322	0.5	41.2098	35.0667	0	-0.161716	-0.986837	0	None	None
ChainingRodShaped	4468	4.35735	0.5	12.5879	32.3352	0	-0.677848	0.735202	0	None	None
ChainingRodShaped	5077	2.90814	0.5	-50.2904	40.4983	0	-0.192046	-0.981386	0	None	None
ChainingRodShaped	5083	3.44763	0.5	12.906	42.1151	0	-0.262784	0.964855	0	None	None
ChainingRodShaped	4913	3.69363	0.5	-7.4711	58.7082	0	0.561682	-0.827353	0	None	None
ChainingRodShaped	4476	4.82754	0.5	36.2247	39.7953	0	-0.910458	0.413601	0	None	None
ChainingRodShaped	4963	4.7226	0.5	19.0371	20.8148	0	-0.943118	0.332458	0	None	None
ChainingRodShaped	4911	3.52044	0.5	19.1361	18.7763	0	-0.94289	0.333103	0	None	None
ChainingRodShaped	4935	4.22779	0.5	-20.4072	59.6079	0	-0.648644	-0.761092	0	None	None
ChainingRodShaped	5307	3.49081	0.5	32.033	61.2718	0	0.897768	-0.440468	0	None	None
ChainingRodShaped	4486	4.20071	0.5	49.7649	56.3584	0	0.614725	-0.788741	0	None	None
ChainingRodShaped	4995	4.52877	0.5	-14.7306	36.151	0	0.171763	-0.985138	0	None	None
ChainingRodShaped	5291	3.53799	0.5	-39.2405	63.2839	0	0.966865	0.255289	0	None	None
ChainingRodShaped	4492	4.70149	0.5	-37.5318	57.4047	0	0.795915	0.605409	0	None	None
ChainingRodShaped	5091	2.95226	0.5	-41.0647	31.4074	0	-0.997611	0.0690863	0	None	None
ChainingRodShaped	5187	2.92118	0.5	36.4956	33.2355	0	0.453342	0.891336	0	None	None
ChainingRodShaped	4498	4.73573	0.5	2.68164	40.0418	0	-0.292002	-0.956418	0	None	None
ChainingRodShaped	4500	4.93039	0.5	12.8698	28.3255	0	0.478838	-0.877903	0	None	None
ChainingRodShaped	5375	2.67766	0.5	46.6807	57.7318	0	-0.347976	-0.937503	0	None	None
ChainingRodShaped	5581	2.50509	0.5	-16.2875	39.6265	0	-0.162473	-0.986713	0	None	None
ChainingRodShaped	5275	2.8069	0.5	-0.659246	62.7147	0	-0.997694	0.0678766	0	None	None
ChainingRodShaped	5039	4.21087	0.5	-44.8467	41.2908	0	-0.312328	0.949974	0	None	None
ChainingRodShaped	5057	2.93312	0.5	-5.15885	43.978	0	0.204326	0.978903	0	None	None
ChainingRodShaped	5109	3.48149	0.5	-24.8295	58.8088	0	-0.565459	-0.824776	0	None	None
ChainingRodShaped	4514	3.7252	0.5	-27.1847	21.0797	0	-0.861275	0.508138	0	5111	4513
ChainingRodShaped	5221	4.01089	0.5	-27.0337	23.254	0	0.866156	-0.499774	0	None	None
ChainingRodShaped	5035	3.88629	0.5	27.8535	38.7317	0	0.916086	-0.400983	0	None	None
ChainingRodShaped	5277	3.70784	0.5	-32.7201	52.9314	0	-0.372218	-0.928145	0	None	None
ChainingRodShaped	4522	3.7949	0.5	-16.0287	29.7464	0	-0.0907775	0.995871	0	5649	4521
ChainingRodShaped	4524	4.14438	0.5	44.2842	42.2474	0	-0.8267	0.562643	0	None	None
ChainingRodShaped	5103	4.11026	0.5	39.0549	42.8618	0	-0.643121	0.765764	0	None	None
ChainingRodShaped	4997	4.92555	0.5	36.6638	26.0964	0	0.719647	-0.69434	0	None	None
ChainingRodShaped	5335	3.5329	0.5	-11.2432	51.0891	0	0.855724	-0.517432	0	None	None
ChainingRodShaped	5231	3.30662	0.5	-25.0329	51.8896	0	0.791011	0.611802	0	None	None
ChainingRodShaped	5531	2.43743	0.5	-22.9733	48.4416	0	-0.0752856	-0.997162	0	None	None
ChainingRodShaped	4536	4.76492	0.5	18.6151	46.6957	0	0.596861	0.802345	0	None	None
ChainingRodShaped	5179	4.09026	0.5	-24.076	31.7892	0	-0.723572	0.690248	0	None	None
ChainingRodShaped	5127	2.94822	0.5	7.44068	42.681	0	0.290132	0.956987	0	None	None
ChainingRodShaped	5145	4.00252	0.5	0.884965	25.0254	0	-0.341982	-0.939707	0	None	None
ChainingRodShaped	5271	2.68225	0.5	7.86651	25.3149	0	0.398934	0.91698	0	None	None
ChainingRodShaped	5101	3.30216	0.5	20.1062	51.639	0	-0.418035	-0.908431	0	None	None
ChainingRodShaped	5139	3.1134	0.5	-29.4339	32.6956	0	0.743185	-0.669086	0	None	None
ChainingRodShaped	5413	2.83247	0.5	34.2411	55.0027	0	-0.503427	-0.864038	0	None	None
ChainingRodShaped	4552	4.50065	0.5	-44.3233	37.3044	0	-0.423889	0.905714	0	None	None
ChainingRodShaped	5715	2.01024	0.5	11.6781	19.4808	0	-0.762161	-0.647387	0	None	None
ChainingRodShaped	5511	2.51289	0.5	24.038	25.0379	0	-0.978266	-0.207352	0	None	None
ChainingRodShaped	5223	3.86528	0.5	-34.7921	43.4209	0	-0.751549	0.659677	0	None	None
ChainingRodShaped	5071	3.89965	0.5	-35.3129	25.244	0	-0.739552	-0.673099	0	None	None
ChainingRodShaped	5259	2.91416	0.5	-42.095	40.328	0	-0.215519	0.9765	0	None	None
ChainingRodShaped	4564	4.78936	0.5	-21.9861	60.773	0	-0.646949	-0.762533	0	None	None
ChainingRodShaped	5081	3.40228	0.5	-8.14732	18.6253	0	-0.260695	-0.965421	0	None	None
ChainingRodShaped	4568	4.84192	0.5	-24.0662	25.9603	0	0.992143	-0.125106	0	None	None
ChainingRodShaped	4570	4.36244	0.5	-23.829	30.2413	0	-0.733282	0.679925	0	None	None
ChainingRodShaped	5523	2.27443	0.5	20.8762	15.2445	0	-0.819386	-0.573242	0	None	None
ChainingRodShaped	5233	3.56098	0.5	-2.10049	46.0668	0	0.0830629	-0.996544	0	None	None
ChainingRodShaped	5415	2.78104	0.5	-34.0671	61.118	0	0.811519	0.584326	0	None	None
ChainingRodShaped	5165	4.15165	0.5	29.5344	34.6008	0	0.612826	-0.790218	0	None	None
ChainingRodShaped	5367	3.36397	0.5	21.9186	28.5507	0	0.984604	0.174797	0	None	None
ChainingRodShaped	5283	2.68597	0.5	17.1993	65.5491	0	-0.482686	-0.875794	0	None	None
ChainingRodShaped	5565	2.2155	0.5	4.53811	27.461	0	-0.23336	-0.97239	0	None	None
ChainingRodShaped	4586	4.60965	0.5	6.18843	48.2525	0	-0.308819	-0.951121	0	None	None
ChainingRodShaped	5379	3.14328	0.5	45.8871	58.4184	0	-0.347214	-0.937786	0	None	None
ChainingRodShaped	5389	2.79709	0.5	27.0386	61.3184	0	-0.998822	0.0485161	0	None	None
ChainingRodShaped	5171	4.1928	0.5	27.8713	48.443	0	-0.304522	0.952505	0	None	None
ChainingRodShaped	5719	2.02037	0.5	42.4858	62.134	0	-0.672951	0.739687	0	None	None
ChainingRodShaped	5503	2.56879	0.5	38.5091	36.2631	0	-0.751801	-0.65939	0	None	None
ChainingRodShaped	4598	3.98348	0.5	17.6665	32.0538	0	-0.999336	-0.0364232	0	None	None
ChainingRodShaped	4600	4.85493	0.5	4.8969	15.0367	0	0.415587	0.909553	0	None	None
ChainingRodShaped	5577	2.22495	0.5	21.6368	26.5604	0	-0.984687	-0.174331	0	None	None
ChainingRodShaped	5163	3.87881	0.5	-43.3493	41.6406	0	0.0176158	-0.999845	0	None	None
ChainingRodShaped	5141	2.99931	0.5	-10.9511	13.9173	0	-0.286862	-0.957972	0	None	None
ChainingRodShaped	5215	3.76082	0.5	25.6698	37.1662	0	0.987029	-0.160544	0	None	None
ChainingRodShaped	4610	4.77234	0.5	15.6116	23.8016	0	-0.969897	0.243514	0	None	None
ChainingRodShaped	5321	2.99132	0.5	-41.2255	60.6554	0	-0.510265	-0.860017	0	None	None
ChainingRodShaped	5167	4.21331	0.5	12.6197	63.4147	0	0.353435	0.935459	0	None	None
ChainingRodShaped	5583	2.35104	0.5	15.9969	58.1153	0	-0.616816	-0.787107	0	None	None
ChainingRodShaped	4618	3.82198	0.5	42.0823	28.1789	0	0.951688	-0.307066	0	None	None
ChainingRodShaped	5687	2.08605	0.5	-38.8216	33.327	0	-0.702378	0.711804	0	None	None
ChainingRodShaped	4622	3.82451	0.5	-40.1168	29.4022	0	-0.997099	0.076118	0	None	None
ChainingRodShaped	5343	2.93313	0.5	43.1357	53.8406	0	-0.830212	0.557448	0	None	None
ChainingRodShaped	5689	2.09777	0.5	-33.7278	40.2829	0	0.863364	-0.504581	0	None	None
ChainingRodShaped	5397	2.89344	0.5	-41.5294	48.34	0	0.791279	-0.611455	0	None	None
ChainingRodShaped	5449	2.75248	0.5	-29.1553	42.6833	0	-0.806048	0.59185	0	None	None
ChainingRodShaped	5213	3.44284	0.5	20.3173	29.2133	0	0.986306	0.164926	0	None	None
ChainingRodShaped	5673	2.06416	0.5	33.69	49.6643	0	-0.434827	-0.900514	0	None	None
ChainingRodShaped	4636	2.91132	0.5	-3.86423	55.4227	0	0.0903594	-0.995909	0	None	4635
ChainingRodShaped	5229	3.04782	0.5	-48.9155	37.8892	0	-0.400316	0.916377	0	None	None
ChainingRodShaped	5313	3.06805	0.5	34.5686	41.6012	0	-0.911829	0.410569	0	None	None
ChainingRodShaped	4642	4.04266	0.5	-20.1116	36.4728	0	-0.271129	0.962543	0	None	None
ChainingRodShaped	5265	3.24766	0.5	6.84811	25.3487	0	0.406094	0.913831	0	None	None
ChainingRodShaped	5189	4.06448	0.5	-3.05378	20.5465	0	-0.266191	0.96392	0	None	None
ChainingRodShaped	5489	2.52977	0.5	-17.0027	56.6932	0	0.872406	0.488782	0	None	None
ChainingRodShaped	4650	4.42388	0.5	30.7713	40.5567	0	-0.908514	0.417855	0	None	None
ChainingRodShaped	5417	2.79478	0.5	14.6434	25.0308	0	0.969685	-0.244357	0	None	None
ChainingRodShaped	5451	2.68136	0.5	6.99307	8.11606	0	-0.652215	-0.758034	0	None	None
ChainingRodShaped	5533	2.64622	0.5	21.6751	48.3319	0	-0.878629	-0.477504	0	None	None
ChainingRodShaped	5683	2.046	0.5	33.7611	35.288	0	0.988423	-0.151724	0	None	None
ChainingRodShaped	5225	3.97334	0.5	-23.4189	23.4484	0	0.810777	-0.585355	0	None	None
ChainingRodShaped	5479	2.3655	0.5	33.9996	63.8225	0	0.360547	0.932741	0	None	None
ChainingRodShaped	4664	4.22165	0.5	32.4408	25.416	0	0.461536	-0.887121	0	None	None
ChainingRodShaped	5371	3.19051	0.5	20.9961	36.1887	0	0.0185735	0.999827	0	None	None
ChainingRodShaped	5575	2.25133	0.5	51.1312	57.8336	0	0.614017	-0.789293	0	None	None
ChainingRodShaped	4670	3.47081	0.5	-13.1103	17.9058	0	-0.196434	-0.980517	0	5423	4669
ChainingRodShaped	4672	4.00607	0.5	-6.49306	51.9096	0	-0.202587	-0.979264	0	4335	4671
ChainingRodShaped	4674	3.97604	0.5	-6.56079	7.4597	0	-0.419257	0.907868	0	None	None
ChainingRodShaped	5347	2.73496	0.5	24.3657	22.9373	0	-0.93137	-0.364074	0	None	None
ChainingRodShaped	5311	2.85713	0.5	-35.2805	63.5367	0	-0.408983	-0.912542	0	None	None
ChainingRodShaped	4680	3.84962	0.5	-36.25	50.9204	0	0.198327	-0.980136	0	None	None
ChainingRodShaped	5655	2.12483	0.5	-8.5855	15.0614	0	-0.305959	-0.952045	0	None	None
ChainingRodShaped	5245	3.22849	0.5	0.171374	13.2253	0	-0.888145	0.459563	0	None	None
ChainingRodShaped	5261	2.7549	0.5	-31.1456	37.6906	0	0.999721	-0.0236249	0	None	None
ChainingRodShaped	5239	2.66188	0.5	6.35552	58.3723	0	-0.762905	-0.64651	0	None	None
ChainingRodShaped	5383	2.53962	0.5	18.2179	57.7936	0	-0.614132	-0.789203	0	None	None
ChainingRodShaped	5353	2.56467	0.5	-30.8535	31.4138	0	0.731622	-0.681711	0	None	None
ChainingRodShaped	5677	2.09066	0.5	-45.6435	47.8952	0	0.149194	0.988808	0	None	None
ChainingRodShaped	4696	2.77254	0.5	-35.7015	28.0807	0	0.996628	-0.0820503	0	3988	4695
ChainingRodShaped	4698	4.13029	0.5	-29.1379	60.9328	0	0.843234	0.537546	0	None	None
ChainingRodShaped	4700	4.30553	0.5	-20.1327	47.6835	0	0.0335542	0.999437	0	None	None
ChainingRodShaped	5519	2.48128	0.5	-1.16727	8.28619	0	0.0634948	0.997982	0	None	None
ChainingRodShaped	5319	2.83183	0.5	2.2915	53.8794	0	-0.779291	-0.626662	0	None	None
ChainingRodShaped	4706	4.9993	0.5	14.9704	41.5778	0	-0.275118	0.961411	0	None	None
ChainingRodShaped	5419	2.86611	0.5	-4.67251	29.6439	0	-0.27976	0.96007	0	None	None
ChainingRodShaped	4710	4.731	0.5	-26.0911	40.9187	0	-0.0809108	0.996721	0	None	None
ChainingRodShaped	5657	2.09718	0.5	-3.11059	8.52496	0	0.075768	0.997125	0	None	None
ChainingRodShaped	4714	4.85862	0.5	41.5363	24.2422	0	0.953413	-0.301669	0	None	None
ChainingRodShaped	5485	2.47451	0.5	14.1417	33.5395	0	0.724632	-0.689136	0	None	None
ChainingRodShaped	5481	2.70273	0.5	-20.7666	43.324	0	0.216681	0.976242	0	None	None
ChainingRodShaped	4720	4.60603	0.5	31.2345	50.4785	0	-0.287734	0.95771	0	None	None
ChainingRodShaped	5403	2.65557	0.5	-5.82123	20.6982	0	0.0386619	0.999252	0	None	None
ChainingRodShaped	4724	4.27095	0.5	-22.5945	20.417	0	0.993829	-0.110926	0	None	None
ChainingRodShaped	5663	2.08743	0.5	7.46294	53.5939	0	-0.740996	-0.671509	0	None	None
ChainingRodShaped	4728	4.38015	0.5	37.2534	43.5646	0	0.633952	-0.773372	0	None	None
ChainingRodShaped	5437	2.38568	0.5	44.815	47.9868	0	-0.804043	-0.594572	0	None	None
ChainingRodShaped	4732	4.30665	0.5	4.7992	33.6824	0	0.25594	0.966693	0	None	None
ChainingRodShaped	5453	2.44669	0.5	16.5335	46.5779	0	0.111113	0.993808	0	None	None
ChainingRodShaped	5601	2.2661	0.5	13.7194	59.9697	0	-0.601981	-0.798511	0	None	None
ChainingRodShaped	5441	2.92121	0.5	-13.2836	31.4428	0	-0.205266	-0.978706	0	None	None
ChainingRodShaped	4740	4.72168	0.5	-49.6805	53.5434	0	0.018826	-0.999823	0	None	None
ChainingRodShaped	5713	2.02282	0.5	-5.49727	10.2378	0	-0.293698	0.955898	0	None	None
ChainingRodShaped	4744	3.6975	0.5	26.9382	62.8104	0	-0.985659	-0.168751	0	None	None
ChainingRodShaped	4746	4.47326	0.5	-41.0606	43.2611	0	0.457744	-0.889084	0	None	None
ChainingRodShaped	5435	3.05982	0.5	-9.82933	9.04052	0	-0.524604	-0.851347	0	None	None
ChainingRodShaped	4750	4.22661	0.5	29.5973	49.2674	0	-0.293333	0.95601	0	None	None
ChainingRodShaped	5517	2.30433	0.5	-51.737	55.8921	0	-0.16377	-0.986499	0	None	None
ChainingRodShaped	5589	2.37852	0.5	-32.5685	58.5913	0	0.931301	0.364251	0	None	None
ChainingRodShaped	4756	4.02015	0.5	-37.0226	61.7521	0	-0.276677	-0.960963	0	None	None
ChainingRodShaped	5513	2.81463	0.5	-11.3363	45.4582	0	0.592816	-0.805338	0	None	None
ChainingRodShaped	4760	3.21959	0.5	25.9451	66.6027	0	-0.422757	-0.906243	0	None	4759
ChainingRodShaped	4762	4.7737	0.5	17.2703	35.4098	0	0.0553111	0.998469	0	None	None
ChainingRodShaped	4764	3.76592	0.5	38.7295	61.9039	0	-0.246015	-0.969266	0	None	None
ChainingRodShaped	5541	2.50078	0.5	45.6927	47.4354	0	-0.799963	-0.600049	0	None	None
ChainingRodShaped	4768	3.74594	0.5	-17.0082	28.2398	0	-0.0167598	-0.99986	0	None	None
ChainingRodShaped	4770	3.70344	0.5	-12.0404	62.8895	0	-0.987192	-0.15954	0	None	None
ChainingRodShaped	4772	4.3597	0.5	3.3924	14.0045	0	0.422732	0.906255	0	None	None
ChainingRodShaped	4774	4.93383	0.5	-51.6265	51.3344	0	0.0118585	-0.99993	0	None	None
ChainingRodShaped	5391	2.65135	0.5	40.2282	31.8775	0	0.408593	-0.912717	0	None	None
ChainingRodShaped	4778	4.32083	0.5	33.4333	45.3408	0	-0.558514	0.829495	0	None	None
ChainingRodShaped	4780	4.4561	0.5	2.67501	16.5361	0	0.0811852	0.996699	0	None	None
ChainingRodShaped	5703	2.03267	0.5	-12.0223	28.0183	0	-0.194153	-0.980971	0	None	None
ChainingRodShaped	4784	4.82043	0.5	43.0283	58.2987	0	0.220357	-0.975419	0	None	None
ChainingRodShaped	4786	3.64062	0.5	5.06694	7.40158	0	0.653049	0.757316	0	4004	4785
ChainingRodShaped	4788	4.3575	0.5	14.8746	55.3358	0	-0.685105	-0.728444	0	None	None
ChainingRodShaped	4790	3.98138	0.5	36.2924	60.2011	0	0.140409	-0.990094	0	None	None
ChainingRodShaped	4792	2.75407	0.5	1.92883	19.4581	0	-0.0694162	-0.997588	0	3812	4791
ChainingRodShaped	4794	4.46286	0.5	31.9222	42.4012	0	-0.535922	0.844267	0	None	None
ChainingRodShaped	4796	4.32418	0.5	21.9243	36.0319	0	0.00857556	0.999963	0	None	None
ChainingRodShaped	5607	2.42271	0.5	-14.5136	9.83162	0	0.79738	0.603478	0	None	None
ChainingRodShaped	4800	4.93947	0.5	9.93593	41.169	0	-0.277117	-0.960836	0	None	None
ChainingRodShaped	5599	2.24903	0.5	-32.6009	34.0325	0	0.84782	-0.530284	0	None	None
ChainingRodShaped	4804	4.7197	0.5	-47.011	53.1241	0	0.473053	-0.881034	0	None	None
ChainingRodShaped	4806	3.73182	0.5	-38.3147	39.0697	0	0.4976	-0.867407	0	None	None
ChainingRodShaped	4808	4.28482	0.5	-11.9216	9.44476	0	-0.504141	-0.863621	0	None	None
ChainingRodShaped	4810	3.61005	0.5	-37.1769	34.8116	0	0.799377	-0.60083	0	None	None
ChainingRodShaped	5559	2.25055	0.5	37.0737	30.2653	0	-0.549589	-0.835435	0	None	None
ChainingRodShaped	4814	4.16561	0.5	41.9504	58.6657	0	0.22677	-0.973948	0	None	None
ChainingRodShaped	5633	2.27444	0.5	-10.1305	33.7246	0	0.552109	-0.833772	0	None	None
ChainingRodShaped	4818	3.69164	0.5	32.816	44.5424	0	-0.55129	0.834313	0	None	None
ChainingRodShaped	4820	4.73929	0.5	-0.356952	27.2064	0	-0.0570089	-0.998374	0	None	None
ChainingRodShaped	4822	4.89526	0.5	-11.7568	53.579	0	0.848065	-0.529892	0	None	None
ChainingRodShaped	4824	4.59451	0.5	34.9597	25.4931	0	0.885931	-0.463817	0	None	None
ChainingRodShaped	5691	2.06212	0.5	15.7497	47.9184	0	0.135343	0.990799	0	None	None
ChainingRodShaped	5521	2.66789	0.5	-48.8947	43.5695	0	0.723254	-0.690583	0	None	None
ChainingRodShaped	5711	2.01128	0.5	47.4496	37.8095	0	0.0798365	0.996808	0	None	None
ChainingRodShaped	5709	2.03455	0.5	-13.8455	60.4936	0	0.734546	0.678559	0	None	None
ChainingRodShaped	4834	3.52741	0.5	2.40423	8.00507	0	0.335838	0.94192	0	None	None
ChainingRodShaped	4836	4.41477	0.5	45.5235	49.6548	0	-0.86749	-0.497455	0	None	None
ChainingRodShaped	4838	4.6831	0.5	39.2113	59.8653	0	-0.255696	-0.966757	0	None	None
ChainingRodShaped	4840	4.86909	0.5	-19.9765	56.6075	0	0.942039	0.335504	0	None	None
ChainingRodShaped	5497	2.32334	0.5	-2.76147	54.0079	0	0.0938708	-0.995584	0	None	None
ChainingRodShaped	4844	2.80552	0.5	-2.21251	24.5077	0	-0.280475	0.959861	0	4447	4843
ChainingRodShaped	4846	4.21917	0.5	23.2574	65.9358	0	-0.493372	-0.869818	0	None	None
ChainingRodShaped	5507	2.78708	0.5	6.63604	43.3326	0	0.283313	0.959027	0	None	None
ChainingRodShaped	4850	4.02282	0.5	-40.1687	51.5803	0	0.972951	-0.231012	0	None	None
ChainingRodShaped	4852	4.04234	0.5	18.9169	57.1155	0	-0.610648	-0.791902	0	None	None
ChainingRodShaped	4854	4.80516	0.5	5.1562	26.1335	0	-0.410197	-0.911997	0	None	None
ChainingRodShaped	4856	3.96357	0.5	6.16798	51.0098	0	-0.705016	-0.709191	0	None	None
ChainingRodShaped	4858	4.79127	0.5	-0.277993	6.6455	0	0.0599242	0.998203	0	None	None
ChainingRodShaped	4860	4.78382	0.5	13.9343	48.1946	0	-0.15512	-0.987896	0	None	None
ChainingRodShaped	4862	3.30394	0.5	28.6803	54.9157	0	-0.351337	0.936249	0	None	None
ChainingRodShaped	5603	2.31117	0.5	-10.2456	59.0507	0	0.941311	0.33754	0	None	None
ChainingRodShaped	5619	2.16336	0.5	-20.3462	14.6703	0	-0.854182	0.519974	0	None	None
ChainingRodShaped	4868	4.38473	0.5	18.1763	35.1793	0	0.0453384	0.998972	0	None	None
ChainingRodShaped	4870	4.9338	0.5	-43.4155	60.5861	0	0.308891	-0.951097	0	None	None
ChainingRodShaped	4872	4.42018	0.5	41.127	40.0858	0	-0.962824	0.270129	0	None	None
ChainingRodShaped	4874	4.19809	0.5	24.954	42.8977	0	0.34727	-0.937765	0	None	None
ChainingRodShaped	5665	2.13836	0.5	15.6951	26.7638	0	-0.96676	0.255686	0	None	None
ChainingRodShaped	5529	2.62065	0.5	22.0252	45.219	0	0.0996527	0.995022	0	None	None
ChainingRodShaped	4880	2.85093	0.5	2.94663	34.0877	0	-0.263379	-0.964693	0	5631	4879
ChainingRodShaped	5591	2.41995	0.5	35.7748	37.8899	0	0.909018	-0.416757	0	None	None
ChainingRodShaped	4884	4.8423	0.5	4.33654	61.0351	0	-0.644005	-0.765021	0	None	None
ChainingRodShaped	4886	3.42647	0.5	-25.1944	41.3942	0	-0.0823369	0.996605	0	None	None
ChainingRodShaped	4888	3.27404	0.5	-13.5119	42.4414	0	0.527218	-0.84973	0	4056	4887
ChainingRodShaped	5615	2.36532	0.5	-5.98852	39.1845	0	-0.126445	0.991974	0	None	None
ChainingRodShaped	5627	2.18258	0.5	43.1783	34.1435	0	0.0645483	0.997915	0	None	None
ChainingRodShaped	5571	2.32116	0.5	-30.4382	55.5967	0	-0.549616	-0.835418	0	None	None
ChainingRodShaped	4896	4.55736	0.5	25.3641	44.4452	0	0.356623	-0.934248	0	None	None
ChainingRodShaped	4898	4.34773	0.5	11.2379	16.5161	0	-0.730153	-0.683283	0	None	None
ChainingRodShaped	4900	3.38818	0.5	-20.6251	31.4733	0	0.0327851	0.999462	0	None	None
ChainingRodShaped	5681	2.07928	0.5	17.8622	18.2	0	-0.940692	0.339262	0	None	None
ChainingRodShaped	4904	3.64093	0.5	40.3516	60.3395	0	-0.261194	-0.965286	0	None	None
ChainingRodShaped	4906	4.61493	0.5	46.3476	34.7817	0	0.0147259	0.999892	0	None	None
ChainingRodShaped	4908	3.46409	0.5	-39.8012	44.9797	0	0.458915	-0.88848	0	None	None
ChainingRodShaped	4910	3.1082	0.5	35.2508	17.9311	0	0.463285	-0.886209	0	5557	4909
ChainingRodShaped	5723	2.01145	0.5	22.7559	17.8973	0	-0.995066	0.0992141	0	None	None
ChainingRodShaped	4914	4.30826	0.5	-9.25259	61.3369	0	0.987961	0.154703	0	None	None
ChainingRodShaped	4916	4.63576	0.5	7.49327	12.1663	0	-0.744123	-0.668042	0	None	None
ChainingRodShaped	5659	2.20116	0.5	25.4311	29.3598	0	0.295353	-0.955388	0	None	None
ChainingRodShaped	4920	3.56302	0.5	-27.019	40.7815	0	-0.083608	0.996499	0	None	None
ChainingRodShaped	4922	3.60373	0.5	-13.4652	25.7211	0	-0.192789	-0.98124	0	None	None
ChainingRodShaped	4924	4.30231	0.5	22.9931	53.171	0	0.800476	0.599365	0	None	None
ChainingRodShaped	4926	3.76392	0.5	0.0185297	49.9454	0	0.330047	-0.943964	0	None	None
ChainingRodShaped	4928	3.26912	0.5	-2.25832	60.6564	0	0.531833	-0.846849	0	None	None
ChainingRodShaped	4930	3.59794	0.5	0.689183	36.9032	0	-0.331746	-0.943369	0	None	None
ChainingRodShaped	4932	4.08864	0.5	-50.4872	43.7388	0	0.722017	-0.691876	0	None	None
ChainingRodShaped	4934	4.72719	0.5	-18.1063	53.5462	0	0.807904	0.589314	0	None	None
ChainingRodShaped	5629	2.15596	0.5	-17.4967	60.8933	0	-0.890834	-0.454329	0	None	None
ChainingRodShaped	4938	3.33331	0.5	-7.74931	57.2239	0	0.642309	-0.766446	0	None	None
ChainingRodShaped	4940	3.95371	0.5	-24.8451	54.3876	0	-0.833327	-0.552781	0	None	None
ChainingRodShaped	4942	4.58344	0.5	-5.16089	17.6309	0	0.125793	0.992057	0	None	None
ChainingRodShaped	4944	3.71796	0.5	-19.125	62.5968	0	-0.656223	-0.754567	0	None	None
ChainingRodShaped	5637	2.13467	0.5	-42.0717	54.1587	0	-0.944998	0.327075	0	None	None
ChainingRodShaped	4948	4.85054	0.5	-39.7856	32.9379	0	-0.695219	0.718798	0	None	None
ChainingRodShaped	4950	4.52315	0.5	19.1076	35.3645	0	0.0353471	0.999375	0	None	None
ChainingRodShaped	4952	3.70677	0.5	7.91517	22.9301	0	0.370614	0.928787	0	None	None
ChainingRodShaped	4954	2.66495	0.5	-2.98507	37.0697	0	0.110825	-0.99384	0	4000	4953
ChainingRodShaped	4956	3.52365	0.5	3.95412	51.4254	0	-0.719075	-0.694933	0	None	None
ChainingRodShaped	4958	3.45113	0.5	-1.20056	12.8564	0	-0.886992	0.461785	0	None	None
ChainingRodShaped	4960	3.15417	0.5	-19.0461	26.7646	0	-0.0623507	-0.998054	0	5155	4959
ChainingRodShaped	4962	4.55094	0.5	20.0559	45.4405	0	0.630309	0.776345	0	None	None
ChainingRodShaped	4964	4.8898	0.5	22.8396	20.4657	0	-0.939746	0.341872	0	None	None
ChainingRodShaped	4966	3.81242	0.5	42.8661	50.8961	0	-0.999995	-0.00315176	0	None	None
ChainingRodShaped	4968	4.9665	0.5	27.4283	34.2669	0	0.628515	-0.777798	0	None	None
ChainingRodShaped	4970	3.15933	0.5	25.6317	31.8321	0	0.311044	-0.950396	0	None	None
ChainingRodShaped	4972	4.54412	0.5	-48.3779	52.0512	0	0.155337	-0.987861	0	None	None
ChainingRodShaped	4974	4.09102	0.5	31.5216	60.4351	0	-0.897535	0.440943	0	None	None
ChainingRodShaped	4976	4.84642	0.5	-27.7171	54.5542	0	-0.558296	-0.829642	0	None	None
ChainingRodShaped	4978	4.92947	0.5	22.8598	37.2901	0	-0.00142022	0.999999	0	None	None
ChainingRodShaped	4980	3.75075	0.5	31.8712	59.1725	0	-0.900091	0.435701	0	None	None
ChainingRodShaped	4982	3.1858	0.5	46.3036	31.3442	0	-0.880154	-0.474687	0	None	None
ChainingRodShaped	4984	3.58795	0.5	-10.7631	43.1062	0	0.602416	-0.798182	0	None	None
ChainingRodShaped	4986	4.08079	0.5	41.7591	26.226	0	0.954137	-0.299371	0	None	None
ChainingRodShaped	4988	3.50546	0.5	-16.4205	23.777	0	0.0696774	-0.99757	0	None	None
ChainingRodShaped	4990	4.56837	0.5	-53.3773	49.9688	0	-0.330166	-0.943923	0	None	None
ChainingRodShaped	4992	3.95304	0.5	0.509181	58.7643	0	-0.381608	-0.924324	0	None	None
ChainingRodShaped	4994	2.52709	0.5	-17.2985	42.2359	0	-0.0396642	-0.999213	0	None	4993
ChainingRodShaped	4996	4.47651	0.5	-14.6118	39.6624	0	0.335518	-0.942034	0	None	None
ChainingRodShaped	4998	4.72071	0.5	34.1102	31.0614	0	0.224801	-0.974405	0	None	None
ChainingRodShaped	5000	3.54797	0.5	9.23449	62.5686	0	-0.921517	-0.388338	0	None	None
ChainingRodShaped	5002	4.56735	0.5	52.4268	51.7358	0	0.468934	-0.883233	0	None	None
ChainingRodShaped	5004	4.65724	0.5	-40.7998	44.8506	0	0.456211	-0.889871	0	None	None
ChainingRodShaped	5006	4.69045	0.5	23.6231	18.808	0	-0.994932	0.100546	0	None	None
ChainingRodShaped	5008	4.2566	0.5	42.0071	49.9277	0	-0.99996	-0.0089926	0	None	None
ChainingRodShaped	5010	4.71159	0.5	-42.6144	26.6447	0	-0.996833	0.0795229	0	None	None
ChainingRodShaped	5012	4.92934	0.5	-15.9955	50.2757	0	0.992654	-0.12099	0	None	None
ChainingRodShaped	5014	3.86981	0.5	-15.3722	51.1415	0	0.993814	-0.111059	0	None	None
ChainingRodShaped	5016	4.54348	0.5	46.2967	43.2297	0	-0.824103	0.566439	0	None	None
ChainingRodShaped	5018	3.83956	0.5	-38.7495	60.9975	0	-0.504323	-0.863515	0	None	None
ChainingRodShaped	5020	3.62959	0.5	-34.4737	51.7689	0	0.182177	-0.983266	0	None	None
ChainingRodShaped	5022	4.5577	0.5	-38.3095	55.3457	0	0.938042	0.346522	0	None	None
ChainingRodShaped	5024	3.83072	0.5	-45.3178	31.2967	0	-0.55665	0.830747	0	None	None
ChainingRodShaped	5026	4.44059	0.5	-2.185	7.78283	0	0.0691237	0.997608	0	None	None
ChainingRodShaped	5028	4.14505	0.5	9.95093	45.3448	0	0.98951	0.144462	0	None	None
ChainingRodShaped	5030	3.96589	0.5	14.6509	14.23	0	-0.627462	-0.778647	0	None	None
ChainingRodShaped	5032	4.72573	0.5	-36.381	32.9975	0	0.842385	-0.538876	0	None	None
ChainingRodShaped	5034	4.39295	0.5	30.6137	36.7843	0	0.984126	-0.177472	0	None	None
ChainingRodShaped	5036	4.21281	0.5	24.4291	41.6886	0	0.337872	-0.941192	0	None	None
ChainingRodShaped	5038	2.83817	0.5	-17.6244	35.0487	0	-0.0495036	-0.998774	0	4993	5037
ChainingRodShaped	5040	3.52948	0.5	-43.0204	36.8219	0	-0.425659	0.904884	0	None	None
ChainingRodShaped	5042	3.08729	0.5	27.9551	51.2795	0	-0.314182	0.949363	0	None	None
ChainingRodShaped	5044	2.9333	0.5	-9.32703	35.9947	0	0.552337	-0.833621	0	4887	5043
ChainingRodShaped	5046	3.03403	0.5	-11.6528	14.9026	0	-0.273254	-0.961942	0	None	None
ChainingRodShaped	5048	4.67634	0.5	24.2571	65.3279	0	-0.421947	-0.906621	0	None	None
ChainingRodShaped	5050	4.49924	0.5	16.1126	14.4981	0	-0.625842	-0.779949	0	None	None
ChainingRodShaped	5052	3.58523	0.5	-10.7194	47.9419	0	0.00660446	-0.999978	0	None	None
ChainingRodShaped	5054	4.51234	0.5	21.5578	31.4252	0	-0.663549	0.748133	0	None	None
ChainingRodShaped	5056	3.95528	0.5	-38.4237	47.4325	0	0.221687	-0.975118	0	None	None
ChainingRodShaped	5058	3.3946	0.5	-5.1519	39.9001	0	-0.116557	0.993184	0	None	None
ChainingRodShaped	5060	3.83462	0.5	9.81709	18.8076	0	-0.472003	-0.881597	0	None	None
ChainingRodShaped	5062	3.19487	0.5	15.7018	36.9367	0	-0.383363	0.923598	0	None	None
ChainingRodShaped	5064	3.82204	0.5	7.80477	30.4685	0	-0.278815	-0.960345	0	None	None
ChainingRodShaped	5066	3.29877	0.5	10.1305	46.3098	0	0.988016	0.15435	0	None	None
ChainingRodShaped	5068	3.03907	0.5	15.6155	18.5271	0	-0.627887	-0.778305	0	None	None
ChainingRodShaped	5070	2.99563	0.5	3.80207	44.4446	0	-0.537965	-0.842967	0	None	None
ChainingRodShaped	5072	3.80755	0.5	-36.6349	27.1875	0	0.997574	-0.0696087	0	None	None
ChainingRodShaped	5074	3.53138	0.5	-22.9099	42.2147	0	0.178318	0.983973	0	None	None
ChainingRodShaped	5076	3.48426	0.5	-22.3124	40.1304	0	0.173358	0.984859	0	None	None
ChainingRodShaped	5078	4.63196	0.5	-52.7491	43.1767	0	0.71744	-0.69662	0	None	None
ChainingRodShaped	5080	4.30702	0.5	34.7547	61.1724	0	-0.230744	-0.973014	0	None	None
ChainingRodShaped	5082	3.33784	0.5	-7.81138	22.4232	0	-0.366317	-0.93049	0	None	None
ChainingRodShaped	5084	3.003	0.5	14.1985	38.1599	0	-0.392589	0.919714	0	None	None
ChainingRodShaped	5086	4.21385	0.5	2.89428	37.4634	0	-0.283499	-0.958973	0	None	None
ChainingRodShaped	5088	2.54175	0.5	29.2775	24.166	0	0.338348	-0.941021	0	4437	5087
ChainingRodShaped	5090	3.41676	0.5	-0.716652	47.1297	0	-0.101327	-0.994853	0	None	None
ChainingRodShaped	5092	4.15816	0.5	-39.5508	30.3266	0	-0.997277	0.0737448	0	None	None
ChainingRodShaped	5094	3.5734	0.5	-37.5125	26.2663	0	-0.998184	0.0602316	0	None	None
ChainingRodShaped	5096	3.32546	0.5	24.0256	30.7297	0	-0.285789	0.958293	0	None	None
ChainingRodShaped	5098	4.41767	0.5	49.0019	55.737	0	0.61529	-0.7883	0	None	None
ChainingRodShaped	5100	3.24407	0.5	-3.78909	35.4798	0	-0.111748	0.993737	0	None	None
ChainingRodShaped	5102	3.39113	0.5	21.8763	55.5752	0	-0.425893	-0.904773	0	None	None
ChainingRodShaped	5104	4.12376	0.5	42.5879	41.0602	0	-0.834695	0.550713	0	None	None
ChainingRodShaped	5106	2.3871	0.5	-27.9057	32.624	0	-0.742673	0.669654	0	4443	5105
ChainingRodShaped	5108	3.02232	0.5	1.1307	21.7789	0	-0.0776791	-0.996978	0	None	None
ChainingRodShaped	5110	4.02221	0.5	-21.8456	62.4581	0	-0.647323	-0.762216	0	None	None
ChainingRodShaped	5112	2.75307	0.5	-20.432	17.041	0	-0.854292	0.519793	0	4098	5111
ChainingRodShaped	5114	4.52561	0.5	32.5007	54.3311	0	-0.0837912	0.996483	0	None	None
ChainingRodShaped	5116	4.31065	0.5	48.6205	45.5804	0	0.261699	-0.96515	0	None	None
ChainingRodShaped	5118	3.62245	0.5	-46.3695	41.8977	0	-0.454312	0.890843	0	None	None
ChainingRodShaped	5120	3.19666	0.5	3.19122	58.2772	0	0.772113	0.635485	0	None	None
ChainingRodShaped	5122	3.83116	0.5	20.7781	62.007	0	-0.942038	0.335505	0	None	None
ChainingRodShaped	5124	2.97879	0.5	-21.1773	54.1419	0	-0.936405	-0.350921	0	None	None
ChainingRodShaped	5126	3.2024	0.5	-23.4327	44.6811	0	-0.168469	-0.985707	0	None	None
ChainingRodShaped	5128	3.8304	0.5	6.17079	38.511	0	0.285722	0.958313	0	None	None
ChainingRodShaped	5130	3.98744	0.5	5.06443	54.8497	0	-0.790887	-0.611963	0	None	None
ChainingRodShaped	5132	3.85044	0.5	28.8742	43.1067	0	-0.728001	0.685576	0	None	None
ChainingRodShaped	5134	3.19162	0.5	-9.03162	49.0567	0	-0.224152	-0.974554	0	None	None
ChainingRodShaped	5136	4.22344	0.5	-33.1187	60.5984	0	0.811991	0.583671	0	None	None
ChainingRodShaped	5138	2.71578	0.5	-10.3567	21.1438	0	0.379839	0.925053	0	4090	5137
ChainingRodShaped	5140	3.48206	0.5	-32.7863	35.2974	0	0.850844	-0.525418	0	None	None
ChainingRodShaped	5142	3.95161	0.5	-9.50949	18.1195	0	-0.372539	-0.928017	0	None	None
ChainingRodShaped	5144	3.35234	0.5	3.55376	30.3485	0	0.186552	-0.982445	0	None	None
ChainingRodShaped	5146	3.33479	0.5	0.569011	28.0757	0	-0.0669783	-0.997754	0	None	None
ChainingRodShaped	5148	3.87604	0.5	8.07682	41.4778	0	-0.285263	-0.958449	0	None	None
ChainingRodShaped	5150	3.83053	0.5	7.02092	31.034	0	0.269211	0.963081	0	None	None
ChainingRodShaped	5152	3.13676	0.5	15.0332	34.0197	0	-0.731137	0.682231	0	None	None
ChainingRodShaped	5154	3.96008	0.5	21.7036	50.9056	0	-0.756783	-0.653667	0	None	None
ChainingRodShaped	5156	2.75388	0.5	-18.6148	34.3527	0	-0.0506689	-0.998716	0	5679	5155
ChainingRodShaped	5158	3.63883	0.5	-0.441093	59.0115	0	-0.382452	-0.923975	0	None	None
ChainingRodShaped	5160	3.49244	0.5	-26.6357	59.567	0	-0.558274	-0.829657	0	None	None
ChainingRodShaped	5162	2.9442	0.5	-26.4572	30.0143	0	0.743732	-0.668477	0	None	None
ChainingRodShaped	5164	3.51761	0.5	-42.9411	46.2742	0	-0.155454	-0.987843	0	None	None
ChainingRodShaped	5166	2.93994	0.5	26.3228	38.2721	0	0.942708	-0.333618	0	None	None
ChainingRodShaped	5168	3.8011	0.5	10.8975	58.7443	0	0.340003	0.940424	0	None	None
ChainingRodShaped	5170	3.24021	0.5	28.331	34.631	0	0.62071	-0.78404	0	None	None
ChainingRodShaped	5172	4.22576	0.5	29.235	44.2322	0	-0.674872	0.737935	0	None	None
ChainingRodShaped	5174	3.97637	0.5	35.029	31.2851	0	0.227013	-0.973892	0	None	None
ChainingRodShaped	5176	2.74749	0.5	42.1327	30.9563	0	0.649031	-0.760762	0	None	None
ChainingRodShaped	5178	2.79326	0.5	-10.7578	24.7128	0	-0.196918	-0.98042	0	None	None
ChainingRodShaped	5180	3.68933	0.5	-20.8895	28.2875	0	-0.491729	0.870748	0	None	None
ChainingRodShaped	5182	4.02802	0.5	27.5089	23.376	0	-0.801167	0.598441	0	None	None
ChainingRodShaped	5184	3.82259	0.5	40.1818	45.0402	0	-0.82214	0.569286	0	None	None
ChainingRodShaped	5186	2.3978	0.5	-14.8462	15.8698	0	-0.0823252	0.996606	0	None	5185
ChainingRodShaped	5188	3.02709	0.5	33.9087	34.3004	0	0.988201	-0.153161	0	None	None
ChainingRodShaped	5190	3.89748	0.5	-1.52558	16.1038	0	-0.607486	0.79433	0	None	None
ChainingRodShaped	5192	3.9963	0.5	-8.6882	22.7129	0	-0.375216	-0.926937	0	None	None
ChainingRodShaped	5194	3.47702	0.5	-26.6439	35.6522	0	-0.444024	0.896015	0	None	None
ChainingRodShaped	5196	4.03985	0.5	50.4073	57.1453	0	0.614146	-0.789192	0	None	None
ChainingRodShaped	5198	4.09089	0.5	14.9969	16.204	0	-0.631485	-0.775388	0	None	None
ChainingRodShaped	5200	2.81296	0.5	-30.468	24.1469	0	0.856834	-0.515592	0	None	None
ChainingRodShaped	5202	2.86605	0.5	33.9811	47.0196	0	0.809098	-0.587673	0	None	None
ChainingRodShaped	5204	3.89239	0.5	11.703	50.5922	0	-0.681652	-0.731676	0	None	None
ChainingRodShaped	5206	3.1816	0.5	-34.3992	24.7817	0	-0.734943	-0.678129	0	None	None
ChainingRodShaped	5208	2.82268	0.5	19.5735	52.8093	0	-0.414575	-0.910015	0	5273	5207
ChainingRodShaped	5210	3.05269	0.5	41.0637	55.2956	0	-0.222699	-0.974887	0	None	None
ChainingRodShaped	5212	3.16717	0.5	31.6963	33.1502	0	0.205271	-0.978705	0	None	None
ChainingRodShaped	5214	3.43792	0.5	16.0065	29.3978	0	0.993614	-0.112832	0	None	None
ChainingRodShaped	5216	3.23239	0.5	23.7693	39.989	0	0.166872	-0.985979	0	None	None
ChainingRodShaped	5218	3.59613	0.5	7.70694	18.9606	0	0.484045	0.875043	0	None	None
ChainingRodShaped	5220	2.69567	0.5	9.66718	33.7206	0	-0.26544	-0.964128	0	None	None
ChainingRodShaped	5222	3.91408	0.5	-31.2722	25.7979	0	0.849578	-0.527464	0	None	None
ChainingRodShaped	5224	4.01693	0.5	-31.688	40.4578	0	-0.924909	0.380188	0	None	None
ChainingRodShaped	5226	3.63434	0.5	-27.5331	25.7752	0	0.868598	-0.495518	0	None	None
ChainingRodShaped	5228	2.76971	0.5	-4.27719	49.238	0	0.0949812	-0.995479	0	4094	5227
ChainingRodShaped	5230	2.72068	0.5	-46.8539	34.7362	0	-0.779597	0.626281	0	None	None
ChainingRodShaped	5232	3.6606	0.5	-28.7104	49.5345	0	0.936105	0.351721	0	None	None
ChainingRodShaped	5234	2.87833	0.5	-2.48115	50.4395	0	0.0622736	-0.998059	0	None	None
ChainingRodShaped	5236	3.36967	0.5	-19.8117	57.681	0	-0.940117	-0.340851	0	None	None
ChainingRodShaped	5238	3.95348	0.5	17.2505	14.3553	0	-0.624864	-0.780734	0	None	None
ChainingRodShaped	5240	3.83577	0.5	8.40001	59.0125	0	-0.574807	-0.818289	0	None	None
ChainingRodShaped	5242	3.81101	0.5	-22.1768	32.6613	0	-0.308761	0.95114	0	None	None
ChainingRodShaped	5244	3.84261	0.5	-41.5922	42.2216	0	0.456513	-0.889717	0	None	None
ChainingRodShaped	5246	3.89968	0.5	2.93394	10.7764	0	-0.905065	0.425273	0	None	None
ChainingRodShaped	5248	3.06825	0.5	44.0934	52.1072	0	-0.958474	0.285179	0	None	None
ChainingRodShaped	5250	3.41903	0.5	-29.4363	25.7909	0	0.855277	-0.518171	0	None	None
ChainingRodShaped	5252	3.42411	0.5	-28.8367	35.2541	0	0.556828	-0.830628	0	None	None
ChainingRodShaped	5254	3.06615	0.5	24.5704	59.1086	0	-0.416657	-0.909064	0	None	None
ChainingRodShaped	5256	2.9363	0.5	35.2794	22.2975	0	0.965222	-0.261432	0	None	None
ChainingRodShaped	5258	3.62776	0.5	-44.2221	57.0427	0	-0.486144	0.873879	0	None	None
ChainingRodShaped	5260	3.82049	0.5	-40.1789	36.5119	0	-0.553164	0.833072	0	None	None
ChainingRodShaped	5262	3.43702	0.5	-35.1815	38.2714	0	0.983117	-0.182977	0	None	None
ChainingRodShaped	5264	3.02686	0.5	-1.41501	18.3555	0	-0.28745	0.957796	0	None	None
ChainingRodShaped	5266	3.17447	0.5	5.32016	21.4668	0	0.307924	0.951411	0	None	None
ChainingRodShaped	5268	2.98273	0.5	14.5809	31.5802	0	-0.649666	0.76022	0	None	None
ChainingRodShaped	5270	3.26419	0.5	-0.881768	40.129	0	-0.199751	-0.979847	0	None	None
ChainingRodShaped	5272	3.21465	0.5	6.41457	21.7092	0	0.313749	0.949506	0	None	None
ChainingRodShaped	5274	2.70776	0.5	22.5781	59.3607	0	-0.419609	-0.907705	0	4759	5273
ChainingRodShaped	5276	3.45097	0.5	3.39405	62.9799	0	-0.966158	-0.257951	0	None	None
ChainingRodShaped	5278	3.19179	0.5	-30.7532	56.8672	0	-0.557944	-0.829879	0	None	None
ChainingRodShaped	5280	3.73614	0.5	15.2928	58.7948	0	-0.619351	-0.785114	0	None	None
ChainingRodShaped	5282	3.69535	0.5	35.7583	55.6726	0	-0.512042	-0.85896	0	None	None
ChainingRodShaped	5284	3.78498	0.5	22.3389	66.4377	0	-0.516378	-0.856361	0	None	None
ChainingRodShaped	5286	2.75128	0.5	44.1671	57.6871	0	0.22252	-0.974928	0	None	None
ChainingRodShaped	5288	2.64508	0.5	38.4919	45.0347	0	-0.822609	0.568608	0	None	None
ChainingRodShaped	5290	2.83035	0.5	28.5497	19.0173	0	-0.806459	0.59129	0	None	None
ChainingRodShaped	5292	2.88925	0.5	-40.5895	65.2398	0	0.706747	-0.707466	0	None	None
ChainingRodShaped	5294	3.02672	0.5	11.9556	38.4533	0	0.678714	-0.734402	0	None	None
ChainingRodShaped	5296	2.42562	0.5	-7.64732	27.5441	0	0.400838	0.916149	0	5137	5295
ChainingRodShaped	5298	3.0677	0.5	-6.75943	21.0008	0	0.0286728	0.999589	0	None	None
ChainingRodShaped	5300	3.65495	0.5	-35.4594	47.3661	0	0.365554	0.93079	0	None	None
ChainingRodShaped	5302	3.34236	0.5	-29.4272	21.2537	0	0.859268	-0.511526	0	None	None
ChainingRodShaped	5304	3.2509	0.5	16.5453	25.5444	0	0.967822	-0.251634	0	None	None
ChainingRodShaped	5306	3.31986	0.5	-35.6048	54.3009	0	0.934896	0.354922	0	None	None
ChainingRodShaped	5308	3.58223	0.5	28.3156	64.0414	0	0.98688	0.161456	0	None	None
ChainingRodShaped	5310	3.60691	0.5	-25.7081	50.0597	0	-0.754145	-0.656708	0	None	None
ChainingRodShaped	5312	2.73614	0.5	-37.3867	64.7214	0	0.998874	-0.0474451	0	None	None
ChainingRodShaped	5314	2.58562	0.5	38.038	40.0391	0	-0.914367	0.404886	0	None	None
ChainingRodShaped	5316	2.41503	0.5	-11.6732	41.2129	0	0.581835	-0.813307	0	None	5315
ChainingRodShaped	5318	2.84546	0.5	32.8833	32.1503	0	0.215049	-0.976603	0	None	None
ChainingRodShaped	5320	2.84136	0.5	5.27936	56.2261	0	-0.787009	-0.616941	0	None	None
ChainingRodShaped	5322	2.65294	0.5	-41.9779	62.4724	0	-0.0834166	-0.996515	0	None	None
ChainingRodShaped	5324	2.78641	0.5	4.51811	47.3439	0	-0.534264	-0.845318	0	None	None
ChainingRodShaped	5326	3.51171	0.5	-30.6764	41.5342	0	-0.992662	0.120925	0	None	None
ChainingRodShaped	5328	2.59767	0.5	-18.2513	47.6666	0	0.0037256	-0.999993	0	None	5327
ChainingRodShaped	5330	3.29505	0.5	-26.6509	51.852	0	0.784728	0.61984	0	None	None
ChainingRodShaped	5332	3.08136	0.5	18.9629	54.4727	0	0.206348	0.978479	0	None	None
ChainingRodShaped	5334	2.84967	0.5	-12.5257	10.3675	0	-0.501991	-0.864873	0	None	None
ChainingRodShaped	5336	3.34629	0.5	-15.3432	52.0771	0	0.994874	-0.101122	0	None	None
ChainingRodShaped	5338	2.71464	0.5	10.6786	61.0178	0	-0.334171	-0.942512	0	None	None
ChainingRodShaped	5340	2.5769	0.5	-45.0489	36.5337	0	-0.4187	0.908124	0	None	None
ChainingRodShaped	5342	2.52148	0.5	-7.63396	37.3679	0	-0.605129	0.796128	0	5355	5341
ChainingRodShaped	5344	2.70414	0.5	47.7752	51.6621	0	-0.957234	0.289315	0	None	None
ChainingRodShaped	5346	2.90583	0.5	-39.2024	38.6695	0	0.506048	-0.862506	0	None	None
ChainingRodShaped	5348	3.09804	0.5	27.7323	22.0135	0	-0.80646	0.591289	0	None	None
ChainingRodShaped	5350	2.86814	0.5	1.28128	35.4779	0	-0.288786	-0.957394	0	None	None
ChainingRodShaped	5352	2.53905	0.5	-38.6965	52.2389	0	-0.975532	0.219856	0	None	None
ChainingRodShaped	5354	2.56374	0.5	-33.6722	33.5485	0	0.843055	-0.537827	0	None	None
ChainingRodShaped	5356	2.31596	0.5	-3.40485	31.8951	0	-0.615525	0.788117	0	None	5355
ChainingRodShaped	5358	3.10672	0.5	-28.6889	43.9909	0	-0.958156	0.286246	0	None	None
ChainingRodShaped	5360	2.60184	0.5	32.6426	62.0738	0	0.897431	-0.441154	0	None	None
ChainingRodShaped	5362	3.26867	0.5	9.66152	27.0266	0	0.39474	0.918793	0	None	None
ChainingRodShaped	5364	3.42566	0.5	-31.6815	28.6801	0	-0.995544	0.0942955	0	None	None
ChainingRodShaped	5366	2.91587	0.5	11.9014	42.2699	0	0.254316	-0.967121	0	None	None
ChainingRodShaped	5368	2.75474	0.5	18.1138	28.066	0	0.970431	-0.241379	0	None	None
ChainingRodShaped	5370	2.56709	0.5	-43.7205	33.1813	0	-0.842653	0.538457	0	None	None
ChainingRodShaped	5372	3.29354	0.5	21.9038	32.3901	0	-0.656024	0.75474	0	None	None
ChainingRodShaped	5374	2.92552	0.5	46.6832	45.2656	0	-0.269947	0.962875	0	None	None
ChainingRodShaped	5376	2.5851	0.5	47.7423	60.1799	0	0.359863	-0.933005	0	None	None
ChainingRodShaped	5378	2.5772	0.5	48.0261	55.3866	0	0.615674	-0.788001	0	None	None
ChainingRodShaped	5380	2.96584	0.5	46.1806	61.4645	0	-0.490031	-0.871705	0	None	None
ChainingRodShaped	5382	3.33062	0.5	-19.2594	51.5436	0	0.813759	0.581203	0	None	None
ChainingRodShaped	5384	2.62914	0.5	20.8211	60.0417	0	-0.929574	-0.368636	0	None	None
ChainingRodShaped	5386	2.84725	0.5	-21.0599	48.2508	0	0.0435518	0.999051	0	None	None
ChainingRodShaped	5388	2.75171	0.5	14.7174	47.2327	0	0.145234	0.989397	0	None	None
ChainingRodShaped	5390	2.45387	0.5	29.9209	62.8546	0	-0.75125	-0.660017	0	None	None
ChainingRodShaped	5392	2.94275	0.5	40.2859	35.4395	0	-0.154696	-0.987962	0	None	None
ChainingRodShaped	5394	2.69236	0.5	-25.2405	47.4223	0	-0.96147	-0.27491	0	None	None
ChainingRodShaped	5396	2.61513	0.5	36.6786	55.3422	0	-0.519605	-0.854407	0	None	None
ChainingRodShaped	5398	2.56684	0.5	-44.8552	49.7631	0	0.967263	-0.253776	0	None	None
ChainingRodShaped	5400	2.61013	0.5	9.18722	28.6453	0	0.286406	0.958108	0	None	None
ChainingRodShaped	5402	3.25154	0.5	-51.5812	39.2318	0	0.119711	-0.992809	0	None	None
ChainingRodShaped	5404	3.04681	0.5	-6.29249	16.9647	0	0.0722675	0.997385	0	None	None
ChainingRodShaped	5406	3.1178	0.5	43.2618	37.6707	0	-0.551323	-0.834292	0	None	None
ChainingRodShaped	5408	2.9973	0.5	11.4369	22.6241	0	6.88905e-05	1	0	None	None
ChainingRodShaped	5410	2.25283	0.5	-4.0392	31.2204	0	0.62599	-0.779831	0	4058	5409
ChainingRodShaped	5412	2.75523	0.5	18.3322	22.0535	0	-0.946399	0.323	0	None	None
ChainingRodShaped	5414	2.63378	0.5	35.4386	58.3889	0	0.0285509	-0.999592	0	None	None
ChainingRodShaped	5416	2.56397	0.5	-37.0413	58.9921	0	0.792083	0.610414	0	None	None
ChainingRodShaped	5418	2.62634	0.5	11.968	28.0385	0	0.483175	-0.875524	0	None	None
ChainingRodShaped	5420	2.70136	0.5	-3.65951	26.0361	0	-0.283283	0.959036	0	None	None
ChainingRodShaped	5422	2.97274	0.5	4.86793	58.4005	0	-0.77046	-0.637488	0	None	None
ChainingRodShaped	5424	2.42709	0.5	-11.6805	24.9349	0	-0.198937	-0.980012	0	4138	5423
ChainingRodShaped	5426	2.33511	0.5	37.1882	48.271	0	0.824598	-0.56572	0	None	5425
ChainingRodShaped	5428	3.12579	0.5	-50.6808	54.4804	0	0.018415	-0.99983	0	None	None
ChainingRodShaped	5430	2.83071	0.5	-13.6462	58.0621	0	0.970674	0.240399	0	None	None
ChainingRodShaped	5432	2.81555	0.5	-7.69338	29.7738	0	-0.384917	-0.922951	0	None	None
ChainingRodShaped	5434	2.49252	0.5	-39.4319	47.5262	0	0.218407	-0.975858	0	None	None
ChainingRodShaped	5436	2.96071	0.5	-8.25901	12.6548	0	-0.241166	-0.970484	0	None	None
ChainingRodShaped	5438	2.89267	0.5	47.9703	49.742	0	-0.919771	-0.392455	0	None	None
ChainingRodShaped	5440	2.57822	0.5	-15.1925	60.9962	0	-0.872715	-0.488229	0	None	None
ChainingRodShaped	5442	2.52393	0.5	-13.0014	34.6077	0	0.547906	-0.83654	0	None	None
ChainingRodShaped	5444	2.70152	0.5	50.6948	48.5895	0	-0.376647	-0.926357	0	None	None
ChainingRodShaped	5446	2.39471	0.5	-27.3594	27.3089	0	0.994435	-0.105355	0	4695	5445
ChainingRodShaped	5448	2.75251	0.5	3.87497	17.9204	0	0.198749	0.98005	0	None	None
ChainingRodShaped	5450	2.81531	0.5	-27.8792	39.5119	0	-0.123013	0.992405	0	None	None
ChainingRodShaped	5452	3.0341	0.5	9.45677	11.0266	0	-0.640716	-0.767778	0	None	None
ChainingRodShaped	5454	2.47942	0.5	16.067	43.1808	0	0.193004	0.981198	0	None	None
ChainingRodShaped	5456	2.74266	0.5	-17.3084	23.8003	0	0.0597148	-0.998215	0	None	None
ChainingRodShaped	5458	2.67744	0.5	-7.23568	43.3092	0	0.196836	0.980436	0	None	None
ChainingRodShaped	5460	2.60769	0.5	27.2021	42.9966	0	-0.516882	0.856056	0	None	None
ChainingRodShaped	5462	2.45836	0.5	17.3318	50.1692	0	0.406667	0.913577	0	None	None
ChainingRodShaped	5464	2.47901	0.5	25.2123	26.2636	0	-0.980291	-0.197557	0	None	None
ChainingRodShaped	5466	2.3708	0.5	5.2005	51.3506	0	-0.712066	-0.702112	0	None	None
ChainingRodShaped	5468	2.44884	0.5	-21.2267	19.2672	0	0.993141	-0.116921	0	None	None
ChainingRodShaped	5470	2.47133	0.5	-14.7082	42.5619	0	0.518701	-0.854955	0	None	None
ChainingRodShaped	5472	2.28989	0.5	12.8146	61.128	0	0.351873	0.936048	0	4168	5471
ChainingRodShaped	5474	2.65282	0.5	-14.0605	53.0371	0	0.999927	-0.0120994	0	None	None
ChainingRodShaped	5476	2.69818	0.5	-14.5222	31.8662	0	-0.458624	-0.88863	0	None	None
ChainingRodShaped	5478	2.45095	0.5	13.7861	55.5638	0	-0.677789	-0.735256	0	None	None
ChainingRodShaped	5480	2.8695	0.5	31.6855	64.2051	0	0.691143	-0.722718	0	None	None
ChainingRodShaped	5482	2.82998	0.5	-21.4127	39.6825	0	0.163873	0.986481	0	None	None
ChainingRodShaped	5484	2.77771	0.5	-33.2884	22.6557	0	0.425163	-0.905117	0	None	None
ChainingRodShaped	5486	2.9157	0.5	11.5764	36.1302	0	0.680825	-0.732446	0	None	None
ChainingRodShaped	5488	2.4626	0.5	-1.76013	26.2623	0	0.290062	-0.957008	0	None	None
ChainingRodShaped	5490	2.61506	0.5	-20.2862	55.4762	0	0.939873	0.341525	0	None	None
ChainingRodShaped	5492	2.73486	0.5	-8.41744	9.47347	0	-0.513593	-0.858034	0	None	None
ChainingRodShaped	5494	2.79069	0.5	-9.61371	11.7895	0	-0.335699	-0.941969	0	None	None
ChainingRodShaped	5496	2.60276	0.5	-19.2275	45.1093	0	0.010065	0.999949	0	None	None
ChainingRodShaped	5498	2.54713	0.5	-3.0952	57.412	0	0.10699	-0.99426	0	None	None
ChainingRodShaped	5500	2.45369	0.5	-4.40621	9.98064	0	-0.28412	0.958789	0	None	None
ChainingRodShaped	5502	2.49865	0.5	7.57388	36.7144	0	-0.266516	-0.963831	0	None	None
ChainingRodShaped	5504	2.75316	0.5	41.4546	38.2177	0	-0.95017	-0.311734	0	None	None
ChainingRodShaped	5506	2.3308	0.5	-35.2917	37.3439	0	0.984409	-0.175897	0	None	None
ChainingRodShaped	5508	2.58877	0.5	5.58056	39.841	0	0.294647	0.955606	0	None	None
ChainingRodShaped	5510	2.36892	0.5	-43.6496	51.453	0	0.965877	-0.259	0	None	None
ChainingRodShaped	5512	2.61402	0.5	27.3057	24.723	0	-0.80057	0.599239	0	None	None
ChainingRodShaped	5514	2.67069	0.5	-11.7031	48.8241	0	-0.043649	-0.999047	0	None	None
ChainingRodShaped	5516	2.6331	0.5	28.3809	20.3402	0	-0.812332	0.583196	0	None	None
ChainingRodShaped	5518	2.67597	0.5	-48.9157	57.9139	0	-0.647722	-0.761877	0	None	None
ChainingRodShaped	5520	2.57934	0.5	-1.40051	4.77738	0	0.0726855	0.997355	0	None	None
ChainingRodShaped	5522	2.42159	0.5	-51.2809	45.9149	0	0.908943	-0.416921	0	None	None
ChainingRodShaped	5524	2.69822	0.5	24.0176	16.593	0	-0.998536	-0.0540955	0	None	None
ChainingRodShaped	5526	2.5645	0.5	-21.9079	34.8876	0	-0.451371	0.892337	0	None	None
ChainingRodShaped	5528	2.67401	0.5	-23.365	33.258	0	-0.318267	0.948001	0	None	None
ChainingRodShaped	5530	2.51391	0.5	20.2992	44.2793	0	0.622527	0.782599	0	None	None
ChainingRodShaped	5532	2.46838	0.5	-22.1721	51.7429	0	-0.36036	-0.932813	0	None	None
ChainingRodShaped	5534	2.26309	0.5	24.1177	50.5365	0	-0.746024	-0.665919	0	None	None
ChainingRodShaped	5536	2.53583	0.5	-29.4221	59.6033	0	0.844767	0.535135	0	None	None
ChainingRodShaped	5538	2.61432	0.5	5.10369	18.0856	0	0.346171	0.938172	0	None	None
ChainingRodShaped	5540	2.45475	0.5	34.7868	24.486	0	0.881926	-0.471388	0	None	None
ChainingRodShaped	5542	2.5854	0.5	48.8007	49.0092	0	-0.927575	-0.373636	0	None	None
ChainingRodShaped	5544	2.19552	0.5	6.6258	46.4828	0	-0.29929	-0.954162	0	4182	5543
ChainingRodShaped	5546	2.35876	0.5	31.729	37.5379	0	0.985853	-0.16761	0	None	None
ChainingRodShaped	5548	2.63815	0.5	-2.67412	15.6205	0	-0.426204	0.904627	0	None	None
ChainingRodShaped	5550	2.47453	0.5	27.0495	47.8846	0	-0.328422	0.944531	0	None	None
ChainingRodShaped	5552	2.60685	0.5	18.5078	65.8482	0	-0.50024	-0.865887	0	None	None
ChainingRodShaped	5554	2.08929	0.5	10.4489	13.74	0	0.639439	0.768842	0	4785	5553
ChainingRodShaped	5556	2.4228	0.5	30.9544	48.066	0	-0.283772	0.958892	0	None	None
ChainingRodShaped	5558	2.17163	0.5	32.0998	23.969	0	0.462002	-0.886879	0	4297	5557
ChainingRodShaped	5560	2.28618	0.5	38.5893	33.1309	0	-0.455049	-0.890466	0	None	None
ChainingRodShaped	5562	2.1965	0.5	-8.33269	32.7615	0	0.54947	-0.835514	0	None	None
ChainingRodShaped	5564	2.30045	0.5	-10.0472	56.9295	0	0.637209	-0.770691	0	None	None
ChainingRodShaped	5566	2.36353	0.5	5.84171	30.2289	0	-0.259595	-0.965718	0	None	None
ChainingRodShaped	5568	2.33488	0.5	-1.68617	52.8705	0	0.0888096	-0.996049	0	None	None
ChainingRodShaped	5570	2.4063	0.5	44.1352	41.1865	0	-0.829147	0.559031	0	None	None
ChainingRodShaped	5572	2.36872	0.5	-28.6053	58.3755	0	-0.549164	-0.835715	0	None	None
ChainingRodShaped	5574	2.3146	0.5	29.1938	57.0863	0	-0.942253	0.334903	0	None	None
ChainingRodShaped	5576	2.38477	0.5	49.08	60.4382	0	0.614989	-0.788535	0	None	None
ChainingRodShaped	5578	2.46178	0.5	24.8888	27.1677	0	-0.981404	-0.191956	0	None	None
ChainingRodShaped	5580	2.20078	0.5	13.2256	44.8178	0	-0.994065	-0.108786	0	None	None
ChainingRodShaped	5582	2.39484	0.5	-16.3165	43.0018	0	-0.0296679	-0.99956	0	None	None
ChainingRodShaped	5584	2.34553	0.5	18.0522	60.7443	0	-0.612322	-0.790609	0	None	None
ChainingRodShaped	5586	2.1822	0.5	37.6379	29.3543	0	-0.54661	-0.837387	0	None	None
ChainingRodShaped	5588	2.23667	0.5	5.76506	33.6604	0	-0.251806	-0.967778	0	None	None
ChainingRodShaped	5590	2.23929	0.5	-35.5067	57.7292	0	0.800316	0.599579	0	None	None
ChainingRodShaped	5592	2.43488	0.5	32.5914	38.6435	0	0.994976	0.100114	0	None	None
ChainingRodShaped	5594	2.17389	0.5	-15.8717	58.3984	0	0.900656	0.434532	0	None	None
ChainingRodShaped	5596	2.2339	0.5	-44.2558	44.186	0	0.147956	0.988994	0	None	None
ChainingRodShaped	5598	2.36937	0.5	-44.4576	60.571	0	0.310459	-0.950587	0	None	None
ChainingRodShaped	5600	2.42484	0.5	-35.3645	35.8493	0	0.80413	-0.594454	0	None	None
ChainingRodShaped	5602	2.16244	0.5	15.5975	62.54	0	-0.465823	-0.884878	0	None	None
ChainingRodShaped	5604	2.33979	0.5	-12.834	57.2046	0	0.957354	0.288918	0	None	None
ChainingRodShaped	5606	2.15157	0.5	27.8341	17.0555	0	-0.836342	-0.548209	0	None	None
ChainingRodShaped	5608	2.25066	0.5	-15.3278	7.04476	0	0.150515	0.988608	0	None	None
ChainingRodShaped	5610	2.22729	0.5	14.905	59.8759	0	-0.620397	-0.784288	0	None	None
ChainingRodShaped	5612	2.4135	0.5	-15.9718	56.166	0	-0.874739	-0.484595	0	None	None
ChainingRodShaped	5614	2.28617	0.5	-34.5423	55.7556	0	-0.931301	-0.364251	0	None	None
ChainingRodShaped	5616	2.28407	0.5	-4.92912	36.1674	0	-0.216735	0.97623	0	None	None
ChainingRodShaped	5618	2.27412	0.5	-6.53749	42.1369	0	0.207165	0.978306	0	None	None
ChainingRodShaped	5620	2.1619	0.5	-18.3632	12.2887	0	-0.853433	0.521203	0	None	None
ChainingRodShaped	5622	2.37518	0.5	-5.36372	24.0919	0	0.0295437	0.999563	0	None	None
ChainingRodShaped	5624	2.28865	0.5	7.93559	13.8295	0	-0.750777	-0.660556	0	None	None
ChainingRodShaped	5626	2.16821	0.5	-47.9474	40.5766	0	0.402389	-0.915469	0	None	None
ChainingRodShaped	5628	2.26203	0.5	43.2438	31.2421	0	-0.59761	0.801787	0	None	None
ChainingRodShaped	5630	2.25145	0.5	-14.9908	62.7567	0	-0.606569	-0.795031	0	None	None
ChainingRodShaped	5632	2.12079	0.5	4.76027	40.3985	0	-0.287669	-0.95773	0	5543	5631
ChainingRodShaped	5634	2.31755	0.5	-11.9312	36.4476	0	0.547682	-0.836687	0	None	None
ChainingRodShaped	5636	2.15239	0.5	-38.9687	58.5262	0	-0.432259	-0.901749	0	None	None
ChainingRodShaped	5638	2.18123	0.5	-38.9843	53.3007	0	-0.975652	0.219323	0	None	None
ChainingRodShaped	5640	2.26337	0.5	-33.4743	38.9128	0	0.981235	-0.192817	0	None	None
ChainingRodShaped	5642	2.09994	0.5	45.2156	54.7744	0	0.823501	-0.567316	0	None	None
ChainingRodShaped	5644	2.18703	0.5	-0.3107	33.2254	0	-0.204765	-0.978811	0	None	None
ChainingRodShaped	5646	2.17402	0.5	32.2202	50.4652	0	-0.283364	0.959012	0	None	None
ChainingRodShaped	5648	2.14169	0.5	-11.8128	38.0571	0	0.541344	-0.840801	0	None	None
ChainingRodShaped	5650	2.07437	0.5	-15.4112	22.7629	0	-0.0816219	0.996663	0	5185	5649
ChainingRodShaped	5652	2.13243	0.5	4.1783	52.9566	0	-0.759697	-0.650278	0	None	None
ChainingRodShaped	5654	2.17325	0.5	3.20905	23.9702	0	-0.0672972	-0.997733	0	None	None
ChainingRodShaped	5656	2.12947	0.5	-7.24504	17.5049	0	-0.0827235	-0.996573	0	None	None
ChainingRodShaped	5658	2.09701	0.5	-3.35629	5.44762	0	0.0809494	0.996718	0	None	None
ChainingRodShaped	5660	2.15321	0.5	24.4955	32.3647	0	0.301515	-0.953462	0	None	None
ChainingRodShaped	5662	2.20389	0.5	38.6245	23.2567	0	0.931201	-0.364507	0	None	None
ChainingRodShaped	5664	2.12385	0.5	9.51457	55.0446	0	-0.331344	-0.94351	0	None	None
ChainingRodShaped	5666	2.15065	0.5	18.7157	25.976	0	-0.967267	0.253761	0	None	None
ChainingRodShaped	5668	2.20047	0.5	-15.7204	36.5449	0	0.161882	-0.98681	0	None	None
ChainingRodShaped	5670	2.18919	0.5	20.425	39.5448	0	0.0814549	0.996677	0	None	None
ChainingRodShaped	5672	2.09503	0.5	-24.2362	41.3384	0	-0.0775705	0.996987	0	None	None
ChainingRodShaped	5674	2.14794	0.5	35.0245	52.43	0	-0.445643	-0.895211	0	None	None
ChainingRodShaped	5676	2.12186	0.5	8.70468	56.1075	0	-0.572216	-0.820103	0	None	None
ChainingRodShaped	5678	2.06005	0.5	-46.1249	44.8795	0	0.147756	0.989024	0	None	None
ChainingRodShaped	5680	2.02572	0.5	-18.3291	40.7734	0	-0.0333492	-0.999444	0	5327	5679
ChainingRodShaped	5682	2.10925	0.5	20.7554	17.1964	0	-0.95276	0.303725	0	None	None
ChainingRodShaped	5684	2.11656	0.5	30.7417	35.7816	0	0.984845	-0.173435	0	None	None
ChainingRodShaped	5686	2.06178	0.5	4.76874	44.2285	0	-0.529492	-0.848315	0	None	None
ChainingRodShaped	5688	2.05882	0.5	-36.8497	31.0436	0	-0.54375	0.839247	0	None	None
ChainingRodShaped	5690	2.04461	0.5	-36.2151	42.048	0	0.796966	-0.604025	0	None	None
ChainingRodShaped	5692	2.05995	0.5	15.3765	44.9251	0	0.110277	0.993901	0	None	None
ChainingRodShaped	5694	2.02599	0.5	-4.64889	21.8661	0	0.175223	0.984529	0	None	None
ChainingRodShaped	5696	2.0317	0.5	40.6697	57.7475	0	-0.258701	-0.965958	0	None	None
ChainingRodShaped	5698	2.02898	0.5	-16.0016	13.1619	0	-0.851487	0.524376	0	None	None
ChainingRodShaped	5700	2.02801	0.5	0.298172	10.9806	0	-0.890461	0.45506	0	None	None
ChainingRodShaped	5702	2.03297	0.5	-8.48046	40.0744	0	0.596803	-0.802388	0	None	None
ChainingRodShaped	5704	2.04082	0.5	-11.4365	30.9553	0	-0.206548	-0.978436	0	None	None
ChainingRodShaped	5706	2.01572	0.5	-24.9415	34.4247	0	-0.452963	0.891529	0	None	None
ChainingRodShaped	5708	2.01771	0.5	27.4277	41.0135	0	0.910746	-0.412966	0	None	None
ChainingRodShaped	5710	2.03203	0.5	-16.4738	59.1924	0	0.898551	0.438869	0	None	None
ChainingRodShaped	5712	2.01003	0.5	47.3419	34.8122	0	0.0145712	0.999894	0	None	None
ChainingRodShaped	5714	2.02569	0.5	-4.60108	7.36855	0	-0.321956	0.946754	0	None	None
ChainingRodShaped	5716	2.01809	0.5	14.0048	21.3817	0	-0.763374	-0.645957	0	None	None
ChainingRodShaped	5718	2.01719	0.5	-31.4755	43.8505	0	-0.449355	0.893353	0	None	None
ChainingRodShaped	5720	2.01281	0.5	44.4491	59.8564	0	-0.620195	0.784448	0	None	None
ChainingRodShaped	5722	2.01768	0.5	50.0769	38.2112	0	-0.817937	0.575308	0	None	None
ChainingRodShaped	5724	2.01067	0.5	25.7428	17.6154	0	-0.995888	0.0905889	0	None	None
ChainingRodShaped	5726	2.00665	0.5	-45.0787	54.6314	0	-0.861424	0.507887	0	None	None
