cell_type	cell_id	length	radius	pos_x	pos_y	pos_z	ori_x	ori_y	ori_z	lower_link	upper_link
ChainingRodShaped	5417	2.81324	0.5	-25.3774	38.3363	0	-0.0346053	-0.999401	0	None	None
ChainingRodShaped	4221	3.31611	0.5	29.445	34.94	0	0.241528	-0.970394	0	4222	None
ChainingRodShaped	5455	3.32523	0.5	7.35685	29.4435	0	-0.854929	-0.518745	0	None	None
ChainingRodShaped	4217	3.40607	0.5	-41.6387	31.1008	0	0.668312	-0.743881	0	4218	None
ChainingRodShaped	5741	2.26857	0.5	21.5784	15.0766	0	0.996825	0.0796281	0	None	None
ChainingRodShaped	5467	2.28063	0.5	-12.0082	34.9992	0	0.10647	0.994316	0	5468	None
ChainingRodShaped	4211	4.72792	0.5	-8.36603	24.4721	0	0.307035	0.951698	0	4212	None
ChainingRodShaped	4209	4.02126	0.5	15.1652	33.0533	0	0.97982	-0.199882	0	5415	None
ChainingRodShaped	4207	4.66371	0.5	30.094	36.3728	0	0.245352	-0.969434	0	4208	None
ChainingRodShaped	5569	3.00481	0.5	-11.5388	26.8265	0	-0.366525	-0.930408	0	None	None
ChainingRodShaped	5103	2.64064	0.5	27.8361	45.4442	0	-0.589148	0.808025	0	5104	None
ChainingRodShaped	5279	4.01807	0.5	-6.90296	49.3272	0	-0.241566	-0.970384	0	None	None
ChainingRodShaped	5693	2.4009	0.5	3.31131	37.5681	0	-0.508041	-0.861333	0	None	None
ChainingRodShaped	4197	4.20816	0.5	-40.6899	55.1512	0	0.766192	0.642612	0	5495	None
ChainingRodShaped	5519	2.61757	0.5	-31.9064	43.6591	0	0.644849	0.76431	0	None	None
ChainingRodShaped	5613	2.36902	0.5	30.3443	43.6268	0	-0.592923	0.805259	0	None	None
ChainingRodShaped	4735	4.39534	0.5	-18.068	14.0904	0	-0.713662	-0.70049	0	None	None
ChainingRodShaped	5129	4.33055	0.5	-25.4462	11.1901	0	-0.164371	-0.986399	0	None	None
ChainingRodShaped	5095	4.74858	0.5	-5.25535	16.3766	0	-0.975294	-0.22091	0	None	None
ChainingRodShaped	5011	2.54017	0.5	23.736	49.5789	0	0.999641	0.0267901	0	5012	None
ChainingRodShaped	5089	3.38092	0.5	5.39955	22.3036	0	-0.998991	-0.0449142	0	None	None
ChainingRodShaped	5567	2.11065	0.5	-20.1832	33.4986	0	0.263397	0.964687	0	5568	None
ChainingRodShaped	4971	3.61349	0.5	6.16502	24.8507	0	-0.684231	-0.729266	0	None	None
ChainingRodShaped	4177	4.85625	0.5	-40.5481	27.4381	0	-0.81551	-0.578744	0	5771	None
ChainingRodShaped	5027	2.36534	0.5	34.6849	26.7412	0	0.208355	-0.978053	0	5028	None
ChainingRodShaped	4173	3.55454	0.5	8.62827	53.0917	0	-0.957561	-0.28823	0	4174	None
ChainingRodShaped	4913	3.76175	0.5	-30.3161	49.8619	0	0.704483	0.70972	0	None	None
ChainingRodShaped	5019	2.64669	0.5	35.1244	31.4636	0	-0.123149	-0.992388	0	5020	None
ChainingRodShaped	4759	4.99752	0.5	29.2949	27.0271	0	-0.0300833	-0.999547	0	None	None
ChainingRodShaped	5619	2.52145	0.5	-18.0258	22.2019	0	0.0686568	0.99764	0	None	None
ChainingRodShaped	4969	4.27569	0.5	-27.1326	46.8891	0	-0.974192	0.225723	0	None	None
ChainingRodShaped	5843	2.01486	0.5	-5.90633	46.4672	0	-0.99847	0.0552914	0	5844	None
ChainingRodShaped	5281	2.38514	0.5	17.614	55.701	0	-0.862583	0.505915	0	5282	None
ChainingRodShaped	4157	4.59439	0.5	28.2477	47.5423	0	0.364055	-0.931377	0	4158	None
ChainingRodShaped	5719	2.36119	0.5	16.5197	58.405	0	0.897934	0.44013	0	None	None
ChainingRodShaped	4153	4.75086	0.5	-25.9009	23.9403	0	0.313168	0.949698	0	4979	None
ChainingRodShaped	4663	4.70778	0.5	32.4532	48.004	0	-0.991163	0.132649	0	None	None
ChainingRodShaped	5381	2.82861	0.5	-38.2445	38.7022	0	-0.242755	-0.970088	0	None	None
ChainingRodShaped	5757	2.33179	0.5	-6.60234	23.6766	0	-0.321315	-0.946972	0	None	None
ChainingRodShaped	5821	2.06041	0.5	-8.84952	19.9235	0	0.323418	0.946256	0	None	None
ChainingRodShaped	4143	4.82956	0.5	-27.463	39.7519	0	0.454177	-0.890912	0	4144	None
ChainingRodShaped	5003	2.55989	0.5	-22.2876	37.4553	0	-0.837566	0.546336	0	5004	None
ChainingRodShaped	5057	2.30283	0.5	26.2758	48.6781	0	0.169088	0.985601	0	5058	None
ChainingRodShaped	5081	4.81406	0.5	30.7314	37.8785	0	-0.244162	0.969734	0	None	None
ChainingRodShaped	4135	3.92677	0.5	-8.33011	51.4188	0	-0.225063	-0.974344	0	5547	None
ChainingRodShaped	4133	4.00307	0.5	12.3892	21.7291	0	0.998492	0.0548977	0	4134	None
ChainingRodShaped	4131	4.34272	0.5	-11.23	12.1854	0	-0.997767	0.0667847	0	4132	None
ChainingRodShaped	4851	3.8351	0.5	-2.39957	49.9978	0	-0.923642	-0.383256	0	None	None
ChainingRodShaped	5369	2.32574	0.5	10.7875	41.6123	0	0.757614	0.652703	0	5370	None
ChainingRodShaped	5267	3.71368	0.5	-37.9776	30.4464	0	-0.821777	-0.56981	0	None	None
ChainingRodShaped	5147	3.99757	0.5	-40.1622	43.277	0	0.023407	-0.999726	0	None	None
ChainingRodShaped	5471	2.56326	0.5	-41.7491	49.6838	0	-0.718449	0.695579	0	None	None
ChainingRodShaped	4119	3.36972	0.5	13.5689	55.8709	0	-0.897886	-0.440228	0	4120	None
ChainingRodShaped	4117	4.49419	0.5	-36.3008	33.4751	0	-0.643903	-0.765107	0	5527	None
ChainingRodShaped	5189	4.40844	0.5	5.69176	38.4487	0	-0.749901	-0.66155	0	None	None
ChainingRodShaped	5793	2.216	0.5	44.1383	45.1084	0	0.806856	-0.590748	0	None	None
ChainingRodShaped	5353	3.49811	0.5	-9.99648	62.8164	0	0.846699	0.532073	0	None	None
ChainingRodShaped	5037	3.57447	0.5	-10.6191	26.75	0	-0.357189	-0.934032	0	None	None
ChainingRodShaped	4107	3.47839	0.5	-46.6436	51.4537	0	-0.766104	-0.642716	0	4108	None
ChainingRodShaped	4941	4.06908	0.5	20.9433	12.83	0	0.75569	0.65493	0	None	None
ChainingRodShaped	5021	2.57075	0.5	7.94723	28.0563	0	0.689909	0.723896	0	5022	None
ChainingRodShaped	4104	3.90055	0.5	2.51983	22.3873	0	0.693361	0.720591	0	None	5022
ChainingRodShaped	5405	2.96343	0.5	19.1772	13.9145	0	0.999633	-0.0270998	0	None	None
ChainingRodShaped	4108	3.50309	0.5	-43.2031	54.3398	0	-0.766179	-0.642627	0	None	4107
ChainingRodShaped	5737	2.30468	0.5	-10.5873	36.689	0	-0.365699	-0.930733	0	None	None
ChainingRodShaped	5033	4.7791	0.5	-9.9009	60.5467	0	0.866319	0.49949	0	None	None
ChainingRodShaped	5401	3.25276	0.5	41.8872	54.1549	0	0.999049	0.0435952	0	None	None
ChainingRodShaped	5097	3.52001	0.5	24.6989	45.2242	0	0.164338	0.986404	0	None	None
ChainingRodShaped	5527	2.18762	0.5	-33.5072	36.7923	0	-0.644606	-0.764515	0	5528	4117
ChainingRodShaped	4120	4.7576	0.5	18.1151	58.0931	0	-0.898846	-0.438264	0	None	4119
ChainingRodShaped	5203	3.15068	0.5	-35.8136	51.9419	0	-0.385038	-0.922901	0	None	None
ChainingRodShaped	5449	2.84251	0.5	-40.0535	39.1939	0	0.431436	-0.902144	0	None	None
ChainingRodShaped	5127	4.73526	0.5	-35.2472	27.2579	0	-0.934757	-0.355287	0	None	None
ChainingRodShaped	4128	3.36325	0.5	5.50828	37.0385	0	0.753277	0.657704	0	None	5370
ChainingRodShaped	4907	4.76269	0.5	-1.94717	52.7088	0	-0.540708	-0.84121	0	None	None
ChainingRodShaped	4132	4.15965	0.5	-5.9951	11.827	0	-0.997558	0.0698428	0	None	4131
ChainingRodShaped	4134	4.83463	0.5	6.98006	21.4314	0	0.998492	0.054899	0	None	4133
ChainingRodShaped	5547	2.09459	0.5	-7.43724	55.3258	0	-0.219183	-0.975684	0	5548	4135
ChainingRodShaped	5125	4.93272	0.5	33.1625	29.0575	0	-0.205687	0.978618	0	None	None
ChainingRodShaped	5261	2.45113	0.5	25.0632	41.8358	0	0.180267	0.983618	0	5262	5058
ChainingRodShaped	4142	3.95992	0.5	-15.8575	33.1903	0	-0.829163	0.559007	0	None	5004
ChainingRodShaped	4144	4.04196	0.5	-29.9327	44.5917	0	0.4549	-0.890542	0	None	4143
ChainingRodShaped	4795	4.15072	0.5	-3.50297	19.4381	0	-0.828343	-0.560222	0	None	None
ChainingRodShaped	4827	4.90195	0.5	-10.5324	20.8503	0	-0.322982	-0.946405	0	None	None
ChainingRodShaped	5181	3.43044	0.5	-28.7538	55.3217	0	-0.770596	-0.637324	0	None	None
ChainingRodShaped	5483	2.98028	0.5	35.3751	52.6892	0	-0.963511	-0.267667	0	None	None
ChainingRodShaped	4979	2.50501	0.5	-27.3555	19.5509	0	0.316879	0.948466	0	4980	4153
ChainingRodShaped	4929	4.22393	0.5	13.5248	52.5244	0	0.959589	0.281405	0	None	None
ChainingRodShaped	4158	4.70759	0.5	26.1864	52.8095	0	0.364821	-0.931078	0	None	4157
ChainingRodShaped	4160	4.11384	0.5	24.2439	51.7746	0	-0.858808	0.512298	0	None	5282
ChainingRodShaped	4162	3.88062	0.5	1.04467	46.0554	0	-0.998178	0.0603452	0	None	5844
ChainingRodShaped	5523	2.81544	0.5	-21.5327	48.2403	0	-0.230391	0.973098	0	None	None
ChainingRodShaped	4761	4.15535	0.5	-13.1079	16.1823	0	0.718231	0.695805	0	None	None
ChainingRodShaped	5065	3.43096	0.5	26.4419	28.3036	0	0.534206	-0.845355	0	None	None
ChainingRodShaped	4170	3.37857	0.5	36.0838	39.144	0	-0.124651	-0.992201	0	None	5020
ChainingRodShaped	5241	4.91394	0.5	-33.1126	43.7051	0	0.643011	0.765857	0	None	None
ChainingRodShaped	4174	4.25667	0.5	13.3256	54.5043	0	-0.957706	-0.28775	0	None	4173
ChainingRodShaped	5183	2.28087	0.5	33.2231	33.5557	0	0.212892	-0.977076	0	5184	5028
ChainingRodShaped	5771	2.03997	0.5	-36.9221	30.01	0	-0.816036	-0.578	0	5772	4177
ChainingRodShaped	5441	3.29677	0.5	8.37597	24.5007	0	-0.691352	-0.722518	0	None	None
ChainingRodShaped	4182	4.21424	0.5	-22.1577	26.3956	0	0.270503	0.962719	0	None	5568
ChainingRodShaped	5335	2.91382	0.5	13.7628	20.8007	0	-0.999851	-0.0172454	0	None	None
ChainingRodShaped	4186	4.03097	0.5	15.6278	49.3142	0	0.999309	0.0371642	0	None	5012
ChainingRodShaped	4843	4.90602	0.5	0.104827	11.4802	0	-0.647769	0.761836	0	None	None
ChainingRodShaped	4919	4.14876	0.5	-28.2178	13.9811	0	-0.353807	-0.935318	0	None	None
ChainingRodShaped	5503	2.99543	0.5	-20.6085	15.1062	0	-0.400672	-0.916221	0	None	None
ChainingRodShaped	5221	4.93336	0.5	29.6842	46.9413	0	-0.425452	0.904981	0	None	None
ChainingRodShaped	5117	3.61513	0.5	-29.75	42.1215	0	-0.45389	0.891058	0	None	None
ChainingRodShaped	5495	2.21584	0.5	-43.9161	52.4449	0	0.766073	0.642753	0	5496	4197
ChainingRodShaped	4819	4.98947	0.5	7.43666	41.2357	0	-0.755632	-0.654996	0	None	None
ChainingRodShaped	5243	4.79952	0.5	-5.12776	49.4907	0	-0.526896	-0.84993	0	None	None
ChainingRodShaped	5231	2.39142	0.5	31.905	39.8733	0	-0.592052	0.8059	0	5232	5104
ChainingRodShaped	5715	2.38785	0.5	-8.9255	42.5847	0	0.895248	0.445569	0	None	None
ChainingRodShaped	4208	4.03779	0.5	28.7609	41.547	0	0.254105	-0.967177	0	None	4207
ChainingRodShaped	5415	2.19107	0.5	11.1445	33.8617	0	0.981312	-0.192422	0	5416	4209
ChainingRodShaped	4212	4.85011	0.5	-10.1622	18.9736	0	0.31392	0.94945	0	None	4211
ChainingRodShaped	4214	4.72216	0.5	-12.8505	27.25	0	0.105349	0.994435	0	None	5468
ChainingRodShaped	5253	3.22689	0.5	12.7173	15.1271	0	0.839538	-0.5433	0	None	None
ChainingRodShaped	4218	3.46739	0.5	-44.6049	34.4005	0	0.66873	-0.743506	0	None	4217
ChainingRodShaped	5119	3.55631	0.5	2.27448	29.7116	0	-0.286232	-0.95816	0	None	None
ChainingRodShaped	4222	3.65763	0.5	28.3673	39.2964	0	0.238785	-0.971072	0	None	4221
ChainingRodShaped	5787	2.15164	0.5	-25.2648	49.5963	0	-0.690711	-0.723131	0	None	None
ChainingRodShaped	5667	2.63602	0.5	-42.5687	51.6507	0	-0.947185	-0.320688	0	None	None
ChainingRodShaped	5641	2.40723	0.5	-28.7957	27.4567	0	0.259921	0.96563	0	None	None
ChainingRodShaped	5563	3.05961	0.5	-37.3258	47.014	0	-0.774405	-0.63269	0	None	None
ChainingRodShaped	4807	3.99948	0.5	-26.5648	14.6391	0	-0.505451	-0.862855	0	None	None
ChainingRodShaped	5457	2.85601	0.5	27.1448	29.9029	0	0.201705	-0.979446	0	None	None
ChainingRodShaped	5397	3.66067	0.5	-32.8213	50.2685	0	-0.541834	-0.840485	0	None	None
ChainingRodShaped	5751	2.2319	0.5	-24.1912	49.3583	0	-0.683452	-0.729996	0	None	None
ChainingRodShaped	5191	4.07906	0.5	12.4563	25.5272	0	-0.996607	-0.0823079	0	None	None
ChainingRodShaped	5363	3.60252	0.5	7.21665	24.6195	0	-0.684093	-0.729395	0	None	None
ChainingRodShaped	5271	4.2899	0.5	-12.9522	52.426	0	0.304456	0.952526	0	None	None
ChainingRodShaped	4899	4.56238	0.5	-37.22	27.5485	0	-0.933106	-0.3596	0	None	None
ChainingRodShaped	4841	4.35605	0.5	-14.9562	25.0069	0	-0.0905922	-0.995888	0	None	None
ChainingRodShaped	5697	2.59133	0.5	-10.3774	47.9065	0	-0.713353	-0.700805	0	None	None
ChainingRodShaped	4903	4.14586	0.5	-9.73566	41.1086	0	0.899298	0.437336	0	None	None
ChainingRodShaped	5721	2.33084	0.5	-13.9816	61.5452	0	0.522351	0.85273	0	None	None
ChainingRodShaped	5655	2.43263	0.5	38.318	44.2051	0	-0.851136	0.524946	0	None	None
ChainingRodShaped	5425	2.63685	0.5	36.7278	50.6967	0	-0.796527	0.604603	0	None	None
ChainingRodShaped	4953	4.81303	0.5	-12.518	19.0978	0	0.47259	0.881283	0	None	None
ChainingRodShaped	5511	2.99375	0.5	-8.69222	17.3633	0	-0.296662	-0.954983	0	None	None
ChainingRodShaped	5731	2.3169	0.5	43.9586	52.1027	0	-0.956755	-0.290894	0	None	None
ChainingRodShaped	5525	2.80995	0.5	14.535	13.2475	0	0.997127	-0.0757492	0	None	None
ChainingRodShaped	5479	2.68981	0.5	-3.29958	25.545	0	0.140686	-0.990054	0	None	None
ChainingRodShaped	5121	3.93599	0.5	24.3235	31.6218	0	0.85435	-0.519699	0	None	None
ChainingRodShaped	5043	4.5496	0.5	13.8479	24.6973	0	-0.997299	-0.0734465	0	None	None
ChainingRodShaped	5139	3.96742	0.5	-19.9248	51.1795	0	-0.458005	-0.88895	0	None	None
ChainingRodShaped	5175	4.64502	0.5	-25.1956	35.7892	0	-0.931746	0.36311	0	None	None
ChainingRodShaped	5197	3.73918	0.5	15.1568	39.6771	0	0.987013	-0.160639	0	None	None
ChainingRodShaped	5389	3.43292	0.5	-33.3826	53.7244	0	-0.682804	-0.730601	0	None	None
ChainingRodShaped	5469	2.96258	0.5	22.6092	21.3283	0	-0.492321	0.870413	0	None	None
ChainingRodShaped	5345	4.00432	0.5	5.89653	36.1453	0	-0.746665	-0.665201	0	None	None
ChainingRodShaped	5531	2.50976	0.5	-9.43417	37.1052	0	-0.360919	-0.932597	0	None	None
ChainingRodShaped	5377	3.28539	0.5	-21.2261	26.1806	0	-0.279698	-0.960088	0	None	None
ChainingRodShaped	5123	3.85217	0.5	10.9092	15.1305	0	0.84493	-0.534877	0	None	None
ChainingRodShaped	5513	2.92039	0.5	-40.2589	32.1582	0	0.18884	-0.982008	0	None	None
ChainingRodShaped	5217	3.62037	0.5	7.80968	43.4849	0	-0.532563	-0.84639	0	None	None
ChainingRodShaped	5229	3.74198	0.5	0.284959	59.196	0	-0.744671	0.667432	0	None	None
ChainingRodShaped	4655	4.71502	0.5	15.1692	54.018	0	0.960607	0.27791	0	None	None
ChainingRodShaped	4775	4.85363	0.5	1.10036	35.5521	0	0.183616	-0.982998	0	None	None
ChainingRodShaped	5165	3.97567	0.5	-13.8556	11.4971	0	-0.893832	0.448402	0	None	None
ChainingRodShaped	4999	4.44191	0.5	-34.8909	46.1028	0	0.644699	0.764437	0	None	None
ChainingRodShaped	4849	4.90643	0.5	8.54121	9.71975	0	0.706765	-0.707448	0	None	None
ChainingRodShaped	5001	4.59199	0.5	-11.4006	42.4303	0	-0.900318	-0.435232	0	None	None
ChainingRodShaped	5817	2.10725	0.5	0.909873	28.4321	0	-0.276634	-0.960975	0	None	None
ChainingRodShaped	5651	2.4741	0.5	-23.2809	47.437	0	-0.238408	0.971165	0	None	None
ChainingRodShaped	5321	3.09497	0.5	37.4618	57.1558	0	0.992214	0.124542	0	None	None
ChainingRodShaped	5767	2.2833	0.5	13.6942	45.4357	0	-0.999274	0.0380923	0	None	None
ChainingRodShaped	4945	4.16817	0.5	-2.44894	9.03291	0	-0.394564	0.918869	0	None	None
ChainingRodShaped	5291	4.4876	0.5	7.34113	48.4467	0	0.662288	0.749249	0	None	None
ChainingRodShaped	5009	3.93141	0.5	-32.1546	36.0103	0	0.387554	0.921847	0	None	None
ChainingRodShaped	5445	3.24284	0.5	-44.0247	37.2741	0	0.13272	-0.991154	0	None	None
ChainingRodShaped	5533	2.6427	0.5	35.2962	50.5665	0	0.802536	-0.596604	0	None	None
ChainingRodShaped	4987	4.25518	0.5	-9.43183	27.2836	0	-0.31846	-0.947936	0	None	None
ChainingRodShaped	5225	3.69383	0.5	-41.8263	43.0603	0	0.389238	-0.921137	0	None	None
ChainingRodShaped	5841	2.04061	0.5	0.124351	53.1027	0	-0.926084	-0.377319	0	None	None
ChainingRodShaped	5275	4.20556	0.5	-2.82057	56.5828	0	-0.553691	-0.832722	0	None	None
ChainingRodShaped	5233	3.77046	0.5	-25.9286	55.0612	0	-0.802561	-0.59657	0	None	None
ChainingRodShaped	5365	2.77722	0.5	-29.6794	19.7038	0	0.730392	-0.683028	0	None	None
ChainingRodShaped	5597	2.3666	0.5	16.1072	26.3362	0	-0.984973	0.172706	0	None	None
ChainingRodShaped	5461	3.45376	0.5	42.6885	50.7927	0	-0.980096	0.198525	0	None	None
ChainingRodShaped	5831	2.08829	0.5	-8.70475	13.0013	0	-0.997789	0.0664637	0	None	None
ChainingRodShaped	5515	2.65944	0.5	-36.2597	29.2935	0	-0.818251	-0.574861	0	None	None
ChainingRodShaped	5077	4.92669	0.5	27.1376	40.4525	0	0.214447	-0.976736	0	None	None
ChainingRodShaped	4947	3.94078	0.5	16.9475	29.9134	0	-0.853202	-0.52158	0	None	None
ChainingRodShaped	5245	4.57564	0.5	-19.2012	14.3248	0	-0.717293	-0.696772	0	None	None
ChainingRodShaped	5739	2.30262	0.5	-2.21512	27.5886	0	-0.269238	-0.963074	0	None	None
ChainingRodShaped	5079	3.52113	0.5	-30.6196	19.1842	0	0.750229	-0.661178	0	None	None
ChainingRodShaped	5071	4.04114	0.5	42.1639	44.1049	0	-0.802595	0.596524	0	None	None
ChainingRodShaped	5211	4.70913	0.5	-5.62363	19.1134	0	-0.8227	-0.568475	0	None	None
ChainingRodShaped	4967	3.88754	0.5	-19.5736	49.7589	0	-0.479848	-0.877352	0	None	None
ChainingRodShaped	5347	2.90622	0.5	22.9415	33.7399	0	0.78811	-0.615534	0	None	None
ChainingRodShaped	5555	2.41552	0.5	-24.0568	10.0758	0	0.322692	-0.946504	0	None	None
ChainingRodShaped	4895	4.60522	0.5	-14.9175	42.7937	0	-0.512705	-0.858565	0	None	None
ChainingRodShaped	5557	3.04968	0.5	13.9718	15.6465	0	0.72902	-0.684492	0	None	None
ChainingRodShaped	4661	4.55999	0.5	-15.6241	28.1943	0	-0.0987996	-0.995107	0	None	None
ChainingRodShaped	4691	4.93781	0.5	-25.7551	34.9846	0	-0.932296	0.361695	0	None	None
ChainingRodShaped	4991	3.78363	0.5	-23.0864	20.8413	0	-0.653728	-0.75673	0	None	None
ChainingRodShaped	5549	2.85294	0.5	-21.9124	30.818	0	0.328801	0.944399	0	None	None
ChainingRodShaped	5013	4.43967	0.5	-13.2051	38.659	0	0.939099	-0.343648	0	None	None
ChainingRodShaped	5747	2.34615	0.5	16.1152	34.404	0	0.77561	-0.631212	0	None	None
ChainingRodShaped	5367	3.65162	0.5	-9.7507	53.7415	0	-0.21877	-0.975777	0	None	None
ChainingRodShaped	4997	4.2388	0.5	18.5758	33.5571	0	0.752415	-0.65869	0	None	None
ChainingRodShaped	5265	4.30929	0.5	-15.8817	43.0038	0	-0.51717	-0.855883	0	None	None
ChainingRodShaped	5049	4.16797	0.5	16.0817	22.8732	0	-0.99952	-0.0309721	0	None	None
ChainingRodShaped	4765	4.22455	0.5	9.82273	48.3826	0	-0.648722	-0.761026	0	None	None
ChainingRodShaped	5207	3.13094	0.5	12.6568	8.93961	0	0.162469	0.986714	0	None	None
ChainingRodShaped	4961	4.10672	0.5	-21.5266	11.7099	0	-0.32451	0.945882	0	None	None
ChainingRodShaped	5083	3.8219	0.5	0.788554	61.1506	0	-0.954828	0.297159	0	None	None
ChainingRodShaped	5725	2.43446	0.5	-7.85221	22.9705	0	-0.311836	-0.950136	0	None	None
ChainingRodShaped	4857	4.47949	0.5	-26.9296	60.0636	0	-0.546753	-0.837294	0	None	None
ChainingRodShaped	5837	2.10011	0.5	20.7816	22.5926	0	-0.484209	0.874952	0	None	None
ChainingRodShaped	5029	4.02491	0.5	-36.8558	48.7758	0	-0.738402	-0.674361	0	None	None
ChainingRodShaped	5161	4.98846	0.5	2.50426	25.0859	0	-0.703079	-0.711112	0	None	None
ChainingRodShaped	5075	3.75916	0.5	16.6525	17.5067	0	-0.590728	0.806871	0	None	None
ChainingRodShaped	5581	2.65711	0.5	23.1679	41.9989	0	0.198248	0.980152	0	None	None
ChainingRodShaped	4833	4.53606	0.5	7.26423	14.5203	0	0.990079	0.140509	0	None	None
ChainingRodShaped	4695	4.73909	0.5	30.2776	27.6672	0	0.028064	0.999606	0	None	None
ChainingRodShaped	5273	4.05639	0.5	-5.20856	52.2259	0	-0.251598	-0.967832	0	None	None
ChainingRodShaped	5845	2.03641	0.5	-30.8534	26.7812	0	0.943316	0.331897	0	None	None
ChainingRodShaped	5661	2.50426	0.5	-20.9112	40.5397	0	-0.559248	0.829	0	None	None
ChainingRodShaped	4783	4.09514	0.5	-27.6689	49.8176	0	-0.700479	-0.713673	0	None	None
ChainingRodShaped	5263	4.05807	0.5	49.3693	53.6199	0	-0.906244	0.422755	0	None	None
ChainingRodShaped	5205	4.83556	0.5	-16.3648	8.23315	0	-0.654385	0.756162	0	None	None
ChainingRodShaped	5827	2.09004	0.5	-15.5199	11.236	0	-0.898272	0.439439	0	None	None
ChainingRodShaped	5179	4.08191	0.5	-15.9782	48.2898	0	0.497212	0.867629	0	None	None
ChainingRodShaped	5249	4.03792	0.5	42.4989	55.2545	0	-0.996295	-0.0860044	0	None	None
ChainingRodShaped	4853	4.6145	0.5	-28.7985	50.0127	0	-0.705753	-0.708458	0	None	None
ChainingRodShaped	5809	2.15582	0.5	-37.2125	57.3024	0	-0.838765	-0.544494	0	None	None
ChainingRodShaped	5681	2.30176	0.5	-25.0332	20.3476	0	-0.314345	-0.949309	0	None	None
ChainingRodShaped	5501	3.062	0.5	2.8302	50.1457	0	0.939114	0.343606	0	None	None
ChainingRodShaped	5085	3.91572	0.5	18.1247	52.2474	0	0.103402	0.99464	0	None	None
ChainingRodShaped	5157	4.21844	0.5	15.1957	46.9545	0	-0.966746	-0.255738	0	None	None
ChainingRodShaped	5327	3.89883	0.5	13.7991	44.4589	0	-0.998905	0.0467781	0	None	None
ChainingRodShaped	5287	4.18203	0.5	29.6655	20.3384	0	0.525296	0.85092	0	None	None
ChainingRodShaped	5491	2.55645	0.5	4.58398	48.7051	0	0.915677	0.401916	0	None	None
ChainingRodShaped	5687	2.55368	0.5	33.5705	45.9008	0	-0.542779	0.839876	0	None	None
ChainingRodShaped	5215	3.42083	0.5	34.5374	40.8462	0	-0.837606	-0.546275	0	None	None
ChainingRodShaped	5565	2.77049	0.5	-31.9411	46.5993	0	0.647508	0.762059	0	None	None
ChainingRodShaped	5705	2.53382	0.5	-23.4359	40.3642	0	-0.00144767	0.999999	0	None	None
ChainingRodShaped	5507	3.44395	0.5	26.1276	16.4829	0	0.287569	0.95776	0	None	None
ChainingRodShaped	5517	2.68791	0.5	0.62098	32.4094	0	0.129005	-0.991644	0	None	None
ChainingRodShaped	5017	4.66002	0.5	-46.1368	47.617	0	0.282314	0.959322	0	None	None
ChainingRodShaped	5659	2.41809	0.5	6.21619	15.3313	0	0.991436	0.13059	0	None	None
ChainingRodShaped	5159	4.99616	0.5	18.554	27.8513	0	-0.986124	0.166012	0	None	None
ChainingRodShaped	5521	3.08248	0.5	-8.10429	44.4536	0	-0.999333	-0.0365134	0	None	None
ChainingRodShaped	5443	2.83606	0.5	-20.4031	56.8481	0	-0.202196	-0.979345	0	None	None
ChainingRodShaped	5859	2.0185	0.5	3.46483	8.87104	0	-0.993254	0.115958	0	None	None
ChainingRodShaped	5663	2.41841	0.5	-8.09956	62.8362	0	0.82499	0.565147	0	None	None
ChainingRodShaped	5735	2.20562	0.5	-15.1983	51.8832	0	0.315693	0.948861	0	None	None
ChainingRodShaped	5259	4.60293	0.5	12.7532	42.0209	0	-0.761282	-0.648421	0	None	None
ChainingRodShaped	5195	4.93657	0.5	-1.12706	28.0987	0	-0.272424	-0.962177	0	None	None
ChainingRodShaped	5789	2.12269	0.5	-29.6888	46.2151	0	-0.46378	0.88595	0	None	None
ChainingRodShaped	5573	2.9616	0.5	1.88911	42.7421	0	0.478298	0.878198	0	None	None
ChainingRodShaped	5145	4.37263	0.5	29.8801	55.6974	0	0.881061	0.473002	0	None	None
ChainingRodShaped	5775	2.30116	0.5	1.12291	54.5629	0	-0.917822	-0.396993	0	None	None
ChainingRodShaped	4983	4.71344	0.5	10.0107	11.0192	0	0.720776	-0.693168	0	None	None
ChainingRodShaped	5839	2.06592	0.5	-27.5325	52.5669	0	-0.748769	-0.662831	0	None	None
ChainingRodShaped	5309	4.39145	0.5	-41.6683	34.5949	0	0.144699	-0.989476	0	None	None
ChainingRodShaped	5409	3.69006	0.5	-26.5763	55.7675	0	-0.801426	-0.598094	0	None	None
ChainingRodShaped	5331	3.68621	0.5	-13.9473	25.6819	0	-0.0953935	-0.99544	0	None	None
ChainingRodShaped	5637	2.48679	0.5	-18.5258	59.3007	0	-0.389766	-0.920914	0	None	None
ChainingRodShaped	5635	2.76836	0.5	34.0202	50.0747	0	0.881157	-0.472824	0	None	None
ChainingRodShaped	5141	4.73425	0.5	8.31839	50.9421	0	0.95165	0.307184	0	None	None
ChainingRodShaped	4951	4.88064	0.5	-31.8485	31.5565	0	-0.94903	-0.315187	0	None	None
ChainingRodShaped	4859	4.77038	0.5	4.05592	19.1743	0	0.745835	-0.666131	0	None	None
ChainingRodShaped	5319	3.89061	0.5	-7.38889	31.5392	0	-0.242508	-0.970149	0	None	None
ChainingRodShaped	4993	4.42555	0.5	28.3649	28.0386	0	-0.0320669	-0.999486	0	None	None
ChainingRodShaped	5645	2.30939	0.5	-45.7588	36.9739	0	0.762917	-0.646497	0	None	None
ChainingRodShaped	5163	3.16839	0.5	2.61725	38.2522	0	-0.500041	-0.866002	0	None	None
ChainingRodShaped	5703	2.27057	0.5	46.5711	48.4082	0	-0.961054	-0.276362	0	None	None
ChainingRodShaped	5403	3.17461	0.5	37.4645	56.1572	0	0.992442	0.122713	0	None	None
ChainingRodShaped	5333	3.47272	0.5	24.6944	27.5134	0	-0.541459	0.840727	0	None	None
ChainingRodShaped	5255	3.35978	0.5	-45.9827	43.5676	0	0.952859	0.303414	0	None	None
ChainingRodShaped	5783	2.15866	0.5	-3.39884	8.75016	0	-0.387775	0.921754	0	None	None
ChainingRodShaped	5477	3.31861	0.5	-17.5432	19.4423	0	-0.428727	-0.903434	0	None	None
ChainingRodShaped	5399	2.78181	0.5	-14.5307	41.578	0	-0.509513	-0.860463	0	None	None
ChainingRodShaped	5579	2.99924	0.5	13.9466	28.6766	0	-0.588331	-0.80862	0	None	None
ChainingRodShaped	5379	3.79484	0.5	15.5408	17.3641	0	0.594336	-0.804217	0	None	None
ChainingRodShaped	5683	2.26548	0.5	-3.37136	54.0027	0	-0.550888	-0.834579	0	None	None
ChainingRodShaped	5529	2.89063	0.5	18.7041	28.7942	0	-0.987734	0.156146	0	None	None
ChainingRodShaped	5411	2.64	0.5	13.0491	48.4321	0	-0.826788	0.562513	0	None	None
ChainingRodShaped	5485	3.06582	0.5	-31.4874	25.5224	0	0.945458	0.325743	0	None	None
ChainingRodShaped	5673	2.37336	0.5	-13.6995	13.2488	0	-0.997854	-0.0654826	0	None	None
ChainingRodShaped	5631	2.49801	0.5	-0.454477	23.6428	0	-0.782668	-0.622439	0	None	None
ChainingRodShaped	5685	2.30907	0.5	-4.37519	21.1629	0	-0.805097	-0.593144	0	None	None
ChainingRodShaped	5393	3.69888	0.5	-6.91005	45.4331	0	-0.999648	-0.0265264	0	None	None
ChainingRodShaped	5295	3.55414	0.5	-28.6245	36.9467	0	0.39331	0.919406	0	None	None
ChainingRodShaped	5025	3.83905	0.5	-38.7957	53.9061	0	-0.832979	-0.553305	0	None	None
ChainingRodShaped	5193	4.41147	0.5	-22.093	61.4641	0	-0.97693	0.213561	0	None	None
ChainingRodShaped	5413	3.78492	0.5	-6.93522	36.8546	0	-0.62702	-0.779003	0	None	None
ChainingRodShaped	5351	3.96583	0.5	4.70066	29.9404	0	-0.844375	-0.535752	0	None	None
ChainingRodShaped	5201	3.81216	0.5	43.6358	48.5283	0	-0.711128	0.703062	0	None	None
ChainingRodShaped	5371	3.09816	0.5	-39.2881	47.6374	0	-0.340165	-0.940366	0	None	None
ChainingRodShaped	5593	2.73299	0.5	-7.05387	13.8531	0	-0.996227	0.0867802	0	None	None
ChainingRodShaped	4873	4.8251	0.5	-11.3626	51.3768	0	-0.285326	-0.95843	0	None	None
ChainingRodShaped	5305	3.51233	0.5	15.4901	10.481	0	0.941725	0.336384	0	None	None
ChainingRodShaped	5541	2.55543	0.5	38.4241	47.4244	0	0.976519	-0.215431	0	None	None
ChainingRodShaped	5577	3.08459	0.5	-25.8549	31.2918	0	0.231478	0.97284	0	None	None
ChainingRodShaped	5373	3.96691	0.5	-13.318	37.6942	0	0.936518	-0.350619	0	None	None
ChainingRodShaped	5675	2.41197	0.5	3.04178	53.2629	0	-0.934504	-0.355952	0	None	None
ChainingRodShaped	5423	2.90232	0.5	-22.4077	15.8159	0	-0.418926	-0.90802	0	None	None
ChainingRodShaped	4586	4.91133	0.5	-18.7431	31.1981	0	0.19336	-0.981128	0	None	None
ChainingRodShaped	5819	2.07948	0.5	-13.108	54.8702	0	0.360736	0.932668	0	None	None
ChainingRodShaped	4901	4.31953	0.5	-30.0249	55.5155	0	-0.768387	-0.639986	0	None	None
ChainingRodShaped	5811	2.14999	0.5	-27.6695	27.9606	0	0.269569	0.962981	0	None	None
ChainingRodShaped	5219	4.64701	0.5	8.52741	13.7251	0	0.990514	0.137409	0	None	None
ChainingRodShaped	4995	4.13989	0.5	-26.6111	49.5637	0	-0.6979	-0.716195	0	None	None
ChainingRodShaped	5571	3.15755	0.5	8.76271	37.3851	0	0.764864	0.644191	0	None	None
ChainingRodShaped	5709	2.44956	0.5	-22.7936	31.0892	0	-0.338271	-0.941049	0	None	None
ChainingRodShaped	5707	2.31102	0.5	-29.3736	59.5592	0	-0.154896	-0.987931	0	None	None
ChainingRodShaped	5691	2.45505	0.5	-7.04925	28.8246	0	-0.232905	-0.972499	0	None	None
ChainingRodShaped	5621	2.34148	0.5	-16.0553	10.4071	0	-0.901344	0.433105	0	None	None
ChainingRodShaped	5699	2.32037	0.5	21.5047	39.1772	0	-0.82969	-0.558224	0	None	None
ChainingRodShaped	5847	2.08322	0.5	-4.0153	23.874	0	0.130765	-0.991413	0	None	None
ChainingRodShaped	5603	2.946	0.5	-17.0991	57.6141	0	-0.376677	-0.926345	0	None	None
ChainingRodShaped	5419	2.90856	0.5	-21.7094	40.0316	0	-0.550935	0.834548	0	None	None
ChainingRodShaped	5509	2.94335	0.5	-37.2472	43.0975	0	-0.0269894	0.999636	0	None	None
ChainingRodShaped	4949	3.85512	0.5	-16.8922	43.1514	0	-0.523716	-0.851893	0	None	None
ChainingRodShaped	5463	2.66366	0.5	-20.0566	10.5838	0	-0.234845	0.972033	0	None	None
ChainingRodShaped	5105	3.47671	0.5	-7.21399	10.9451	0	-0.997351	0.072741	0	None	None
ChainingRodShaped	5047	3.96661	0.5	2.55079	61.6361	0	-0.954475	0.29829	0	None	None
ChainingRodShaped	5239	3.83497	0.5	11.0751	30.7602	0	-0.830191	-0.557479	0	None	None
ChainingRodShaped	5395	3.11644	0.5	18.5593	24.8411	0	-0.972871	0.231348	0	None	None
ChainingRodShaped	5045	3.85774	0.5	24.0442	16.3035	0	0.284707	0.958615	0	None	None
ChainingRodShaped	5451	3.44113	0.5	12.3392	37.8727	0	0.773723	0.633524	0	None	None
ChainingRodShaped	5639	2.89301	0.5	31.7519	31.86	0	0.397468	0.917616	0	None	None
ChainingRodShaped	5849	2.02776	0.5	19.667	33.8716	0	0.757611	-0.652707	0	None	None
ChainingRodShaped	5133	4.48556	0.5	46.5388	46.1456	0	-0.999465	0.032715	0	None	None
ChainingRodShaped	5093	4.8436	0.5	17.234	20.3281	0	-0.755437	0.655221	0	None	None
ChainingRodShaped	5853	2.03701	0.5	25.8048	34.9574	0	-0.175755	-0.984434	0	None	None
ChainingRodShaped	5015	3.71157	0.5	-17.7304	26.2733	0	-0.076707	-0.997054	0	None	None
ChainingRodShaped	5785	2.19012	0.5	11.0286	58.5892	0	0.266854	0.963737	0	None	None
ChainingRodShaped	5835	2.078	0.5	-18.2987	46.2386	0	0.52031	0.853977	0	None	None
ChainingRodShaped	5213	3.82217	0.5	21.7935	25.8385	0	-0.90849	0.417906	0	None	None
ChainingRodShaped	5041	4.07622	0.5	-9.29913	34.9271	0	-0.370228	-0.928941	0	None	None
ChainingRodShaped	5609	2.55999	0.5	4.17435	43.7305	0	-0.833624	-0.552332	0	None	None
ChainingRodShaped	5723	2.3383	0.5	4.88923	51.8699	0	0.954219	0.299109	0	None	None
ChainingRodShaped	5135	4.5068	0.5	-36.1195	39.2321	0	0.233215	0.972425	0	None	None
ChainingRodShaped	5101	4.35581	0.5	32.8191	45.2865	0	-0.539813	0.841785	0	None	None
ChainingRodShaped	5251	3.06095	0.5	-16.0443	23.4219	0	-0.080761	-0.996733	0	None	None
ChainingRodShaped	5629	2.71771	0.5	35.2921	46.0792	0	-0.846567	0.532282	0	None	None
ChainingRodShaped	5361	2.79071	0.5	41.1306	38.6864	0	-0.998898	-0.0469359	0	None	None
ChainingRodShaped	4668	4.53496	0.5	11.3386	45.4423	0	-0.560786	-0.827961	0	None	None
ChainingRodShaped	5391	2.78338	0.5	22.3783	42.9656	0	0.190791	0.981631	0	None	None
ChainingRodShaped	5753	2.178	0.5	39.8955	44.4129	0	-0.8632	0.504861	0	None	None
ChainingRodShaped	4674	4.93731	0.5	6.72674	59.5305	0	-0.975287	-0.22094	0	None	None
ChainingRodShaped	5099	4.82703	0.5	-30.0736	14.7839	0	0.350678	0.936496	0	None	None
ChainingRodShaped	5067	3.74229	0.5	-34.1569	38.4853	0	0.349698	0.936863	0	None	None
ChainingRodShaped	4680	4.58603	0.5	-30.9629	22.0271	0	0.872387	-0.488817	0	None	None
ChainingRodShaped	5301	3.78001	0.5	-8.8229	6.93621	0	-0.645182	0.764029	0	None	None
ChainingRodShaped	5169	3.79657	0.5	-7.31369	51.6418	0	-0.231851	-0.972751	0	None	None
ChainingRodShaped	5269	4.53654	0.5	-37.1973	56.1345	0	-0.838408	-0.545043	0	None	None
ChainingRodShaped	5237	3.63904	0.5	21.0283	46.0205	0	-0.958992	0.283435	0	None	None
ChainingRodShaped	5059	4.04764	0.5	-13.7542	57.9225	0	0.446851	0.894608	0	None	None
ChainingRodShaped	5247	4.20692	0.5	-22.8972	33.1604	0	0.486941	0.873435	0	None	None
ChainingRodShaped	5187	3.59865	0.5	-5.22533	43.5967	0	-0.999912	-0.0132365	0	None	None
ChainingRodShaped	5759	2.25364	0.5	31.8771	26.2622	0	0.600323	0.799757	0	None	None
ChainingRodShaped	5177	4.03788	0.5	10.5844	23.5221	0	-0.997984	-0.063469	0	None	None
ChainingRodShaped	4700	4.67008	0.5	-19.8097	54.9522	0	-0.192396	-0.981317	0	None	None
ChainingRodShaped	5277	3.40618	0.5	3.3628	17.1951	0	0.760609	-0.649211	0	None	None
ChainingRodShaped	5777	2.24219	0.5	-1.09231	47.1454	0	0.997605	-0.0691622	0	None	None
ChainingRodShaped	5743	2.36391	0.5	31.7089	24.073	0	0.459278	0.888293	0	None	None
ChainingRodShaped	5283	3.72592	0.5	25.0676	16.3461	0	0.286036	0.958219	0	None	None
ChainingRodShaped	5297	3.13016	0.5	-5.45499	42.6788	0	-0.99973	-0.023226	0	None	None
ChainingRodShaped	5435	2.74023	0.5	-1.53179	34.3306	0	0.14958	-0.98875	0	None	None
ChainingRodShaped	5599	2.38857	0.5	-30.4956	58.7045	0	-0.146471	-0.989215	0	None	None
ChainingRodShaped	4716	4.69277	0.5	-17.8433	43.4081	0	0.530427	0.847731	0	None	None
ChainingRodShaped	5115	3.72249	0.5	-30.3941	41.3117	0	-0.453631	0.89119	0	None	None
ChainingRodShaped	4720	4.81404	0.5	-26.2467	42.0115	0	0.0182729	0.999833	0	None	None
ChainingRodShaped	5481	3.15568	0.5	19.8453	36.2484	0	0.754149	-0.656704	0	None	None
ChainingRodShaped	4724	4.82698	0.5	14.5535	50.2356	0	-0.999006	-0.0445802	0	None	None
ChainingRodShaped	5185	3.86896	0.5	-12.0677	52.1939	0	-0.294895	-0.95553	0	None	None
ChainingRodShaped	5285	4.40131	0.5	-41.9283	45.8648	0	0.365256	-0.930907	0	None	None
ChainingRodShaped	5109	4.0013	0.5	12.2111	40.3127	0	-0.754758	-0.656004	0	None	None
ChainingRodShaped	5643	2.41776	0.5	-17.4429	59.3523	0	-0.385918	-0.922533	0	None	None
ChainingRodShaped	5545	2.88585	0.5	3.83123	7.53907	0	-0.994517	-0.104571	0	None	None
ChainingRodShaped	5227	3.71207	0.5	-14.6486	17.7749	0	-0.615134	-0.788423	0	None	None
ChainingRodShaped	5433	2.82013	0.5	-17.5097	49.4424	0	0.497348	0.867551	0	None	None
ChainingRodShaped	5151	3.30445	0.5	-36.0306	59.2143	0	-0.85522	-0.518264	0	None	None
ChainingRodShaped	5315	2.82952	0.5	-21.3193	15.8782	0	0.409822	0.912165	0	None	None
ChainingRodShaped	5153	3.39993	0.5	10.8479	18.4266	0	0.687364	-0.726313	0	None	None
ChainingRodShaped	5791	2.12786	0.5	37.6622	52.0563	0	-0.999331	-0.0365769	0	None	None
ChainingRodShaped	5329	4.08807	0.5	6.90242	58.5651	0	-0.974671	-0.223642	0	None	None
ChainingRodShaped	5199	3.20116	0.5	-0.562861	17.1879	0	0.981929	-0.18925	0	None	None
ChainingRodShaped	4752	4.7786	0.5	29.8872	50.891	0	0.930426	-0.36648	0	None	None
ChainingRodShaped	5459	3.38371	0.5	-7.53087	59.3181	0	-0.221887	-0.975072	0	None	None
ChainingRodShaped	4756	4.41534	0.5	16.7939	38.4579	0	0.991426	-0.130667	0	None	None
ChainingRodShaped	5223	3.05111	0.5	9.46935	56.6317	0	-0.276643	-0.960973	0	None	None
ChainingRodShaped	5311	3.90282	0.5	29.0236	32.4061	0	0.208157	-0.978095	0	None	None
ChainingRodShaped	5779	2.10809	0.5	-16.0499	13.3566	0	0.710947	0.703245	0	None	None
ChainingRodShaped	5473	3.08992	0.5	-31.9638	49.8088	0	-0.547445	-0.836842	0	None	None
ChainingRodShaped	5537	2.92785	0.5	12.8527	51.3262	0	-0.962356	-0.271791	0	None	None
ChainingRodShaped	5349	3.96457	0.5	-15.5306	19.8653	0	-0.716	-0.698101	0	None	None
ChainingRodShaped	5385	3.22871	0.5	24.8687	20.9096	0	-0.85912	0.511775	0	None	None
ChainingRodShaped	4772	4.69131	0.5	-48.5553	42.2794	0	0.878385	-0.477954	0	None	None
ChainingRodShaped	4774	4.4417	0.5	25.8821	27.4129	0	-0.537547	0.843234	0	None	None
ChainingRodShaped	4776	4.77109	0.5	2.72372	40.3395	0	-0.491351	-0.870962	0	None	None
ChainingRodShaped	5303	3.23163	0.5	-4.01196	57.537	0	-0.21811	-0.975924	0	None	None
ChainingRodShaped	5431	3.10731	0.5	38.0209	55.2296	0	0.992792	0.119854	0	None	None
ChainingRodShaped	5307	2.8574	0.5	-6.02598	36.4839	0	-0.63046	-0.776222	0	None	None
ChainingRodShaped	4784	4.65625	0.5	-23.278	53.417	0	-0.794281	-0.607551	0	None	None
ChainingRodShaped	5341	3.52769	0.5	16.1414	41.6814	0	-0.95201	0.306068	0	None	None
ChainingRodShaped	5733	2.29118	0.5	6.39718	18.8297	0	0.905686	-0.423948	0	None	None
ChainingRodShaped	5375	3.58706	0.5	-2.50546	11.5337	0	-0.64803	0.761615	0	None	None
ChainingRodShaped	4792	4.69816	0.5	-0.21898	27.9677	0	-0.28202	-0.959409	0	None	None
ChainingRodShaped	5357	3.37874	0.5	-6.10153	21.4303	0	-0.168848	-0.985642	0	None	None
ChainingRodShaped	5235	4.84749	0.5	0.672718	21.8473	0	-0.695932	-0.718108	0	None	None
ChainingRodShaped	5717	2.39105	0.5	-43.2975	44.0491	0	0.390545	-0.920584	0	None	None
ChainingRodShaped	5765	2.21803	0.5	-16.6763	27.3568	0	-0.089557	-0.995982	0	None	None
ChainingRodShaped	4802	4.58221	0.5	-22.9159	63.5115	0	-0.932597	-0.360919	0	None	None
ChainingRodShaped	4804	4.77576	0.5	20.8082	16.9634	0	-0.9973	-0.0734329	0	None	None
ChainingRodShaped	5325	3.68009	0.5	-22.734	57.325	0	-0.459481	-0.888188	0	None	None
ChainingRodShaped	5289	4.56312	0.5	-24.9425	17.8852	0	-0.849812	-0.527086	0	None	None
ChainingRodShaped	5257	3.07444	0.5	-35.4551	23.4584	0	0.998838	-0.0481982	0	None	None
ChainingRodShaped	4812	4.16914	0.5	9.27698	20.6151	0	0.998991	0.0449104	0	None	None
ChainingRodShaped	5317	2.93837	0.5	-32.4168	33.1092	0	-0.984914	0.173044	0	None	None
ChainingRodShaped	4816	4.52532	0.5	30.1017	54.6933	0	0.880979	0.473156	0	None	None
ChainingRodShaped	5299	3.70629	0.5	-42.7371	35.1483	0	0.141483	-0.989941	0	None	None
ChainingRodShaped	5833	2.10896	0.5	9.65647	44.6679	0	-0.541001	-0.841022	0	None	None
ChainingRodShaped	4822	4.05628	0.5	0.359058	25.6664	0	-0.7253	-0.688433	0	None	None
ChainingRodShaped	4824	4.38755	0.5	23.6099	23.9289	0	-0.904265	0.426971	0	None	None
ChainingRodShaped	4826	4.13305	0.5	12.7096	11.4989	0	0.992752	-0.120183	0	None	None
ChainingRodShaped	4828	4.86224	0.5	-8.75495	26.3981	0	-0.308963	-0.951074	0	None	None
ChainingRodShaped	5475	3.19265	0.5	16.2874	14.4353	0	0.50757	-0.861611	0	None	None
ChainingRodShaped	5823	2.14046	0.5	12.1363	28.0702	0	-0.732214	-0.681074	0	None	None
ChainingRodShaped	5293	4.16432	0.5	1.98618	14.7506	0	0.982616	-0.185648	0	None	None
ChainingRodShaped	5657	2.74059	0.5	-11.117	45.4292	0	-0.535883	-0.844292	0	None	None
ChainingRodShaped	4838	3.99063	0.5	8.19353	33.4729	0	0.980838	-0.194823	0	None	None
ChainingRodShaped	5601	2.58726	0.5	-39.1138	40.6854	0	0.0312061	-0.999513	0	None	None
ChainingRodShaped	5387	3.01727	0.5	-14.5129	29.623	0	-0.105047	-0.994467	0	None	None
ChainingRodShaped	5429	2.91091	0.5	4.07708	10.0425	0	-0.998605	-0.0528093	0	None	None
ChainingRodShaped	5313	4.15057	0.5	4.95007	31.5174	0	-0.761167	-0.648556	0	None	None
ChainingRodShaped	4848	4.19477	0.5	-25.0816	30.425	0	0.227701	0.973731	0	None	None
ChainingRodShaped	5323	4.04537	0.5	3.88066	11.0188	0	0.998486	0.0550154	0	None	None
ChainingRodShaped	5587	2.88723	0.5	-0.321978	51.9004	0	-0.928318	-0.371788	0	None	None
ChainingRodShaped	5589	3.08609	0.5	-25.1931	53.1744	0	-0.796918	-0.604087	0	None	None
ChainingRodShaped	5343	3.81701	0.5	-19.0935	62.8712	0	-0.933299	-0.359101	0	None	None
ChainingRodShaped	5499	3.32452	0.5	-27.4533	61.0604	0	-0.544672	-0.838649	0	None	None
ChainingRodShaped	5535	2.89725	0.5	1.7197	19.5693	0	0.877418	-0.479727	0	None	None
ChainingRodShaped	5465	3.47736	0.5	19.779	47.8959	0	-0.921132	-0.389249	0	None	None
ChainingRodShaped	5337	3.31314	0.5	-22.9974	26.9152	0	0.266291	0.963893	0	None	None
ChainingRodShaped	5585	2.88374	0.5	-19.7366	19.3622	0	-0.363991	-0.931403	0	None	None
ChainingRodShaped	4868	4.80419	0.5	50.7329	48.6177	0	-0.972987	-0.230859	0	None	None
ChainingRodShaped	5383	3.22464	0.5	-18.3664	36.0342	0	-0.831094	0.556132	0	None	None
ChainingRodShaped	4872	4.52866	0.5	6.37791	29.921	0	-0.8497	-0.527267	0	None	None
ChainingRodShaped	4874	4.64178	0.5	-10.0515	56.9255	0	-0.222583	-0.974914	0	None	None
ChainingRodShaped	4876	4.93101	0.5	-1.92097	42.0015	0	-0.993904	-0.110246	0	None	None
ChainingRodShaped	5591	2.7734	0.5	-1.67475	12.0628	0	-0.65054	0.759472	0	None	None
ChainingRodShaped	5339	4.04231	0.5	0.94109	5.39417	0	-0.999637	-0.0269487	0	None	None
ChainingRodShaped	5359	3.12057	0.5	-37.3386	50.8033	0	-0.254776	-0.967	0	None	None
ChainingRodShaped	5559	3.12969	0.5	-11.6335	29.979	0	-0.133619	-0.991033	0	None	None
ChainingRodShaped	4886	3.86236	0.5	38.3753	48.5281	0	0.989475	-0.144701	0	None	None
ChainingRodShaped	5487	2.58327	0.5	-24.186	45.3105	0	-0.0871255	-0.996197	0	None	None
ChainingRodShaped	5653	2.33954	0.5	40.2219	50.4959	0	-0.79315	0.609027	0	None	None
ChainingRodShaped	5355	4.07563	0.5	-19.4948	47.9422	0	-0.499523	-0.866301	0	None	None
ChainingRodShaped	4894	3.81117	0.5	22.5259	36.3938	0	0.583801	-0.811897	0	None	None
ChainingRodShaped	5611	2.98991	0.5	-12.4757	46.8579	0	-0.503512	-0.863988	0	None	None
ChainingRodShaped	4898	4.35444	0.5	-38.5615	34.8449	0	0.377949	0.925826	0	None	None
ChainingRodShaped	5763	2.12228	0.5	-31.1003	28.7531	0	-0.944433	-0.328705	0	None	None
ChainingRodShaped	4902	3.83645	0.5	-26.4564	59.0031	0	-0.546537	-0.837435	0	None	None
ChainingRodShaped	5625	2.5408	0.5	-13.1036	39.63	0	0.939699	-0.342002	0	None	None
ChainingRodShaped	4906	4.65083	0.5	-1.06422	38.8863	0	0.132043	0.991244	0	None	None
ChainingRodShaped	5497	2.92483	0.5	0.903375	56.2394	0	-0.983145	0.182829	0	None	None
ChainingRodShaped	5453	3.56622	0.5	-26.3421	25.7423	0	0.301935	0.953329	0	None	None
ChainingRodShaped	5421	2.97071	0.5	-32.777	29.2087	0	-0.946292	-0.323312	0	None	None
ChainingRodShaped	5647	2.53303	0.5	-33.0409	46.7857	0	0.647396	0.762154	0	None	None
ChainingRodShaped	5427	3.37586	0.5	19.357	31.5955	0	-0.745748	0.666228	0	None	None
ChainingRodShaped	4918	4.71322	0.5	26.4221	14.1537	0	0.350938	0.936399	0	None	None
ChainingRodShaped	5679	2.23736	0.5	-26.5694	18.8405	0	-0.323823	-0.946118	0	None	None
ChainingRodShaped	4922	4.26448	0.5	2.09467	45.0452	0	-0.997959	0.0638649	0	None	None
ChainingRodShaped	4924	4.6942	0.5	30.3143	53.6933	0	0.881007	0.473104	0	None	None
ChainingRodShaped	5447	3.47896	0.5	13.5105	34.346	0	0.977212	-0.212265	0	None	None
ChainingRodShaped	4928	3.74297	0.5	1.75382	40.5342	0	-0.487058	-0.87337	0	None	None
ChainingRodShaped	5489	2.96859	0.5	10.5602	52.6585	0	0.957331	0.288995	0	None	None
ChainingRodShaped	5437	2.81998	0.5	-10.9904	14.6956	0	0.951614	0.307296	0	None	None
ChainingRodShaped	5575	2.41223	0.5	-7.47733	14.873	0	-0.995824	0.0912912	0	None	None
ChainingRodShaped	5561	2.82566	0.5	0.955854	47.9574	0	0.997244	-0.0741938	0	None	None
ChainingRodShaped	5773	2.16366	0.5	-16.4293	35.8509	0	-0.836623	0.547779	0	None	None
ChainingRodShaped	5407	3.52101	0.5	46.4454	50.6605	0	-0.924518	0.381137	0	None	None
ChainingRodShaped	5439	3.6769	0.5	18.2637	11.2062	0	0.341953	0.939717	0	None	None
ChainingRodShaped	4944	4.64184	0.5	-30.6549	22.9671	0	0.872778	-0.488118	0	None	None
ChainingRodShaped	4946	4.96556	0.5	1.43799	6.3925	0	-0.999626	-0.0273444	0	None	None
ChainingRodShaped	4948	4.20637	0.5	20.6976	29.4916	0	-0.989373	0.145398	0	None	None
ChainingRodShaped	4950	4.46041	0.5	-14.2394	47.5611	0	-0.499093	-0.866548	0	None	None
ChainingRodShaped	4952	4.34207	0.5	-28.6958	31.5698	0	-0.951881	-0.306469	0	None	None
ChainingRodShaped	5607	2.39398	0.5	-15.2408	15.4899	0	0.71805	0.695991	0	None	None
ChainingRodShaped	4956	3.74478	0.5	-4.29853	35.6766	0	-0.626598	-0.779343	0	None	None
ChainingRodShaped	5505	3.05311	0.5	-22.4292	47.9208	0	-0.237238	0.971451	0	None	None
ChainingRodShaped	5551	2.77986	0.5	-45.551	38.9784	0	0.349127	-0.937076	0	None	None
ChainingRodShaped	5539	2.56409	0.5	-23.1071	10.3413	0	-0.32739	0.944889	0	None	None
ChainingRodShaped	4964	4.27783	0.5	-14.7986	35.9249	0	-0.838934	0.544234	0	None	None
ChainingRodShaped	5605	2.39948	0.5	-39.867	36.527	0	0.435637	-0.900123	0	None	None
ChainingRodShaped	4968	4.70934	0.5	-17.3415	54.5235	0	-0.381112	-0.924529	0	None	None
ChainingRodShaped	4970	3.57329	0.5	-26.8828	45.8489	0	-0.973503	0.228673	0	None	None
ChainingRodShaped	5493	3.36374	0.5	9.31271	28.0362	0	-0.71655	-0.697536	0	None	None
ChainingRodShaped	5671	2.35498	0.5	-2.73698	30.3685	0	0.0582593	-0.998301	0	None	None
ChainingRodShaped	5627	2.93754	0.5	-20.765	24.4002	0	-0.308043	-0.951372	0	None	None
ChainingRodShaped	5665	2.28259	0.5	-11.067	7.73679	0	0.0586307	0.99828	0	None	None
ChainingRodShaped	4980	2.71239	0.5	-28.5014	16.1312	0	0.318463	0.947935	0	None	4979
ChainingRodShaped	4982	4.45434	0.5	23.5059	36.6829	0	0.582445	-0.81287	0	None	None
ChainingRodShaped	5615	2.67077	0.5	6.03028	12.3082	0	0.978761	0.205006	0	None	None
ChainingRodShaped	5553	2.94762	0.5	48.0729	51.8229	0	-0.993495	-0.113873	0	None	None
ChainingRodShaped	4988	4.5238	0.5	-8.10274	32.4355	0	-0.255281	-0.966867	0	None	None
ChainingRodShaped	4990	4.00522	0.5	-22.5613	17.7509	0	-0.429268	-0.903177	0	None	None
ChainingRodShaped	4992	4.06827	0.5	-19.2565	25.9531	0	-0.317549	-0.948242	0	None	None
ChainingRodShaped	5543	2.75821	0.5	27.2541	32.2488	0	0.728878	-0.684643	0	None	None
ChainingRodShaped	4996	4.12941	0.5	-22.6316	52.6962	0	-0.791629	-0.611002	0	None	None
ChainingRodShaped	4998	3.54936	0.5	14.7078	36.4555	0	0.883012	-0.469351	0	None	None
ChainingRodShaped	5000	4.87242	0.5	-36.3855	46.5251	0	0.776962	0.629548	0	None	None
ChainingRodShaped	5623	2.68086	0.5	-11.6715	43.3359	0	-0.897933	-0.440133	0	None	None
ChainingRodShaped	5004	2.45639	0.5	-19.355	35.5299	0	-0.833996	0.55177	0	4142	5003
ChainingRodShaped	5583	3.12341	0.5	33.053	48.8987	0	0.990241	-0.139366	0	None	None
ChainingRodShaped	5008	3.45375	0.5	33.9444	41.6346	0	-0.840209	-0.542262	0	None	None
ChainingRodShaped	5010	3.68364	0.5	-28.1053	33.8311	0	-0.935332	0.353771	0	None	None
ChainingRodShaped	5012	2.82549	0.5	20.0547	49.4701	0	0.999476	0.0323587	0	4186	5011
ChainingRodShaped	5677	2.56754	0.5	-17.236	39.2142	0	0.94102	-0.33835	0	None	None
ChainingRodShaped	5016	3.49248	0.5	-17.7015	30.7582	0	0.200769	-0.979639	0	None	None
ChainingRodShaped	5695	2.44759	0.5	-47.1764	47.5983	0	0.283748	0.958899	0	None	None
ChainingRodShaped	5020	2.73064	0.5	35.5799	35.1227	0	-0.12393	-0.992291	0	4170	5019
ChainingRodShaped	5022	2.6223	0.5	5.46711	25.4587	0	0.691263	0.722603	0	4104	5021
ChainingRodShaped	5711	2.5075	0.5	-48.5762	38.8139	0	0.809583	-0.587005	0	None	None
ChainingRodShaped	5633	2.48146	0.5	-35.3243	55.9888	0	-0.72442	-0.689359	0	None	None
ChainingRodShaped	5028	2.64881	0.5	33.9531	30.1703	0	0.209076	-0.977899	0	5183	5027
ChainingRodShaped	5030	4.97038	0.5	-32.9255	52.2998	0	-0.868501	-0.495688	0	None	None
ChainingRodShaped	5617	2.68669	0.5	39.2366	42.4583	0	-0.842846	0.538155	0	None	None
ChainingRodShaped	5769	2.31957	0.5	-12.429	57.6276	0	0.687507	0.726178	0	None	None
ChainingRodShaped	5797	2.16757	0.5	7.91705	53.9605	0	0.975012	0.222153	0	None	None
ChainingRodShaped	5729	2.23386	0.5	-9.62797	30.4549	0	-0.122851	-0.992425	0	None	None
ChainingRodShaped	5040	4.17952	0.5	9.1286	49.044	0	-0.654763	-0.755834	0	None	None
ChainingRodShaped	5649	2.55702	0.5	-6.95015	38.3585	0	-0.632809	-0.774308	0	None	None
ChainingRodShaped	5595	2.82534	0.5	19.4228	22.2574	0	-0.0738547	0.997269	0	None	None
ChainingRodShaped	5046	4.46923	0.5	20.4271	11.084	0	0.754129	0.656726	0	None	None
ChainingRodShaped	5048	3.74417	0.5	7.21169	61.7013	0	-0.989002	-0.147902	0	None	None
ChainingRodShaped	5050	4.13553	0.5	18.4388	20.5527	0	-0.752474	0.658622	0	None	None
ChainingRodShaped	5669	2.42717	0.5	45.369	41.3952	0	-0.992356	-0.123409	0	None	None
ChainingRodShaped	5713	2.24455	0.5	-24.3655	41.9646	0	0.019954	0.999801	0	None	None
ChainingRodShaped	5745	2.26327	0.5	41.45	46.5485	0	-0.708555	0.705656	0	None	None
ChainingRodShaped	5058	2.57623	0.5	25.6857	45.2915	0	0.174188	0.984712	0	5261	5057
ChainingRodShaped	5060	3.92703	0.5	-15.7217	53.3806	0	0.362015	0.932172	0	None	None
ChainingRodShaped	5799	2.10702	0.5	-5.95281	29.3397	0	-0.209021	-0.977911	0	None	None
ChainingRodShaped	5855	2.03709	0.5	-14.5354	58.5641	0	0.428537	0.903524	0	None	None
ChainingRodShaped	5066	4.23108	0.5	22.8932	31.3823	0	0.849312	-0.527891	0	None	None
ChainingRodShaped	5795	2.10993	0.5	-35.1128	38.7342	0	0.342132	0.939652	0	None	None
ChainingRodShaped	5829	2.06477	0.5	-10.0495	39.8934	0	-0.896387	-0.443272	0	None	None
ChainingRodShaped	5072	3.60133	0.5	45.835	43.7274	0	-0.617746	-0.786378	0	None	None
ChainingRodShaped	5074	3.55791	0.5	-8.50368	54.966	0	-0.222092	-0.975026	0	None	None
ChainingRodShaped	5076	3.96892	0.5	20.7326	15.9974	0	-0.9975	-0.0706716	0	None	None
ChainingRodShaped	5781	2.19863	0.5	25.2159	37.2685	0	-0.170155	-0.985417	0	None	None
ChainingRodShaped	5080	3.67881	0.5	-31.509	18.6578	0	0.749512	-0.66199	0	None	None
ChainingRodShaped	5082	4.19666	0.5	31.1742	32.9431	0	0.406624	0.913595	0	None	None
ChainingRodShaped	5084	4.98517	0.5	5.56055	60.2788	0	-0.976043	-0.217579	0	None	None
ChainingRodShaped	5689	2.25463	0.5	20.0026	50.5942	0	-0.985698	-0.16852	0	None	None
ChainingRodShaped	5088	4.40392	0.5	11.5694	56.9222	0	0.276477	0.961021	0	None	None
ChainingRodShaped	5090	4.94644	0.5	10.5441	22.5873	0	-0.998399	-0.0565705	0	None	None
ChainingRodShaped	5749	2.20009	0.5	6.63304	43.3732	0	-0.528716	-0.848799	0	None	None
ChainingRodShaped	5094	4.83684	0.5	21.1667	17.9506	0	-0.997107	-0.0760092	0	None	None
ChainingRodShaped	5096	4.35806	0.5	0.0927135	16.0969	0	-0.980969	0.194166	0	None	None
ChainingRodShaped	5701	2.42698	0.5	23.7703	45.4575	0	0.154468	0.987998	0	None	None
ChainingRodShaped	5100	3.98559	0.5	-32.0413	17.8094	0	0.749836	-0.661624	0	None	None
ChainingRodShaped	5102	3.77053	0.5	36.4508	43.0444	0	-0.848104	0.52983	0	None	None
ChainingRodShaped	5104	2.37554	0.5	29.906	42.6046	0	-0.589139	0.808032	0	5231	5103
ChainingRodShaped	5857	2.01483	0.5	-7.11019	7.97405	0	-0.656533	-0.754298	0	None	None
ChainingRodShaped	5108	4.71324	0.5	-4.63813	30.991	0	-0.199226	-0.979954	0	None	None
ChainingRodShaped	5110	3.74794	0.5	16.0414	40.4908	0	-0.986288	0.165033	0	None	None
ChainingRodShaped	5112	4.67172	0.5	26.9447	21.8408	0	0.990361	-0.138509	0	None	None
ChainingRodShaped	5114	3.54288	0.5	-0.255746	58.3766	0	-0.742061	0.670333	0	None	None
ChainingRodShaped	5801	2.12947	0.5	-30.3509	37.7952	0	0.385768	0.922596	0	None	None
ChainingRodShaped	5118	4.7559	0.5	-29.442	37.4529	0	0.394973	0.918693	0	None	None
ChainingRodShaped	5120	4.55013	0.5	2.82014	33.7956	0	0.374416	-0.927261	0	None	None
ChainingRodShaped	5803	2.18002	0.5	21.0505	33.9577	0	0.764099	-0.645099	0	None	None
ChainingRodShaped	5805	2.17322	0.5	7.26058	16.4544	0	0.99043	-0.138017	0	None	None
ChainingRodShaped	5126	4.66357	0.5	33.0648	23.4007	0	0.103867	0.994591	0	None	None
ChainingRodShaped	5128	4.2171	0.5	-31.5689	27.5632	0	-0.943284	-0.331986	0	None	None
ChainingRodShaped	5130	4.63442	0.5	-24.9404	15.48	0	-0.507779	-0.861487	0	None	None
ChainingRodShaped	5132	4.92134	0.5	30.6408	18.1061	0	0.51494	0.857226	0	None	None
ChainingRodShaped	5134	4.5593	0.5	48.8945	44.9415	0	-0.820974	-0.570966	0	None	None
ChainingRodShaped	5813	2.16441	0.5	-37.4031	35.1469	0	0.374022	0.92742	0	None	None
ChainingRodShaped	5138	4.70646	0.5	44.6009	53.3737	0	-0.990745	-0.135737	0	None	None
ChainingRodShaped	5140	3.53672	0.5	-18.7063	55.648	0	-0.182575	-0.983192	0	None	None
ChainingRodShaped	5142	3.5467	0.5	3.46701	49.3902	0	0.942504	0.334195	0	None	None
ChainingRodShaped	5144	3.87708	0.5	-2.44512	34.1579	0	0.152014	-0.988378	0	None	None
ChainingRodShaped	5146	4.6151	0.5	26.8688	54.9487	0	-0.176931	0.984223	0	None	None
ChainingRodShaped	5727	2.21225	0.5	-40.5606	46.9849	0	-0.330744	-0.94372	0	None	None
ChainingRodShaped	5150	3.70885	0.5	-27.1564	43.0724	0	0.00826663	0.999966	0	None	None
ChainingRodShaped	5807	2.10756	0.5	-32.1742	60.9514	0	-0.57081	-0.821082	0	None	None
ChainingRodShaped	5755	2.19617	0.5	9.15683	18.8049	0	0.686884	-0.726767	0	None	None
ChainingRodShaped	5156	3.26547	0.5	18.0548	45.0749	0	-0.844047	0.536269	0	None	None
ChainingRodShaped	5158	3.65649	0.5	18.9263	45.6198	0	-0.84938	0.527782	0	None	None
ChainingRodShaped	5160	3.14197	0.5	23.257	26.2206	0	-0.905946	0.423394	0	None	None
ChainingRodShaped	5162	3.56347	0.5	4.50447	27.7882	0	-0.997506	0.0705838	0	None	None
ChainingRodShaped	5164	3.50369	0.5	4.73925	41.9954	0	-0.48731	-0.873229	0	None	None
ChainingRodShaped	5166	4.18391	0.5	-9.37937	10.2301	0	-0.886783	0.462187	0	None	None
ChainingRodShaped	5815	2.0703	0.5	-35.4378	26.1341	0	0.931662	0.363326	0	None	None
ChainingRodShaped	5761	2.33213	0.5	-6.40137	55.5722	0	-0.209416	-0.977827	0	None	None
ChainingRodShaped	5172	3.18439	0.5	7.45492	57.293	0	-0.889233	-0.457454	0	None	None
ChainingRodShaped	5174	3.61797	0.5	-9.62793	9.26635	0	-0.885349	0.464928	0	None	None
ChainingRodShaped	5176	3.31557	0.5	-22.9311	36.1846	0	-0.977158	0.212515	0	None	None
ChainingRodShaped	5178	4.9001	0.5	15.9691	23.8208	0	-0.999354	-0.0359355	0	None	None
ChainingRodShaped	5180	4.14792	0.5	-18.6102	43.9372	0	0.531548	0.847028	0	None	None
ChainingRodShaped	5182	3.26623	0.5	-25.7229	58.3411	0	-0.543066	-0.83969	0	None	None
ChainingRodShaped	5184	2.40328	0.5	32.5044	36.8192	0	0.216946	-0.976184	0	None	5183
ChainingRodShaped	5186	3.3347	0.5	-11.0969	56.6537	0	-0.232325	-0.972638	0	None	None
ChainingRodShaped	5188	4.05108	0.5	-0.445751	43.9919	0	-0.99591	-0.0903474	0	None	None
ChainingRodShaped	5190	4.72954	0.5	9.8616	42.0784	0	-0.759177	-0.650884	0	None	None
ChainingRodShaped	5192	4.82383	0.5	16.7293	27.1961	0	-0.984975	0.172697	0	None	None
ChainingRodShaped	5851	2.0662	0.5	-21.6371	62.9492	0	-0.932988	-0.359907	0	None	None
ChainingRodShaped	5196	4.53113	0.5	-0.481625	33.5952	0	0.143988	-0.989579	0	None	None
ChainingRodShaped	5198	3.08601	0.5	11.0662	38.0529	0	0.767345	0.641234	0	None	None
ChainingRodShaped	5200	4.99054	0.5	-5.47042	17.2787	0	0.974378	0.224919	0	None	None
ChainingRodShaped	5202	4.14528	0.5	48.0563	47.0878	0	-0.999372	0.0354281	0	None	None
ChainingRodShaped	5204	4.14446	0.5	-33.0137	55.5355	0	-0.690076	-0.723737	0	None	None
ChainingRodShaped	5206	4.44956	0.5	-14.0489	8.26919	0	-0.883248	0.468906	0	None	None
ChainingRodShaped	5825	2.11442	0.5	10.7902	8.86127	0	0.699924	-0.714218	0	None	None
ChainingRodShaped	5210	4.12393	0.5	6.64471	55.7939	0	-0.894038	-0.447992	0	None	None
ChainingRodShaped	5212	3.42357	0.5	-1.41709	21.8225	0	-0.885706	-0.464247	0	None	None
ChainingRodShaped	5214	4.85588	0.5	26.6084	23.5903	0	-0.906549	0.4221	0	None	None
ChainingRodShaped	5216	3.60405	0.5	38.4526	40.602	0	-0.841392	0.540425	0	None	None
ChainingRodShaped	5218	3.19892	0.5	10.1941	47.1822	0	-0.58739	-0.809304	0	None	None
ChainingRodShaped	5220	4.80645	0.5	2.93202	13.5978	0	0.982013	-0.188815	0	None	None
ChainingRodShaped	5222	4.49257	0.5	32.2491	44.3935	0	-0.535827	0.844327	0	None	None
ChainingRodShaped	5224	4.41849	0.5	13.7814	59.8663	0	-0.950287	0.311374	0	None	None
ChainingRodShaped	5226	4.37761	0.5	-43.6881	47.7235	0	0.345899	-0.938272	0	None	None
ChainingRodShaped	5228	4.85838	0.5	-12.4934	21.463	0	-0.731812	-0.681506	0	None	None
ChainingRodShaped	5230	3.9417	0.5	2.2697	59.1248	0	-0.840947	0.541117	0	None	None
ChainingRodShaped	5232	2.20437	0.5	33.8602	37.2147	0	-0.592733	0.805399	0	None	5231
ChainingRodShaped	5234	3.88099	0.5	-23.1205	58.7825	0	-0.529741	-0.848159	0	None	None
ChainingRodShaped	5236	3.57975	0.5	4.27233	25.5404	0	-0.700534	-0.713619	0	None	None
ChainingRodShaped	5238	3.65738	0.5	23.6076	47.556	0	-0.894779	-0.446508	0	None	None
ChainingRodShaped	5240	3.11109	0.5	14.9121	32.1321	0	-0.980059	0.198709	0	None	None
ChainingRodShaped	5242	3.23417	0.5	-33.3028	41.362	0	0.915696	0.401872	0	None	None
ChainingRodShaped	5244	4.07478	0.5	-2.21422	54.0239	0	-0.548864	-0.835911	0	None	None
ChainingRodShaped	5246	3.20062	0.5	-15.8655	17.8212	0	-0.604846	-0.796343	0	None	None
ChainingRodShaped	5248	3.35622	0.5	-24.4948	28.7531	0	0.237429	0.971405	0	None	None
ChainingRodShaped	5250	3.88218	0.5	46.3027	55.0623	0	-0.931739	-0.363128	0	None	None
ChainingRodShaped	5252	4.58313	0.5	-13.7034	22.9008	0	-0.732767	-0.680479	0	None	None
ChainingRodShaped	5254	4.25646	0.5	8.88561	17.1901	0	0.989799	-0.142469	0	None	None
ChainingRodShaped	5256	4.49946	0.5	-46.872	44.3265	0	0.953377	0.301782	0	None	None
ChainingRodShaped	5258	4.66695	0.5	-34.8941	19.0985	0	0.663479	0.748195	0	None	None
ChainingRodShaped	5260	3.14805	0.5	16.8122	42.4632	0	-0.948904	0.315566	0	None	None
ChainingRodShaped	5262	2.36296	0.5	24.4488	38.488	0	0.180659	0.983546	0	None	5261
ChainingRodShaped	5264	3.68311	0.5	51.0475	53.9361	0	-0.906364	0.422497	0	None	None
ChainingRodShaped	5266	3.08768	0.5	-13.4755	47.0059	0	-0.498594	-0.866836	0	None	None
ChainingRodShaped	5268	4.02488	0.5	-34.6784	33.9021	0	-0.635932	-0.771745	0	None	None
ChainingRodShaped	5270	3.69023	0.5	-32.8739	58.8404	0	-0.83651	-0.547952	0	None	None
ChainingRodShaped	5272	3.87015	0.5	-15.1216	47.903	0	0.497897	0.867236	0	None	None
ChainingRodShaped	5274	4.077	0.5	-4.81951	58.2888	0	-0.21167	-0.977341	0	None	None
ChainingRodShaped	5276	3.81092	0.5	-2.42739	60.1079	0	-0.227485	-0.973782	0	None	None
ChainingRodShaped	5278	3.60799	0.5	-0.564262	18.1515	0	0.982661	-0.18541	0	None	None
ChainingRodShaped	5280	3.19943	0.5	-5.80283	53.784	0	-0.243075	-0.970007	0	None	None
ChainingRodShaped	5282	2.47583	0.5	20.5611	53.9645	0	-0.860583	0.50931	0	4160	5281
ChainingRodShaped	5284	3.08713	0.5	23.0754	12.2445	0	0.529304	0.848432	0	None	None
ChainingRodShaped	5286	2.98639	0.5	-42.3694	48.9137	0	0.720083	-0.693888	0	None	None
ChainingRodShaped	5288	4.15784	0.5	29.1645	17.5733	0	0.511014	0.859572	0	None	None
ChainingRodShaped	5290	4.11235	0.5	-21.24	21.5067	0	-0.660193	-0.751096	0	None	None
ChainingRodShaped	5292	3.00796	0.5	4.90932	47.0584	0	0.627156	0.778894	0	None	None
ChainingRodShaped	5294	4.20497	0.5	-3.09735	14.9507	0	0.979523	0.20133	0	None	None
ChainingRodShaped	5296	3.82492	0.5	-25.7565	33.9603	0	-0.931748	0.363106	0	None	None
ChainingRodShaped	5298	4.00808	0.5	-0.927433	43.0256	0	-0.994956	-0.100315	0	None	None
ChainingRodShaped	5300	3.98718	0.5	-43.545	39.6915	0	0.443971	-0.896041	0	None	None
ChainingRodShaped	5302	2.97716	0.5	-5.63831	7.95406	0	-0.720971	-0.692965	0	None	None
ChainingRodShaped	5304	3.7973	0.5	-3.01336	61.9252	0	-0.217736	-0.976008	0	None	None
ChainingRodShaped	5306	3.09215	0.5	13.4004	7.39723	0	0.167722	0.985834	0	None	None
ChainingRodShaped	5308	2.85737	0.5	-2.91346	39.5263	0	-0.169918	-0.985458	0	None	None
ChainingRodShaped	5310	3.79144	0.5	-42.2435	39.2606	0	0.442661	-0.896689	0	None	None
ChainingRodShaped	5312	3.53399	0.5	27.7923	35.107	0	-0.173348	-0.984861	0	None	None
ChainingRodShaped	5314	3.59292	0.5	3.74896	33.9883	0	0.376036	-0.926605	0	None	None
ChainingRodShaped	5316	2.88708	0.5	-22.6757	12.0944	0	-0.322563	0.946548	0	None	None
ChainingRodShaped	5318	3.16454	0.5	-29.4848	33.3366	0	-0.936758	0.349977	0	None	None
ChainingRodShaped	5320	4.16772	0.5	-5.26774	35.9238	0	-0.634357	-0.77304	0	None	None
ChainingRodShaped	5322	4.0867	0.5	34.5254	56.9262	0	0.688114	0.725602	0	None	None
ChainingRodShaped	5324	3.50214	0.5	0.161024	13.0218	0	0.610725	-0.791843	0	None	None
ChainingRodShaped	5326	2.83405	0.5	-20.9181	58.796	0	-0.421791	-0.906693	0	None	None
ChainingRodShaped	5328	3.35678	0.5	17.9444	43.0883	0	-0.945701	0.325038	0	None	None
ChainingRodShaped	5330	4.20887	0.5	10.7909	60.9713	0	-0.434086	-0.900871	0	None	None
ChainingRodShaped	5332	3.07444	0.5	-13.5228	30.0273	0	-0.102927	-0.994689	0	None	None
ChainingRodShaped	5334	3.49683	0.5	27.2783	24.3516	0	-0.907418	0.420228	0	None	None
ChainingRodShaped	5336	3.21678	0.5	16.8776	18.8623	0	-0.58263	0.812738	0	None	None
ChainingRodShaped	5338	2.97694	0.5	-24.3344	23.8107	0	-0.0588293	0.998268	0	None	None
ChainingRodShaped	5340	4.12201	0.5	5.98436	5.81657	0	-0.985396	-0.170275	0	None	None
ChainingRodShaped	5342	3.25457	0.5	20.0137	41.6779	0	-0.816054	-0.577976	0	None	None
ChainingRodShaped	5344	3.02261	0.5	-15.0605	64.198	0	-0.990905	0.134567	0	None	None
ChainingRodShaped	5346	2.85521	0.5	9.18967	38.9866	0	-0.758386	-0.651806	0	None	None
ChainingRodShaped	5348	2.93591	0.5	20.894	36.7286	0	0.684317	-0.729185	0	None	None
ChainingRodShaped	5350	3.8309	0.5	-11.9889	23.1622	0	-0.738638	-0.674102	0	None	None
ChainingRodShaped	5352	3.13843	0.5	8.34327	32.0405	0	-0.99434	-0.106243	0	None	None
ChainingRodShaped	5354	3.10135	0.5	-12.7792	61.6424	0	0.5296	0.848248	0	None	None
ChainingRodShaped	5356	3.7662	0.5	-17.2449	52.263	0	-0.390338	-0.920672	0	None	None
ChainingRodShaped	5358	3.29554	0.5	-4.94355	23.692	0	0.120583	-0.992703	0	None	None
ChainingRodShaped	5360	3.75685	0.5	-35.3729	54.5778	0	-0.717879	-0.696168	0	None	None
ChainingRodShaped	5362	3.47242	0.5	44.1635	40.2501	0	-0.99266	0.120937	0	None	None
ChainingRodShaped	5364	4.07847	0.5	10.6767	27.9659	0	-0.739013	-0.673691	0	None	None
ChainingRodShaped	5366	3.69941	0.5	-33.2434	21.8414	0	0.94304	-0.33268	0	None	None
ChainingRodShaped	5368	3.99442	0.5	-8.7222	58.4247	0	-0.221953	-0.975057	0	None	None
ChainingRodShaped	5370	2.14053	0.5	8.33971	39.5002	0	0.756486	0.65401	0	4128	5369
ChainingRodShaped	5372	3.5517	0.5	-38.1015	51.7654	0	-0.245343	-0.969436	0	None	None
ChainingRodShaped	5374	3.4886	0.5	-14.3663	36.7779	0	0.844334	-0.535817	0	None	None
ChainingRodShaped	5376	3.3515	0.5	-0.0540504	8.28534	0	-0.837423	0.546556	0	None	None
ChainingRodShaped	5378	2.77872	0.5	-20.1461	30.0537	0	-0.2713	-0.962495	0	None	None
ChainingRodShaped	5380	2.85311	0.5	13.5936	19.8406	0	0.999909	0.0134593	0	None	None
ChainingRodShaped	5382	2.99857	0.5	-38.193	42.5193	0	0.0304108	-0.999537	0	None	None
ChainingRodShaped	5384	3.66989	0.5	-14.7394	33.561	0	-0.824274	0.566191	0	None	None
ChainingRodShaped	5386	3.72202	0.5	27.4588	19.0098	0	-0.181404	0.983409	0	None	None
ChainingRodShaped	5388	3.81692	0.5	-16.733	32.6905	0	0.823532	-0.56727	0	None	None
ChainingRodShaped	5390	3.23101	0.5	-30.216	56.6239	0	-0.773298	-0.634042	0	None	None
ChainingRodShaped	5392	3.6449	0.5	19.6887	40.2733	0	0.821157	0.570703	0	None	None
ChainingRodShaped	5394	3.16044	0.5	-2.54668	45.3475	0	-0.997251	0.0741037	0	None	None
ChainingRodShaped	5396	3.17388	0.5	22.4249	23.4327	0	-0.899951	0.435991	0	None	None
ChainingRodShaped	5398	2.91704	0.5	-29.845	53.053	0	-0.729401	-0.684087	0	None	None
ChainingRodShaped	5400	2.95598	0.5	-12.5444	44.8873	0	-0.512371	-0.858764	0	None	None
ChainingRodShaped	5402	2.98467	0.5	37.7784	54.0736	0	0.999958	0.00921825	0	None	None
ChainingRodShaped	5404	3.78599	0.5	33.4884	54.4581	0	0.767692	0.640819	0	None	None
ChainingRodShaped	5406	3.9063	0.5	15.5899	12.1921	0	0.996697	-0.0812125	0	None	None
ChainingRodShaped	5408	2.71911	0.5	49.915	50.7639	0	-0.997623	0.0689145	0	None	None
ChainingRodShaped	5410	3.43494	0.5	-23.9808	59.2485	0	-0.535911	-0.844275	0	None	None
ChainingRodShaped	5412	3.70261	0.5	16.7385	48.3922	0	-0.999361	-0.0357555	0	None	None
ChainingRodShaped	5414	2.72927	0.5	-4.04429	39.5858	0	-0.30064	-0.953738	0	None	None
ChainingRodShaped	5416	2.13828	0.5	8.05184	34.4592	0	0.982296	-0.187338	0	None	5415
ChainingRodShaped	5418	3.75944	0.5	-25.2972	42.592	0	-0.0206004	-0.999788	0	None	None
ChainingRodShaped	5420	2.75346	0.5	-18.8425	37.7938	0	-0.942938	0.332968	0	None	None
ChainingRodShaped	5422	3.76133	0.5	-28.6649	30.5871	0	-0.951327	-0.308183	0	None	None
ChainingRodShaped	5424	3.72602	0.5	-20.6358	19.7227	0	-0.355093	-0.934831	0	None	None
ChainingRodShaped	5426	3.02122	0.5	39.0465	50.1611	0	-0.793029	0.609184	0	None	None
ChainingRodShaped	5428	3.03845	0.5	22.1805	30.6996	0	-0.848914	0.528531	0	None	None
ChainingRodShaped	5430	3.21916	0.5	7.6415	9.2256	0	-0.710226	0.703974	0	None	None
ChainingRodShaped	5432	3.23762	0.5	34.2659	53.8276	0	0.77007	0.63796	0	None	None
ChainingRodShaped	5434	3.44276	0.5	-19.6008	45.9278	0	0.512953	0.858416	0	None	None
ChainingRodShaped	5436	3.60119	0.5	-2.01776	38.7006	0	-0.123432	-0.992353	0	None	None
ChainingRodShaped	5438	2.65622	0.5	-12.7083	15.221	0	0.72092	0.693018	0	None	None
ChainingRodShaped	5440	3.01362	0.5	15.6045	8.87271	0	0.744769	0.667322	0	None	None
ChainingRodShaped	5442	3.73744	0.5	12.1284	26.448	0	-0.996622	-0.0821273	0	None	None
ChainingRodShaped	5444	2.66528	0.5	-19.1456	60.3439	0	-0.391638	-0.920119	0	None	None
ChainingRodShaped	5446	2.7239	0.5	-45.299	40.9848	0	0.456573	-0.889686	0	None	None
ChainingRodShaped	5448	3.20762	0.5	9.31231	35.1819	0	0.984094	-0.177649	0	None	None
ChainingRodShaped	5450	2.98848	0.5	-43.7555	42.2752	0	0.935942	-0.352155	0	None	None
ChainingRodShaped	5452	3.22795	0.5	10.501	35.9362	0	0.982779	-0.184783	0	None	None
ChainingRodShaped	5454	3.55074	0.5	-27.7512	21.4329	0	0.31821	0.94802	0	None	None
ChainingRodShaped	5456	3.50571	0.5	11.0083	31.8164	0	-0.835725	-0.549149	0	None	None
ChainingRodShaped	5458	2.86673	0.5	25.1661	32.981	0	0.632241	-0.774772	0	None	None
ChainingRodShaped	5460	3.11174	0.5	-5.61731	61.7959	0	-0.933861	0.357637	0	None	None
ChainingRodShaped	5462	2.65115	0.5	45.4057	49.4722	0	-0.999991	-0.00424614	0	None	None
ChainingRodShaped	5464	3.64045	0.5	-17.5237	8.05838	0	-0.654772	0.755827	0	None	None
ChainingRodShaped	5466	3.3365	0.5	22.108	47.8826	0	-0.898276	-0.439431	0	None	None
ChainingRodShaped	5468	2.29204	0.5	-12.3661	31.7299	0	0.110906	0.993831	0	4214	5467
ChainingRodShaped	5470	2.67973	0.5	25.0977	19.1269	0	-0.999835	0.0181513	0	None	None
ChainingRodShaped	5472	3.07348	0.5	-40.2091	51.6886	0	-0.79788	-0.602817	0	None	None
ChainingRodShaped	5474	2.77888	0.5	-29.1875	52.3483	0	-0.726201	-0.687482	0	None	None
ChainingRodShaped	5476	2.80652	0.5	14.0095	17.6493	0	0.502403	-0.864633	0	None	None
ChainingRodShaped	5478	3.44104	0.5	-16.9708	23.5809	0	-0.0786276	-0.996904	0	None	None
ChainingRodShaped	5480	3.01021	0.5	-3.60227	29.3605	0	0.0682325	-0.997669	0	None	None
ChainingRodShaped	5482	2.9437	0.5	15.6583	37.6376	0	0.991922	-0.126848	0	None	None
ChainingRodShaped	5484	3.49817	0.5	39.5404	53.0929	0	-0.999948	-0.0102009	0	None	None
ChainingRodShaped	5486	3.3662	0.5	-35.3209	24.4342	0	0.998717	-0.0506357	0	None	None
ChainingRodShaped	5488	2.69875	0.5	-25.6335	47.672	0	0.99326	-0.115908	0	None	None
ChainingRodShaped	5490	3.20302	0.5	6.70613	51.4431	0	0.95118	0.308635	0	None	None
ChainingRodShaped	5492	2.58146	0.5	2.26187	46.9421	0	0.998571	-0.0534344	0	None	None
ChainingRodShaped	5494	2.74513	0.5	12.4406	30.5732	0	-0.833889	-0.551933	0	None	None
ChainingRodShaped	5496	2.1754	0.5	-46.3639	50.3917	0	0.766247	0.642546	0	None	5495
ChainingRodShaped	5498	3.2618	0.5	3.64137	57.0791	0	-0.999275	-0.0380695	0	None	None
ChainingRodShaped	5500	3.2416	0.5	-28.1002	62.9248	0	-0.21434	-0.976759	0	None	None
ChainingRodShaped	5502	2.74739	0.5	-0.654872	49.0468	0	0.99768	-0.0680827	0	None	None
ChainingRodShaped	5504	3.05743	0.5	-18.3594	16.4877	0	-0.710853	-0.703341	0	None	None
ChainingRodShaped	5506	3.25145	0.5	-22.3874	43.8535	0	0.0439869	0.999032	0	None	None
ChainingRodShaped	5508	3.36248	0.5	24.3884	12.482	0	0.527812	0.849361	0	None	None
ChainingRodShaped	5510	3.09365	0.5	-37.0934	39.2957	0	0.238194	0.971218	0	None	None
ChainingRodShaped	5512	2.60939	0.5	-7.31104	20.3731	0	-0.0348814	-0.999391	0	None	None
ChainingRodShaped	5514	2.52229	0.5	-40.4171	35.4336	0	0.440699	-0.897655	0	None	None
ChainingRodShaped	5516	2.72607	0.5	-32.9731	30.1599	0	-0.946913	-0.321489	0	None	None
ChainingRodShaped	5518	3.29112	0.5	0.0310159	36.2491	0	0.180054	-0.983657	0	None	None
ChainingRodShaped	5520	2.91989	0.5	-32.2303	39.93	0	0.570415	0.821356	0	None	None
ChainingRodShaped	5522	2.53661	0.5	-4.35412	44.5053	0	-0.999995	-0.00323879	0	None	None
ChainingRodShaped	5524	3.21297	0.5	-21.4332	44.1564	0	0.0400996	0.999196	0	None	None
ChainingRodShaped	5526	3.28497	0.5	11.0619	12.6907	0	0.992424	-0.122863	0	None	None
ChainingRodShaped	5528	2.10494	0.5	-31.483	39.195	0	-0.643889	-0.765119	0	None	5527
ChainingRodShaped	5530	3.33502	0.5	22.544	27.6873	0	-0.878219	0.478258	0	None	None
ChainingRodShaped	5532	2.87288	0.5	-7.15209	39.6043	0	-0.638869	-0.769316	0	None	None
ChainingRodShaped	5534	2.65881	0.5	31.9976	52.1759	0	0.911389	-0.411547	0	None	None
ChainingRodShaped	5536	3.11403	0.5	-0.379501	19.0647	0	0.983995	-0.178194	0	None	None
ChainingRodShaped	5538	3.22945	0.5	16.1978	52.407	0	-0.67705	-0.735937	0	None	None
ChainingRodShaped	5540	2.79952	0.5	-20.3143	8.46301	0	-0.92398	0.382441	0	None	None
ChainingRodShaped	5542	2.70094	0.5	36.242	47.3299	0	0.526115	-0.850413	0	None	None
ChainingRodShaped	5544	3.15248	0.5	26.9104	35.642	0	-0.173602	-0.984816	0	None	None
ChainingRodShaped	5546	2.59101	0.5	7.06603	7.02751	0	-0.989847	-0.142138	0	None	None
ChainingRodShaped	5548	2.21649	0.5	-6.75013	58.404	0	-0.216737	-0.97623	0	None	5547
ChainingRodShaped	5550	2.94292	0.5	-23.795	27.6155	0	0.256648	0.966505	0	None	None
ChainingRodShaped	5552	2.93717	0.5	-48.3066	41.0158	0	0.87652	-0.481365	0	None	None
ChainingRodShaped	5554	2.9643	0.5	51.9682	51.8229	0	-0.997474	-0.0710278	0	None	None
ChainingRodShaped	5556	2.87639	0.5	-24.0933	13.7122	0	-0.0703154	-0.997525	0	None	None
ChainingRodShaped	5558	2.84247	0.5	11.9113	18.6962	0	0.688829	-0.724924	0	None	None
ChainingRodShaped	5560	2.80681	0.5	-10.7903	33.7648	0	-0.379491	-0.925196	0	None	None
ChainingRodShaped	5562	3.20163	0.5	-3.03979	48.2383	0	0.998054	-0.0623626	0	None	None
ChainingRodShaped	5564	2.81107	0.5	-34.495	49.6918	0	-0.623123	-0.782124	0	None	None
ChainingRodShaped	5566	3.17257	0.5	-34.479	43.5839	0	0.643313	0.765603	0	None	None
ChainingRodShaped	5568	2.21555	0.5	-21.0225	30.4513	0	0.268083	0.963396	0	4182	5567
ChainingRodShaped	5570	3.00189	0.5	-10.5751	30.6456	0	-0.123705	-0.992319	0	None	None
ChainingRodShaped	5572	2.69105	0.5	5.813	34.8238	0	0.739967	0.672643	0	None	None
ChainingRodShaped	5574	2.58193	0.5	0.0555873	40.0428	0	0.140404	0.990094	0	None	None
ChainingRodShaped	5576	2.74567	0.5	-4.18262	15.672	0	-0.977459	-0.211124	0	None	None
ChainingRodShaped	5578	2.66249	0.5	-26.7999	27.5478	0	0.276605	0.960984	0	None	None
ChainingRodShaped	5580	2.59047	0.5	16.8025	30.9452	0	-0.855452	-0.517881	0	None	None
ChainingRodShaped	5582	2.97309	0.5	20.7126	39.8108	0	0.825899	0.563817	0	None	None
ChainingRodShaped	5584	2.93116	0.5	29.2789	49.929	0	0.883753	-0.467954	0	None	None
ChainingRodShaped	5586	2.668	0.5	-18.927	22.9863	0	-0.0749654	-0.997186	0	None	None
ChainingRodShaped	5588	3.11698	0.5	1.67812	51.6902	0	-0.931987	-0.362492	0	None	None
ChainingRodShaped	5590	2.56932	0.5	-22.3229	55.6181	0	-0.686065	-0.72754	0	None	None
ChainingRodShaped	5592	2.95995	0.5	0.745062	9.15878	0	-0.759498	0.65051	0	None	None
ChainingRodShaped	5594	2.95149	0.5	-3.29175	13.9519	0	-0.979691	-0.200514	0	None	None
ChainingRodShaped	5596	2.50081	0.5	21.0673	20.0623	0	-0.48482	0.874614	0	None	None
ChainingRodShaped	5598	2.63671	0.5	19.4795	25.6103	0	-0.967438	0.253108	0	None	None
ChainingRodShaped	5600	2.95971	0.5	-30.448	62.1376	0	-0.280091	-0.959974	0	None	None
ChainingRodShaped	5602	2.42787	0.5	-39.2173	44.1752	0	0.0250853	-0.999685	0	None	None
ChainingRodShaped	5604	2.92709	0.5	-15.3825	61.1237	0	-0.525496	-0.850796	0	None	None
ChainingRodShaped	5606	2.64866	0.5	-41.3726	39.6853	0	0.440283	-0.897859	0	None	None
ChainingRodShaped	5608	2.54268	0.5	-17.7143	13.081	0	0.710286	0.703913	0	None	None
ChainingRodShaped	5610	2.72868	0.5	6.28472	45.9551	0	-0.908898	-0.417018	0	None	None
ChainingRodShaped	5612	2.3947	0.5	-10.6927	49.8658	0	-0.211342	-0.977412	0	None	None
ChainingRodShaped	5614	2.36412	0.5	32.0017	42.9613	0	-0.532833	0.84622	0	None	None
ChainingRodShaped	5616	2.40748	0.5	2.65365	12.6579	0	0.980461	-0.196715	0	None	None
ChainingRodShaped	5618	2.54648	0.5	40.7018	40.3738	0	-0.854195	0.519952	0	None	None
ChainingRodShaped	5620	2.96251	0.5	-18.9715	18.6733	0	0.371811	0.928309	0	None	None
ChainingRodShaped	5622	2.39716	0.5	-13.0766	8.87444	0	-0.8833	0.468808	0	None	None
ChainingRodShaped	5624	2.72107	0.5	-9.25133	46.214	0	-0.670884	-0.741562	0	None	None
ChainingRodShaped	5626	2.47449	0.5	-17.3327	40.2547	0	0.941585	-0.336776	0	None	None
ChainingRodShaped	5628	2.83716	0.5	-19.6855	28.0875	0	-0.241629	-0.970369	0	None	None
ChainingRodShaped	5630	2.63018	0.5	39.0664	45.9863	0	-0.974644	-0.223762	0	None	None
ChainingRodShaped	5632	2.54309	0.5	2.09975	26.0241	0	-0.710152	-0.704048	0	None	None
ChainingRodShaped	5634	2.72576	0.5	-32.4308	57.591	0	-0.688137	-0.725581	0	None	None
ChainingRodShaped	5636	2.65271	0.5	30.6788	51.6305	0	0.929888	-0.367842	0	None	None
ChainingRodShaped	5638	2.42323	0.5	-16.9363	62.3394	0	-0.53904	-0.84228	0	None	None
ChainingRodShaped	5640	2.87822	0.5	31.5535	28.4358	0	0.222604	0.974909	0	None	None
ChainingRodShaped	5642	2.53815	0.5	-28.9578	24.1244	0	-0.30285	0.953038	0	None	None
ChainingRodShaped	5644	2.29401	0.5	-15.8278	62.2558	0	-0.533139	-0.846028	0	None	None
ChainingRodShaped	5646	2.40319	0.5	-47.5156	39.3561	0	0.840968	-0.541084	0	None	None
ChainingRodShaped	5648	2.81539	0.5	-35.3883	43.9936	0	0.639742	0.76859	0	None	None
ChainingRodShaped	5650	2.69575	0.5	-5.2555	40.4097	0	0.0640662	-0.997946	0	None	None
ChainingRodShaped	5652	2.77618	0.5	-23.3269	43.9512	0	0.0514926	0.998673	0	None	None
ChainingRodShaped	5654	2.79015	0.5	42.7528	48.0221	0	-0.710466	0.703731	0	None	None
ChainingRodShaped	5656	2.74078	0.5	41.3075	42.268	0	-0.803183	0.595733	0	None	None
ChainingRodShaped	5658	2.33209	0.5	-8.84738	48.0498	0	-0.71111	-0.703081	0	None	None
ChainingRodShaped	5660	2.80984	0.5	2.99699	16.2578	0	0.757984	-0.652273	0	None	None
ChainingRodShaped	5662	2.79638	0.5	-18.0702	38.5099	0	-0.943251	0.33208	0	None	None
ChainingRodShaped	5664	2.51343	0.5	-11.0345	61.021	0	0.866859	0.498553	0	None	None
ChainingRodShaped	5666	2.66322	0.5	-9.66793	5.71	0	-0.345378	0.938464	0	None	None
ChainingRodShaped	5668	2.39174	0.5	-40.9003	53.6942	0	-0.772097	-0.635505	0	None	None
ChainingRodShaped	5670	2.71127	0.5	48.1359	43.204	0	-0.82265	-0.568548	0	None	None
ChainingRodShaped	5672	2.70976	0.5	-3.32883	33.7805	0	0.149811	-0.988715	0	None	None
ChainingRodShaped	5674	2.36274	0.5	-10.4473	13.8587	0	-0.948491	-0.316803	0	None	None
ChainingRodShaped	5676	2.62729	0.5	6.30082	54.5331	0	-0.898473	-0.439029	0	None	None
ChainingRodShaped	5678	2.4878	0.5	-20.0414	40.943	0	0.56751	-0.823366	0	None	None
ChainingRodShaped	5680	2.30507	0.5	-25.57	21.9205	0	-0.303642	-0.952786	0	None	None
ChainingRodShaped	5682	2.42013	0.5	-22.7713	22.7194	0	-0.612563	-0.790422	0	None	None
ChainingRodShaped	5684	2.24307	0.5	-1.5803	56.7067	0	-0.559362	-0.828924	0	None	None
ChainingRodShaped	5686	2.60934	0.5	-2.28425	23.5405	0	-0.236883	-0.971538	0	None	None
ChainingRodShaped	5688	2.39493	0.5	36.2466	44.326	0	-0.848461	0.529259	0	None	None
ChainingRodShaped	5690	2.4664	0.5	23.2614	50.5186	0	-0.999859	-0.016798	0	None	None
ChainingRodShaped	5692	2.54305	0.5	-6.27524	32.1873	0	-0.218836	-0.975762	0	None	None
ChainingRodShaped	5694	2.48527	0.5	4.99746	40.5136	0	-0.496019	-0.868312	0	None	None
ChainingRodShaped	5696	2.57754	0.5	-48.9079	44.8427	0	0.875422	0.483359	0	None	None
ChainingRodShaped	5698	2.60523	0.5	-9.41077	51.0124	0	-0.234787	-0.972047	0	None	None
ChainingRodShaped	5700	2.58991	0.5	23.9054	40.8263	0	-0.192124	-0.981371	0	None	None
ChainingRodShaped	5702	2.28965	0.5	21.0776	43.9276	0	0.65511	0.755533	0	None	None
ChainingRodShaped	5704	2.46946	0.5	49.7711	49.4123	0	-0.973226	-0.229851	0	None	None
ChainingRodShaped	5706	2.45601	0.5	-21.534	38.0947	0	-0.818031	0.575174	0	None	None
ChainingRodShaped	5708	2.20745	0.5	-29.2588	62.6672	0	-0.28428	-0.958741	0	None	None
ChainingRodShaped	5710	2.5626	0.5	-21.2261	34.1286	0	-0.504747	-0.863267	0	None	None
ChainingRodShaped	5712	2.27019	0.5	-50.5528	41.4445	0	0.405262	-0.9142	0	None	None
ChainingRodShaped	5714	2.45968	0.5	-24.3658	38.6775	0	-0.0114563	0.999934	0	None	None
ChainingRodShaped	5716	2.4431	0.5	-11.9405	41.1166	0	0.903626	0.428322	0	None	None
ChainingRodShaped	5718	2.37064	0.5	-44.5356	47.1642	0	0.333331	-0.94281	0	None	None
ChainingRodShaped	5720	2.40299	0.5	13.4922	56.9264	0	0.893623	0.448818	0	None	None
ChainingRodShaped	5722	2.31665	0.5	-15.575	58.6516	0	0.414526	0.910038	0	None	None
ChainingRodShaped	5724	2.17959	0.5	1.6959	50.7004	0	0.93557	0.353142	0	None	None
ChainingRodShaped	5726	2.47007	0.5	-6.80862	26.2136	0	-0.297505	-0.95472	0	None	None
ChainingRodShaped	5728	2.38643	0.5	-39.5415	50.0868	0	-0.265585	-0.964088	0	None	None
ChainingRodShaped	5730	2.16814	0.5	-8.78304	33.4554	0	-0.264969	-0.964257	0	None	None
ChainingRodShaped	5732	2.1929	0.5	47.1309	52.719	0	-0.991035	-0.133603	0	None	None
ChainingRodShaped	5734	2.25096	0.5	3.78332	20.6992	0	0.739141	-0.673551	0	None	None
ChainingRodShaped	5736	2.46364	0.5	-16.6725	48.9918	0	0.496383	0.868104	0	None	None
ChainingRodShaped	5738	2.17681	0.5	-9.32773	39.1869	0	-0.896566	-0.442911	0	None	None
ChainingRodShaped	5740	2.41952	0.5	-1.46382	30.8266	0	-0.204488	-0.978869	0	None	None
ChainingRodShaped	5742	2.4223	0.5	18.2918	14.9159	0	0.999312	-0.037092	0	None	None
ChainingRodShaped	5744	2.32621	0.5	31.3482	21.2025	0	0.517283	0.855815	0	None	None
ChainingRodShaped	5746	2.18287	0.5	43.6173	44.2578	0	-0.806041	0.591859	0	None	None
ChainingRodShaped	5748	2.26921	0.5	13.2982	35.9445	0	0.797717	-0.603032	0	None	None
ChainingRodShaped	5750	2.39445	0.5	7.19539	45.3272	0	-0.906748	-0.421673	0	None	None
ChainingRodShaped	5752	2.32162	0.5	-21.5832	51.0622	0	-0.780085	-0.625673	0	None	None
ChainingRodShaped	5754	2.26995	0.5	42.5309	42.5956	0	-0.802676	0.596415	0	None	None
ChainingRodShaped	5756	2.24508	0.5	6.47221	19.8545	0	0.893236	-0.449587	0	None	None
ChainingRodShaped	5758	2.16061	0.5	-5.6807	26.7249	0	-0.28795	-0.957645	0	None	None
ChainingRodShaped	5760	2.33775	0.5	30.2601	23.4223	0	0.425346	0.905031	0	None	None
ChainingRodShaped	5762	2.16073	0.5	-5.70132	58.7292	0	-0.209337	-0.977844	0	None	None
ChainingRodShaped	5764	2.13192	0.5	-28.1577	29.7448	0	-0.949869	-0.312648	0	None	None
ChainingRodShaped	5766	2.31012	0.5	-16.686	30.5481	0	0.202092	-0.979366	0	None	None
ChainingRodShaped	5768	2.21668	0.5	16.7519	44.8069	0	-0.838643	0.544681	0	None	None
ChainingRodShaped	5770	2.32153	0.5	-14.1079	54.8842	0	0.362027	0.932168	0	None	None
ChainingRodShaped	5772	2.02184	0.5	-34.4513	31.7594	0	-0.816307	-0.577619	0	None	5771
ChainingRodShaped	5774	2.17489	0.5	-13.8652	34.1093	0	-0.818572	0.574404	0	None	None
ChainingRodShaped	5776	2.22165	0.5	4.12645	55.7569	0	-0.934425	-0.356159	0	None	None
ChainingRodShaped	5778	2.1541	0.5	-4.23223	47.3446	0	0.998323	-0.0578857	0	None	None
ChainingRodShaped	5780	2.20079	0.5	-18.2469	11.1562	0	0.701326	0.712841	0	None	None
ChainingRodShaped	5782	2.26556	0.5	25.7696	40.4267	0	-0.161425	-0.986885	0	None	None
ChainingRodShaped	5784	2.1117	0.5	-2.27853	5.84398	0	-0.298667	0.954357	0	None	None
ChainingRodShaped	5786	2.17744	0.5	10.1722	55.5435	0	0.266857	0.963736	0	None	None
ChainingRodShaped	5788	2.13045	0.5	-22.2608	51.7599	0	-0.786296	-0.61785	0	None	None
ChainingRodShaped	5790	2.20777	0.5	-28.151	44.0521	0	-0.0537098	0.998557	0	None	None
ChainingRodShaped	5792	2.23599	0.5	40.8207	52.1163	0	-0.999972	-0.00751571	0	None	None
ChainingRodShaped	5794	2.11558	0.5	42.0125	47.3756	0	0.709046	-0.705163	0	None	None
ChainingRodShaped	5796	2.19221	0.5	-36.1732	35.6223	0	0.377024	0.926203	0	None	None
ChainingRodShaped	5798	2.13778	0.5	5.02967	52.9178	0	0.955383	0.29537	0	None	None
ChainingRodShaped	5800	2.08872	0.5	-5.29554	32.3355	0	-0.209014	-0.977913	0	None	None
ChainingRodShaped	5802	2.07696	0.5	-31.5587	34.964	0	0.385771	0.922594	0	None	None
ChainingRodShaped	5804	2.2241	0.5	18.6506	36.0361	0	0.748647	-0.662969	0	None	None
ChainingRodShaped	5806	2.10461	0.5	4.46242	17.5122	0	0.754067	-0.656797	0	None	None
ChainingRodShaped	5808	2.18365	0.5	-31.1305	63.7035	0	-0.553578	-0.832797	0	None	None
ChainingRodShaped	5810	2.1889	0.5	-34.5176	58.9519	0	-0.838499	-0.544903	0	None	None
ChainingRodShaped	5812	2.19998	0.5	-28.0098	24.9011	0	-0.15104	0.988528	0	None	None
ChainingRodShaped	5814	2.09825	0.5	-38.4851	32.3718	0	0.63622	0.771507	0	None	None
ChainingRodShaped	5816	2.09896	0.5	-38.2983	25.015	0	0.912996	0.40797	0	None	None
ChainingRodShaped	5818	2.06376	0.5	1.80509	31.375	0	-0.279867	-0.960039	0	None	None
ChainingRodShaped	5820	2.16045	0.5	-14.141	51.9402	0	0.307401	0.95158	0	None	None
ChainingRodShaped	5822	2.1475	0.5	-9.80348	17.0081	0	0.306198	0.951968	0	None	None
ChainingRodShaped	5824	2.09262	0.5	13.9992	30.4342	0	-0.761275	-0.648429	0	None	None
ChainingRodShaped	5826	2.09994	0.5	8.6021	11.0276	0	0.713812	-0.700338	0	None	None
ChainingRodShaped	5828	2.07558	0.5	-12.7878	9.83864	0	-0.884024	0.467441	0	None	None
ChainingRodShaped	5830	2.12823	0.5	-7.28922	41.216	0	-0.885327	-0.464969	0	None	None
ChainingRodShaped	5832	2.06802	0.5	-5.6551	12.7647	0	-0.997045	0.0768158	0	None	None
ChainingRodShaped	5834	2.05145	0.5	11.3624	47.1788	0	-0.579263	-0.815141	0	None	None
ChainingRodShaped	5836	2.05161	0.5	-19.8768	43.6984	0	0.539986	0.841674	0	None	None
ChainingRodShaped	5838	2.06952	0.5	22.2678	19.9374	0	-0.493542	0.869722	0	None	None
ChainingRodShaped	5840	2.05738	0.5	-25.1421	54.4321	0	-0.801073	-0.598567	0	None	None
ChainingRodShaped	5842	2.06149	0.5	2.91139	54.2443	0	-0.932986	-0.359914	0	None	None
ChainingRodShaped	5844	2.01869	0.5	-2.8961	46.2934	0	-0.998188	0.0601794	0	4162	5843
ChainingRodShaped	5846	2.04907	0.5	-33.6985	25.7556	0	0.932963	0.359972	0	None	None
ChainingRodShaped	5848	2.0815	0.5	-4.41593	26.9362	0	0.0343619	-0.999409	0	None	None
ChainingRodShaped	5850	2.05181	0.5	17.4084	35.8631	0	0.746009	-0.665936	0	None	None
ChainingRodShaped	5852	2.04368	0.5	-18.7935	64.047	0	-0.933294	-0.359113	0	None	None
ChainingRodShaped	5854	2.02317	0.5	26.3166	37.9265	0	-0.170051	-0.985435	0	None	None
ChainingRodShaped	5856	2.02647	0.5	-15.7873	55.8372	0	0.371852	0.928292	0	None	None
ChainingRodShaped	5858	2.01416	0.5	-4.93595	10.0088	0	-0.712301	-0.701875	0	None	None
ChainingRodShaped	5860	2.02496	0.5	6.42108	8.37539	0	-0.955817	0.293962	0	None	None
