cell_type	cell_id	length	radius	pos_x	pos_y	pos_z	ori_x	ori_y	ori_z	lower_link	upper_link
ChainingRodShaped	5117	2.11481	0.5	-32.5446	40.3857	0	-0.223925	0.974606	0	None	None
ChainingRodShaped	5093	2.32615	0.5	-26.4121	31.1332	0	-0.201891	0.979408	0	None	None
ChainingRodShaped	4277	3.5696	0.5	20.0253	36.8415	0	-0.0277985	0.999614	0	4278	None
ChainingRodShaped	3731	4.89078	0.5	-6.58587	34.2043	0	0.596559	0.802569	0	4789	None
ChainingRodShaped	4837	3.23611	0.5	1.77977	15.5858	0	-0.577147	-0.81664	0	None	None
ChainingRodShaped	4685	3.82411	0.5	37.8678	51.7134	0	0.978174	0.207788	0	None	None
ChainingRodShaped	3997	3.42028	0.5	-21.232	19.8975	0	-0.567147	-0.823617	0	3998	None
ChainingRodShaped	4875	3.19227	0.5	0.938983	30.2962	0	-0.35628	0.934379	0	None	None
ChainingRodShaped	4435	3.34803	0.5	17.1796	35.7295	0	0.574802	-0.818293	0	4436	None
ChainingRodShaped	3719	4.37587	0.5	26.6355	52.0991	0	-0.828983	-0.559273	0	4205	None
ChainingRodShaped	4261	4.60558	0.5	-23.9609	37.6848	0	-0.751567	0.659656	0	None	None
ChainingRodShaped	3715	4.91654	0.5	43.2326	49.7974	0	0.408279	0.912857	0	4071	None
ChainingRodShaped	4281	3.47268	0.5	-21.0285	36.8559	0	-0.293263	-0.956032	0	4282	None
ChainingRodShaped	4759	3.79326	0.5	-25.6633	59.4638	0	-0.899018	-0.437911	0	None	None
ChainingRodShaped	4715	3.44188	0.5	29.0993	17.1715	0	0.774421	0.632671	0	None	None
ChainingRodShaped	4401	2.66352	0.5	-32.3377	52.9373	0	0.899598	0.43672	0	4402	None
ChainingRodShaped	3705	4.30569	0.5	-2.79178	35.6944	0	-0.807253	0.590206	0	3706	None
ChainingRodShaped	4527	4.45902	0.5	33.5942	40.2788	0	0.42105	0.907038	0	None	None
ChainingRodShaped	4829	2.64259	0.5	-16.9719	38.2969	0	-0.688034	-0.725678	0	None	None
ChainingRodShaped	4383	3.93989	0.5	-43.573	44.7719	0	-0.488034	0.872825	0	None	None
ChainingRodShaped	4041	2.93325	0.5	17.93	36.3156	0	0.575581	-0.817745	0	4042	None
ChainingRodShaped	4817	3.70404	0.5	9.52886	17.6212	0	-0.642669	-0.766144	0	None	None
ChainingRodShaped	4347	2.72965	0.5	15.7685	58.339	0	0.70545	0.70876	0	4348	None
ChainingRodShaped	5105	2.14325	0.5	40.3684	51.1144	0	0.419532	0.90774	0	None	None
ChainingRodShaped	4207	3.78632	0.5	-41.1917	31.87	0	0.407634	-0.913145	0	4208	None
ChainingRodShaped	4415	4.13107	0.5	-20.7536	14.3391	0	-0.0205921	-0.999788	0	None	None
ChainingRodShaped	4639	2.49531	0.5	21.8137	18.3586	0	0.709893	-0.704309	0	4640	None
ChainingRodShaped	4255	4.92665	0.5	21.998	42.5649	0	-0.998964	0.0455028	0	None	None
ChainingRodShaped	5059	2.07364	0.5	-16.8567	40.0898	0	-0.53761	-0.843194	0	5060	None
ChainingRodShaped	4913	2.31506	0.5	18.283	37.6935	0	0.437572	-0.899184	0	4914	None
ChainingRodShaped	4965	2.54048	0.5	-0.360986	9.21182	0	-0.863628	-0.50413	0	None	None
ChainingRodShaped	4675	2.85201	0.5	-21.7303	33.2708	0	0.765459	-0.643485	0	4676	None
ChainingRodShaped	3673	4.53019	0.5	28.8241	43.2486	0	0.999221	-0.0394764	0	3985	None
ChainingRodShaped	5141	2.11387	0.5	-6.43828	5.21684	0	-0.359349	-0.933203	0	None	None
ChainingRodShaped	4767	4.00209	0.5	-15.8303	49.8589	0	0.351296	0.936265	0	None	None
ChainingRodShaped	4525	4.79602	0.5	-3.60833	45.5866	0	0.19249	-0.981299	0	None	None
ChainingRodShaped	3665	4.3965	0.5	22.8185	53.9739	0	0.733988	0.679162	0	3999	None
ChainingRodShaped	4465	3.88863	0.5	6.47527	56.1447	0	0.223852	0.974623	0	None	None
ChainingRodShaped	4319	3.3336	0.5	-0.20725	10.5929	0	-0.957217	-0.28937	0	4320	None
ChainingRodShaped	4323	3.27564	0.5	-32.5355	19.6578	0	-0.777745	-0.62858	0	4324	None
ChainingRodShaped	3991	3.31057	0.5	1.22277	50.3496	0	-0.358282	-0.933613	0	3992	None
ChainingRodShaped	4827	2.9037	0.5	12.0149	46.1792	0	0.568504	-0.822681	0	None	None
ChainingRodShaped	3653	4.74787	0.5	-11.1378	29.6482	0	-0.594628	-0.804001	0	4179	None
ChainingRodShaped	4421	4.35048	0.5	-1.80933	38.7248	0	-0.999592	0.0285473	0	None	None
ChainingRodShaped	4583	2.42079	0.5	32.5041	53.6016	0	-1	-0.000789473	0	4584	None
ChainingRodShaped	4249	3.86447	0.5	-42.3222	36.9206	0	0.415028	-0.909809	0	4250	None
ChainingRodShaped	4949	3.10654	0.5	-17.7673	61.0229	0	-0.981154	0.193227	0	None	None
ChainingRodShaped	4125	3.8808	0.5	35.8854	52.3091	0	0.977291	0.211903	0	4126	None
ChainingRodShaped	4783	3.07327	0.5	-14.1525	46.779	0	-0.732309	-0.680972	0	None	None
ChainingRodShaped	5115	2.14071	0.5	29.7534	34.2658	0	-0.439441	0.898271	0	None	None
ChainingRodShaped	4033	4.01411	0.5	-12.3019	31.3221	0	0.557044	0.830483	0	4034	None
ChainingRodShaped	4155	3.60269	0.5	-25.5269	57.3335	0	0.900061	0.435763	0	4156	None
ChainingRodShaped	4241	2.7431	0.5	25.2902	14.2492	0	0.793513	-0.608553	0	4242	None
ChainingRodShaped	4439	2.57563	0.5	1.34524	42.7219	0	-0.230037	-0.973182	0	4440	None
ChainingRodShaped	4779	3.818	0.5	-31.3729	36.4435	0	0.975526	0.219884	0	None	None
ChainingRodShaped	4149	4.80879	0.5	-45.1551	45.5087	0	0.416583	-0.909097	0	None	None
ChainingRodShaped	4637	2.45036	0.5	39.1941	48.0554	0	0.404867	0.914375	0	4638	None
ChainingRodShaped	4863	3.32175	0.5	45.3938	35.6822	0	0.8609	0.508774	0	None	None
ChainingRodShaped	4579	4.40841	0.5	-14.0373	7.39921	0	0.996902	-0.0786597	0	None	None
ChainingRodShaped	4501	4.00312	0.5	-18.3134	27.8845	0	0.94256	0.334036	0	None	None
ChainingRodShaped	3617	4.93726	0.5	-27.6524	27.3753	0	-0.0102782	-0.999947	0	4743	None
ChainingRodShaped	4743	2.53549	0.5	-27.6145	32.1104	0	-0.00427021	-0.999991	0	4744	3617
ChainingRodShaped	5173	2.00623	0.5	-25.0438	23.2192	0	0.768768	0.639528	0	None	None
ChainingRodShaped	4581	3.48774	0.5	-14.2009	9.11887	0	-0.941601	-0.33673	0	None	None
ChainingRodShaped	4621	4.66094	0.5	43.4062	41.1799	0	0.797488	-0.603335	0	None	None
ChainingRodShaped	4911	2.38148	0.5	36.2925	41.5299	0	0.409035	0.912519	0	4912	4638
ChainingRodShaped	4283	4.23522	0.5	-40.0805	51.3697	0	0.994	-0.109381	0	None	None
ChainingRodShaped	4843	3.36438	0.5	-33.8391	28.1898	0	0.217036	-0.976164	0	None	None
ChainingRodShaped	4163	4.16177	0.5	3.26531	50.8692	0	-0.228516	-0.97354	0	4164	4440
ChainingRodShaped	4513	2.85761	0.5	18.3521	19.573	0	0.793345	-0.608773	0	4514	4242
ChainingRodShaped	4923	2.25005	0.5	-33.3024	53.5614	0	0.899105	0.437734	0	4924	4156
ChainingRodShaped	4271	3.51606	0.5	-17.8371	23.1361	0	0.563842	0.825883	0	4272	4034
ChainingRodShaped	4853	3.49762	0.5	29.8757	26.8312	0	-0.885327	0.464969	0	None	None
ChainingRodShaped	4833	3.26246	0.5	-12.0727	52.3813	0	-0.156812	-0.987629	0	None	None
ChainingRodShaped	3644	4.92153	0.5	26.5917	50.2641	0	0.976029	0.217642	0	None	4126
ChainingRodShaped	4335	4.86496	0.5	-6.81967	60.4012	0	-0.00330704	0.999995	0	None	None
ChainingRodShaped	4099	4.02746	0.5	-46.141	45.2955	0	0.415283	-0.909692	0	4100	4250
ChainingRodShaped	3650	4.79599	0.5	40.6406	53.6036	0	-1	0.000372944	0	None	4584
ChainingRodShaped	5099	2.20931	0.5	-0.426462	35.8879	0	-0.999302	0.0373445	0	None	None
ChainingRodShaped	4179	3.34061	0.5	-8.13653	33.702	0	-0.59566	-0.803237	0	4180	3653
ChainingRodShaped	4729	4.47189	0.5	6.62323	52.2892	0	-0.198705	-0.980059	0	None	None
ChainingRodShaped	4279	3.93255	0.5	4.74981	59.5247	0	-0.360252	-0.932855	0	4280	3992
ChainingRodShaped	4173	3.43116	0.5	-25.5375	25.3115	0	-0.777228	-0.62922	0	4174	4324
ChainingRodShaped	4029	3.05648	0.5	8.15817	13.1146	0	-0.95751	-0.288399	0	4030	4320
ChainingRodShaped	4483	4.72631	0.5	2.89576	45.1249	0	0.227105	0.97387	0	None	None
ChainingRodShaped	3999	3.03142	0.5	19.3598	50.7711	0	0.733355	0.679845	0	4000	3665
ChainingRodShaped	4089	4.81327	0.5	-1.35787	49.2137	0	0.181507	-0.98339	0	None	None
ChainingRodShaped	4883	3.46836	0.5	-16.695	35.7891	0	-0.92517	-0.379552	0	None	None
ChainingRodShaped	5135	2.20239	0.5	-12.7334	11.5254	0	-0.418804	-0.908077	0	None	None
ChainingRodShaped	3985	3.84508	0.5	23.6416	43.4547	0	0.9992	-0.0399806	0	3986	3673
ChainingRodShaped	3983	4.116	0.5	-27.8923	38.5277	0	0.758625	-0.651527	0	3984	4676
ChainingRodShaped	4733	4.33232	0.5	2.21939	12.8077	0	-0.875147	-0.483857	0	None	None
ChainingRodShaped	4601	2.68063	0.5	15.4354	43.7331	0	0.415877	-0.909421	0	4602	4914
ChainingRodShaped	4243	3.489	0.5	-13.1635	45.8992	0	-0.537538	-0.84324	0	4244	5060
ChainingRodShaped	4647	4.99499	0.5	17.9905	40.4791	0	-0.426507	0.904484	0	None	None
ChainingRodShaped	4027	4.60369	0.5	16.1157	23.9872	0	0.713731	-0.70042	0	4028	4640
ChainingRodShaped	5155	2.06195	0.5	-18.3452	10.236	0	-0.493923	-0.869506	0	None	None
ChainingRodShaped	4177	3.79192	0.5	-44.7909	39.9066	0	0.410418	-0.911898	0	4178	4208
ChainingRodShaped	4321	4.33965	0.5	34.6659	48.4475	0	0.880326	0.474369	0	None	None
ChainingRodShaped	4017	3.0672	0.5	9.83488	52.3796	0	0.706242	0.707971	0	4018	4348
ChainingRodShaped	4707	3.37605	0.5	19.5726	23.308	0	0.708857	-0.705352	0	None	None
ChainingRodShaped	4031	3.91054	0.5	12.6622	43.6999	0	0.585695	-0.810531	0	4032	4042
ChainingRodShaped	4549	3.717	0.5	-40.2407	48.0206	0	-0.906311	-0.422611	0	None	None
ChainingRodShaped	4933	3.17809	0.5	-4.1269	54.8458	0	-0.328674	0.944443	0	None	None
ChainingRodShaped	4485	4.92958	0.5	33.6475	35.2964	0	-0.0582971	0.998299	0	None	None
ChainingRodShaped	3706	4.54254	0.5	1.58044	32.4934	0	-0.806482	0.591259	0	None	3705
ChainingRodShaped	4629	2.85608	0.5	-39.3244	49.5618	0	0.902781	0.430101	0	4630	4402
ChainingRodShaped	4169	4.8078	0.5	27.2382	20.6089	0	0.10753	-0.994202	0	None	None
ChainingRodShaped	4855	2.78445	0.5	-15.3937	54.1716	0	0.708184	0.706028	0	None	None
ChainingRodShaped	4229	2.77475	0.5	-18.519	44.9115	0	-0.303311	-0.952892	0	4230	4282
ChainingRodShaped	4071	2.98065	0.5	41.2119	45.2813	0	0.408645	0.912693	0	4072	3715
ChainingRodShaped	4419	4.13985	0.5	-25.4559	45.461	0	0.157935	-0.98745	0	None	None
ChainingRodShaped	4205	3.09918	0.5	30.5615	54.7491	0	-0.828691	-0.559706	0	4206	3719
ChainingRodShaped	4025	3.51253	0.5	12.0799	42.9048	0	0.582777	-0.812632	0	4026	4436
ChainingRodShaped	5107	2.17022	0.5	2.19253	21.2532	0	0.523213	0.852202	0	None	None
ChainingRodShaped	3726	4.42231	0.5	-15.6735	27.9579	0	-0.567868	-0.823119	0	None	3998
ChainingRodShaped	4925	2.79241	0.5	31.0823	50.2548	0	0.974476	0.224491	0	None	None
ChainingRodShaped	4909	2.56632	0.5	-0.430207	12.3831	0	-0.568954	-0.82237	0	None	None
ChainingRodShaped	4789	2.59354	0.5	-9.41043	30.3961	0	0.594526	0.804076	0	4790	3731
ChainingRodShaped	3734	4.37962	0.5	20.2188	27.8604	0	-0.0128745	0.999917	0	None	4278
ChainingRodShaped	4709	3.27424	0.5	-25.4247	35.1884	0	-0.753187	0.657807	0	None	None
ChainingRodShaped	4809	3.03478	0.5	-31.4864	33.8968	0	0.0039258	0.999992	0	None	None
ChainingRodShaped	4641	4.99132	0.5	-24.9992	24.4961	0	0.775134	0.631797	0	None	None
ChainingRodShaped	4431	4.56452	0.5	-12.888	40.135	0	-0.951665	-0.307138	0	None	None
ChainingRodShaped	4461	4.68708	0.5	-10.0316	11.0527	0	-0.685444	-0.728125	0	None	None
ChainingRodShaped	4625	3.46227	0.5	8.57134	17.9749	0	-0.639767	-0.768569	0	None	None
ChainingRodShaped	4773	4.00461	0.5	-40.1396	28.3002	0	-0.418636	-0.908154	0	None	None
ChainingRodShaped	5121	2.29657	0.5	2.71544	40.7963	0	-0.871201	-0.490926	0	None	None
ChainingRodShaped	4189	4.76049	0.5	-34.467	49.7228	0	-0.876408	-0.481568	0	None	None
ChainingRodShaped	4879	3.2708	0.5	12.0564	12.2498	0	-0.956971	-0.290183	0	None	None
ChainingRodShaped	4953	2.60527	0.5	10.7347	17.5586	0	-0.646538	-0.762882	0	None	None
ChainingRodShaped	4995	2.82759	0.5	33.8621	50.3416	0	0.838025	0.545631	0	None	None
ChainingRodShaped	4847	2.95914	0.5	17.4319	51.3681	0	-0.23291	-0.972498	0	None	None
ChainingRodShaped	5013	2.28722	0.5	-17.4531	13.3016	0	-0.533376	-0.845878	0	None	None
ChainingRodShaped	4945	2.90656	0.5	-42.1686	45.8803	0	-0.888131	0.45959	0	None	None
ChainingRodShaped	5165	2.05122	0.5	-7.39583	18.8632	0	-0.618994	-0.785395	0	None	None
ChainingRodShaped	5055	2.65675	0.5	30.2992	42.2122	0	0.999546	-0.0301345	0	None	None
ChainingRodShaped	4553	4.7271	0.5	-36.7332	29.4548	0	-0.0930655	0.99566	0	None	None
ChainingRodShaped	5079	2.45747	0.5	-32.9574	54.8303	0	0.896271	0.443507	0	None	None
ChainingRodShaped	4653	4.38432	0.5	18.6596	22.8529	0	0.711718	-0.702466	0	None	None
ChainingRodShaped	4093	4.79204	0.5	7.7783	45.6018	0	-0.596259	0.802792	0	None	None
ChainingRodShaped	4143	4.89436	0.5	15.1731	50.2237	0	-0.229369	-0.973339	0	None	None
ChainingRodShaped	4951	3.18876	0.5	28.1089	21.6987	0	0.103323	-0.994648	0	None	None
ChainingRodShaped	5171	2.0152	0.5	-2.25233	48.7075	0	0.184292	-0.982872	0	None	None
ChainingRodShaped	4727	2.97197	0.5	-18.961	40.3557	0	0.306635	0.951827	0	None	None
ChainingRodShaped	4885	2.72577	0.5	-11.6113	8.18503	0	-0.967991	0.250986	0	None	None
ChainingRodShaped	4611	3.7117	0.5	-30.5298	33.7242	0	0.00556044	0.999985	0	None	None
ChainingRodShaped	4921	2.92447	0.5	-14.4792	49.2339	0	-0.00960138	-0.999954	0	None	None
ChainingRodShaped	5151	2.14443	0.5	-18.4536	48.2717	0	0.317964	0.948103	0	None	None
ChainingRodShaped	4673	3.52418	0.5	-26.4811	41.7052	0	0.484189	-0.874963	0	None	None
ChainingRodShaped	4651	3.5247	0.5	-6.15123	30.157	0	-0.914891	-0.403702	0	None	None
ChainingRodShaped	4703	3.53288	0.5	-0.557396	50.0297	0	-0.172369	0.985032	0	None	None
ChainingRodShaped	4531	4.66165	0.5	-42.2025	50.1037	0	0.993639	0.112612	0	None	None
ChainingRodShaped	4819	3.13179	0.5	-32.5474	28.9619	0	-0.0732656	-0.997312	0	None	None
ChainingRodShaped	5077	2.33885	0.5	3.79104	16.663	0	-0.620923	-0.783872	0	None	None
ChainingRodShaped	4267	4.89039	0.5	38.5345	41.7139	0	-0.409268	-0.912414	0	None	None
ChainingRodShaped	4761	4.19888	0.5	37.6993	34.8745	0	-0.566206	0.824264	0	None	None
ChainingRodShaped	4835	3.4258	0.5	-1.19584	36.8612	0	-0.999524	0.0308387	0	None	None
ChainingRodShaped	5097	2.17421	0.5	11.1661	39.2621	0	-0.605139	0.79612	0	None	None
ChainingRodShaped	4289	4.62996	0.5	-28.5704	17.4056	0	-0.482124	0.876103	0	None	None
ChainingRodShaped	4425	4.19208	0.5	-15.963	57.8378	0	0.965954	0.258713	0	None	None
ChainingRodShaped	4349	4.14791	0.5	12.3132	34.3103	0	-0.877894	0.478855	0	None	None
ChainingRodShaped	4975	2.42888	0.5	1.91663	30.3158	0	-0.36562	0.930764	0	None	None
ChainingRodShaped	4877	2.99471	0.5	35.3172	46.6125	0	0.39024	0.920713	0	None	None
ChainingRodShaped	4443	4.31392	0.5	-16.375	36.9038	0	-0.927044	-0.374952	0	None	None
ChainingRodShaped	4705	4.1643	0.5	-9.6287	49.7055	0	0.545246	0.838276	0	None	None
ChainingRodShaped	4955	2.8423	0.5	27.4331	49.2468	0	0.936515	0.350629	0	None	None
ChainingRodShaped	4613	3.48179	0.5	-23.4151	49.4815	0	-0.255884	-0.966708	0	None	None
ChainingRodShaped	5161	2.08514	0.5	18.8953	42.0359	0	-0.820537	0.571593	0	None	None
ChainingRodShaped	4381	4.30005	0.5	-10.624	60.7324	0	0.149326	0.988788	0	None	None
ChainingRodShaped	4839	2.59248	0.5	-18.0087	26.2497	0	0.58672	0.80979	0	None	None
ChainingRodShaped	4605	4.58485	0.5	-9.62434	42.8054	0	-0.905151	-0.425089	0	None	None
ChainingRodShaped	4999	2.70612	0.5	45.8718	38.2197	0	0.848379	-0.529389	0	None	None
ChainingRodShaped	4355	4.96101	0.5	8.86174	30.6539	0	0.807008	-0.59054	0	None	None
ChainingRodShaped	4511	3.79707	0.5	9.81899	40.8469	0	-0.942355	-0.334615	0	None	None
ChainingRodShaped	4721	3.30247	0.5	-22.4851	55.7494	0	-0.387877	0.921711	0	None	None
ChainingRodShaped	4649	3.70141	0.5	7.23573	11.807	0	-0.958224	-0.28602	0	None	None
ChainingRodShaped	5023	2.49241	0.5	-40.239	32.1393	0	0.411741	-0.911301	0	None	None
ChainingRodShaped	4987	2.8691	0.5	-36.0106	55.6994	0	0.776296	-0.630368	0	None	None
ChainingRodShaped	4665	3.48978	0.5	25.7015	20.3516	0	0.432472	-0.901648	0	None	None
ChainingRodShaped	4873	3.06469	0.5	11.0722	24.4751	0	0.610413	-0.792084	0	None	None
ChainingRodShaped	5067	2.37574	0.5	-5.98395	10.3771	0	-0.402192	-0.915556	0	None	None
ChainingRodShaped	4567	4.56486	0.5	6.08645	16.4487	0	-0.612143	-0.790747	0	None	None
ChainingRodShaped	4769	3.00766	0.5	-18.928	12.7749	0	-0.476739	-0.879045	0	None	None
ChainingRodShaped	4403	4.6906	0.5	17.1967	15.6247	0	-0.869153	-0.494543	0	None	None
ChainingRodShaped	4931	2.77373	0.5	-7.66812	20.9686	0	-0.252881	-0.967497	0	None	None
ChainingRodShaped	5069	2.24342	0.5	-38.5367	53.1336	0	0.457946	-0.88898	0	None	None
ChainingRodShaped	4889	3.19703	0.5	20.9294	45.4671	0	0.999764	-0.0217224	0	None	None
ChainingRodShaped	4683	3.78293	0.5	9.05426	54.3695	0	-0.692691	-0.721234	0	None	None
ChainingRodShaped	5095	2.32829	0.5	-29.5572	34.6771	0	0.00301236	0.999995	0	None	None
ChainingRodShaped	5057	2.569	0.5	16.0326	29.413	0	0.714251	-0.69989	0	None	None
ChainingRodShaped	5137	2.17898	0.5	32.0985	26.8642	0	-0.543007	0.839728	0	None	None
ChainingRodShaped	4781	3.02834	0.5	-11.9016	16.0165	0	-0.325402	-0.945576	0	None	None
ChainingRodShaped	4671	4.15987	0.5	32.6772	35.2117	0	-0.0525969	0.998616	0	None	None
ChainingRodShaped	4985	2.40748	0.5	-3.66653	56.5602	0	0.425257	-0.905073	0	None	None
ChainingRodShaped	4997	2.38766	0.5	2.27982	19.63	0	0.577147	0.81664	0	None	None
ChainingRodShaped	4373	4.44809	0.5	-17.7225	32.1439	0	-0.979836	-0.199802	0	None	None
ChainingRodShaped	4927	2.61722	0.5	-15.5493	15.8291	0	-0.102243	-0.994759	0	None	None
ChainingRodShaped	4529	3.76394	0.5	-6.1629	31.1659	0	-0.918201	-0.396115	0	None	None
ChainingRodShaped	4367	4.09902	0.5	-16.4991	51.7003	0	0.700905	0.713255	0	None	None
ChainingRodShaped	5163	2.07837	0.5	24.3948	33.1849	0	-0.586815	0.809721	0	None	None
ChainingRodShaped	4717	3.12298	0.5	29.775	24.3421	0	-0.134129	0.990964	0	None	None
ChainingRodShaped	4895	2.75321	0.5	-40.598	44.2142	0	-0.776208	-0.630476	0	None	None
ChainingRodShaped	4713	3.84805	0.5	29.4258	46.7322	0	0.883293	0.468821	0	None	None
ChainingRodShaped	5033	2.62274	0.5	8.48947	15.228	0	-0.954701	-0.297566	0	None	None
ChainingRodShaped	4313	4.16872	0.5	-17.1329	56.5189	0	0.966348	0.257239	0	None	None
ChainingRodShaped	4663	3.12126	0.5	-28.9284	45.729	0	-0.468428	0.883502	0	None	None
ChainingRodShaped	5091	2.27113	0.5	25.7629	29.058	0	0.498019	-0.867166	0	None	None
ChainingRodShaped	4697	4.59889	0.5	-16.5752	34.8495	0	-0.922443	-0.386134	0	None	None
ChainingRodShaped	4981	2.84388	0.5	0.796953	51.9228	0	-0.34893	-0.937149	0	None	None
ChainingRodShaped	5071	2.36808	0.5	14.7764	42.4493	0	0.577736	-0.816224	0	None	None
ChainingRodShaped	4831	3.63099	0.5	33.2187	44.1929	0	0.393384	0.919374	0	None	None
ChainingRodShaped	4681	4.70041	0.5	-34.124	46.7719	0	-0.997894	-0.0648637	0	None	None
ChainingRodShaped	4941	2.6125	0.5	-32.4275	26.2344	0	0.683999	0.729483	0	None	None
ChainingRodShaped	4661	3.45181	0.5	-15.961	46.6363	0	0.312915	0.949781	0	None	None
ChainingRodShaped	4523	4.33296	0.5	-19.436	62.2935	0	0.971969	0.235108	0	None	None
ChainingRodShaped	4719	3.77713	0.5	-16.4061	9.39038	0	-0.629918	-0.776662	0	None	None
ChainingRodShaped	4627	4.3361	0.5	25.2098	23.6529	0	0.432744	-0.901517	0	None	None
ChainingRodShaped	4695	3.76512	0.5	-7.31168	23.6795	0	-0.706122	-0.70809	0	None	None
ChainingRodShaped	4433	4.24188	0.5	-25.3842	32.2969	0	-0.661668	0.749797	0	None	None
ChainingRodShaped	4589	3.85253	0.5	-25.891	18.796	0	-0.737615	0.675222	0	None	None
ChainingRodShaped	4787	3.29676	0.5	-6.82477	45.8219	0	-0.669417	0.742887	0	None	None
ChainingRodShaped	4667	3.48711	0.5	-1.81202	17.2588	0	-0.569428	-0.822041	0	None	None
ChainingRodShaped	4711	4.56809	0.5	35.6055	35.0535	0	-0.0533794	0.998574	0	None	None
ChainingRodShaped	4361	4.93369	0.5	4.74149	52.8974	0	0.220917	0.975293	0	None	None
ChainingRodShaped	4535	4.25523	0.5	-33.8561	40.9934	0	-0.161029	-0.98695	0	None	None
ChainingRodShaped	4345	4.67037	0.5	-1.29545	39.628	0	-0.999578	0.0290622	0	None	None
ChainingRodShaped	4199	4.95776	0.5	-8.40975	38.2889	0	-0.402171	0.915564	0	None	None
ChainingRodShaped	4459	3.63316	0.5	-24.9913	48.6453	0	0.167801	-0.985821	0	None	None
ChainingRodShaped	4679	3.36708	0.5	-14.357	59.2726	0	0.965154	0.261684	0	None	None
ChainingRodShaped	4731	3.38472	0.5	24.8228	53.8223	0	0.896094	0.443864	0	None	None
ChainingRodShaped	4919	2.83598	0.5	-20.4401	41.9884	0	0.29879	0.954319	0	None	None
ChainingRodShaped	4325	4.12658	0.5	-5.70455	52.1093	0	-0.117678	0.993052	0	None	None
ChainingRodShaped	4337	4.15552	0.5	26.7327	38.525	0	-0.400223	0.916418	0	None	None
ChainingRodShaped	4215	4.89291	0.5	7.18874	35.7857	0	-0.999836	0.0181186	0	None	None
ChainingRodShaped	4865	3.07669	0.5	-7.7906	58.342	0	-0.00291115	0.999996	0	None	None
ChainingRodShaped	4585	3.74106	0.5	12.8034	31.2849	0	-0.707417	0.706796	0	None	None
ChainingRodShaped	4893	2.87551	0.5	37.2917	41.3534	0	-0.408426	-0.912791	0	None	None
ChainingRodShaped	4291	4.98209	0.5	-26.4556	45.6156	0	0.154576	-0.987981	0	None	None
ChainingRodShaped	4857	3.11867	0.5	-25.2681	58.5569	0	0.898841	0.438275	0	None	None
ChainingRodShaped	5031	2.31828	0.5	8.85926	26.3663	0	0.32722	-0.944948	0	None	None
ChainingRodShaped	4813	3.77794	0.5	24.2698	18.7949	0	0.425845	-0.904796	0	None	None
ChainingRodShaped	4515	4.62657	0.5	-20.9122	51.1881	0	0.665597	0.746311	0	None	None
ChainingRodShaped	4777	2.7622	0.5	-10.1396	33.2303	0	0.325761	0.945452	0	None	None
ChainingRodShaped	3984	3.16397	0.5	-31.4102	41.5482	0	0.758814	-0.651307	0	None	3983
ChainingRodShaped	3986	4.20233	0.5	18.6231	43.6459	0	0.999345	-0.0361918	0	None	3985
ChainingRodShaped	4597	4.71358	0.5	5.3666	23.7391	0	0.155329	-0.987863	0	None	None
ChainingRodShaped	4555	4.56901	0.5	11.8788	36.7646	0	-0.597005	0.802238	0	None	None
ChainingRodShaped	3992	4.21822	0.5	2.92766	54.7916	0	-0.358283	-0.933613	0	4279	3991
ChainingRodShaped	5127	2.23748	0.5	-1.52914	45.7239	0	-0.334397	0.942432	0	None	None
ChainingRodShaped	4591	3.71371	0.5	3.173	38.6005	0	-0.999389	-0.0349551	0	None	None
ChainingRodShaped	3998	3.87484	0.5	-18.5954	23.7227	0	-0.567846	-0.823135	0	3726	3997
ChainingRodShaped	4000	3.29052	0.5	16.313	47.9376	0	0.731321	0.682033	0	None	3999
ChainingRodShaped	4631	3.55744	0.5	-15.3867	20.1895	0	-0.493799	-0.869576	0	None	None
ChainingRodShaped	4533	4.22377	0.5	-16.286	54.6391	0	0.7086	0.705611	0	None	None
ChainingRodShaped	4301	4.46803	0.5	8.26384	41.3042	0	-0.943932	-0.33014	0	None	None
ChainingRodShaped	5021	2.29174	0.5	42.2033	37.4248	0	0.313932	0.949445	0	None	None
ChainingRodShaped	4725	3.53704	0.5	31.3038	39.504	0	0.785336	0.61907	0	None	None
ChainingRodShaped	4691	4.61373	0.5	-1.86798	26.3944	0	-0.71625	-0.697844	0	None	None
ChainingRodShaped	4417	3.72967	0.5	11.723	29.6596	0	0.71266	-0.701509	0	None	None
ChainingRodShaped	4905	2.50548	0.5	21.5774	54.1669	0	-0.730735	-0.682661	0	None	None
ChainingRodShaped	4018	3.80774	0.5	6.69554	49.2498	0	0.709854	0.704349	0	None	4017
ChainingRodShaped	4937	2.53405	0.5	-42.4313	55.896	0	0.940113	0.340862	0	None	None
ChainingRodShaped	5027	2.30047	0.5	-10.7277	53.0915	0	0.13654	-0.990634	0	None	None
ChainingRodShaped	4607	3.9747	0.5	-6.49258	12.475	0	-0.242187	-0.97023	0	None	None
ChainingRodShaped	4026	4.17289	0.5	9.2483	46.8327	0	0.586545	-0.809917	0	None	4025
ChainingRodShaped	4028	3.12332	0.5	12.6454	27.3892	0	0.714495	-0.69964	0	None	4027
ChainingRodShaped	4030	3.92313	0.5	12.4531	14.412	0	-0.957088	-0.289799	0	None	4029
ChainingRodShaped	4032	4.27998	0.5	9.68112	47.8307	0	0.584743	-0.811219	0	None	4031
ChainingRodShaped	4034	4.12359	0.5	-15.1303	27.1212	0	0.560138	0.828399	0	4271	4033
ChainingRodShaped	4751	4.43993	0.5	36.7539	44.9824	0	0.404722	0.91444	0	None	None
ChainingRodShaped	5043	2.41659	0.5	41.3907	38.1354	0	0.316841	0.948479	0	None	None
ChainingRodShaped	4659	4.85264	0.5	-39.3659	34.6963	0	0.0620527	-0.998073	0	None	None
ChainingRodShaped	4042	3.65361	0.5	15.4496	39.8168	0	0.580353	-0.814365	0	4031	4041
ChainingRodShaped	4044	4.93013	0.5	38.3017	37.7219	0	0.813583	-0.581449	0	None	None
ChainingRodShaped	5047	2.60632	0.5	8.22609	25.2218	0	0.329902	-0.944015	0	None	None
ChainingRodShaped	4411	3.66604	0.5	-14.5644	19.705	0	-0.500068	-0.865986	0	None	None
ChainingRodShaped	4699	4.06854	0.5	-6.36199	49.6368	0	-0.200013	0.979793	0	None	None
ChainingRodShaped	5005	2.49427	0.5	-36.2744	38.2031	0	0.487642	-0.873044	0	None	None
ChainingRodShaped	4807	3.27347	0.5	-4.71268	20.7992	0	-0.653075	-0.757293	0	None	None
ChainingRodShaped	4867	2.9093	0.5	-7.22622	13.5084	0	0.249182	0.968457	0	None	None
ChainingRodShaped	5037	2.33639	0.5	-22.8185	45.0236	0	0.063143	0.998004	0	None	None
ChainingRodShaped	4897	3.35775	0.5	-19.1256	14.7271	0	-0.404708	-0.914446	0	None	None
ChainingRodShaped	5011	2.77661	0.5	-1.54644	53.8911	0	-0.279082	-0.960267	0	None	None
ChainingRodShaped	5087	2.37744	0.5	9.91913	32.3834	0	0.856817	-0.515621	0	None	None
ChainingRodShaped	4385	3.79052	0.5	-44.867	52.6124	0	0.956093	-0.293063	0	None	None
ChainingRodShaped	4687	3.01172	0.5	16.5623	34.9442	0	-0.564616	0.825353	0	None	None
ChainingRodShaped	4669	4.67461	0.5	-31.2143	21.9972	0	0.776512	0.630102	0	None	None
ChainingRodShaped	4072	4.50698	0.5	39.2727	40.9534	0	0.409058	0.912508	0	None	4071
ChainingRodShaped	4821	2.99292	0.5	21.7319	22.2462	0	-0.116575	-0.993182	0	None	None
ChainingRodShaped	4445	4.86096	0.5	-7.81613	27.3875	0	-0.906629	-0.421929	0	None	None
ChainingRodShaped	4811	3.07869	0.5	-20.0716	33.5743	0	-0.89789	0.440221	0	None	None
ChainingRodShaped	4961	2.7896	0.5	22.4045	34.9997	0	0.33316	-0.94287	0	None	None
ChainingRodShaped	5085	2.3704	0.5	-10.9867	26.6874	0	-0.587425	-0.809279	0	None	None
ChainingRodShaped	4737	2.9168	0.5	-37.4862	36.8933	0	0.00965856	-0.999953	0	None	None
ChainingRodShaped	5003	2.69194	0.5	7.59441	13.9471	0	-0.957628	-0.288009	0	None	None
ChainingRodShaped	4851	3.04964	0.5	11.8873	55.8418	0	-0.705494	-0.708716	0	None	None
ChainingRodShaped	4467	4.34108	0.5	-0.228398	54.8009	0	-0.30531	-0.952253	0	None	None
ChainingRodShaped	4543	4.91591	0.5	-12.2556	18.5868	0	-0.234156	-0.972199	0	None	None
ChainingRodShaped	4859	2.72414	0.5	7.81925	47.1665	0	-0.588863	0.808233	0	None	None
ChainingRodShaped	4959	2.44865	0.5	5.29171	41.1437	0	-0.867435	-0.497551	0	None	None
ChainingRodShaped	4477	3.45852	0.5	14.9605	16.15	0	-0.966037	-0.258403	0	None	None
ChainingRodShaped	4100	2.93892	0.5	-48.0037	49.3722	0	0.415952	-0.909386	0	None	4099
ChainingRodShaped	4785	3.97103	0.5	5.46818	9.56979	0	-0.999161	0.0409464	0	None	None
ChainingRodShaped	5157	2.12044	0.5	-5.17854	54.8876	0	0.338102	-0.94111	0	None	None
ChainingRodShaped	4749	3.05055	0.5	-28.3104	51.0705	0	0.161335	-0.9869	0	None	None
ChainingRodShaped	5075	2.39581	0.5	-30.4631	37.7836	0	0.941966	0.335707	0	None	None
ChainingRodShaped	4110	4.76816	0.5	33.8203	29.5595	0	-0.586871	0.80968	0	None	None
ChainingRodShaped	4463	3.93918	0.5	-39.2974	56.5007	0	0.903495	-0.428598	0	None	None
ChainingRodShaped	4547	4.14146	0.5	26.5401	46.8407	0	0.967982	0.251019	0	None	None
ChainingRodShaped	4693	3.4124	0.5	13.3402	25.387	0	-0.70669	0.707523	0	None	None
ChainingRodShaped	4791	3.01838	0.5	5.34737	34.8748	0	0.999967	-0.00812121	0	None	None
ChainingRodShaped	4841	3.35001	0.5	-41.2918	59.3912	0	0.989275	-0.146067	0	None	None
ChainingRodShaped	4487	4.41181	0.5	-11.1615	12.5651	0	-0.42365	-0.905826	0	None	None
ChainingRodShaped	4623	3.79707	0.5	-17.0869	41.489	0	0.545717	0.83797	0	None	None
ChainingRodShaped	4126	3.1155	0.5	31.4909	51.3504	0	0.976672	0.214736	0	3644	4125
ChainingRodShaped	4635	4.6931	0.5	27.8991	38.2404	0	-0.3961	0.918207	0	None	None
ChainingRodShaped	4869	2.71937	0.5	-7.4251	38.3571	0	0.392992	-0.919542	0	None	None
ChainingRodShaped	5007	2.59974	0.5	-20.8987	29.7161	0	-0.97947	0.201589	0	None	None
ChainingRodShaped	4593	3.76933	0.5	2.18417	17.8214	0	0.585282	0.81083	0	None	None
ChainingRodShaped	4577	4.00008	0.5	12.9803	22.4113	0	0.00871058	-0.999962	0	None	None
ChainingRodShaped	4563	3.2555	0.5	-21.3699	24.9043	0	0.534965	0.844874	0	None	None
ChainingRodShaped	4499	3.84122	0.5	25.9613	35.4942	0	-0.394707	0.918807	0	None	None
ChainingRodShaped	4887	3.22235	0.5	-22.7986	24.4357	0	0.526487	0.850183	0	None	None
ChainingRodShaped	4655	4.69445	0.5	16.3474	51.019	0	-0.236861	-0.971543	0	None	None
ChainingRodShaped	4507	3.9845	0.5	11.3242	48.8345	0	0.577488	-0.816399	0	None	None
ChainingRodShaped	5147	2.1904	0.5	36.8969	31.4907	0	-0.193592	0.981082	0	None	None
ChainingRodShaped	4561	3.61086	0.5	-44.4942	48.8585	0	0.99448	0.104931	0	None	None
ChainingRodShaped	4569	4.95907	0.5	23.7976	47.5642	0	0.996443	0.0842753	0	None	None
ChainingRodShaped	5035	2.47511	0.5	-37.7027	29.3351	0	-0.0887457	0.996054	0	None	None
ChainingRodShaped	4156	3.73328	0.5	-29.7197	55.3017	0	0.899754	0.436397	0	4923	4155
ChainingRodShaped	4723	4.27793	0.5	24.4924	29.3312	0	0.506665	-0.862143	0	None	None
ChainingRodShaped	4489	3.64356	0.5	-39.1132	47.4171	0	-0.916075	-0.401006	0	None	None
ChainingRodShaped	4815	3.05336	0.5	-3.37611	18.0478	0	-0.0928672	-0.995679	0	None	None
ChainingRodShaped	4164	3.16151	0.5	4.33575	55.4048	0	-0.231157	-0.972916	0	None	4163
ChainingRodShaped	4619	4.97029	0.5	-4.17692	9.57372	0	0.400961	0.916095	0	None	None
ChainingRodShaped	4519	4.01682	0.5	13.9086	53.3767	0	-0.251654	-0.967817	0	None	None
ChainingRodShaped	4170	4.90593	0.5	25.1769	25.9151	0	0.441736	-0.897145	0	None	None
ChainingRodShaped	4633	4.20701	0.5	-25.7834	53.4906	0	0.164815	-0.986324	0	None	None
ChainingRodShaped	4174	2.82932	0.5	-22.3338	27.9111	0	-0.775661	-0.63115	0	None	4173
ChainingRodShaped	5015	2.82477	0.5	-9.51748	16.8166	0	-0.376103	-0.926578	0	None	None
ChainingRodShaped	4178	3.95921	0.5	-46.7957	44.3505	0	0.41196	-0.911202	0	None	4177
ChainingRodShaped	4180	2.9926	0.5	-5.65604	37.051	0	-0.594399	-0.804171	0	None	4179
ChainingRodShaped	4599	4.65297	0.5	31.4823	29.486	0	-0.582061	0.813145	0	None	None
ChainingRodShaped	4469	4.27428	0.5	30.0053	45.9381	0	0.882833	0.469686	0	None	None
ChainingRodShaped	4186	4.64546	0.5	17.8758	59.4739	0	-0.634945	0.772558	0	None	None
ChainingRodShaped	5125	2.10131	0.5	-14.1794	34.5818	0	-0.992946	-0.118567	0	None	None
ChainingRodShaped	4645	4.74036	0.5	-32.3253	49.8249	0	-0.871548	-0.49031	0	None	None
ChainingRodShaped	4801	3.4873	0.5	13.4389	17.7588	0	-0.962455	-0.271441	0	None	None
ChainingRodShaped	4745	2.90914	0.5	-28.5984	29.9457	0	0.0063929	0.99998	0	None	None
ChainingRodShaped	4701	4.73796	0.5	6.88125	26.1246	0	0.337455	-0.941342	0	None	None
ChainingRodShaped	4198	4.95971	0.5	-5.85205	33.6708	0	-0.599367	-0.800475	0	None	None
ChainingRodShaped	4200	4.88911	0.5	-9.09899	37.6654	0	-0.41093	0.911667	0	None	None
ChainingRodShaped	4977	2.94011	0.5	2.16065	55.5339	0	-0.364414	-0.931237	0	None	None
ChainingRodShaped	4204	4.85462	0.5	28.8283	24.0459	0	-0.130264	0.991479	0	None	None
ChainingRodShaped	4206	3.42047	0.5	34.0908	57.1335	0	-0.828553	-0.559911	0	None	4205
ChainingRodShaped	4208	3.01761	0.5	-42.9874	35.8886	0	0.408422	-0.912793	0	4177	4207
ChainingRodShaped	5145	2.12946	0.5	-23.2713	35.7966	0	0.753193	-0.657799	0	None	None
ChainingRodShaped	4609	4.66739	0.5	8.63631	10.6715	0	-0.997779	-0.0666155	0	None	None
ChainingRodShaped	5103	2.21652	0.5	-14.2394	61.3393	0	-0.965478	-0.260486	0	None	None
ChainingRodShaped	4871	3.38482	0.5	18.2888	31.5324	0	-0.0243447	0.999704	0	None	None
ChainingRodShaped	4218	4.85556	0.5	-13.3797	38.9866	0	-0.95419	-0.299201	0	None	None
ChainingRodShaped	4947	3.10932	0.5	-35.7077	28.9221	0	-0.096626	0.995321	0	None	None
ChainingRodShaped	4797	2.71009	0.5	-31.6996	43.0892	0	-0.758942	0.651159	0	None	None
ChainingRodShaped	4739	4.49561	0.5	-8.88624	49.1347	0	0.553595	0.832786	0	None	None
ChainingRodShaped	4825	2.8289	0.5	-22.3874	32.5996	0	-0.771866	0.635785	0	None	None
ChainingRodShaped	4228	4.41638	0.5	17.0263	47.289	0	0.724604	0.689166	0	None	None
ChainingRodShaped	4230	2.95144	0.5	-17.3336	48.5802	0	-0.311385	-0.950284	0	None	4229
ChainingRodShaped	4551	4.93129	0.5	-9.74238	60.0522	0	0.153899	0.988087	0	None	None
ChainingRodShaped	4234	4.40769	0.5	20.7667	44.5284	0	0.999522	-0.0309281	0	None	None
ChainingRodShaped	4747	4.33703	0.5	-30.4943	47.8453	0	0.181394	0.983411	0	None	None
ChainingRodShaped	5009	2.67034	0.5	-3.27327	58.0553	0	0.419807	-0.907613	0	None	None
ChainingRodShaped	4573	3.68515	0.5	-36.8038	45.6193	0	-0.997081	-0.0763504	0	None	None
ChainingRodShaped	4242	3.95019	0.5	21.8429	16.894	0	0.793291	-0.608843	0	4513	4241
ChainingRodShaped	4244	3.05398	0.5	-10.8722	49.4981	0	-0.536827	-0.843692	0	None	4243
ChainingRodShaped	4677	3.71532	0.5	-3.7567	28.0049	0	-0.437714	-0.899114	0	None	None
ChainingRodShaped	4657	4.95497	0.5	-12.3798	42.4589	0	-0.709572	-0.704633	0	None	None
ChainingRodShaped	4250	3.26014	0.5	-44.2144	41.0713	0	0.414619	-0.909995	0	4099	4249
ChainingRodShaped	4763	3.64211	0.5	16.3852	26.4273	0	0.720929	-0.693009	0	None	None
ChainingRodShaped	4735	4.14733	0.5	-20.8917	43.7672	0	0.303458	0.952845	0	None	None
ChainingRodShaped	4643	3.77989	0.5	24.0358	39.8449	0	-0.416843	0.908978	0	None	None
ChainingRodShaped	4741	4.22853	0.5	-41.0797	39.4748	0	-0.126146	-0.992012	0	None	None
ChainingRodShaped	4991	2.36311	0.5	-22.8095	15.5189	0	-0.932427	-0.361358	0	None	None
ChainingRodShaped	4903	3.32773	0.5	-24.8868	40.8455	0	0.335903	-0.941896	0	None	None
ChainingRodShaped	5109	2.31373	0.5	22.7489	36.8696	0	-0.746565	0.665313	0	None	None
ChainingRodShaped	4266	4.70783	0.5	22.3348	30.9672	0	0.537973	-0.842962	0	None	None
ChainingRodShaped	4268	4.56032	0.5	40.8642	46.9363	0	-0.40652	-0.913642	0	None	None
ChainingRodShaped	4270	4.3705	0.5	26.5437	41.3833	0	0.999199	-0.0400069	0	None	None
ChainingRodShaped	4272	3.0193	0.5	-20.2433	19.6137	0	0.564133	0.825684	0	None	4271
ChainingRodShaped	4274	4.26364	0.5	-6.26269	41.8592	0	-0.982261	0.187519	0	None	None
ChainingRodShaped	5053	2.48988	0.5	1.85692	22.4931	0	0.514658	0.857395	0	None	None
ChainingRodShaped	4278	3.01036	0.5	20.1368	32.5538	0	-0.0235939	0.999722	0	3734	4277
ChainingRodShaped	4280	3.31173	0.5	6.4152	63.8343	0	-0.360688	-0.932687	0	None	4279
ChainingRodShaped	4282	3.33546	0.5	-19.7328	41.0515	0	-0.297099	-0.954847	0	4229	4281
ChainingRodShaped	4284	4.7207	0.5	-41.4776	52.7761	0	0.974739	-0.223347	0	None	None
ChainingRodShaped	4286	4.77094	0.5	30.0935	19.588	0	0.700803	0.713355	0	None	None
ChainingRodShaped	4288	4.90079	0.5	-32.5039	24.0181	0	0.525635	0.85071	0	None	None
ChainingRodShaped	4775	3.29235	0.5	-26.3347	15.379	0	-0.472725	0.88121	0	None	None
ChainingRodShaped	4755	3.90494	0.5	-27.3225	50.9805	0	0.159242	-0.98724	0	None	None
ChainingRodShaped	4617	3.97626	0.5	5.66971	17.4766	0	-0.615709	-0.787974	0	None	None
ChainingRodShaped	4795	3.63806	0.5	1.04686	24.7271	0	-0.0325439	-0.99947	0	None	None
ChainingRodShaped	5101	2.23734	0.5	16.7619	45.694	0	-0.717682	-0.696371	0	None	None
ChainingRodShaped	4689	3.41187	0.5	-19.6312	51.212	0	0.673032	0.739613	0	None	None
ChainingRodShaped	4302	4.81321	0.5	13.7653	38.9334	0	-0.589728	0.807602	0	None	None
ChainingRodShaped	5167	2.05397	0.5	-2.04411	29.4868	0	-0.222839	-0.974855	0	None	None
ChainingRodShaped	4881	3.08268	0.5	-36.649	41.7884	0	-0.319135	0.947709	0	None	None
ChainingRodShaped	4308	4.55001	0.5	31.7445	23.3507	0	-0.490887	0.871223	0	None	None
ChainingRodShaped	4757	2.90722	0.5	36.0141	30.4717	0	-0.381738	0.924271	0	None	None
ChainingRodShaped	4753	4.3049	0.5	1.63804	48.1227	0	0.235884	0.971781	0	None	None
ChainingRodShaped	4314	4.80704	0.5	-20.963	58.3639	0	0.836258	-0.548336	0	None	None
ChainingRodShaped	5139	2.22209	0.5	-1.42375	16.0989	0	0.564406	0.825497	0	None	None
ChainingRodShaped	4849	2.84958	0.5	-16.046	20.9973	0	-0.486072	-0.873919	0	None	None
ChainingRodShaped	4320	3.54983	0.5	4.0413	11.875	0	-0.95751	-0.2884	0	4029	4319
ChainingRodShaped	4823	3.41936	0.5	32.1182	45.9577	0	0.878092	0.478491	0	None	None
ChainingRodShaped	4324	3.64823	0.5	-29.0657	22.4602	0	-0.778171	-0.628053	0	4173	4323
ChainingRodShaped	4326	4.65203	0.5	-4.81606	46.8252	0	-0.196777	0.980448	0	None	None
ChainingRodShaped	4328	4.30845	0.5	19.3919	54.6412	0	0.19485	-0.980833	0	None	None
ChainingRodShaped	4967	2.91397	0.5	25.8293	17.8024	0	0.430978	-0.902362	0	None	None
ChainingRodShaped	4332	4.45455	0.5	-18.7592	55.0756	0	-0.963791	-0.26666	0	None	None
ChainingRodShaped	5041	2.52598	0.5	7.09599	36.7389	0	-0.999967	0.00812419	0	None	None
ChainingRodShaped	4336	4.41205	0.5	-6.86494	54.7925	0	0.0283007	0.999599	0	None	None
ChainingRodShaped	4799	3.92058	0.5	28.0157	33.3533	0	-0.435327	0.900272	0	None	None
ChainingRodShaped	4340	4.09672	0.5	-11.6726	60.3131	0	-0.145421	-0.98937	0	None	None
ChainingRodShaped	4963	3.00037	0.5	21.2093	57.2966	0	0.224672	-0.974434	0	None	None
ChainingRodShaped	4765	4.13323	0.5	-13.3049	50.6693	0	-0.113681	-0.993517	0	None	None
ChainingRodShaped	4346	4.23941	0.5	3.90178	42.5716	0	-0.870577	-0.492031	0	None	None
ChainingRodShaped	4348	3.51946	0.5	12.8611	55.4177	0	0.705358	0.708851	0	4017	4347
ChainingRodShaped	4350	4.50806	0.5	15.9753	30.8027	0	-0.707829	0.706384	0	None	None
ChainingRodShaped	4352	4.19644	0.5	-1.24304	40.5578	0	-0.999768	0.0215597	0	None	None
ChainingRodShaped	4354	4.71503	0.5	4.27501	24.6797	0	0.148414	-0.988925	0	None	None
ChainingRodShaped	4356	4.17567	0.5	4.57411	32.5611	0	0.784443	-0.620201	0	None	None
ChainingRodShaped	4939	2.71502	0.5	-38.3903	34.6616	0	0.0616301	-0.998099	0	None	None
ChainingRodShaped	4983	2.85413	0.5	-20.1042	23.2468	0	0.562828	0.826574	0	None	None
ChainingRodShaped	4771	3.81983	0.5	4.40254	47.7226	0	-0.260207	0.965553	0	None	None
ChainingRodShaped	4929	2.76746	0.5	-28.2565	18.8998	0	-0.488223	0.872719	0	None	None
ChainingRodShaped	4366	4.91098	0.5	-29.5907	26.9082	0	0.00496936	0.999988	0	None	None
ChainingRodShaped	4368	4.64583	0.5	-20.5463	46.9855	0	0.560766	0.827974	0	None	None
ChainingRodShaped	4370	3.86975	0.5	-8.9044	24.9443	0	-0.648385	-0.761313	0	None	None
ChainingRodShaped	4372	4.53186	0.5	-45.4986	57.484	0	0.919035	-0.394177	0	None	None
ChainingRodShaped	4793	3.10848	0.5	-16.4365	31.4547	0	-0.977792	-0.209579	0	None	None
ChainingRodShaped	4915	2.779	0.5	-4.51622	17.0608	0	-0.138975	-0.990296	0	None	None
ChainingRodShaped	4378	4.77707	0.5	16.0035	34.0678	0	-0.556332	0.83096	0	None	None
ChainingRodShaped	4907	2.653	0.5	39.3734	34.787	0	0.31819	-0.948027	0	None	None
ChainingRodShaped	4861	2.65433	0.5	-10.7447	56.4132	0	-0.337951	0.941164	0	None	None
ChainingRodShaped	4384	4.44081	0.5	-40.2084	42.8115	0	-0.948068	-0.318067	0	None	None
ChainingRodShaped	4845	3.20653	0.5	-46.2419	54.0803	0	0.972519	-0.232823	0	None	None
ChainingRodShaped	4388	4.18531	0.5	0.100078	24.9573	0	-0.0363563	-0.999339	0	None	None
ChainingRodShaped	5061	2.3852	0.5	-2.3317	54.7239	0	-0.271832	-0.962345	0	None	None
ChainingRodShaped	4805	3.32988	0.5	3.2512	37.6761	0	-0.999476	-0.0323783	0	None	None
ChainingRodShaped	4899	3.4122	0.5	22.1799	27.7048	0	0.0233361	-0.999728	0	None	None
ChainingRodShaped	4803	3.46182	0.5	37.2304	48.5256	0	0.402571	0.915389	0	None	None
ChainingRodShaped	5045	2.63418	0.5	4.97035	31.0656	0	0.778193	-0.628026	0	None	None
ChainingRodShaped	4400	3.86949	0.5	-12.2482	22.8966	0	-0.22741	-0.973799	0	None	None
ChainingRodShaped	4402	2.99598	0.5	-35.7846	51.2643	0	0.899702	0.436504	0	4629	4401
ChainingRodShaped	4404	3.99004	0.5	18.8537	15.4364	0	-0.867743	-0.497013	0	None	None
ChainingRodShaped	5111	2.32129	0.5	-35.3809	21.2245	0	0.808592	-0.58837	0	None	None
ChainingRodShaped	4408	3.91896	0.5	40.7936	39.5176	0	0.407459	0.913223	0	None	None
ChainingRodShaped	5089	2.2118	0.5	-34.0508	31.2843	0	0.589737	-0.807595	0	None	None
ChainingRodShaped	4412	3.67893	0.5	-13.0043	24.0394	0	-0.203647	-0.979044	0	None	None
ChainingRodShaped	4414	4.3062	0.5	-34.1836	33.0697	0	0.644768	-0.764378	0	None	None
ChainingRodShaped	5123	2.2698	0.5	-19.6863	16.8856	0	-0.0511624	-0.99869	0	None	None
ChainingRodShaped	5133	2.2194	0.5	8.61052	32.0076	0	0.812881	-0.58243	0	None	None
ChainingRodShaped	4420	3.96382	0.5	-26.2669	50.4453	0	0.160844	-0.98698	0	None	None
ChainingRodShaped	4422	4.56894	0.5	-1.6323	37.7931	0	-0.999745	0.0225745	0	None	None
ChainingRodShaped	5025	2.41262	0.5	29.2968	40.5066	0	0.825413	0.564529	0	None	None
ChainingRodShaped	4891	3.00379	0.5	-18.3572	59.0082	0	0.959894	-0.280362	0	None	None
ChainingRodShaped	4428	4.19337	0.5	40.803	49.2492	0	-0.403446	-0.915003	0	None	None
ChainingRodShaped	4430	4.96633	0.5	3.65515	22.4303	0	-0.150523	0.988606	0	None	None
ChainingRodShaped	4432	4.97572	0.5	-7.66321	41.1526	0	-0.984087	0.177687	0	None	None
ChainingRodShaped	4943	2.64164	0.5	-25.1992	29.2524	0	-0.0154043	-0.999881	0	None	None
ChainingRodShaped	4436	3.37343	0.5	14.6623	39.29	0	0.57989	-0.814695	0	4025	4435
ChainingRodShaped	4935	3.11491	0.5	-2.91107	46.9956	0	-0.194177	0.980967	0	None	None
ChainingRodShaped	4440	3.00767	0.5	2.21617	46.4092	0	-0.22959	-0.973287	0	4163	4439
ChainingRodShaped	4442	4.75207	0.5	-24.8212	19.1464	0	-0.737265	0.675604	0	None	None
ChainingRodShaped	4901	3.23201	0.5	-11.8909	38.024	0	-0.998998	-0.0447524	0	None	None
ChainingRodShaped	4446	4.82473	0.5	-4.72205	28.1006	0	-0.431442	-0.902141	0	None	None
ChainingRodShaped	4917	2.82349	0.5	10.9547	34.0138	0	0.873056	-0.487619	0	None	None
ChainingRodShaped	4450	4.33195	0.5	-16.6082	22.561	0	-0.362029	-0.932167	0	None	None
ChainingRodShaped	4971	2.37314	0.5	13.3965	19.4247	0	-0.669993	-0.742368	0	None	None
ChainingRodShaped	4454	4.40548	0.5	-1.53342	60.8794	0	-0.493801	-0.869575	0	None	None
ChainingRodShaped	4957	3.04754	0.5	13.48	49.9718	0	-0.614395	-0.788998	0	None	None
ChainingRodShaped	4979	2.63625	0.5	-39.624	57.7544	0	0.903905	-0.427732	0	None	None
ChainingRodShaped	4989	2.70821	0.5	-24.443	51.2712	0	0.137604	-0.990487	0	None	None
ChainingRodShaped	5039	2.60013	0.5	-9.43273	13.0965	0	-0.678128	-0.734944	0	None	None
ChainingRodShaped	5049	2.42338	0.5	-43.1499	57.5612	0	0.920641	-0.39041	0	None	None
ChainingRodShaped	4466	4.37798	0.5	5.42746	51.1452	0	0.181305	0.983427	0	None	None
ChainingRodShaped	4468	3.64375	0.5	0.337304	59.6094	0	0.179174	-0.983817	0	None	None
ChainingRodShaped	4470	3.43717	0.5	25.6753	44.3482	0	0.999326	-0.0367159	0	None	None
ChainingRodShaped	5113	2.31353	0.5	-10.3804	17.5333	0	-0.293194	-0.956053	0	None	None
ChainingRodShaped	5063	2.51653	0.5	2.11159	8.72064	0	-0.998998	0.0447488	0	None	None
ChainingRodShaped	5065	2.40785	0.5	-1.78174	13.8312	0	0.554392	0.832256	0	None	None
ChainingRodShaped	5073	2.31034	0.5	14.901	17.1535	0	-0.963728	-0.266887	0	None	None
ChainingRodShaped	5119	2.24874	0.5	-8.73856	23.662	0	-0.655964	-0.754792	0	None	None
ChainingRodShaped	4482	4.79213	0.5	-22.7342	41.0961	0	0.293912	0.955833	0	None	None
ChainingRodShaped	4973	2.39633	0.5	3.72673	44.5686	0	0.217378	0.976088	0	None	None
ChainingRodShaped	4486	4.05388	0.5	34.6598	34.5444	0	-0.0548762	0.998493	0	None	None
ChainingRodShaped	4488	4.70618	0.5	-7.75184	16.8701	0	-0.62308	-0.782158	0	None	None
ChainingRodShaped	5017	2.29872	0.5	-35.3162	47.6601	0	-0.998493	-0.0548813	0	None	None
ChainingRodShaped	4969	2.59014	0.5	24.3617	51.8815	0	0.630857	0.775899	0	None	None
ChainingRodShaped	5083	2.41903	0.5	34.6835	22.2307	0	-0.680976	-0.732306	0	None	None
ChainingRodShaped	4496	4.31841	0.5	-38.4598	54.9527	0	0.942288	-0.334804	0	None	None
ChainingRodShaped	4498	4.38934	0.5	-38.634	26.9518	0	-0.0161697	0.999869	0	None	None
ChainingRodShaped	4993	2.85584	0.5	27.729	31.5983	0	-0.515067	0.85715	0	None	None
ChainingRodShaped	5001	2.88009	0.5	-17.8458	29.0339	0	0.945852	0.324599	0	None	None
ChainingRodShaped	4504	4.98271	0.5	1.32882	59.6314	0	0.172783	-0.98496	0	None	None
ChainingRodShaped	4506	3.85173	0.5	27.4464	26.9813	0	-0.147253	0.989099	0	None	None
ChainingRodShaped	4508	4.94571	0.5	12.5602	51.9966	0	-0.248791	-0.968557	0	None	None
ChainingRodShaped	5129	2.15592	0.5	-28.5376	36.6807	0	0.0417012	0.99913	0	None	None
ChainingRodShaped	4512	4.45105	0.5	12.8217	38.6424	0	-0.597145	0.802134	0	None	None
ChainingRodShaped	4514	3.15565	0.5	15.1821	22.0161	0	0.790826	-0.612041	0	None	4513
ChainingRodShaped	4516	4.75657	0.5	-22.9415	47.387	0	0.653568	0.756868	0	None	None
ChainingRodShaped	4518	4.42836	0.5	-8.69487	60.4093	0	0.155086	0.987901	0	None	None
ChainingRodShaped	5159	2.11668	0.5	16.28	54.5696	0	-0.29582	-0.955244	0	None	None
ChainingRodShaped	4522	4.05804	0.5	-32.9234	38.1758	0	0.974073	0.226234	0	None	None
ChainingRodShaped	4524	4.70026	0.5	-24.3673	61.9982	0	0.760039	0.649878	0	None	None
ChainingRodShaped	4526	4.08072	0.5	-4.56194	50.9024	0	0.145793	-0.989315	0	None	None
ChainingRodShaped	5019	2.56824	0.5	31.6127	37.2015	0	-0.0259897	0.999662	0	None	None
ChainingRodShaped	4530	3.5239	0.5	-4.66182	33.7254	0	-0.606857	-0.794811	0	None	None
ChainingRodShaped	4532	4.9096	0.5	-45.3093	51.7182	0	0.955996	-0.293379	0	None	None
ChainingRodShaped	4534	3.77794	0.5	-19.7802	53.7907	0	0.961076	0.276284	0	None	None
ChainingRodShaped	4536	4.24313	0.5	-34.3005	43.7032	0	-0.692942	-0.720993	0	None	None
ChainingRodShaped	5029	2.25224	0.5	-4.59999	11.0716	0	-0.400488	-0.916302	0	None	None
ChainingRodShaped	4540	3.95141	0.5	-14.1411	31.2081	0	-0.772608	-0.634883	0	None	None
ChainingRodShaped	4542	4.85209	0.5	-2.54396	24.4138	0	-0.716168	-0.697928	0	None	None
ChainingRodShaped	4544	3.78352	0.5	-11.0528	23.7658	0	-0.237139	-0.971476	0	None	None
ChainingRodShaped	4546	3.37067	0.5	-43.3909	54.3457	0	0.955329	-0.295545	0	None	None
ChainingRodShaped	4548	3.50348	0.5	21.8295	46.3982	0	0.999931	-0.011724	0	None	None
ChainingRodShaped	4550	4.8226	0.5	-35.495	50.2623	0	-0.88118	-0.472781	0	None	None
ChainingRodShaped	5143	2.09904	0.5	-9.4487	55.7161	0	-0.335683	0.941975	0	None	None
ChainingRodShaped	4554	3.40993	0.5	-35.5315	24.6897	0	-0.0378082	0.999285	0	None	None
ChainingRodShaped	5131	2.2568	0.5	14.8379	34.0566	0	-0.558765	0.829326	0	None	None
ChainingRodShaped	4558	4.9785	0.5	4.73159	39.5919	0	-0.99899	-0.044939	0	None	None
ChainingRodShaped	4560	3.54621	0.5	-6.60219	28.9594	0	-0.910804	-0.41284	0	None	None
ChainingRodShaped	4562	3.2587	0.5	-46.8408	50.6775	0	0.821943	-0.56957	0	None	None
ChainingRodShaped	4564	4.84834	0.5	-22.3839	21.6605	0	0.573315	0.819335	0	None	None
ChainingRodShaped	5081	2.22392	0.5	-25.8914	26.2424	0	-0.770893	-0.636965	0	None	None
ChainingRodShaped	5051	2.26453	0.5	8.44873	20.0393	0	-0.263163	-0.964751	0	None	None
ChainingRodShaped	4570	4.13351	0.5	21.4093	48.7221	0	0.747883	0.663831	0	None	None
ChainingRodShaped	4572	4.78044	0.5	6.37819	23.4269	0	0.15741	-0.987533	0	None	None
ChainingRodShaped	4574	3.44315	0.5	-34.7736	44.5991	0	-0.698696	-0.715419	0	None	None
ChainingRodShaped	4576	4.22991	0.5	33.6978	28.0546	0	-0.579982	0.814629	0	None	None
ChainingRodShaped	4578	4.29354	0.5	11.0593	26.6652	0	0.457488	-0.889216	0	None	None
ChainingRodShaped	4580	4.52928	0.5	-16.4641	11.2386	0	-0.548278	-0.836296	0	None	None
ChainingRodShaped	4582	3.70542	0.5	-13.5876	12.0156	0	-0.415927	-0.909398	0	None	None
ChainingRodShaped	4584	2.52821	0.5	35.9783	53.6039	0	-1	-0.000501034	0	3650	4583
ChainingRodShaped	4586	3.55315	0.5	16.0834	28.0453	0	-0.716957	0.697117	0	None	None
ChainingRodShaped	4588	4.07178	0.5	24.0318	37.5403	0	-0.398287	0.917261	0	None	None
ChainingRodShaped	4590	4.089	0.5	-22.5184	16.727	0	-0.925944	-0.37766	0	None	None
ChainingRodShaped	4592	3.67662	0.5	7.82243	38.8436	0	-0.994195	-0.107592	0	None	None
ChainingRodShaped	4594	3.56201	0.5	-0.483429	14.0245	0	0.562274	0.826951	0	None	None
ChainingRodShaped	4596	3.7642	0.5	37.3568	25.7682	0	0.675266	0.737574	0	None	None
ChainingRodShaped	4598	3.4193	0.5	4.51154	27.9569	0	0.685722	-0.727863	0	None	None
ChainingRodShaped	4600	3.24791	0.5	34.1279	25.3296	0	-0.457268	0.889329	0	None	None
ChainingRodShaped	4602	2.6355	0.5	13.9176	47.0586	0	0.414703	-0.909957	0	None	4601
ChainingRodShaped	5169	2.03504	0.5	26.3751	31.9528	0	-0.50647	0.862257	0	None	None
ChainingRodShaped	4606	4.57518	0.5	-6.67043	44.2511	0	-0.677107	0.735885	0	None	None
ChainingRodShaped	4608	3.27587	0.5	-5.51404	16.9532	0	-0.129068	-0.991636	0	None	None
ChainingRodShaped	4610	3.29591	0.5	13.4732	11.6477	0	-0.95586	-0.293823	0	None	None
ChainingRodShaped	4612	4.02458	0.5	-30.5471	28.8611	0	0.00911747	0.999958	0	None	None
ChainingRodShaped	4614	4.80626	0.5	-23.9274	54.3372	0	0.162303	-0.986741	0	None	None
ChainingRodShaped	4616	4.36753	0.5	-14.0708	16.0745	0	-0.346274	-0.938133	0	None	None
ChainingRodShaped	4618	3.35071	0.5	7.85143	21.4799	0	-0.253491	-0.967338	0	None	None
ChainingRodShaped	4620	4.87466	0.5	-3.74717	7.33325	0	0.633093	0.774076	0	None	None
ChainingRodShaped	4622	3.11521	0.5	40.0023	40.1706	0	0.408325	0.912837	0	None	None
ChainingRodShaped	4624	4.68353	0.5	-19.0943	36.7452	0	0.303625	0.952792	0	None	None
ChainingRodShaped	4626	3.41438	0.5	10.0101	21.9608	0	-0.285176	-0.958475	0	None	None
ChainingRodShaped	4628	3.12525	0.5	23.237	26.6149	0	0.07982	-0.996809	0	None	None
ChainingRodShaped	4630	2.58487	0.5	-42.6863	47.9701	0	0.904841	0.425749	0	None	4629
ChainingRodShaped	5149	2.07255	0.5	-14.0661	23.6802	0	-0.193845	-0.981032	0	None	None
ChainingRodShaped	4634	3.27882	0.5	-28.6086	54.6449	0	0.925759	0.378115	0	None	None
ChainingRodShaped	4636	3.88412	0.5	28.7891	33.9732	0	-0.439233	0.898373	0	None	None
ChainingRodShaped	4638	2.7288	0.5	37.7397	44.7751	0	0.405792	0.913965	0	4911	4637
ChainingRodShaped	4640	2.46352	0.5	19.3447	20.8066	0	0.710429	-0.703769	0	4027	4639
ChainingRodShaped	5153	2.09117	0.5	-28.5164	21.6591	0	0.775551	0.631285	0	None	None
ChainingRodShaped	4644	4.87005	0.5	25.8121	38.2474	0	-0.403875	0.914814	0	None	None
ChainingRodShaped	4646	3.87355	0.5	-28.9762	49.1585	0	-0.164815	0.986325	0	None	None
ChainingRodShaped	4648	4.96398	0.5	20.7448	39.6106	0	-0.813884	0.581027	0	None	None
ChainingRodShaped	4650	3.46807	0.5	11.6106	13.1338	0	-0.95638	-0.292124	0	None	None
ChainingRodShaped	4652	3.40824	0.5	-3.24309	32.8858	0	-0.225131	-0.974328	0	None	None
ChainingRodShaped	4654	3.69573	0.5	15.068	26.3679	0	0.717517	-0.696541	0	None	None
ChainingRodShaped	4656	3.65662	0.5	17.6765	55.9627	0	-0.186342	-0.982485	0	None	None
ChainingRodShaped	4658	3.96638	0.5	-11.4118	44.8191	0	-0.666516	-0.74549	0	None	None
ChainingRodShaped	4660	4.28588	0.5	-40.0522	39.8036	0	-0.126072	-0.992021	0	None	None
ChainingRodShaped	4662	4.00926	0.5	-16.6023	43.8024	0	0.84256	0.538602	0	None	None
ChainingRodShaped	4664	4.24778	0.5	-27.5238	41.6139	0	-0.491271	0.871007	0	None	None
ChainingRodShaped	4666	3.21261	0.5	23.3207	23.8554	0	0.761628	-0.648014	0	None	None
ChainingRodShaped	4668	3.02642	0.5	-1.26425	20.2331	0	-0.405705	-0.914004	0	None	None
ChainingRodShaped	4670	3.63249	0.5	-31.5167	23.7711	0	0.525141	0.851015	0	None	None
ChainingRodShaped	4672	4.70961	0.5	34.4702	30.3081	0	-0.593015	0.805191	0	None	None
ChainingRodShaped	4674	4.47594	0.5	-27.5447	46.3968	0	0.156235	-0.98772	0	None	None
ChainingRodShaped	4676	2.61801	0.5	-24.5784	35.6856	0	0.759736	-0.650232	0	3983	4675
ChainingRodShaped	4678	3.43216	0.5	-2.41039	32.2976	0	-0.21952	-0.975608	0	None	None
ChainingRodShaped	4680	4.74451	0.5	-18.9053	60.2046	0	0.963313	-0.268381	0	None	None
ChainingRodShaped	4682	3.03279	0.5	-31.3217	44.6304	0	-0.534244	0.84533	0	None	None
ChainingRodShaped	4684	4.43519	0.5	12.6252	57.9924	0	-0.705362	-0.708847	0	None	None
ChainingRodShaped	4686	4.68065	0.5	34.0411	49.2143	0	0.878605	0.477549	0	None	None
ChainingRodShaped	4688	3.07286	0.5	19.1966	32.6791	0	-0.028184	0.999603	0	None	None
ChainingRodShaped	4690	3.1311	0.5	-21.0429	47.9512	0	0.566232	0.824246	0	None	None
ChainingRodShaped	4692	4.6602	0.5	-0.865912	30.4689	0	-0.213892	-0.976857	0	None	None
ChainingRodShaped	4694	3.22096	0.5	16.2939	22.3457	0	-0.784659	0.619927	0	None	None
ChainingRodShaped	4696	4.84665	0.5	-3.81381	25.8216	0	-0.713516	-0.700639	0	None	None
ChainingRodShaped	4698	3.02008	0.5	-12.0147	36.023	0	-0.983955	-0.178419	0	None	None
ChainingRodShaped	4700	3.76656	0.5	-6.81759	47.2206	0	-0.661954	0.749545	0	None	None
ChainingRodShaped	4702	2.98164	0.5	4.30226	29.8112	0	0.929018	-0.370034	0	None	None
ChainingRodShaped	4704	4.26367	0.5	0.0937706	45.7568	0	0.226154	0.974091	0	None	None
ChainingRodShaped	4706	4.02705	0.5	-12.2778	45.4275	0	0.59522	0.803562	0	None	None
ChainingRodShaped	4708	2.989	0.5	18.3211	26.8857	0	0.219243	-0.97567	0	None	None
ChainingRodShaped	4710	4.62085	0.5	-24.9258	33.481	0	-0.744797	0.667291	0	None	None
ChainingRodShaped	4712	3.87526	0.5	37.5282	33.0696	0	-0.481741	0.876314	0	None	None
ChainingRodShaped	4714	3.44343	0.5	25.2161	45.3316	0	0.999429	-0.0337897	0	None	None
ChainingRodShaped	4716	3.74409	0.5	25.1004	15.9389	0	0.864387	-0.502827	0	None	None
ChainingRodShaped	4718	3.04634	0.5	30.1523	21.3536	0	0.59139	0.806386	0	None	None
ChainingRodShaped	4720	3.9136	0.5	-13.9851	13.5164	0	-0.409326	-0.912388	0	None	None
ChainingRodShaped	4722	3.12822	0.5	-22.4951	52.8975	0	-0.299878	0.953978	0	None	None
ChainingRodShaped	4724	3.20851	0.5	21.9707	33.2858	0	0.553981	-0.832529	0	None	None
ChainingRodShaped	4726	2.88526	0.5	30.6653	36.0266	0	-0.0254259	0.999677	0	None	None
ChainingRodShaped	4728	3.19676	0.5	-20.1653	36.4691	0	0.298334	0.954462	0	None	None
ChainingRodShaped	4730	3.94002	0.5	8.74762	52.6584	0	-0.699868	-0.714272	0	None	None
ChainingRodShaped	4732	4.37529	0.5	20.9662	50.9359	0	0.740356	0.672216	0	None	None
ChainingRodShaped	4734	3.04642	0.5	5.92444	14.667	0	-0.604209	-0.796826	0	None	None
ChainingRodShaped	4736	3.11422	0.5	-22.2681	39.3771	0	0.292485	0.95627	0	None	None
ChainingRodShaped	4738	3.13712	0.5	-38.3568	40.7455	0	0.314601	-0.949224	0	None	None
ChainingRodShaped	4740	4.20062	0.5	-9.22134	45.7994	0	0.26328	0.964719	0	None	None
ChainingRodShaped	4742	3.96218	0.5	-42.8376	40.7067	0	0.35457	-0.93503	0	None	None
ChainingRodShaped	4744	2.60403	0.5	-27.5989	35.6818	0	-0.00477427	-0.999989	0	None	4743
ChainingRodShaped	4746	3.43968	0.5	-28.6284	25.7931	0	0.00378279	0.999993	0	None	None
ChainingRodShaped	4748	3.29171	0.5	-29.6222	43.9148	0	-0.188532	0.982067	0	None	None
ChainingRodShaped	4750	2.92228	0.5	-30.9202	51.9394	0	0.997617	0.0689955	0	None	None
ChainingRodShaped	4752	3.76567	0.5	34.6885	40.3482	0	0.415482	0.909601	0	None	None
ChainingRodShaped	4754	3.68247	0.5	0.49108	43.2846	0	0.228645	0.97351	0	None	None
ChainingRodShaped	4756	3.36803	0.5	-28.5566	53.6112	0	0.928303	0.371824	0	None	None
ChainingRodShaped	4758	3.29032	0.5	36.153	26.6699	0	0.414105	0.910229	0	None	None
ChainingRodShaped	4760	4.19469	0.5	-21.5911	57.1658	0	-0.718575	0.695449	0	None	None
ChainingRodShaped	4762	2.77569	0.5	39.4335	31.1873	0	0.217575	0.976044	0	None	None
ChainingRodShaped	4764	3.92822	0.5	13.005	29.7321	0	0.70995	-0.704252	0	None	None
ChainingRodShaped	4766	3.91935	0.5	-13.5071	55.4887	0	0.340495	-0.940246	0	None	None
ChainingRodShaped	4768	3.0165	0.5	-17.2854	45.6289	0	0.311298	0.950312	0	None	None
ChainingRodShaped	4770	3.75891	0.5	-17.4189	16.753	0	-0.10542	-0.994428	0	None	None
ChainingRodShaped	4772	3.3217	0.5	7.29857	44.703	0	-0.604238	0.796804	0	None	None
ChainingRodShaped	4774	3.05559	0.5	-37.8887	32.1948	0	-0.5611	-0.827748	0	None	None
ChainingRodShaped	4776	2.8792	0.5	-23.7662	13.5331	0	-0.69876	0.715356	0	None	None
ChainingRodShaped	4778	3.19823	0.5	-12.1131	29.8899	0	0.586548	0.809914	0	None	None
ChainingRodShaped	4780	3.83181	0.5	-34.9635	35.4393	0	0.813266	-0.581892	0	None	None
ChainingRodShaped	4782	4.17027	0.5	-10.8249	20.4458	0	-0.219785	-0.975548	0	None	None
ChainingRodShaped	4784	2.88578	0.5	-11.7722	49.8755	0	-0.538514	-0.842616	0	None	None
ChainingRodShaped	4786	3.26293	0.5	10.0554	9.77492	0	-0.997711	-0.0676185	0	None	None
ChainingRodShaped	4788	3.29722	0.5	-3.95781	42.7193	0	-0.684457	0.729053	0	None	None
ChainingRodShaped	4790	2.30265	0.5	-11.4614	27.6257	0	0.595467	0.80338	0	None	4789
ChainingRodShaped	4792	3.10331	0.5	1.32502	34.8658	0	0.999626	-0.0273487	0	None	None
ChainingRodShaped	4794	3.83949	0.5	-12.6674	33.4391	0	-0.901509	-0.43276	0	None	None
ChainingRodShaped	4796	2.73271	0.5	0.507735	28.7873	0	0.365608	-0.930769	0	None	None
ChainingRodShaped	4798	3.72317	0.5	-28.5622	40.3575	0	-0.752067	0.659087	0	None	None
ChainingRodShaped	4800	2.6808	0.5	30.1682	29.6739	0	-0.590162	0.807285	0	None	None
ChainingRodShaped	4802	3.50288	0.5	16.3175	18.9634	0	-0.97837	0.206861	0	None	None
ChainingRodShaped	4804	3.08734	0.5	35.5288	44.6163	0	0.399428	0.916765	0	None	None
ChainingRodShaped	4806	3.901	0.5	7.79695	37.8845	0	-0.995006	-0.0998165	0	None	None
ChainingRodShaped	4808	2.79502	0.5	-1.87393	23.742	0	-0.719186	-0.694818	0	None	None
ChainingRodShaped	4810	3.2294	0.5	-31.4993	29.7846	0	0.0191137	0.999817	0	None	None
ChainingRodShaped	4812	3.45115	0.5	-16.0746	33.4616	0	-0.994082	-0.10863	0	None	None
ChainingRodShaped	4814	3.88806	0.5	22.5713	21.1162	0	-0.111278	-0.993789	0	None	None
ChainingRodShaped	4816	3.58449	0.5	-1.65444	21.6779	0	-0.409275	-0.912411	0	None	None
ChainingRodShaped	4818	2.89642	0.5	10.8041	21.3503	0	-0.275575	-0.96128	0	None	None
ChainingRodShaped	4820	2.70324	0.5	-32.4466	33.8558	0	-0.00158037	-0.999999	0	None	None
ChainingRodShaped	4822	2.72555	0.5	21.1748	25.6771	0	-0.0418115	-0.999126	0	None	None
ChainingRodShaped	4824	3.11448	0.5	30.4161	44.1657	0	0.999331	-0.036567	0	None	None
ChainingRodShaped	4826	2.86408	0.5	-20.2385	30.7509	0	-0.999505	0.031467	0	None	None
ChainingRodShaped	4828	2.72496	0.5	9.83328	49.2641	0	0.582531	-0.812808	0	None	None
ChainingRodShaped	4830	3.34502	0.5	-14.7492	41.5308	0	-0.565522	-0.824733	0	None	None
ChainingRodShaped	4832	3.50101	0.5	30.8947	40.4104	0	0.791487	0.611185	0	None	None
ChainingRodShaped	4834	2.79678	0.5	-12.7325	56.1909	0	0.338303	-0.941037	0	None	None
ChainingRodShaped	4836	3.44292	0.5	3.17149	36.7485	0	-0.999611	-0.0278769	0	None	None
ChainingRodShaped	4838	3.60455	0.5	4.45954	19.0575	0	-0.628148	-0.778094	0	None	None
ChainingRodShaped	4840	2.63789	0.5	-19.7083	25.5613	0	0.580099	0.814546	0	None	None
ChainingRodShaped	4842	3.43048	0.5	-44.6066	60.3408	0	0.983234	0.182346	0	None	None
ChainingRodShaped	4844	2.59618	0.5	-35.5735	31.6523	0	0.621841	-0.783144	0	None	None
ChainingRodShaped	4846	3.36424	0.5	-47.9276	56.833	0	0.44467	-0.895694	0	None	None
ChainingRodShaped	4848	2.87219	0.5	18.6898	53.1545	0	0.192797	-0.981239	0	None	None
ChainingRodShaped	4850	3.05697	0.5	-14.8506	24.7048	0	-0.183702	-0.982982	0	None	None
ChainingRodShaped	4852	3.47301	0.5	14.8794	58.8493	0	-0.70393	-0.71027	0	None	None
ChainingRodShaped	4854	3.20825	0.5	32.6545	23.7502	0	-0.490064	0.871686	0	None	None
ChainingRodShaped	4856	3.54851	0.5	-18.2799	51.2248	0	0.689938	0.723868	0	None	None
ChainingRodShaped	4858	2.98129	0.5	-28.9103	56.799	0	0.899321	0.437289	0	None	None
ChainingRodShaped	4860	3.6362	0.5	10.2509	43.8264	0	-0.588201	0.808714	0	None	None
ChainingRodShaped	4862	2.68533	0.5	-9.73342	52.9357	0	-0.146432	0.989221	0	None	None
ChainingRodShaped	4864	3.30665	0.5	42.8931	34.3141	0	0.133963	0.990986	0	None	None
ChainingRodShaped	4866	3.42451	0.5	-8.40293	55.6261	0	-0.326237	0.945288	0	None	None
ChainingRodShaped	4868	3.55649	0.5	-7.62569	8.67407	0	-0.180325	0.983607	0	None	None
ChainingRodShaped	4870	3.30159	0.5	-5.23656	39.1814	0	-0.602406	-0.79819	0	None	None
ChainingRodShaped	4872	3.29273	0.5	19.2728	28.5192	0	-0.0102943	0.999947	0	None	None
ChainingRodShaped	4874	3.36109	0.5	9.23172	28.1627	0	0.398194	-0.917301	0	None	None
ChainingRodShaped	4876	3.48396	0.5	2.08335	26.2187	0	-0.083716	0.99649	0	None	None
ChainingRodShaped	4878	2.82691	0.5	33.7745	43.0322	0	0.39641	0.918073	0	None	None
ChainingRodShaped	4880	3.51817	0.5	15.6706	12.9322	0	-0.829933	0.557863	0	None	None
ChainingRodShaped	4882	3.38159	0.5	-35.0244	40.2443	0	0.197321	0.980339	0	None	None
ChainingRodShaped	4884	2.72505	0.5	-12.7858	36.9005	0	-0.98996	-0.141348	0	None	None
ChainingRodShaped	4886	3.42781	0.5	-9.49121	10.2023	0	-0.684099	-0.729389	0	None	None
ChainingRodShaped	4888	2.58012	0.5	-24.3833	21.6821	0	0.917603	0.397498	0	None	None
ChainingRodShaped	4890	2.87988	0.5	18.1178	45.6628	0	0.715928	0.698174	0	None	None
ChainingRodShaped	4892	3.49373	0.5	-22.2192	60.3471	0	0.83616	-0.548485	0	None	None
ChainingRodShaped	4894	3.13287	0.5	38.9169	44.9968	0	-0.406376	-0.913706	0	None	None
ChainingRodShaped	4896	2.69366	0.5	-37.5022	44.5423	0	-0.994871	-0.101157	0	None	None
ChainingRodShaped	4898	2.63513	0.5	-18.2836	18.4488	0	-0.317411	-0.948288	0	None	None
ChainingRodShaped	4900	3.00837	0.5	21.1701	29.5236	0	0.0135928	-0.999908	0	None	None
ChainingRodShaped	4902	2.89513	0.5	-9.29731	35.8899	0	-0.420024	0.907513	0	None	None
ChainingRodShaped	4904	2.58686	0.5	-24.0877	43.5904	0	-0.208124	-0.978102	0	None	None
ChainingRodShaped	4906	2.76957	0.5	20.3244	55.8214	0	0.0795052	-0.996834	0	None	None
ChainingRodShaped	4908	2.79698	0.5	37.0224	37.4358	0	0.811185	-0.58479	0	None	None
ChainingRodShaped	4910	3.11566	0.5	2.56495	14.2528	0	-0.829639	-0.558299	0	None	None
ChainingRodShaped	4912	2.17501	0.5	34.9494	38.5419	0	0.410808	0.911722	0	None	4911
ChainingRodShaped	4914	2.18744	0.5	16.8793	40.6205	0	0.426712	-0.904388	0	4601	4913
ChainingRodShaped	4916	3.33938	0.5	-3.64116	20.6038	0	-0.64547	-0.763786	0	None	None
ChainingRodShaped	4918	3.31232	0.5	9.22877	33.9373	0	0.851617	-0.524165	0	None	None
ChainingRodShaped	4920	2.63868	0.5	-21.5504	38.4507	0	0.289232	0.957259	0	None	None
ChainingRodShaped	4922	2.5059	0.5	-14.1037	52.8727	0	-0.0460185	-0.998941	0	None	None
ChainingRodShaped	4924	2.18899	0.5	-36.189	52.1549	0	0.898872	0.438211	0	None	4923
ChainingRodShaped	4926	2.45834	0.5	28.3485	48.5107	0	0.923273	0.384144	0	None	None
ChainingRodShaped	4928	2.888	0.5	-13.9047	18.9394	0	-0.503485	-0.864004	0	None	None
ChainingRodShaped	4930	3.22181	0.5	-26.0052	16.8524	0	-0.473374	0.880862	0	None	None
ChainingRodShaped	4932	3.08743	0.5	-5.32245	23.0203	0	-0.714286	-0.699854	0	None	None
ChainingRodShaped	4934	2.94699	0.5	-3.61331	50.9345	0	-0.152419	0.988316	0	None	None
ChainingRodShaped	4936	3.027	0.5	-2.13988	43.021	0	-0.185055	0.982728	0	None	None
ChainingRodShaped	4938	2.5109	0.5	-45.6976	56.3032	0	0.899034	-0.437879	0	None	None
ChainingRodShaped	4940	2.91095	0.5	-38.7737	38.4183	0	0.206287	-0.978491	0	None	None
ChainingRodShaped	4942	2.65342	0.5	-34.1658	23.1941	0	0.53049	0.847691	0	None	None
ChainingRodShaped	4944	2.65844	0.5	-23.1533	30.2474	0	-0.540948	-0.841056	0	None	None
ChainingRodShaped	4946	3.11193	0.5	-38.7477	46.5038	0	-0.917375	-0.398024	0	None	None
ChainingRodShaped	4948	2.73399	0.5	-34.5728	25.8088	0	-0.0249187	0.999689	0	None	None
ChainingRodShaped	4950	3.16554	0.5	-14.1446	60.3409	0	-0.964895	-0.262637	0	None	None
ChainingRodShaped	4952	2.96274	0.5	26.5766	25.27	0	0.437325	-0.899304	0	None	None
ChainingRodShaped	4954	2.8921	0.5	12.0411	20.8404	0	-0.00128831	-0.999999	0	None	None
ChainingRodShaped	4956	2.62571	0.5	23.8259	48.547	0	0.99555	0.0942352	0	None	None
ChainingRodShaped	4958	2.58008	0.5	14.92	53.3878	0	-0.250583	-0.968095	0	None	None
ChainingRodShaped	4960	2.5996	0.5	8.53503	42.3949	0	-0.940584	-0.339562	0	None	None
ChainingRodShaped	4962	2.78203	0.5	20.9607	36.953	0	0.0373417	-0.999303	0	None	None
ChainingRodShaped	4964	2.92025	0.5	18.9608	59.7133	0	0.635349	-0.772225	0	None	None
ChainingRodShaped	4966	2.96403	0.5	3.09952	10.5595	0	-0.956671	-0.291171	0	None	None
ChainingRodShaped	4968	2.51269	0.5	24.2306	21.1413	0	0.436186	-0.899857	0	None	None
ChainingRodShaped	4970	2.5927	0.5	21.5956	50.1902	0	0.744382	0.667754	0	None	None
ChainingRodShaped	4972	2.88477	0.5	15.1031	20.8491	0	-0.793871	0.608086	0	None	None
ChainingRodShaped	4974	2.97871	0.5	6.55847	44.1647	0	-0.612181	0.790718	0	None	None
ChainingRodShaped	4976	2.6061	0.5	2.96228	27.0778	0	-0.0936789	0.995602	0	None	None
ChainingRodShaped	4978	2.51825	0.5	2.65012	59.0008	0	0.327241	-0.944941	0	None	None
ChainingRodShaped	4980	2.90214	0.5	-43.11	58.6236	0	0.920469	-0.390815	0	None	None
ChainingRodShaped	4982	2.94673	0.5	0.717645	54.5851	0	-0.315521	-0.948919	0	None	None
ChainingRodShaped	4984	2.91297	0.5	-22.2925	20.0806	0	0.568999	0.822338	0	None	None
ChainingRodShaped	4986	2.676	0.5	-5.18495	59.754	0	0.450334	-0.89286	0	None	None
ChainingRodShaped	4988	2.84557	0.5	-38.213	58.7356	0	0.524904	-0.851161	0	None	None
ChainingRodShaped	4990	2.86632	0.5	-25.0284	54.9745	0	0.16173	-0.986835	0	None	None
ChainingRodShaped	4992	2.8424	0.5	-21.7641	13.1327	0	0.0156792	0.999877	0	None	None
ChainingRodShaped	4994	2.58388	0.5	29.7949	28.5651	0	-0.598201	0.801346	0	None	None
ChainingRodShaped	4996	2.76225	0.5	30.601	48.4787	0	0.879287	0.476293	0	None	None
ChainingRodShaped	4998	2.73312	0.5	0.21859	16.7536	0	0.577143	0.816643	0	None	None
ChainingRodShaped	5000	2.73706	0.5	43.1373	39.4015	0	0.596785	-0.802401	0	None	None
ChainingRodShaped	5002	2.84496	0.5	-21.2322	27.6075	0	0.769306	0.63888	0	None	None
ChainingRodShaped	5004	2.65066	0.5	11.086	15.0151	0	-0.954142	-0.299355	0	None	None
ChainingRodShaped	5006	2.46271	0.5	-37.5407	41.3851	0	0.317161	-0.948372	0	None	None
ChainingRodShaped	5008	2.32211	0.5	-17.5946	30.1166	0	-0.948707	-0.316156	0	None	None
ChainingRodShaped	5010	2.33676	0.5	-4.80492	61.1975	0	0.455903	-0.89003	0	None	None
ChainingRodShaped	5012	2.40896	0.5	-0.640406	57.3343	0	-0.160472	-0.98704	0	None	None
ChainingRodShaped	5014	2.39987	0.5	-16.47	16.4261	0	-0.105083	-0.994463	0	None	None
ChainingRodShaped	5016	2.43218	0.5	-8.86289	20.234	0	-0.248774	-0.968562	0	None	None
ChainingRodShaped	5018	2.33765	0.5	-32.2241	48.4832	0	-0.824839	-0.565367	0	None	None
ChainingRodShaped	5020	2.64943	0.5	31.7728	33.6235	0	-0.0698293	0.997559	0	None	None
ChainingRodShaped	5022	2.59221	0.5	41.8616	34.0766	0	0.136068	0.9907	0	None	None
ChainingRodShaped	5024	2.62592	0.5	-40.4503	35.4388	0	0.108555	-0.99409	0	None	None
ChainingRodShaped	5026	2.64289	0.5	29.1711	37.6939	0	-0.396512	0.91803	0	None	None
ChainingRodShaped	5028	2.36325	0.5	-11.7102	56.2127	0	0.339092	-0.940753	0	None	None
ChainingRodShaped	5030	2.59221	0.5	-4.05647	14.316	0	-0.238352	-0.971179	0	None	None
ChainingRodShaped	5032	2.67807	0.5	7.58856	29.5688	0	0.391102	-0.920347	0	None	None
ChainingRodShaped	5034	2.27846	0.5	11.7543	16.2601	0	-0.960207	-0.27929	0	None	None
ChainingRodShaped	5036	2.34789	0.5	-37.089	26.0831	0	-0.474529	0.88024	0	None	None
ChainingRodShaped	5038	2.45773	0.5	-23.492	41.7832	0	0.284328	0.958727	0	None	None
ChainingRodShaped	5040	2.64637	0.5	-7.27477	15.9435	0	-0.616467	-0.787381	0	None	None
ChainingRodShaped	5042	2.69345	0.5	10.39	36.4147	0	-0.863561	0.504244	0	None	None
ChainingRodShaped	5044	2.3172	0.5	40.9288	34.542	0	0.136448	0.990647	0	None	None
ChainingRodShaped	5046	2.50974	0.5	2.18126	33.2075	0	0.806735	-0.590914	0	None	None
ChainingRodShaped	5048	2.34799	0.5	7.05619	28.4355	0	0.381863	-0.924219	0	None	None
ChainingRodShaped	5050	2.35431	0.5	-46.2371	58.9272	0	0.925309	-0.379214	0	None	None
ChainingRodShaped	5052	2.61721	0.5	9.4199	23.2816	0	-0.306936	-0.95173	0	None	None
ChainingRodShaped	5054	2.61791	0.5	0.08162	20.7383	0	0.257529	0.966271	0	None	None
ChainingRodShaped	5056	2.61019	0.5	26.7148	42.3488	0	0.999294	-0.037574	0	None	None
ChainingRodShaped	5058	2.22565	0.5	13.6359	31.8052	0	0.700733	-0.713423	0	None	None
ChainingRodShaped	5060	2.10603	0.5	-15.1999	42.6958	0	-0.535387	-0.844607	0	4243	5059
ChainingRodShaped	5062	2.57387	0.5	-1.50832	58.0707	0	-0.170334	-0.985386	0	None	None
ChainingRodShaped	5064	2.21485	0.5	5.47002	8.57747	0	-0.999157	0.041044	0	None	None
ChainingRodShaped	5066	2.21405	0.5	-2.57299	10.7945	0	0.402772	0.9153	0	None	None
ChainingRodShaped	5068	2.34359	0.5	-5.22238	13.5897	0	-0.232475	-0.972602	0	None	None
ChainingRodShaped	5070	2.19786	0.5	-41.058	54.6611	0	0.957866	-0.287217	0	None	None
ChainingRodShaped	5072	2.29539	0.5	13.6095	45.4372	0	0.410935	-0.911665	0	None	None
ChainingRodShaped	5074	2.26366	0.5	18.1198	17.6356	0	-0.994061	-0.108826	0	None	None
ChainingRodShaped	5076	2.42755	0.5	-33.705	36.9097	0	0.958316	0.285712	0	None	None
ChainingRodShaped	5078	2.22759	0.5	5.81253	19.2304	0	-0.620327	-0.784343	0	None	None
ChainingRodShaped	5080	2.45133	0.5	-36.1186	53.284	0	0.902791	0.430079	0	None	None
ChainingRodShaped	5082	2.47896	0.5	-23.3416	28.3109	0	-0.781944	-0.623349	0	None	None
ChainingRodShaped	5084	2.31259	0.5	37.1126	22.643	0	-0.932133	-0.362116	0	None	None
ChainingRodShaped	5086	2.25722	0.5	-9.0105	28.7867	0	-0.316747	-0.94851	0	None	None
ChainingRodShaped	5088	2.44217	0.5	6.92705	33.7506	0	0.983584	-0.180453	0	None	None
ChainingRodShaped	5090	2.34048	0.5	-36.0719	33.8181	0	0.637091	-0.770789	0	None	None
ChainingRodShaped	5092	2.39633	0.5	24.0807	31.894	0	0.554536	-0.83216	0	None	None
ChainingRodShaped	5094	2.2267	0.5	-26.4376	27.9351	0	0.219654	0.975578	0	None	None
ChainingRodShaped	5096	2.16628	0.5	-29.561	31.4387	0	-0.000876119	1	0	None	None
ChainingRodShaped	5098	2.32842	0.5	13.0656	36.733	0	-0.596496	0.802616	0	None	None
ChainingRodShaped	5100	2.16227	0.5	2.71001	35.803	0	-0.999779	-0.021036	0	None	None
ChainingRodShaped	5102	2.23055	0.5	19.0767	47.9135	0	-0.731465	-0.681879	0	None	None
ChainingRodShaped	5104	2.24627	0.5	-12.1139	63.0879	0	-0.908843	-0.417138	0	None	None
ChainingRodShaped	5106	2.23105	0.5	38.4955	48.9402	0	0.401672	0.915784	0	None	None
ChainingRodShaped	5108	2.20576	0.5	0.389469	18.6931	0	0.577609	0.816313	0	None	None
ChainingRodShaped	5110	2.245	0.5	24.762	34.4776	0	-0.782954	0.62208	0	None	None
ChainingRodShaped	5112	2.3156	0.5	-37.0328	23.9331	0	0.496191	-0.868213	0	None	None
ChainingRodShaped	5114	2.28865	0.5	-9.75462	20.7261	0	-0.23399	-0.972239	0	None	None
ChainingRodShaped	5116	2.24664	0.5	31.2468	31.489	0	-0.574036	0.81883	0	None	None
ChainingRodShaped	5118	2.11264	0.5	-30.7235	39.6856	0	-0.76529	0.643686	0	None	None
ChainingRodShaped	5120	2.28648	0.5	-6.73236	26.1044	0	-0.45559	-0.89019	0	None	None
ChainingRodShaped	5122	2.1524	0.5	5.47455	42.3465	0	-0.872372	-0.488842	0	None	None
ChainingRodShaped	5124	2.18549	0.5	-18.8475	19.9187	0	-0.503186	-0.864178	0	None	None
ChainingRodShaped	5126	2.16789	0.5	-11.1744	35.1981	0	-0.982457	-0.186488	0	None	None
ChainingRodShaped	5128	2.28028	0.5	-1.11835	42.6209	0	-0.194863	0.980831	0	None	None
ChainingRodShaped	5130	2.2697	0.5	-28.5837	33.5102	0	-0.00109183	0.999999	0	None	None
ChainingRodShaped	5132	2.26587	0.5	16.6121	31.4657	0	-0.700755	0.713402	0	None	None
ChainingRodShaped	5134	2.16573	0.5	5.17167	33.2662	0	0.789388	-0.613894	0	None	None
ChainingRodShaped	5136	2.26253	0.5	-11.4275	14.4504	0	-0.361463	-0.932386	0	None	None
ChainingRodShaped	5138	2.22498	0.5	33.6092	24.0766	0	-0.489357	0.872084	0	None	None
ChainingRodShaped	5140	2.12784	0.5	-3.19385	13.8187	0	0.236435	0.971647	0	None	None
ChainingRodShaped	5142	2.18475	0.5	-5.89125	8.14529	0	-0.410257	-0.91197	0	None	None
ChainingRodShaped	5144	2.1754	0.5	-8.27811	52.8792	0	-0.551089	0.834446	0	None	None
ChainingRodShaped	5146	2.12907	0.5	-25.5941	37.842	0	0.756183	-0.65436	0	None	None
ChainingRodShaped	5148	2.08628	0.5	37.8441	28.7604	0	0.0421356	0.999112	0	None	None
ChainingRodShaped	5150	2.14427	0.5	-13.5878	26.6964	0	-0.0572571	-0.998359	0	None	None
ChainingRodShaped	5152	2.16041	0.5	-19.3999	45.3034	0	0.295512	0.955339	0	None	None
ChainingRodShaped	5154	2.06204	0.5	-30.869	19.7109	0	0.747551	0.664205	0	None	None
ChainingRodShaped	5156	2.07837	0.5	-16.6372	12.7586	0	-0.541268	-0.84085	0	None	None
ChainingRodShaped	5158	2.10072	0.5	-5.67001	57.8942	0	0.170629	-0.985335	0	None	None
ChainingRodShaped	5160	2.11861	0.5	16.7769	57.4754	0	-0.44534	-0.895362	0	None	None
ChainingRodShaped	5162	2.10073	0.5	21.4521	40.3479	0	-0.80094	0.598745	0	None	None
ChainingRodShaped	5164	2.1162	0.5	26.0346	30.5832	0	-0.492345	0.8704	0	None	None
ChainingRodShaped	5166	2.063	0.5	-5.69876	21.296	0	-0.72125	-0.692675	0	None	None
ChainingRodShaped	5168	2.03812	0.5	-1.40148	32.4533	0	-0.222961	-0.974827	0	None	None
ChainingRodShaped	5170	2.02412	0.5	27.9688	29.4075	0	-0.590151	0.807293	0	None	None
ChainingRodShaped	5172	2.0278	0.5	-2.76027	51.6423	0	0.159573	-0.987186	0	None	None
ChainingRodShaped	5174	2.00552	0.5	-27.3725	21.3395	0	0.769196	0.639013	0	None	None
