cell_type	cell_id	length	radius	pos_x	pos_y	pos_z	ori_x	ori_y	ori_z	lower_link	upper_link
ChainingRodShaped	4860	2.22309	0.5	19.1837	25.2891	0	-0.185623	-0.982621	0	4861	None
ChainingRodShaped	4672	4.75114	0.5	-21.96	31.0793	0	0.981848	0.189671	0	None	None
ChainingRodShaped	4680	3.39239	0.5	13.3224	33.0328	0	-0.0344813	-0.999405	0	None	None
ChainingRodShaped	4834	2.79806	0.5	-40.2533	46.6146	0	0.71583	-0.698274	0	None	None
ChainingRodShaped	4598	4.27524	0.5	-3.67305	41.7426	0	0.951129	-0.308794	0	4599	None
ChainingRodShaped	4762	4.09916	0.5	-13.4675	31.1799	0	0.869063	0.494701	0	None	None
ChainingRodShaped	4442	4.8858	0.5	-23.9838	39.7986	0	0.762801	0.646633	0	4940	None
ChainingRodShaped	4712	4.34362	0.5	12.2944	27.417	0	-0.987256	-0.159143	0	None	None
ChainingRodShaped	4936	2.09579	0.5	-17.3971	42.826	0	0.807061	0.590469	0	4937	None
ChainingRodShaped	4768	2.59479	0.5	15.2764	41.6708	0	-0.286173	-0.958178	0	4769	None
ChainingRodShaped	4582	4.05498	0.5	-30.7912	40.9041	0	0.716113	0.697984	0	4583	None
ChainingRodShaped	4828	2.70846	0.5	-17.6498	31.8969	0	0.802524	0.59662	0	None	None
ChainingRodShaped	4744	3.60772	0.5	11.3313	22.8511	0	0.508641	-0.860979	0	None	None
ChainingRodShaped	4708	4.55023	0.5	-9.26309	48.6711	0	0.0195832	-0.999808	0	None	None
ChainingRodShaped	4586	4.36437	0.5	3.05988	28.5132	0	0.847108	0.53142	0	4587	None
ChainingRodShaped	4800	2.75664	0.5	-24.4765	40.8827	0	0.68431	0.729192	0	None	None
ChainingRodShaped	4864	2.53878	0.5	12.9701	39.9732	0	0.908443	-0.418009	0	None	None
ChainingRodShaped	4574	4.9746	0.5	40.8357	38.3115	0	0.873708	0.486451	0	4575	None
ChainingRodShaped	4924	2.10252	0.5	-10.7765	27.4924	0	0.135586	-0.990766	0	None	None
ChainingRodShaped	4786	2.71704	0.5	-2.2793	31.7196	0	-0.3827	-0.923873	0	4787	None
ChainingRodShaped	4558	3.60476	0.5	-5.86553	13.6293	0	0.419588	-0.907715	0	4858	None
ChainingRodShaped	4656	3.99997	0.5	8.85334	55.4609	0	-0.324557	0.945866	0	4657	None
ChainingRodShaped	4932	2.09199	0.5	-0.183955	39.6613	0	0.479609	0.877482	0	4933	None
ChainingRodShaped	4910	2.27541	0.5	-16.6417	33.7769	0	0.941885	-0.335936	0	None	None
ChainingRodShaped	4406	4.41186	0.5	-9.6326	29.9599	0	-0.103874	0.994591	0	4407	None
ChainingRodShaped	4730	4.97306	0.5	-23.4993	48.5684	0	0.881249	-0.472652	0	None	None
ChainingRodShaped	4488	4.90076	0.5	-26.2819	44.5441	0	0.408314	-0.912841	0	None	None
ChainingRodShaped	4400	4.40518	0.5	3.65182	52.8281	0	-0.247293	0.968941	0	4538	None
ChainingRodShaped	4676	4.9232	0.5	18.5513	23.2097	0	-0.999997	-0.00260589	0	None	None
ChainingRodShaped	4682	4.68729	0.5	29.5762	49.3537	0	-0.89053	0.454924	0	None	None
ChainingRodShaped	4556	3.52867	0.5	-6.19914	20.217	0	-0.989314	0.145799	0	4840	None
ChainingRodShaped	4770	3.40055	0.5	36.1976	40.5394	0	0.940225	0.340554	0	None	None
ChainingRodShaped	4706	3.29947	0.5	22.9836	32.1349	0	-0.102283	0.994755	0	None	None
ChainingRodShaped	4738	4.76892	0.5	33.0135	41.8531	0	0.970723	-0.2402	0	None	None
ChainingRodShaped	4696	3.41958	0.5	11.626	30.2045	0	0.223174	-0.974779	0	None	None
ChainingRodShaped	4610	3.5477	0.5	16.1441	40.3768	0	-0.62086	-0.783921	0	4611	None
ChainingRodShaped	4670	4.89721	0.5	4.78658	20.6818	0	-0.968227	0.250074	0	None	None
ChainingRodShaped	4892	2.28407	0.5	16.892	43.494	0	-0.328094	-0.944645	0	4893	None
ChainingRodShaped	4920	2.14568	0.5	34.3761	54.0538	0	-0.660941	0.750438	0	4921	None
ChainingRodShaped	4674	3.85287	0.5	-0.519494	24.4755	0	-0.806353	-0.591434	0	4675	None
ChainingRodShaped	4662	3.48718	0.5	6.64062	31.8586	0	0.882861	0.469633	0	4663	None
ChainingRodShaped	4562	4.37081	0.5	-26.8969	20.2023	0	-0.908258	-0.418411	0	4563	None
ChainingRodShaped	4814	2.76046	0.5	-29.4806	46.9838	0	0.868157	-0.49629	0	None	None
ChainingRodShaped	4796	3.41488	0.5	-19.6728	48.6471	0	-0.849215	0.528047	0	None	None
ChainingRodShaped	4542	3.50637	0.5	-2.97652	28.6521	0	-0.621022	-0.783793	0	4856	None
ChainingRodShaped	4726	4.73334	0.5	27.6257	46.5346	0	0.887271	-0.461248	0	None	None
ChainingRodShaped	4362	4.62739	0.5	2.4578	50.0231	0	0.585794	-0.81046	0	4698	None
ChainingRodShaped	4620	4.36989	0.5	15.2834	33.0369	0	-0.479081	-0.877771	0	4621	None
ChainingRodShaped	4608	4.2893	0.5	16.1349	15.3318	0	0.63154	-0.775344	0	None	None
ChainingRodShaped	4618	4.10181	0.5	26.2793	32.5152	0	-0.890622	-0.454744	0	None	None
ChainingRodShaped	4554	4.19976	0.5	-38.939	37.1359	0	0.459838	-0.888003	0	4555	None
ChainingRodShaped	4866	2.70561	0.5	-12.2243	47.8869	0	0.918217	-0.396079	0	None	None
ChainingRodShaped	4526	4.66528	0.5	-12.2084	46.8044	0	0.919293	-0.393573	0	4808	None
ChainingRodShaped	4348	4.77389	0.5	-12.4258	23.2957	0	-0.0169801	0.999856	0	4349	None
ChainingRodShaped	4898	2.22957	0.5	46.7964	36.518	0	0.661489	-0.749955	0	4899	None
ChainingRodShaped	4820	2.99445	0.5	-14.6143	35.4963	0	-0.75031	-0.661087	0	None	None
ChainingRodShaped	4838	2.79043	0.5	-6.37367	46.1589	0	-0.942487	-0.334244	0	None	None
ChainingRodShaped	4584	3.7359	0.5	-44.6536	52.353	0	-0.861516	0.507731	0	4912	None
ChainingRodShaped	4532	4.36797	0.5	34.357	45.4801	0	0.178578	-0.983926	0	4533	None
ChainingRodShaped	4888	2.43213	0.5	1.21953	21.2569	0	-0.528182	-0.849131	0	None	None
ChainingRodShaped	4648	3.10872	0.5	-25.6892	32.7688	0	0.98107	0.193655	0	4649	None
ChainingRodShaped	4642	3.75845	0.5	-34.7636	30.9684	0	0.980684	0.1956	0	4643	4649
ChainingRodShaped	4934	2.12293	0.5	4.25416	22.6253	0	-0.860768	-0.508998	0	None	None
ChainingRodShaped	4600	3.56517	0.5	32.5705	55.3593	0	0.177039	-0.984204	0	4601	4533
ChainingRodShaped	4832	2.60925	0.5	-35.6304	47.0735	0	-0.865425	0.501039	0	4833	4913
ChainingRodShaped	4756	3.82771	0.5	-7.58526	41.8262	0	-0.926362	0.376635	0	None	None
ChainingRodShaped	4700	4.95179	0.5	-16.0122	37.2253	0	-0.26804	-0.963408	0	None	None
ChainingRodShaped	4690	3.75314	0.5	38.2139	46.2425	0	0.661588	-0.749868	0	4691	4535
ChainingRodShaped	4349	4.52606	0.5	-12.33	17.6471	0	-0.0169171	0.999857	0	None	4348
ChainingRodShaped	4351	4.84488	0.5	-23.972	51.8667	0	0.918012	-0.396553	0	None	4809
ChainingRodShaped	4752	3.40838	0.5	-11.2648	49.349	0	0.604902	-0.7963	0	None	None
ChainingRodShaped	4634	4.54848	0.5	-44.0284	46.9412	0	0.461763	-0.887003	0	4635	4555
ChainingRodShaped	4512	4.9605	0.5	25.4211	37.6336	0	0.105649	-0.994404	0	None	None
ChainingRodShaped	4754	3.76127	0.5	17.0163	19.3664	0	0.512073	-0.858942	0	None	None
ChainingRodShaped	4612	3.91113	0.5	19.6373	41.0725	0	-0.473573	-0.880754	0	4613	4621
ChainingRodShaped	4698	3.28776	0.5	-0.445137	54.0402	0	0.585618	-0.810587	0	4699	4362
ChainingRodShaped	4660	3.90077	0.5	25.3971	52.7062	0	-0.99992	-0.0126568	0	None	None
ChainingRodShaped	4367	4.76366	0.5	4.22985	37.7681	0	-0.619478	-0.785014	0	None	4857
ChainingRodShaped	4692	4.76305	0.5	-15.0983	46.5169	0	-0.950546	0.310584	0	None	None
ChainingRodShaped	4880	2.56206	0.5	-32.5684	48.7918	0	0.953192	-0.302366	0	None	None
ChainingRodShaped	4862	2.30769	0.5	-18.5898	24.03	0	-0.908161	-0.418622	0	4863	4563
ChainingRodShaped	4644	3.70542	0.5	-2.02186	27.2466	0	0.882471	0.470368	0	4645	4663
ChainingRodShaped	4836	2.60535	0.5	7.12298	30.0804	0	-0.806446	-0.591308	0	4837	4675
ChainingRodShaped	4616	3.46781	0.5	41.7424	45.6995	0	-0.661748	0.749727	0	4617	4577
ChainingRodShaped	4568	3.53141	0.5	20.6846	54.4139	0	-0.328084	-0.944649	0	4569	4567
ChainingRodShaped	4816	3.43385	0.5	10.2956	22.2496	0	-0.403239	0.915095	0	None	None
ChainingRodShaped	4764	3.2712	0.5	21.5682	47.2345	0	-0.620245	-0.784408	0	4765	4611
ChainingRodShaped	4944	2.00588	0.5	8.60238	33.6187	0	0.762005	-0.647571	0	None	None
ChainingRodShaped	4668	3.83385	0.5	29.0334	43.6182	0	0.777168	0.629294	0	None	None
ChainingRodShaped	4818	2.7146	0.5	26.7496	31.6445	0	-0.889653	-0.456638	0	None	None
ChainingRodShaped	4654	3.549	0.5	32.9686	38.2253	0	0.915361	0.402634	0	None	None
ChainingRodShaped	4734	2.75597	0.5	4.68369	18.6042	0	-0.989048	0.147591	0	4735	4841
ChainingRodShaped	4844	2.75694	0.5	29.1557	47.6276	0	-0.543529	0.83939	0	None	None
ChainingRodShaped	4684	4.83739	0.5	22.0389	27.825	0	-0.0645112	-0.997917	0	None	None
ChainingRodShaped	4538	3.5007	0.5	4.87529	48.0299	0	-0.246801	0.969066	0	4539	4400
ChainingRodShaped	4874	2.32032	0.5	-27.8953	47.818	0	-0.998168	0.0605093	0	None	None
ChainingRodShaped	4636	4.32216	0.5	-26.936	51.2024	0	0.161573	-0.986861	0	None	None
ChainingRodShaped	4407	4.57944	0.5	-9.06005	24.4962	0	-0.104571	0.994517	0	None	4406
ChainingRodShaped	4788	3.12506	0.5	-20.2176	32.6028	0	0.992785	-0.119911	0	None	None
ChainingRodShaped	4578	4.91639	0.5	-3.80294	33.0416	0	0.479683	0.877442	0	4894	4933
ChainingRodShaped	4758	2.98056	0.5	12.0428	46.1616	0	-0.324155	0.946004	0	4759	4657
ChainingRodShaped	4806	2.73665	0.5	-10.3632	23.4295	0	0.412809	-0.910817	0	4807	4859
ChainingRodShaped	4868	2.41047	0.5	2.30158	42.8428	0	-0.378119	-0.925757	0	4869	4529
ChainingRodShaped	4772	2.96201	0.5	-14.5208	32.8782	0	-0.850996	-0.525172	0	None	None
ChainingRodShaped	4812	2.38113	0.5	32.2381	33.5216	0	0.873421	0.486967	0	4813	4575
ChainingRodShaped	4830	2.95809	0.5	7.90975	40.5788	0	0.974082	0.226196	0	None	None
ChainingRodShaped	4908	2.31638	0.5	-28.3752	45.182	0	0.860772	-0.508991	0	None	None
ChainingRodShaped	4427	4.70584	0.5	-6.321	22.6297	0	0.847244	0.531204	0	None	4587
ChainingRodShaped	4760	4.28832	0.5	-4.79112	47.7802	0	-0.9411	-0.338127	0	None	None
ChainingRodShaped	4716	4.75613	0.5	12.0586	26.2655	0	-0.979094	-0.203408	0	None	None
ChainingRodShaped	4604	4.56468	0.5	-19.9675	27.6177	0	0.826941	0.562288	0	None	None
ChainingRodShaped	4588	4.07358	0.5	-38.0161	33.8653	0	0.716859	0.697218	0	4589	4583
ChainingRodShaped	4437	4.72798	0.5	17.744	49.8997	0	-0.287776	-0.957698	0	None	4769
ChainingRodShaped	4694	4.07774	0.5	-23.1704	38.6058	0	0.807447	0.58994	0	4695	4937
ChainingRodShaped	4714	3.28934	0.5	16.1133	31.4207	0	-0.766144	-0.642669	0	None	None
ChainingRodShaped	4940	2.02468	0.5	-27.3822	36.918	0	0.762899	0.646518	0	4941	4442
ChainingRodShaped	4854	2.80474	0.5	-13.4928	28.0462	0	0.534568	0.845125	0	None	None
ChainingRodShaped	4780	2.59005	0.5	-12.8363	44.7273	0	0.950409	-0.311003	0	4781	4599
ChainingRodShaped	4750	4.34149	0.5	-39.254	51.0826	0	-0.972956	0.230993	0	None	None
ChainingRodShaped	4592	4.6258	0.5	16.8044	39.6178	0	0.620445	0.78425	0	None	None
ChainingRodShaped	4902	2.29303	0.5	-24.577	28.4853	0	0.942017	-0.335566	0	None	None
ChainingRodShaped	4742	2.95909	0.5	21.8669	39.4351	0	-0.188795	-0.982017	0	4743	4811
ChainingRodShaped	4776	3.86887	0.5	35.3354	45.662	0	-0.178121	0.984009	0	None	None
ChainingRodShaped	4746	3.76598	0.5	10.7059	43.6036	0	0.818069	-0.57512	0	None	None
ChainingRodShaped	4720	4.52057	0.5	-15.1442	52.415	0	0.64142	-0.76719	0	None	None
ChainingRodShaped	4778	2.75459	0.5	12.3341	33.1405	0	-0.0344017	-0.999408	0	None	None
ChainingRodShaped	4740	4.38816	0.5	26.2335	29.7658	0	-0.953322	0.301955	0	None	None
ChainingRodShaped	4782	2.95516	0.5	-28.94	44.3638	0	0.864223	-0.503108	0	None	None
ChainingRodShaped	4710	4.6179	0.5	-19.7805	34.1872	0	0.870615	-0.491965	0	None	None
ChainingRodShaped	4794	3.2358	0.5	-43.5899	52.943	0	-0.872415	0.488765	0	None	None
ChainingRodShaped	4916	2.1435	0.5	-24.2669	31.7347	0	0.983481	0.181011	0	None	None
ChainingRodShaped	4626	4.56521	0.5	29.2537	51.3688	0	-0.999676	0.0254371	0	None	None
ChainingRodShaped	4884	2.42995	0.5	-31.1517	27.9076	0	0.925163	-0.379571	0	None	None
ChainingRodShaped	4732	3.82793	0.5	-0.978315	40.2616	0	0.484203	0.874956	0	None	None
ChainingRodShaped	4842	3.15519	0.5	15.941	19.1651	0	0.493603	-0.869687	0	None	None
ChainingRodShaped	4728	3.20375	0.5	-1.91046	50.6688	0	-0.991355	-0.131209	0	None	None
ChainingRodShaped	4942	2.02298	0.5	32.6818	39.8882	0	0.969312	-0.245835	0	None	None
ChainingRodShaped	4784	3.35893	0.5	13.0294	37.7739	0	0.911629	-0.411015	0	None	None
ChainingRodShaped	4926	2.08197	0.5	-24.9588	45.182	0	-0.782021	0.623252	0	None	None
ChainingRodShaped	4666	3.57399	0.5	24.5781	34.5535	0	0.00791857	-0.999969	0	None	None
ChainingRodShaped	4664	4.84275	0.5	29.723	37.5448	0	0.777268	-0.62917	0	None	None
ChainingRodShaped	4826	3.36058	0.5	-13.777	49.638	0	0.919067	-0.3941	0	None	None
ChainingRodShaped	4798	3.66844	0.5	-13.1712	34.88	0	-0.852809	-0.522223	0	None	None
ChainingRodShaped	4638	4.79139	0.5	9.40199	21.6294	0	-0.447118	0.894475	0	None	None
ChainingRodShaped	4501	4.72336	0.5	29.1086	56.4265	0	-0.218289	-0.975884	0	None	None
ChainingRodShaped	4724	4.05727	0.5	-34.7471	52.9677	0	-0.0132644	-0.999912	0	None	None
ChainingRodShaped	4505	4.7134	0.5	-38.6271	55.9164	0	-0.471457	-0.881889	0	None	None
ChainingRodShaped	4630	3.70286	0.5	-18.7531	29.6511	0	0.8256	0.564256	0	None	None
ChainingRodShaped	4878	2.54489	0.5	7.1075	26.5292	0	-0.851692	-0.524042	0	None	None
ChainingRodShaped	4774	2.88961	0.5	-25.3967	54.8681	0	-0.968759	-0.248005	0	None	None
ChainingRodShaped	4702	4.55669	0.5	24.1474	39.4739	0	-0.0339611	-0.999423	0	None	None
ChainingRodShaped	4515	4.60796	0.5	-16.2733	40.5508	0	-0.20627	-0.978495	0	None	None
ChainingRodShaped	4658	3.82609	0.5	-13.7711	37.5445	0	-0.765544	-0.643384	0	None	None
ChainingRodShaped	4914	2.22506	0.5	14.0246	28.9678	0	-0.92255	-0.385878	0	None	None
ChainingRodShaped	4824	3.35537	0.5	12.8064	25.4054	0	-0.978797	-0.20483	0	None	None
ChainingRodShaped	4523	4.64367	0.5	31.8019	46.3524	0	-0.722278	0.691603	0	None	None
ChainingRodShaped	4722	4.18405	0.5	-6.29414	51.4066	0	-0.96481	-0.262949	0	None	None
ChainingRodShaped	4808	2.6223	0.5	-16.4748	48.6339	0	0.91871	-0.394932	0	4809	4526
ChainingRodShaped	4529	3.90983	0.5	0.724653	38.9965	0	-0.380224	-0.924894	0	4868	4787
ChainingRodShaped	4810	2.93413	0.5	20.4438	31.9665	0	-0.185651	-0.982616	0	4811	4861
ChainingRodShaped	4533	4.07614	0.5	33.4261	50.6168	0	0.17802	-0.984027	0	4600	4532
ChainingRodShaped	4535	4.8389	0.5	41.7176	42.2731	0	0.661895	-0.749596	0	4690	4899
ChainingRodShaped	4686	4.59411	0.5	-6.60289	38.4944	0	-0.422347	0.906434	0	None	None
ChainingRodShaped	4539	4.21586	0.5	6.07229	43.3233	0	-0.246224	0.969213	0	None	4538
ChainingRodShaped	4846	2.40939	0.5	14.8497	23.7741	0	-0.930724	-0.365723	0	None	None
ChainingRodShaped	4856	2.24959	0.5	-0.570299	31.6911	0	-0.620411	-0.784277	0	4857	4542
ChainingRodShaped	4736	3.89747	0.5	-13.1375	32.5086	0	-0.866429	-0.499301	0	None	None
ChainingRodShaped	4748	4.15668	0.5	-14.4576	28.3649	0	0.53657	0.843856	0	None	None
ChainingRodShaped	4549	4.81143	0.5	4.28329	43.2847	0	-0.104762	-0.994497	0	None	None
ChainingRodShaped	4848	2.31535	0.5	-29.3173	43.437	0	-0.867316	0.497758	0	4849	4833
ChainingRodShaped	4553	4.42502	0.5	25.9156	43.2089	0	0.413922	-0.910312	0	None	None
ChainingRodShaped	4555	4.67903	0.5	-41.4408	41.9624	0	0.460559	-0.887629	0	4634	4554
ChainingRodShaped	4840	2.39839	0.5	-2.28284	19.6391	0	-0.989246	0.146259	0	4841	4556
ChainingRodShaped	4858	2.35076	0.5	-7.53257	17.2395	0	0.418663	-0.908142	0	4859	4558
ChainingRodShaped	4802	3.48301	0.5	13.2977	18.8438	0	-0.23192	0.972735	0	None	None
ChainingRodShaped	4563	3.80982	0.5	-22.2746	22.3319	0	-0.90823	-0.418471	0	4862	4562
ChainingRodShaped	4872	2.4885	0.5	-34.2151	48.2698	0	0.954041	-0.299676	0	None	None
ChainingRodShaped	4567	3.4662	0.5	19.2092	50.1656	0	-0.328085	-0.944648	0	4568	4893
ChainingRodShaped	4569	3.89522	0.5	22.2306	58.8653	0	-0.328084	-0.944649	0	None	4568
ChainingRodShaped	4766	4.19673	0.5	-16.7619	44.6871	0	-0.876627	0.481171	0	None	None
ChainingRodShaped	4718	3.37835	0.5	5.23139	34.7271	0	0.598742	-0.800942	0	None	None
ChainingRodShaped	4575	4.16845	0.5	35.9702	35.6016	0	0.873547	0.48674	0	4812	4574
ChainingRodShaped	4577	3.18535	0.5	38.8807	48.9427	0	-0.661473	0.749969	0	4616	4921
ChainingRodShaped	4894	2.24104	0.5	-5.99787	29.0253	0	0.479336	0.877631	0	4895	4578
ChainingRodShaped	4890	2.48449	0.5	11.8764	37.2075	0	0.914046	-0.405609	0	None	None
ChainingRodShaped	4583	4.02724	0.5	-34.3992	37.3871	0	0.716068	0.69803	0	4588	4582
ChainingRodShaped	4912	2.1066	0.5	-41.2762	50.3653	0	-0.862335	0.506339	0	4913	4584
ChainingRodShaped	4587	4.53985	0.5	-1.5581	25.6165	0	0.847161	0.531337	0	4427	4586
ChainingRodShaped	4589	3.91741	0.5	-41.5972	30.3844	0	0.71728	0.696785	0	None	4588
ChainingRodShaped	4591	4.30351	0.5	8.82607	42.4273	0	0.83614	-0.548516	0	None	None
ChainingRodShaped	4593	4.86346	0.5	12.2545	39.2085	0	0.909505	-0.415692	0	None	None
ChainingRodShaped	4900	2.47979	0.5	32.8588	42.9122	0	-0.97094	0.239322	0	None	None
ChainingRodShaped	4597	4.54109	0.5	-29.7297	40.128	0	0.802758	0.596305	0	None	None
ChainingRodShaped	4599	4.20965	0.5	-8.65568	43.3629	0	0.950827	-0.309722	0	4780	4598
ChainingRodShaped	4601	4.89605	0.5	31.6461	60.5063	0	0.176567	-0.984289	0	None	4600
ChainingRodShaped	4603	4.12854	0.5	31.7613	31.1902	0	-0.993701	-0.11206	0	None	None
ChainingRodShaped	4922	2.09502	0.5	-21.3171	25.4942	0	0.851118	0.524974	0	None	None
ChainingRodShaped	4607	3.8695	0.5	-9.48403	39.4833	0	-0.549679	-0.835376	0	None	None
ChainingRodShaped	4609	4.46342	0.5	14.7915	19.1683	0	0.489017	-0.872274	0	None	None
ChainingRodShaped	4611	3.34024	0.5	18.8997	43.8592	0	-0.620168	-0.784469	0	4764	4610
ChainingRodShaped	4613	4.60079	0.5	22.124	45.701	0	-0.473035	-0.881044	0	None	4612
ChainingRodShaped	4615	4.46049	0.5	-25.8802	34.0065	0	0.999548	0.0300565	0	None	None
ChainingRodShaped	4617	4.35912	0.5	44.9935	42.0168	0	-0.661866	0.749623	0	None	4616
ChainingRodShaped	4790	2.79409	0.5	27.2069	34.0988	0	-0.891755	-0.452518	0	None	None
ChainingRodShaped	4621	3.00289	0.5	17.5222	37.1517	0	-0.476335	-0.879264	0	4612	4620
ChainingRodShaped	4804	3.67031	0.5	-33.7656	52.0057	0	-0.0142559	-0.999898	0	None	None
ChainingRodShaped	4792	2.68667	0.5	-28.5692	28.124	0	0.968135	-0.25043	0	None	None
ChainingRodShaped	4627	4.37876	0.5	29.8217	53.946	0	-0.702556	-0.711629	0	None	None
ChainingRodShaped	4822	2.51494	0.5	-28.5435	30.1792	0	0.966882	-0.255225	0	None	None
ChainingRodShaped	4938	2.04217	0.5	-21.9442	27.7396	0	0.661788	0.749691	0	None	None
ChainingRodShaped	4633	3.85077	0.5	-31.5333	51.6055	0	0.634303	-0.773084	0	None	None
ChainingRodShaped	4635	3.17603	0.5	-46.2747	51.2517	0	0.462618	-0.886558	0	None	4634
ChainingRodShaped	4637	3.84618	0.5	-23.8949	54.2207	0	-0.968163	-0.250321	0	None	None
ChainingRodShaped	4639	4.12277	0.5	11.2158	16.7623	0	0.0302422	0.999543	0	None	None
ChainingRodShaped	4641	4.14061	0.5	7.47996	25.5809	0	-0.855134	-0.518407	0	None	None
ChainingRodShaped	4643	3.30339	0.5	-39.2055	30.081	0	0.980559	0.196224	0	None	4642
ChainingRodShaped	4645	3.95038	0.5	-6.28007	24.9763	0	0.882355	0.470584	0	None	4644
ChainingRodShaped	4882	2.54794	0.5	-5.10179	44.5888	0	-0.898237	0.439512	0	None	None
ChainingRodShaped	4649	3.81986	0.5	-30.0677	31.9024	0	0.980895	0.194538	0	4642	4648
ChainingRodShaped	4651	4.20147	0.5	-21.2837	46.2116	0	-0.824129	-0.566402	0	None	None
ChainingRodShaped	4918	2.22803	0.5	-14.5173	22.7338	0	0.991767	0.128058	0	None	None
ChainingRodShaped	4930	2.18344	0.5	31.1742	39.2383	0	0.971934	-0.235253	0	None	None
ChainingRodShaped	4657	4.34489	0.5	10.5313	50.5699	0	-0.32447	0.945896	0	4758	4656
ChainingRodShaped	4659	4.3329	0.5	-12.4098	41.6895	0	0.288687	-0.957424	0	None	None
ChainingRodShaped	4852	2.56465	0.5	26.2105	53.8562	0	-0.992098	-0.125462	0	None	None
ChainingRodShaped	4663	4.22148	0.5	2.35684	29.579	0	0.882718	0.469904	0	4644	4662
ChainingRodShaped	4876	2.4025	0.5	26.2367	39.3261	0	0.106562	-0.994306	0	None	None
ChainingRodShaped	4870	2.57974	0.5	23.2387	36.4629	0	0.262672	-0.964885	0	None	None
ChainingRodShaped	4850	3.04155	0.5	26.584	44.7046	0	0.268989	-0.963143	0	None	None
ChainingRodShaped	4928	2.0963	0.5	6.65627	21.7675	0	-0.76621	0.64259	0	None	None
ChainingRodShaped	4673	4.60553	0.5	-24.5156	29.637	0	0.916264	-0.400574	0	None	None
ChainingRodShaped	4675	4.25107	0.5	3.55333	27.4627	0	-0.806378	-0.5914	0	4836	4674
ChainingRodShaped	4677	3.68246	0.5	20.6571	26.4051	0	-0.052224	-0.998635	0	None	None
ChainingRodShaped	4896	2.49106	0.5	3.81133	23.9082	0	-0.694749	-0.719252	0	None	None
ChainingRodShaped	4886	2.24173	0.5	14.8593	34.317	0	-0.481281	-0.876566	0	None	None
ChainingRodShaped	4683	4.24485	0.5	32.6489	48.4469	0	-0.253176	0.96742	0	None	None
ChainingRodShaped	4904	2.14252	0.5	21.1969	30.2487	0	-0.125611	-0.99208	0	None	None
ChainingRodShaped	4687	3.35934	0.5	-5.14336	34.7208	0	0.313559	0.949569	0	None	None
ChainingRodShaped	4689	4.54206	0.5	19.2355	33.7626	0	-0.326256	-0.945281	0	None	None
ChainingRodShaped	4691	2.81355	0.5	35.3814	49.4541	0	0.661287	-0.750133	0	None	4690
ChainingRodShaped	4693	3.33683	0.5	-10.3065	44.9412	0	-0.950403	0.31102	0	None	None
ChainingRodShaped	4695	3.19301	0.5	-26.9119	35.8718	0	0.807366	0.590052	0	None	4694
ChainingRodShaped	4906	2.37443	0.5	10.2096	34.3172	0	0.981272	-0.192627	0	None	None
ChainingRodShaped	4699	2.88844	0.5	-2.83858	57.3534	0	0.585549	-0.810637	0	None	4698
ChainingRodShaped	4701	4.13564	0.5	-14.4961	40.5594	0	0.161516	-0.98687	0	None	None
ChainingRodShaped	4703	3.7514	0.5	23.7853	44.1751	0	-0.190468	-0.981693	0	None	None
ChainingRodShaped	4705	3.30196	0.5	-9.43853	33.5872	0	-0.845089	-0.534626	0	None	None
ChainingRodShaped	4707	4.58414	0.5	25.7265	28.8835	0	-0.95345	0.301551	0	None	None
ChainingRodShaped	4709	4.51288	0.5	-7.12941	48.4908	0	-0.491359	-0.870957	0	None	None
ChainingRodShaped	4711	3.98027	0.5	-22.8041	36.47	0	0.99544	0.0953863	0	None	None
ChainingRodShaped	4713	4.12393	0.5	16.9552	29.4887	0	-0.829835	-0.558009	0	None	None
ChainingRodShaped	4715	4.08056	0.5	17.6494	34.4644	0	-0.642916	-0.765936	0	None	None
ChainingRodShaped	4717	4.48726	0.5	17.1412	28.4299	0	-0.830651	-0.556794	0	None	None
ChainingRodShaped	4719	3.16933	0.5	5.82887	38.096	0	-0.642108	-0.766614	0	None	None
ChainingRodShaped	4721	4.43049	0.5	-14.9763	55.794	0	0.0695428	-0.997579	0	None	None
ChainingRodShaped	4723	4.13069	0.5	-3.64246	49.3703	0	-0.986702	-0.162537	0	None	None
ChainingRodShaped	4725	3.47481	0.5	-34.8163	57.116	0	-0.424495	-0.90543	0	None	None
ChainingRodShaped	4727	4.24811	0.5	26.9762	49.3015	0	0.489089	-0.872234	0	None	None
ChainingRodShaped	4729	4.92136	0.5	0.945509	47.9326	0	-0.635249	0.772307	0	None	None
ChainingRodShaped	4731	4.36178	0.5	-24.1526	50.4154	0	0.828052	-0.560651	0	None	None
ChainingRodShaped	4733	4.94193	0.5	-3.26048	38.0154	0	0.121104	0.99264	0	None	None
ChainingRodShaped	4735	3.27909	0.5	8.65233	18.011	0	-0.988978	0.148061	0	None	4734
ChainingRodShaped	4737	4.64499	0.5	-8.76654	35.4206	0	-0.796289	-0.604917	0	None	None
ChainingRodShaped	4739	4.43929	0.5	29.5271	42.7489	0	0.776124	0.63058	0	None	None
ChainingRodShaped	4741	3.92609	0.5	29.3109	29.9161	0	-0.96541	0.260735	0	None	None
ChainingRodShaped	4743	3.46589	0.5	22.6651	43.5686	0	-0.190309	-0.981724	0	None	4742
ChainingRodShaped	4745	3.74288	0.5	13.7152	24.3946	0	-0.930774	-0.365595	0	None	None
ChainingRodShaped	4747	3.40659	0.5	7.69907	44.6718	0	0.740174	-0.672415	0	None	None
ChainingRodShaped	4749	3.08242	0.5	-17.8333	25.4779	0	0.908674	0.417506	0	None	None
ChainingRodShaped	4751	3.84619	0.5	-36.987	53.5378	0	-0.213054	-0.97704	0	None	None
ChainingRodShaped	4753	4.49525	0.5	-13.489	53.5921	0	0.216674	-0.976244	0	None	None
ChainingRodShaped	4755	3.03172	0.5	16.2409	22.0075	0	0.882434	-0.470436	0	None	None
ChainingRodShaped	4757	3.28013	0.5	-5.24307	38.6547	0	-0.54216	0.840275	0	None	None
ChainingRodShaped	4759	3.37903	0.5	13.3958	42.2096	0	-0.323647	0.946178	0	None	4758
ChainingRodShaped	4761	3.29042	0.5	-0.616967	47.5155	0	-0.714856	0.699272	0	None	None
ChainingRodShaped	4763	2.95514	0.5	-16.0719	28.0634	0	0.650838	0.759217	0	None	None
ChainingRodShaped	4765	3.08859	0.5	24.1608	50.51	0	-0.62102	-0.783795	0	None	4764
ChainingRodShaped	4767	4.23875	0.5	-13.6195	41.35	0	-0.163096	0.98661	0	None	None
ChainingRodShaped	4769	2.93069	0.5	16.3553	45.2749	0	-0.287307	-0.957839	0	4437	4768
ChainingRodShaped	4771	4.11126	0.5	31.8172	41.1294	0	0.970266	-0.242041	0	None	None
ChainingRodShaped	4773	3.66435	0.5	-10.8711	35.1466	0	-0.818679	-0.574251	0	None	None
ChainingRodShaped	4775	3.27375	0.5	-22.9252	57.1157	0	-0.823483	-0.56734	0	None	None
ChainingRodShaped	4777	3.66772	0.5	37.5504	43.2928	0	-0.570729	0.821138	0	None	None
ChainingRodShaped	4779	4.12934	0.5	12.9186	35.6719	0	-0.97195	-0.235187	0	None	None
ChainingRodShaped	4781	2.78114	0.5	-16.3376	45.8739	0	0.950275	-0.311413	0	None	4780
ChainingRodShaped	4783	2.85602	0.5	-32.3218	46.3119	0	0.867626	-0.497218	0	None	None
ChainingRodShaped	4785	2.86643	0.5	9.20525	39.2052	0	0.9728	-0.231647	0	None	None
ChainingRodShaped	4787	2.56303	0.5	-0.888258	35.0817	0	-0.381878	-0.924213	0	4529	4786
ChainingRodShaped	4789	3.4619	0.5	-22.4303	34.5272	0	0.87485	-0.484395	0	None	None
ChainingRodShaped	4791	3.34308	0.5	27.0145	36.5423	0	-0.224066	-0.974574	0	None	None
ChainingRodShaped	4793	2.94231	0.5	-31.2051	29.4076	0	0.999278	0.038004	0	None	None
ChainingRodShaped	4795	3.33223	0.5	-39.8326	52.8428	0	-0.999724	0.0234729	0	None	None
ChainingRodShaped	4797	3.57353	0.5	-19.4247	44.3642	0	-0.128334	0.991731	0	None	None
ChainingRodShaped	4799	2.82326	0.5	-9.71319	37.1248	0	-0.940832	-0.338873	0	None	None
ChainingRodShaped	4801	3.23912	0.5	-28.2237	39.9653	0	0.814301	0.580442	0	None	None
ChainingRodShaped	4803	3.20623	0.5	13.205	15.3413	0	-0.626348	0.779544	0	None	None
ChainingRodShaped	4805	2.97089	0.5	-33.2996	55.4764	0	0.359506	-0.933143	0	None	None
ChainingRodShaped	4807	2.58816	0.5	-11.8711	26.7636	0	0.41145	-0.911432	0	None	4806
ChainingRodShaped	4809	2.4341	0.5	-19.7138	50.0284	0	0.918258	-0.395983	0	4351	4808
ChainingRodShaped	4811	2.66345	0.5	21.1511	35.6951	0	-0.187137	-0.982334	0	4742	4810
ChainingRodShaped	4813	2.48176	0.5	29.2427	31.8514	0	0.87339	0.487021	0	None	4812
ChainingRodShaped	4815	3.04921	0.5	-31.5745	49.8251	0	0.796243	-0.604977	0	None	None
ChainingRodShaped	4817	2.9361	0.5	12.2621	18.9285	0	-0.230158	0.973153	0	None	None
ChainingRodShaped	4819	3.45633	0.5	30.2997	33.6478	0	-0.856252	-0.516558	0	None	None
ChainingRodShaped	4821	2.89293	0.5	-11.7785	37.703	0	-0.50155	-0.865129	0	None	None
ChainingRodShaped	4823	2.77628	0.5	-32.0812	30.4858	0	0.980744	0.195298	0	None	None
ChainingRodShaped	4825	2.93271	0.5	16.6092	26.8855	0	-0.82973	-0.558165	0	None	None
ChainingRodShaped	4827	2.71426	0.5	-16.8249	51.5346	0	0.982267	-0.187486	0	None	None
ChainingRodShaped	4829	2.85188	0.5	-20.8189	30.0507	0	0.971571	0.236749	0	None	None
ChainingRodShaped	4831	3.38674	0.5	4.29769	39.8569	0	0.812508	0.582951	0	None	None
ChainingRodShaped	4833	2.8307	0.5	-32.412	45.2158	0	-0.866678	0.498868	0	4848	4832
ChainingRodShaped	4835	2.78658	0.5	-42.8447	49.3673	0	0.714188	-0.699954	0	None	None
ChainingRodShaped	4837	2.81868	0.5	10.1155	32.2743	0	-0.806539	-0.591181	0	None	4836
ChainingRodShaped	4839	2.64485	0.5	-3.59308	45.2533	0	-0.956511	0.291698	0	None	None
ChainingRodShaped	4841	2.47589	0.5	1.11218	19.136	0	-0.98915	0.146908	0	4734	4840
ChainingRodShaped	4843	2.59812	0.5	13.8945	22.1271	0	0.885432	-0.46477	0	None	None
ChainingRodShaped	4845	2.71983	0.5	31.751	45.0306	0	-0.722735	0.691126	0	None	None
ChainingRodShaped	4847	2.98269	0.5	17.5379	26.0932	0	-0.732695	-0.680558	0	None	None
ChainingRodShaped	4849	2.26138	0.5	-26.4675	41.8024	0	-0.867539	0.497369	0	None	4848
ChainingRodShaped	4851	2.72482	0.5	24.5309	47.3853	0	0.478571	-0.878049	0	None	None
ChainingRodShaped	4853	2.82649	0.5	27.7682	56.4035	0	-0.422903	-0.906175	0	None	None
ChainingRodShaped	4855	2.36181	0.5	-13.9961	24.7785	0	0.466364	0.884593	0	None	None
ChainingRodShaped	4857	2.24275	0.5	1.44132	34.2358	0	-0.619891	-0.784688	0	4367	4856
ChainingRodShaped	4859	2.26669	0.5	-8.91307	20.2445	0	0.416137	-0.909302	0	4806	4858
ChainingRodShaped	4861	2.22234	0.5	19.7809	28.4539	0	-0.18525	-0.982691	0	4810	4860
ChainingRodShaped	4863	2.33266	0.5	-15.576	25.4195	0	-0.908078	-0.4188	0	None	4862
ChainingRodShaped	4865	2.66674	0.5	10.9057	42.2519	0	0.819766	-0.572699	0	None	None
ChainingRodShaped	4867	2.30874	0.5	-15.4417	49.2711	0	0.917983	-0.396619	0	None	None
ChainingRodShaped	4869	2.50273	0.5	3.60564	46.0404	0	-0.377193	-0.926135	0	None	4868
ChainingRodShaped	4871	2.69234	0.5	23.1616	40.0212	0	-0.0280429	-0.999607	0	None	None
ChainingRodShaped	4873	2.48672	0.5	-37.4607	49.2776	0	0.864597	-0.502467	0	None	None
ChainingRodShaped	4875	2.63805	0.5	-24.8457	46.421	0	-0.847968	0.530048	0	None	None
ChainingRodShaped	4877	2.43786	0.5	25.0529	42.405	0	0.313252	-0.94967	0	None	None
ChainingRodShaped	4879	2.42375	0.5	9.94604	28.483	0	-0.712686	-0.701483	0	None	None
ChainingRodShaped	4881	2.23442	0.5	-35.5142	50.2806	0	0.692559	-0.721361	0	None	None
ChainingRodShaped	4883	2.25385	0.5	-2.42806	42.6357	0	-0.865967	0.500102	0	None	None
ChainingRodShaped	4885	2.26912	0.5	-34.2986	28.9901	0	0.917707	-0.397257	0	None	None
ChainingRodShaped	4887	2.45269	0.5	16.5024	37.3369	0	-0.482348	-0.87598	0	None	None
ChainingRodShaped	4889	2.52523	0.5	2.59805	24.2877	0	-0.60792	-0.793998	0	None	None
ChainingRodShaped	4891	2.24169	0.5	8.71622	38.2964	0	0.972989	-0.230851	0	None	None
ChainingRodShaped	4893	2.19127	0.5	17.9536	46.5506	0	-0.328089	-0.944647	0	4567	4892
ChainingRodShaped	4895	2.33548	0.5	-7.57285	26.1405	0	0.479074	0.877774	0	None	4894
ChainingRodShaped	4897	2.39306	0.5	5.44462	26.7253	0	-0.636668	-0.771138	0	None	None
ChainingRodShaped	4899	2.1427	0.5	44.6891	38.9069	0	0.661585	-0.74987	0	4535	4898
ChainingRodShaped	4901	2.26345	0.5	36.1387	42.1796	0	-0.984405	0.175916	0	None	None
ChainingRodShaped	4903	2.17091	0.5	-27.6825	28.9246	0	0.968074	-0.250665	0	None	None
ChainingRodShaped	4905	2.24499	0.5	21.7278	33.3896	0	-0.186046	-0.982541	0	None	None
ChainingRodShaped	4907	2.13988	0.5	7.74523	36.0019	0	0.875065	-0.484006	0	None	None
ChainingRodShaped	4909	2.26549	0.5	-31.2073	46.8226	0	0.867415	-0.497585	0	None	None
ChainingRodShaped	4911	2.32459	0.5	-19.3836	35.3473	0	0.945735	-0.32494	0	None	None
ChainingRodShaped	4913	2.18435	0.5	-38.5643	48.7781	0	-0.863776	0.503877	0	4832	4912
ChainingRodShaped	4915	2.16261	0.5	16.7128	30.6347	0	-0.770847	-0.63702	0	None	None
ChainingRodShaped	4917	2.23719	0.5	-27.4093	31.4146	0	0.980913	0.194445	0	None	None
ChainingRodShaped	4919	2.218	0.5	-17.6749	22.7894	0	0.995628	0.0934099	0	None	None
ChainingRodShaped	4921	2.14982	0.5	36.4561	51.6927	0	-0.661154	0.75025	0	4577	4920
ChainingRodShaped	4923	2.20167	0.5	-24.014	23.8757	0	0.848647	0.52896	0	None	None
ChainingRodShaped	4925	2.17684	0.5	-10.8547	30.6173	0	-0.0339219	-0.999424	0	None	None
ChainingRodShaped	4927	2.09682	0.5	-22.2944	43.6752	0	-0.931152	0.36463	0	None	None
ChainingRodShaped	4929	2.17223	0.5	8.93576	19.6285	0	-0.705473	0.708737	0	None	None
ChainingRodShaped	4931	2.08223	0.5	28.1447	40.0031	0	0.969784	-0.243966	0	None	None
ChainingRodShaped	4933	2.0426	0.5	-1.65478	36.9708	0	0.479736	0.877413	0	4578	4932
ChainingRodShaped	4935	2.0756	0.5	6.96849	24.0986	0	-0.850762	-0.525551	0	None	None
ChainingRodShaped	4937	2.06854	0.5	-19.8836	41.0076	0	0.807311	0.590126	0	4694	4936
ChainingRodShaped	4939	2.05466	0.5	-23.946	25.4457	0	0.658932	0.752203	0	None	None
ChainingRodShaped	4941	2.02095	0.5	-29.6881	34.9638	0	0.762879	0.646541	0	None	4940
ChainingRodShaped	4943	2.02395	0.5	29.7558	40.6194	0	0.96948	-0.24517	0	None	None
ChainingRodShaped	4945	2.00475	0.5	6.33638	35.5882	0	0.75214	-0.659003	0	None	None
