cell_type	cell_id	length	radius	pos_x	pos_y	pos_z	ori_x	ori_y	ori_z	lower_link	upper_link
ChainingRodShaped	1338	3.84974	0.5	32.0297	16.7642	0	0.62291	0.782293	0	None	None
ChainingRodShaped	534	4.93942	0.5	6.6101	-51.4506	0	0.426123	-0.904665	0	535	None
ChainingRodShaped	950	3.94541	0.5	-32.6002	57.2773	0	-0.19261	-0.981275	0	951	1175
ChainingRodShaped	1382	2.89124	0.5	34.576	22.2451	0	0.857536	-0.514424	0	None	None
ChainingRodShaped	1926	2.07366	0.5	36.807	33.3407	0	-0.00290661	0.999996	0	None	None
ChainingRodShaped	1350	4.37405	0.5	36.201	39.5631	0	0.381736	-0.924271	0	None	None
ChainingRodShaped	1558	2.60906	0.5	-18.8481	-0.932175	0	0.482089	-0.876122	0	1559	809
ChainingRodShaped	1680	2.38606	0.5	13.3806	18.1669	0	0.437361	-0.899286	0	None	None
ChainingRodShaped	1794	2.28117	0.5	36.3032	29.1275	0	0.24725	0.968952	0	None	None
ChainingRodShaped	1158	3.8424	0.5	19.9007	17.2192	0	0.307388	-0.951584	0	None	None
ChainingRodShaped	1958	2.01538	0.5	-22.459	87.486	0	-0.374734	-0.927132	0	1959	1943
ChainingRodShaped	1632	2.98166	0.5	26.0932	49.4779	0	-0.553984	-0.832528	0	None	None
ChainingRodShaped	1902	2.10946	0.5	36.0711	37.243	0	0.444204	-0.895926	0	None	None
ChainingRodShaped	1808	2.29896	0.5	2.14625	28.7054	0	0.779025	-0.626993	0	None	None
ChainingRodShaped	1646	2.49317	0.5	-32.0176	28.3418	0	0.258549	-0.965998	0	1647	1207
ChainingRodShaped	1420	2.96277	0.5	26.2016	14.8813	0	0.998948	0.0458652	0	None	None
ChainingRodShaped	888	4.72641	0.5	-32.1193	45.1026	0	-0.347425	0.937708	0	None	None
ChainingRodShaped	1896	2.16965	0.5	21.0978	20.706	0	0.0153577	-0.999882	0	None	None
ChainingRodShaped	786	4.10363	0.5	-2.91159	-31.4394	0	0.436822	-0.899548	0	787	683
ChainingRodShaped	1024	3.95941	0.5	34.0454	27.6148	0	-0.00751332	-0.999972	0	None	None
ChainingRodShaped	1150	4.63891	0.5	25.9352	63.0654	0	0.732929	-0.680305	0	None	None
ChainingRodShaped	1764	2.34794	0.5	6.52713	33.7708	0	0.76858	-0.639753	0	None	None
ChainingRodShaped	654	4.76123	0.5	-7.59419	25.6548	0	0.237189	-0.971464	0	None	None
ChainingRodShaped	1304	3.67009	0.5	-16.9219	44.1539	0	-0.588984	-0.808145	0	None	None
ChainingRodShaped	1182	3.65503	0.5	30.8801	54.8115	0	-0.757851	0.652428	0	None	None
ChainingRodShaped	1626	3.00408	0.5	-18.1015	15.7874	0	-0.0108063	-0.999942	0	None	None
ChainingRodShaped	1376	4.2852	0.5	21.2664	60.5613	0	0.528061	0.849206	0	None	None
ChainingRodShaped	1008	3.92985	0.5	11.7357	10.2915	0	0.81938	-0.573251	0	None	None
ChainingRodShaped	1534	3.00026	0.5	-10.8644	27.6305	0	0.769107	-0.639121	0	None	None
ChainingRodShaped	1068	4.02851	0.5	13.1767	27.9792	0	0.725637	-0.688078	0	None	None
ChainingRodShaped	1684	2.61435	0.5	-19.6328	25.7421	0	-0.995989	0.0894776	0	None	None
ChainingRodShaped	1634	3.17895	0.5	-19.5254	40.2932	0	0.281718	-0.959497	0	None	None
ChainingRodShaped	1748	2.5591	0.5	-16.8818	36.3741	0	0.0532081	-0.998583	0	None	None
ChainingRodShaped	1340	4.563	0.5	-11.0508	31.1514	0	0.914197	-0.40527	0	None	None
ChainingRodShaped	1474	3.02679	0.5	19.1938	67.3556	0	0.889532	-0.456873	0	None	None
ChainingRodShaped	400	4.78838	0.5	-13.2496	110.716	0	-0.362505	-0.931982	0	1270	791
ChainingRodShaped	1086	4.84194	0.5	14.3789	22.8475	0	0.392077	-0.919932	0	None	None
ChainingRodShaped	1130	3.73236	0.5	22.4966	44.2261	0	0.698755	-0.715361	0	None	None
ChainingRodShaped	1900	2.0635	0.5	-30.7499	65.0279	0	-0.277157	-0.960825	0	1901	951
ChainingRodShaped	1762	2.71909	0.5	20.6117	18.1362	0	0.316887	-0.948463	0	None	None
ChainingRodShaped	1336	3.15902	0.5	10.7274	7.92578	0	0.939058	-0.343758	0	None	None
ChainingRodShaped	1152	3.68896	0.5	18.2292	20.7559	0	0.0573862	-0.998352	0	None	None
ChainingRodShaped	780	4.72905	0.5	-32.7968	39.9379	0	-0.0599618	0.998201	0	None	None
ChainingRodShaped	1464	2.68394	0.5	-4.40755	48.0843	0	0.652085	-0.758146	0	None	None
ChainingRodShaped	1612	3.1802	0.5	10.6521	60.2158	0	0.996632	-0.0820009	0	None	None
ChainingRodShaped	1904	2.07539	0.5	-8.16593	23.5663	0	0.370138	-0.928977	0	None	None
ChainingRodShaped	1442	3.82529	0.5	-0.958054	68.7204	0	0.925767	-0.378094	0	None	None
ChainingRodShaped	1588	2.56159	0.5	-10.7315	-15.8635	0	0.465305	-0.885151	0	1589	1499
ChainingRodShaped	1118	3.84641	0.5	32.1597	50.5948	0	0.311354	0.950294	0	None	None
ChainingRodShaped	1216	3.82437	0.5	18.9194	14.0106	0	0.972289	0.233783	0	None	None
ChainingRodShaped	464	4.6985	0.5	-33.8999	44.429	0	-0.00769944	-0.99997	0	1174	825
ChainingRodShaped	818	4.95432	0.5	28.0464	24.6637	0	0.545465	-0.838134	0	None	None
ChainingRodShaped	1490	2.93497	0.5	-5.7451	55.8163	0	-0.215132	-0.976585	0	None	None
ChainingRodShaped	1778	2.40136	0.5	-3.17855	10.645	0	0.992811	-0.119693	0	None	None
ChainingRodShaped	1856	2.17765	0.5	-15.9435	48.804	0	0.413846	-0.910347	0	None	None
ChainingRodShaped	1608	3.02093	0.5	19.3601	51.7508	0	0.954963	-0.296724	0	None	None
ChainingRodShaped	1790	2.17807	0.5	-26.6167	13.8997	0	0.429735	-0.902955	0	1791	745
ChainingRodShaped	1156	3.34998	0.5	5.02459	24.6943	0	0.945702	0.325036	0	None	None
ChainingRodShaped	1462	3.91984	0.5	-18.4184	49.6783	0	0.357799	-0.933799	0	None	None
ChainingRodShaped	992	3.92765	0.5	-3.27962	37.462	0	0.0438684	-0.999037	0	None	None
ChainingRodShaped	1898	2.18824	0.5	-21.4506	47.9628	0	0.871927	-0.489636	0	None	None
ChainingRodShaped	1844	2.21597	0.5	19.0542	62.5055	0	0.550923	0.834556	0	None	None
ChainingRodShaped	1422	3.9609	0.5	-1.37458	35.1823	0	-0.532524	-0.846415	0	None	None
ChainingRodShaped	1694	2.96352	0.5	26.6512	36.7168	0	0.986972	-0.160893	0	None	None
ChainingRodShaped	914	3.84819	0.5	13.3156	29.1246	0	0.725523	-0.688198	0	None	None
ChainingRodShaped	1772	2.71118	0.5	-15.8345	27.8262	0	-0.941185	0.337891	0	None	None
ChainingRodShaped	1164	3.76793	0.5	25.3101	11.1208	0	0.882535	0.470246	0	None	None
ChainingRodShaped	676	4.81907	0.5	-19.2318	49.1771	0	0.351467	-0.9362	0	None	None
ChainingRodShaped	1144	3.64853	0.5	10.8844	21.2426	0	0.436336	-0.899784	0	None	None
ChainingRodShaped	832	4.04963	0.5	14.2753	68.4471	0	-0.493805	-0.869573	0	None	None
ChainingRodShaped	1232	4.95873	0.5	-0.0407188	18.9553	0	0.997896	0.0648308	0	None	None
ChainingRodShaped	1300	3.5187	0.5	23.4777	44.5861	0	0.703373	-0.710821	0	None	None
ChainingRodShaped	596	4.85955	0.5	-6.82324	26.3456	0	0.246101	-0.969244	0	None	None
ChainingRodShaped	1134	4.22558	0.5	-18.2714	61.823	0	-0.543055	-0.839697	0	None	None
ChainingRodShaped	1234	4.79844	0.5	16.389	35.2272	0	0.523016	-0.852323	0	None	None
ChainingRodShaped	1138	4.71689	0.5	16.7313	65.3329	0	0.979159	0.203094	0	None	None
ChainingRodShaped	1262	3.93022	0.5	26.4657	46.8821	0	-0.372087	-0.928198	0	None	None
ChainingRodShaped	1136	3.97584	0.5	4.50608	20.6648	0	0.965444	0.260611	0	None	None
ChainingRodShaped	1620	3.23437	0.5	-23.9913	41.6005	0	0.806697	-0.590965	0	None	None
ChainingRodShaped	1726	2.6016	0.5	6.3896	8.28337	0	0.959291	-0.282421	0	None	None
ChainingRodShaped	842	4.31654	0.5	27.8142	23.2749	0	0.546822	-0.837249	0	None	None
ChainingRodShaped	1592	3.41424	0.5	22.4996	34.6677	0	0.971659	-0.236388	0	None	None
ChainingRodShaped	1390	2.98892	0.5	-20.042	18.5056	0	0.00551027	-0.999985	0	None	None
ChainingRodShaped	1460	2.77376	0.5	16.7418	57.0494	0	0.990413	0.138138	0	None	None
ChainingRodShaped	1374	3.36742	0.5	11.2123	46.9333	0	0.739177	-0.673511	0	None	None
ChainingRodShaped	1160	4.25246	0.5	-14.1326	65.6007	0	0.213413	0.976962	0	None	None
ChainingRodShaped	1576	3.35325	0.5	4.56588	41.1924	0	0.668993	-0.743269	0	None	None
ChainingRodShaped	812	4.18199	0.5	17.3564	18.465	0	0.769579	-0.638552	0	None	None
ChainingRodShaped	1126	4.07246	0.5	-15.5048	74.5649	0	-0.735517	-0.677506	0	None	None
ChainingRodShaped	1012	4.67252	0.5	-25.5603	62.3347	0	-0.143989	-0.989579	0	None	None
ChainingRodShaped	1226	4.25269	0.5	17.1642	22.4728	0	0.0673677	-0.997728	0	None	None
ChainingRodShaped	1220	3.25122	0.5	3.31673	27.0952	0	0.939041	0.343806	0	None	None
ChainingRodShaped	1228	4.55271	0.5	27.0095	16.0529	0	0.985311	-0.17077	0	None	None
ChainingRodShaped	1716	2.45044	0.5	-19.6992	46.0397	0	-0.138904	-0.990306	0	None	None
ChainingRodShaped	790	4.91081	0.5	-17.0645	100.972	0	-0.366956	-0.930238	0	791	1459
ChainingRodShaped	1820	2.32124	0.5	-29.1662	38.8997	0	0.550397	-0.834903	0	None	None
ChainingRodShaped	1260	4.61205	0.5	13.694	62.3238	0	0.95087	-0.309592	0	None	None
ChainingRodShaped	1648	3.18278	0.5	-1.50155	38.4384	0	0.0444038	-0.999014	0	None	None
ChainingRodShaped	940	4.79976	0.5	11.0551	45.8108	0	0.740722	-0.671812	0	None	None
ChainingRodShaped	1804	2.41491	0.5	-4.45613	45.2678	0	0.65878	-0.752336	0	None	None
ChainingRodShaped	1796	2.57077	0.5	29.1996	57.5543	0	0.763919	-0.645312	0	None	None
ChainingRodShaped	1286	3.1157	0.5	16.5166	57.9711	0	0.990025	0.14089	0	None	None
ChainingRodShaped	1248	4.79576	0.5	10.3909	37.229	0	0.102883	-0.994693	0	None	None
ChainingRodShaped	1574	2.77255	0.5	-31.1453	35.8753	0	-0.458102	0.8889	0	None	None
ChainingRodShaped	1690	2.24626	0.5	2.49731	-42.7306	0	0.427734	-0.903904	0	1691	535
ChainingRodShaped	1288	4.9864	0.5	-15.9602	36.5921	0	0.0631769	-0.998002	0	None	None
ChainingRodShaped	1518	2.68233	0.5	-27.1733	75.5204	0	-0.351273	-0.936273	0	1519	485
ChainingRodShaped	934	4.81294	0.5	5.5245	53.1327	0	0.979977	0.199109	0	None	None
ChainingRodShaped	862	4.15469	0.5	-5.957	7.69613	0	0.875681	0.482889	0	None	None
ChainingRodShaped	1398	4.1271	0.5	-12.1435	10.8641	0	0.845285	-0.534315	0	None	None
ChainingRodShaped	1508	3.22587	0.5	4.56446	17.6863	0	0.98085	0.194764	0	None	None
ChainingRodShaped	774	4.65511	0.5	-20.3605	28.706	0	-0.994534	0.104417	0	None	None
ChainingRodShaped	1532	3.19137	0.5	0.658782	28.7526	0	0.616113	-0.787658	0	None	None
ChainingRodShaped	1936	2.08055	0.5	29.7976	52.9554	0	0.603164	0.797617	0	None	None
ChainingRodShaped	1266	3.32322	0.5	-19.9593	58.8061	0	0.658476	-0.752602	0	None	None
ChainingRodShaped	1238	4.42517	0.5	26.02	38.7632	0	0.987321	-0.158739	0	None	None
ChainingRodShaped	1036	4.50149	0.5	-12.2081	39.6047	0	-0.351509	-0.936185	0	None	None
ChainingRodShaped	1876	2.12682	0.5	31.1239	27.2028	0	0.0121303	-0.999926	0	None	None
ChainingRodShaped	1768	2.42732	0.5	6.0957	69.3337	0	0.918852	0.394602	0	None	None
ChainingRodShaped	1320	3.11819	0.5	12.8576	73.7988	0	0.928919	0.370282	0	None	None
ChainingRodShaped	1062	4.38367	0.5	-19.3232	37.6643	0	0.682209	-0.731158	0	None	None
ChainingRodShaped	1426	3.10294	0.5	-3.33554	24.9373	0	0.930623	-0.365979	0	None	None
ChainingRodShaped	1054	4.04925	0.5	-15.0837	37.6327	0	0.0719408	-0.997409	0	None	None
ChainingRodShaped	1296	3.2979	0.5	19.5292	8.78212	0	0.891757	0.452515	0	None	None
ChainingRodShaped	958	4.16938	0.5	31.3764	45.6422	0	0.937695	-0.347459	0	None	None
ChainingRodShaped	1388	4.28621	0.5	-17.2734	45.285	0	-0.580878	-0.813991	0	None	None
ChainingRodShaped	1380	4.39043	0.5	-10.871	56.2373	0	0.0928375	-0.995681	0	None	None
ChainingRodShaped	1316	4.49285	0.5	31.4546	22.9716	0	0.853212	-0.521565	0	None	None
ChainingRodShaped	1466	3.82665	0.5	-22.0119	41.8302	0	0.290518	-0.95687	0	None	None
ChainingRodShaped	1446	2.96217	0.5	5.55227	57.6229	0	0.996393	0.0848554	0	None	None
ChainingRodShaped	1180	3.2953	0.5	-12.0165	18.8861	0	0.149994	-0.988687	0	None	None
ChainingRodShaped	1416	3.93411	0.5	4.8542	74.0741	0	0.96363	0.267239	0	None	None
ChainingRodShaped	1624	2.68383	0.5	1.29188	6.95945	0	0.913467	-0.406912	0	None	None
ChainingRodShaped	1550	3.49549	0.5	33.0655	27.2165	0	-0.00278551	-0.999996	0	None	None
ChainingRodShaped	924	4.85591	0.5	-24.7642	36.5042	0	0.684481	-0.729031	0	None	None
ChainingRodShaped	1106	3.45064	0.5	-0.592286	32.915	0	-0.531101	-0.847309	0	None	None
ChainingRodShaped	1498	2.64131	0.5	-7.41598	-22.3083	0	0.449748	-0.893155	0	1499	787
ChainingRodShaped	1394	3.92739	0.5	-20.5208	63.5627	0	-0.546562	-0.837419	0	None	None
ChainingRodShaped	926	3.79336	0.5	32.5031	38.4526	0	0.860035	0.510235	0	None	None
ChainingRodShaped	866	4.85152	0.5	23.4155	50.8784	0	-0.587147	-0.80948	0	None	None
ChainingRodShaped	1330	3.84777	0.5	8.51127	11.2747	0	0.844392	-0.535726	0	None	None
ChainingRodShaped	1026	3.9314	0.5	21.97	65.6347	0	0.999629	-0.0272248	0	None	None
ChainingRodShaped	1682	2.99286	0.5	25.9767	60.3275	0	0.751189	-0.660088	0	None	None
ChainingRodShaped	1586	2.82808	0.5	11.2637	67.037	0	-0.469366	-0.883004	0	None	None
ChainingRodShaped	1172	4.33877	0.5	3.87499	26.2934	0	0.94156	0.336846	0	None	None
ChainingRodShaped	1578	3.24766	0.5	-23.9893	69.0132	0	-0.989843	0.142166	0	None	None
ChainingRodShaped	1544	2.85315	0.5	-11.8744	56.8429	0	0.0911371	-0.995838	0	None	None
ChainingRodShaped	1032	4.96772	0.5	-19.7034	63.0863	0	-0.549454	-0.835524	0	None	None
ChainingRodShaped	1206	3.32356	0.5	-29.3289	20.2297	0	0.360198	-0.932876	0	1207	1791
ChainingRodShaped	744	3.28989	0.5	-22.3385	5.50583	0	0.469519	-0.882922	0	745	1559
ChainingRodShaped	1642	2.98469	0.5	13.8083	54.7449	0	0.990362	0.138506	0	None	None
ChainingRodShaped	1408	3.19693	0.5	29.86	17.1905	0	0.972236	0.234003	0	None	None
ChainingRodShaped	1520	3.22105	0.5	8.5193	71.3365	0	0.905472	-0.424406	0	None	None
ChainingRodShaped	1598	2.88228	0.5	10.1399	16.0166	0	0.861895	-0.507088	0	None	None
ChainingRodShaped	1818	2.5769	0.5	-8.81285	18.2633	0	-0.866948	-0.498399	0	None	None
ChainingRodShaped	1934	2.08849	0.5	4.72487	62.3892	0	0.170745	-0.985315	0	None	None
ChainingRodShaped	1914	2.11106	0.5	-28.3171	46.0934	0	0.758105	-0.652133	0	None	None
ChainingRodShaped	1018	4.93074	0.5	-4.3061	57.8968	0	-0.222145	-0.975014	0	None	None
ChainingRodShaped	1384	4.16551	0.5	13.4786	34.739	0	0.098098	-0.995177	0	None	None
ChainingRodShaped	1208	3.51263	0.5	-26.6835	29.9325	0	-0.67974	0.733453	0	None	None
ChainingRodShaped	1166	4.1355	0.5	-10.2583	36.4974	0	0.259912	0.965632	0	None	None
ChainingRodShaped	810	4.93899	0.5	13.986	11.0583	0	0.799577	-0.600564	0	None	None
ChainingRodShaped	1878	2.30603	0.5	8.50576	36.8277	0	0.112676	-0.993632	0	None	None
ChainingRodShaped	1736	2.28118	0.5	-22.9871	26.0695	0	0.965299	-0.261145	0	None	None
ChainingRodShaped	1944	2.05545	0.5	14.6402	29.205	0	0.718603	-0.69542	0	None	None
ChainingRodShaped	808	4.94115	0.5	-14.5441	-8.77079	0	0.47914	-0.877739	0	809	1589
ChainingRodShaped	824	3.14858	0.5	-33.383	35.2718	0	0.131374	-0.991333	0	825	1647
ChainingRodShaped	1074	4.20574	0.5	13.368	20.4534	0	0.419545	-0.907735	0	None	None
ChainingRodShaped	1448	3.02573	0.5	-18.8157	11.6053	0	0.583508	-0.812107	0	None	None
ChainingRodShaped	1176	4.85069	0.5	-24.7584	19.3871	0	0.704299	-0.709903	0	None	None
ChainingRodShaped	1662	2.77865	0.5	-2.50358	55.2921	0	-0.997169	0.0751898	0	None	None
ChainingRodShaped	1478	3.05882	0.5	-27.5284	33.7386	0	-0.677248	0.735755	0	None	None
ChainingRodShaped	1076	4.73135	0.5	-0.463008	47.8095	0	0.670033	-0.742332	0	None	None
ChainingRodShaped	1094	3.8337	0.5	32.2133	35.2714	0	-0.0216984	-0.999765	0	None	None
ChainingRodShaped	1104	4.87483	0.5	-22.5332	53.6208	0	0.631603	-0.775292	0	None	None
ChainingRodShaped	1196	4.61038	0.5	12.3229	36.6778	0	0.103557	-0.994623	0	None	None
ChainingRodShaped	1430	3.00873	0.5	8.09745	70.4683	0	0.903188	-0.429245	0	None	None
ChainingRodShaped	1034	4.07169	0.5	-8.02628	32.7604	0	0.378474	-0.925612	0	None	None
ChainingRodShaped	734	4.81039	0.5	28.3997	19.7446	0	0.877413	-0.479735	0	None	None
ChainingRodShaped	1496	2.85421	0.5	15.7974	31.8249	0	0.16055	-0.987028	0	None	None
ChainingRodShaped	1590	2.98897	0.5	9.53966	36.2589	0	0.110598	-0.993865	0	None	None
ChainingRodShaped	1734	2.73649	0.5	-17.0462	17.5638	0	-0.052899	-0.9986	0	None	None
ChainingRodShaped	1318	4.29923	0.5	13.8278	72.7745	0	0.798548	0.601931	0	None	None
ChainingRodShaped	1366	3.3313	0.5	-14.1594	37.8216	0	0.0819128	-0.996639	0	None	None
ChainingRodShaped	1354	4.33077	0.5	-28.2768	35.9459	0	-0.690656	0.723184	0	None	None
ChainingRodShaped	1204	4.91335	0.5	7.44321	39.0548	0	-0.0309761	-0.99952	0	None	None
ChainingRodShaped	542	4.98492	0.5	23.0819	29.1612	0	0.903263	-0.429088	0	None	None
ChainingRodShaped	1552	3.08445	0.5	-6.77208	32.1411	0	0.373329	-0.927699	0	None	None
ChainingRodShaped	1760	2.61025	0.5	29.5828	27.8981	0	0.461376	-0.887205	0	None	None
ChainingRodShaped	970	4.88963	0.5	10.1446	49.1332	0	0.77923	-0.626737	0	None	None
ChainingRodShaped	1114	3.81778	0.5	-1.42398	76.0929	0	0.974582	-0.22403	0	None	None
ChainingRodShaped	1864	2.23155	0.5	-1.59095	33.0573	0	-0.524021	-0.851705	0	None	None
ChainingRodShaped	1622	2.86056	0.5	-10.5795	26.1877	0	-0.77546	0.631397	0	None	None
ChainingRodShaped	980	4.23037	0.5	15.4019	22.7948	0	0.390466	-0.920617	0	None	None
ChainingRodShaped	1280	4.86226	0.5	17.0084	15.8133	0	0.954136	-0.299374	0	None	None
ChainingRodShaped	1326	2.97145	0.5	-11.2555	72.4365	0	-0.934869	-0.354994	0	None	None
ChainingRodShaped	1812	2.31534	0.5	-15.1326	17.0501	0	-0.0624623	-0.998047	0	None	None
ChainingRodShaped	1184	3.47275	0.5	30.1757	51.827	0	0.606888	0.794787	0	None	None
ChainingRodShaped	1412	4.10086	0.5	2.34994	62.6107	0	0.772643	-0.634841	0	None	None
ChainingRodShaped	1270	3.24169	0.5	-11.4373	115.381	0	-0.361707	-0.932292	0	1271	400
ChainingRodShaped	1698	2.43404	0.5	5.7664	22.9939	0	0.947195	0.320658	0	None	None
ChainingRodShaped	1692	2.43186	0.5	-23.5404	43.2787	0	0.360727	-0.932672	0	None	None
ChainingRodShaped	1572	2.67541	0.5	26.4599	37.7163	0	0.98688	-0.161455	0	None	None
ChainingRodShaped	706	4.79093	0.5	-13.6878	21.3006	0	0.291395	-0.956603	0	None	None
ChainingRodShaped	1872	2.19949	0.5	-4.65988	49.817	0	0.644456	-0.764642	0	None	None
ChainingRodShaped	892	3.93495	0.5	19.3751	37.6441	0	0.499733	-0.866179	0	None	None
ChainingRodShaped	1122	4.38478	0.5	33.9843	23.7632	0	0.861506	-0.507747	0	None	None
ChainingRodShaped	826	4.29653	0.5	-24.7374	35.0681	0	0.691375	-0.722496	0	None	None
ChainingRodShaped	1848	2.26172	0.5	-7.47762	20.353	0	-0.765197	-0.643796	0	None	None
ChainingRodShaped	1476	3.15217	0.5	24.295	47.8487	0	0.697231	-0.716847	0	None	None
ChainingRodShaped	1468	3.25577	0.5	-10.859	51.318	0	0.636243	-0.771489	0	None	None
ChainingRodShaped	1806	2.49719	0.5	-26.2821	56.8324	0	0.184042	-0.982918	0	None	None
ChainingRodShaped	776	4.80195	0.5	-2.87929	17.0196	0	0.916518	0.399994	0	None	None
ChainingRodShaped	996	4.03264	0.5	-12.9473	57.6325	0	-0.0047071	-0.999989	0	None	None
ChainingRodShaped	742	4.79018	0.5	0.855026	14.1252	0	0.985165	-0.171609	0	None	None
ChainingRodShaped	918	4.39721	0.5	33.3455	43.0768	0	0.999253	-0.0386499	0	None	None
ChainingRodShaped	1264	4.74698	0.5	24.5481	63.0067	0	0.729665	-0.683805	0	None	None
ChainingRodShaped	1352	4.23168	0.5	-9.97517	56.6316	0	0.0872183	-0.996189	0	None	None
ChainingRodShaped	1310	3.95568	0.5	5.84439	29.4622	0	0.787643	-0.616132	0	None	None
ChainingRodShaped	1028	3.91184	0.5	7.29518	14.3197	0	0.856397	-0.516318	0	None	None
ChainingRodShaped	1322	3.63907	0.5	-7.71396	59.6069	0	-0.776015	-0.630714	0	None	None
ChainingRodShaped	944	4.59934	0.5	-21.603	57.7283	0	0.634524	-0.772903	0	None	None
ChainingRodShaped	758	4.58725	0.5	-13.3603	51.4089	0	0.627335	-0.778749	0	None	None
ChainingRodShaped	1854	2.3296	0.5	6.49553	7.21983	0	0.959369	-0.282155	0	None	None
ChainingRodShaped	1230	3.18435	0.5	-13.3538	41.8733	0	-0.35129	-0.936267	0	None	None
ChainingRodShaped	1512	3.43528	0.5	23.2302	42.0685	0	0.691567	-0.722313	0	None	None
ChainingRodShaped	860	4.62584	0.5	-2.38625	37.8276	0	0.0453641	-0.998971	0	None	None
ChainingRodShaped	1342	4.13433	0.5	-22.4219	47.4144	0	0.872529	-0.488562	0	None	None
ChainingRodShaped	1346	4.38175	0.5	13.3782	60.921	0	0.995762	-0.0919641	0	None	None
ChainingRodShaped	1678	2.7387	0.5	-27.2451	55.8762	0	0.0822185	-0.996614	0	None	None
ChainingRodShaped	1038	4.74808	0.5	-15.0222	65.9441	0	0.219259	0.975667	0	None	None
ChainingRodShaped	1174	2.94977	0.5	-33.733	49.1916	0	-0.074466	-0.997224	0	1175	464
ChainingRodShaped	770	4.82181	0.5	-28.5275	57.8162	0	0.14144	-0.989947	0	None	None
ChainingRodShaped	1218	4.88337	0.5	19.3609	61.2076	0	0.544231	0.838935	0	None	None
ChainingRodShaped	1852	2.36346	0.5	-23.4145	63.7036	0	-0.872467	-0.488672	0	None	None
ChainingRodShaped	746	4.93601	0.5	23.1503	20.9309	0	0.567515	0.823363	0	None	None
ChainingRodShaped	1516	2.95452	0.5	23.6881	54.4235	0	0.010795	-0.999942	0	None	None
ChainingRodShaped	1886	2.18437	0.5	18.5282	26.9668	0	0.167886	-0.985806	0	None	None
ChainingRodShaped	1494	2.67775	0.5	21.8689	24.1084	0	0.142216	-0.989836	0	None	None
ChainingRodShaped	1908	2.08956	0.5	-19.7873	70.8958	0	-0.550994	-0.834509	0	None	None
ChainingRodShaped	778	4.72774	0.5	-8.80527	74.589	0	0.905183	0.425022	0	None	None
ChainingRodShaped	485	3.76699	0.5	-28.6016	71.5945	0	-0.334464	-0.942409	0	1518	1901
ChainingRodShaped	1302	3.92021	0.5	-3.61591	31.579	0	0.374415	-0.927261	0	None	None
ChainingRodShaped	836	4.3871	0.5	1.9705	16.1785	0	0.980702	0.195509	0	None	None
ChainingRodShaped	1548	2.74897	0.5	23.1887	35.4592	0	0.97397	-0.226676	0	None	None
ChainingRodShaped	1502	2.77758	0.5	-30.3461	51.1043	0	0.38962	-0.920976	0	None	None
ChainingRodShaped	1066	3.76914	0.5	-18.9158	54.8816	0	0.218098	-0.975927	0	None	None
ChainingRodShaped	1712	2.62319	0.5	-5.64438	12.3798	0	0.861072	0.508483	0	None	None
ChainingRodShaped	922	3.83406	0.5	4.33594	71.9155	0	0.963471	0.267813	0	None	None
ChainingRodShaped	1258	4.09205	0.5	-17.3702	34.2948	0	0.713274	-0.700886	0	None	None
ChainingRodShaped	1556	2.87044	0.5	-5.89071	39.4103	0	0.573399	-0.819276	0	None	None
ChainingRodShaped	1324	4.00854	0.5	-18.721	34.317	0	0.72024	-0.693725	0	None	None
ChainingRodShaped	1568	2.51253	0.5	-22.8942	65.12	0	-0.867536	-0.497374	0	None	None
ChainingRodShaped	1488	3.18708	0.5	-0.301548	46.2428	0	0.667343	-0.744751	0	None	None
ChainingRodShaped	1700	2.53612	0.5	20.5164	37.571	0	0.503268	-0.864131	0	None	None
ChainingRodShaped	1504	3.01193	0.5	15.0302	11.5222	0	0.793676	-0.60834	0	None	None
ChainingRodShaped	1670	2.83365	0.5	9.54144	65.6045	0	-0.290385	-0.95691	0	None	None
ChainingRodShaped	1484	3.14109	0.5	11.307	52.4918	0	-0.992744	-0.120247	0	None	None
ChainingRodShaped	1424	2.92047	0.5	-21.9559	19.4559	0	0.638527	-0.769599	0	None	None
ChainingRodShaped	1932	2.10416	0.5	-2.15215	44.0962	0	0.653973	-0.756518	0	None	None
ChainingRodShaped	1746	2.33897	0.5	5.37335	52.1411	0	-0.981295	-0.192511	0	None	None
ChainingRodShaped	1862	2.30458	0.5	10.0907	45.4112	0	0.745856	-0.666107	0	None	None
ChainingRodShaped	846	4.76745	0.5	6.5397	38.7341	0	-0.0409571	-0.999161	0	None	None
ChainingRodShaped	1458	2.55494	0.5	-20.1292	93.264	0	-0.372593	-0.927995	0	1459	1959
ChainingRodShaped	1738	2.72424	0.5	9.01368	56.0747	0	0.993204	0.116387	0	None	None
ChainingRodShaped	1950	2.04295	0.5	-20.2449	34.4247	0	0.721908	-0.691989	0	None	None
ChainingRodShaped	535	4.07265	0.5	4.26675	-46.478	0	0.4265	-0.904488	0	1690	534
ChainingRodShaped	1386	3.52975	0.5	22.6228	41.3198	0	0.690947	-0.722905	0	None	None
ChainingRodShaped	1274	4.18406	0.5	16.7952	16.868	0	0.951319	-0.308208	0	None	None
ChainingRodShaped	1890	2.1032	0.5	-14.6573	8.84746	0	0.72485	-0.688907	0	None	None
ChainingRodShaped	1770	2.49767	0.5	22.6898	25.1726	0	0.13328	-0.991078	0	None	None
ChainingRodShaped	894	4.69387	0.5	4.61977	73.0014	0	0.96376	0.26677	0	None	None
ChainingRodShaped	1052	4.72361	0.5	-0.250262	70.4735	0	0.925598	-0.378507	0	None	None
ChainingRodShaped	880	4.02408	0.5	1.21146	47.3314	0	0.677415	-0.735601	0	None	None
ChainingRodShaped	1140	3.71331	0.5	7.49229	45.2041	0	0.759042	-0.651042	0	None	None
ChainingRodShaped	1524	3.58898	0.5	-13.2391	72.6442	0	-0.731679	-0.681649	0	None	None
ChainingRodShaped	1706	2.85597	0.5	-25.019	21.2788	0	0.814386	-0.580323	0	None	None
ChainingRodShaped	1766	2.27163	0.5	32.2256	40.1923	0	0.998264	-0.0589043	0	None	None
ChainingRodShaped	1414	4.20221	0.5	0.904389	55.3064	0	0.835505	-0.549483	0	None	None
ChainingRodShaped	1004	4.46648	0.5	-1.26929	27.1371	0	0.915005	-0.403442	0	None	None
ChainingRodShaped	1942	2.03129	0.5	-24.6843	81.9466	0	-0.369458	-0.929247	0	1943	1519
ChainingRodShaped	1530	3.47372	0.5	-9.53676	39.75	0	0.628266	-0.777999	0	None	None
ChainingRodShaped	1830	2.30021	0.5	-21.9458	27.9061	0	-0.994111	0.108363	0	None	None
ChainingRodShaped	960	3.72577	0.5	-16.4934	71.992	0	-0.634759	-0.77271	0	None	None
ChainingRodShaped	936	3.81219	0.5	18.8813	11.7322	0	0.892321	0.451401	0	None	None
ChainingRodShaped	1432	3.99743	0.5	-24.9938	39.5466	0	0.690787	-0.723058	0	None	None
ChainingRodShaped	1200	4.9304	0.5	4.06918	23.3717	0	-0.943936	-0.330127	0	None	None
ChainingRodShaped	577	4.91568	0.5	17.0186	50.4329	0	-0.96308	0.269216	0	None	None
ChainingRodShaped	1906	2.20039	0.5	-1.62411	57.2292	0	-0.221283	-0.97521	0	None	None
ChainingRodShaped	1594	3.18027	0.5	4.24393	48.1637	0	0.7181	-0.695939	0	None	None
ChainingRodShaped	1718	2.86903	0.5	2.65275	63.5598	0	0.766265	-0.642525	0	None	None
ChainingRodShaped	1916	2.15829	0.5	-2.55121	57.3288	0	-0.224572	-0.974458	0	None	None
ChainingRodShaped	954	4.93086	0.5	14.2978	51.9706	0	-0.985613	-0.169017	0	None	None
ChainingRodShaped	1752	2.5953	0.5	0.748249	10.1838	0	0.505811	-0.862644	0	None	None
ChainingRodShaped	1328	4.36926	0.5	-6.80332	22.2004	0	-0.758549	-0.651615	0	None	None
ChainingRodShaped	1178	4.99193	0.5	-28.8333	49.9098	0	0.171856	-0.985122	0	None	None
ChainingRodShaped	1660	2.63978	0.5	24.6671	44.7524	0	0.706772	-0.707442	0	None	None
ChainingRodShaped	1064	3.77698	0.5	-8.45788	31.3777	0	0.387709	-0.921782	0	None	None
ChainingRodShaped	1356	3.8802	0.5	9.3393	25.0458	0	0.692348	-0.721563	0	None	None
ChainingRodShaped	601	4.73451	0.5	16.8787	30.9878	0	0.167881	-0.985807	0	None	None
ChainingRodShaped	1284	4.12391	0.5	-24.7445	32.1512	0	-0.673131	0.739523	0	None	None
ChainingRodShaped	1400	2.93701	0.5	8.11403	31.2648	0	0.774992	-0.631972	0	None	None
ChainingRodShaped	1044	3.68258	0.5	-10.1614	8.75256	0	0.98792	-0.154968	0	None	None
ChainingRodShaped	974	3.7139	0.5	-16.6454	24.5843	0	0.998744	-0.0501023	0	None	None
ChainingRodShaped	1828	2.4952	0.5	7.24855	29.5309	0	0.781436	-0.623985	0	None	None
ChainingRodShaped	1314	3.93507	0.5	-17.7643	46.1838	0	-0.588988	-0.808142	0	None	None
ChainingRodShaped	1840	2.44015	0.5	0.80197	62.6528	0	0.771429	-0.636315	0	None	None
ChainingRodShaped	1492	3.6071	0.5	27.2126	22.4454	0	-0.547608	0.836735	0	None	None
ChainingRodShaped	1656	3.09461	0.5	31.7609	32.3921	0	1	-0.000992465	0	None	None
ChainingRodShaped	1664	3.0223	0.5	-5.25987	18.1173	0	0.875706	0.482845	0	None	None
ChainingRodShaped	1720	2.57322	0.5	7.40833	42.8253	0	0.7699	-0.638165	0	None	None
ChainingRodShaped	1332	2.91474	0.5	-18.293	30.3689	0	0.992898	-0.11897	0	None	None
ChainingRodShaped	968	4.75792	0.5	0.393219	32.7819	0	-0.537173	-0.843472	0	None	None
ChainingRodShaped	1392	3.90914	0.5	26.5521	33.7898	0	-0.124958	-0.992162	0	None	None
ChainingRodShaped	1292	4.36924	0.5	-0.00458993	71.4003	0	0.924146	-0.382039	0	None	None
ChainingRodShaped	1030	4.4225	0.5	8.97676	58.4693	0	0.995616	-0.0935365	0	None	None
ChainingRodShaped	1750	2.50144	0.5	-18.2954	31.3177	0	0.991659	-0.128891	0	None	None
ChainingRodShaped	1610	3.03952	0.5	-5.72647	18.9536	0	0.872131	0.489272	0	None	None
ChainingRodShaped	1020	4.74658	0.5	7.75789	46.2171	0	0.752493	-0.6586	0	None	None
ChainingRodShaped	1188	3.58317	0.5	-9.37861	14.6074	0	0.854602	0.519284	0	None	None
ChainingRodShaped	643	4.74978	0.5	34.1828	35.9558	0	-0.0197626	-0.999805	0	None	None
ChainingRodShaped	1562	3.43153	0.5	3.96706	67.4173	0	0.933125	0.359552	0	None	None
ChainingRodShaped	1110	3.60833	0.5	-12.579	24.1592	0	-0.386671	0.922218	0	None	None
ChainingRodShaped	1522	2.78523	0.5	-3.48055	67.1631	0	0.999197	0.0400713	0	None	None
ChainingRodShaped	651	4.93176	0.5	28.932	32.6933	0	0.524743	-0.851261	0	None	None
ChainingRodShaped	653	4.90838	0.5	15.3919	64.0729	0	0.978855	0.204556	0	None	None
ChainingRodShaped	1192	4.7795	0.5	-10.5476	29.9138	0	0.911351	-0.41163	0	None	None
ChainingRodShaped	657	4.71009	0.5	-20.2366	21.9672	0	0.99464	-0.103397	0	None	None
ChainingRodShaped	1940	2.0338	0.5	-3.31371	78.4001	0	0.999846	0.0175407	0	None	None
ChainingRodShaped	1168	3.62334	0.5	-10.5892	45.5556	0	-0.410678	-0.91178	0	None	None
ChainingRodShaped	1788	2.58332	0.5	28.696	55.382	0	0.762694	-0.646759	0	None	None
ChainingRodShaped	1108	4.46648	0.5	-3.22518	58.5048	0	-0.228452	-0.973555	0	None	None
ChainingRodShaped	1210	3.30859	0.5	-5.19938	70.0011	0	0.99883	0.048363	0	None	None
ChainingRodShaped	1450	3.72454	0.5	-20.9137	26.8233	0	-0.995044	0.0994386	0	None	None
ChainingRodShaped	671	4.70381	0.5	-16.7168	67.0342	0	-0.227884	-0.973688	0	None	None
ChainingRodShaped	1242	4.8034	0.5	-17.5023	22.7509	0	0.998592	-0.0530485	0	None	None
ChainingRodShaped	1528	2.60636	0.5	31.0397	46.8121	0	-0.938448	0.345421	0	None	None
ChainingRodShaped	1080	3.56072	0.5	-22.8851	52.5389	0	0.635469	-0.772126	0	None	None
ChainingRodShaped	1912	2.13059	0.5	24.6015	13.0276	0	0.624866	0.780732	0	None	None
ChainingRodShaped	1640	2.48528	0.5	2.49262	40.6676	0	0.999742	0.0227257	0	None	None
ChainingRodShaped	683	4.06823	0.5	-0.712334	-35.9959	0	0.432546	-0.901612	0	786	1691
ChainingRodShaped	1776	2.48138	0.5	10.8215	16.7343	0	0.861004	-0.508598	0	None	None
ChainingRodShaped	1368	2.92987	0.5	8.17236	64.7427	0	0.0199979	-0.9998	0	None	None
ChainingRodShaped	1870	2.24767	0.5	-2.9979	15.9357	0	0.912481	0.409118	0	None	None
ChainingRodShaped	1190	4.86834	0.5	7.89515	75.925	0	0.910693	-0.413085	0	None	None
ChainingRodShaped	1894	2.11732	0.5	20.1215	53.0525	0	0.684413	-0.729095	0	None	None
ChainingRodShaped	1874	2.13286	0.5	20.7757	40.4668	0	0.680777	-0.732491	0	None	None
ChainingRodShaped	1954	2.0215	0.5	12.6698	16.7452	0	0.840811	-0.541328	0	None	None
ChainingRodShaped	1360	3.48263	0.5	-19.4385	73.1985	0	-0.592479	-0.805586	0	None	None
ChainingRodShaped	1312	4.22803	0.5	-8.23775	55.6362	0	-0.439398	-0.898293	0	None	None
ChainingRodShaped	1252	4.80272	0.5	-30.7971	28.1459	0	0.305139	-0.952308	0	None	None
ChainingRodShaped	1272	3.2041	0.5	-26.321	63.9337	0	-0.134086	-0.99097	0	None	None
ChainingRodShaped	707	4.96891	0.5	-17.8445	23.7021	0	0.998688	-0.0512008	0	None	None
ChainingRodShaped	1132	4.83406	0.5	-16.412	43.2565	0	-0.594054	-0.804425	0	None	None
ChainingRodShaped	1306	4.20015	0.5	-16.6471	60.8792	0	0.540335	0.84145	0	None	None
ChainingRodShaped	1722	2.40375	0.5	-14.2536	70.375	0	-0.738461	-0.674297	0	None	None
ChainingRodShaped	1194	3.93293	0.5	16.5002	27.5025	0	0.161511	-0.986871	0	None	None
ChainingRodShaped	1240	3.42855	0.5	0.289525	40.6894	0	0.0481574	-0.99884	0	None	None
ChainingRodShaped	719	4.36414	0.5	24.0299	29.7591	0	0.90668	-0.421818	0	None	None
ChainingRodShaped	721	4.57806	0.5	28.9217	47.6739	0	0.39329	0.919414	0	None	None
ChainingRodShaped	723	4.81186	0.5	22.8918	15.6127	0	0.610913	0.791698	0	None	None
ChainingRodShaped	1276	3.43222	0.5	4.21503	25.4154	0	0.94307	0.332594	0	None	None
ChainingRodShaped	1254	4.48149	0.5	-10.2251	49.1105	0	0.643927	-0.765087	0	None	None
ChainingRodShaped	729	4.43674	0.5	-6.26724	27.8677	0	0.255784	-0.966734	0	None	None
ChainingRodShaped	1214	4.89468	0.5	18.2236	69.5999	0	0.782582	0.622548	0	None	None
ChainingRodShaped	1224	3.28863	0.5	-6.25252	35.908	0	0.360024	-0.932943	0	None	None
ChainingRodShaped	1402	3.87758	0.5	27.7296	19.0102	0	0.877133	-0.480248	0	None	None
ChainingRodShaped	737	4.34339	0.5	-10.3609	63.666	0	0.254557	-0.967058	0	None	None
ChainingRodShaped	1294	4.75386	0.5	-24.9769	51.9269	0	0.675585	-0.737282	0	None	None
ChainingRodShaped	1928	2.04641	0.5	4.35329	18.6235	0	0.978851	0.204575	0	None	None
ChainingRodShaped	1810	2.36489	0.5	0.724001	13.174	0	0.986832	-0.161751	0	None	None
ChainingRodShaped	745	4.80378	0.5	-24.6393	9.93305	0	0.454836	-0.890575	0	1790	744
ChainingRodShaped	1186	4.31436	0.5	23.1073	19.2117	0	0.570319	0.821423	0	None	None
ChainingRodShaped	1222	3.21698	0.5	26.2308	53.903	0	0.979309	-0.202371	0	None	None
ChainingRodShaped	1268	4.9521	0.5	9.35699	59.3749	0	0.996502	-0.0835744	0	None	None
ChainingRodShaped	1244	4.19249	0.5	-15.073	51.5269	0	0.413845	-0.910347	0	None	None
ChainingRodShaped	1756	2.73191	0.5	-22.7953	15.7449	0	0.609453	-0.792822	0	None	None
ChainingRodShaped	1606	3.20859	0.5	-18.1903	39.0551	0	0.198461	-0.980109	0	None	None
ChainingRodShaped	1378	4.31448	0.5	-15.0053	56.202	0	-0.091323	-0.995821	0	None	None
ChainingRodShaped	1406	3.92711	0.5	-30.6833	58.8419	0	-0.464481	-0.885583	0	None	None
ChainingRodShaped	1298	4.39473	0.5	-5.06609	30.3556	0	0.364037	-0.931384	0	None	None
ChainingRodShaped	765	4.82093	0.5	11.3656	36.8411	0	0.105521	-0.994417	0	None	None
ChainingRodShaped	1482	2.93691	0.5	18.0427	44.5341	0	0.736765	-0.676149	0	None	None
ChainingRodShaped	1732	2.69909	0.5	7.22999	64.7485	0	0.0299947	-0.99955	0	None	None
ChainingRodShaped	1256	3.32824	0.5	-28.7171	62.9456	0	-0.25795	-0.966158	0	None	None
ChainingRodShaped	1334	4.41323	0.5	22.7349	53.8016	0	0.00560046	-0.999984	0	None	None
ChainingRodShaped	775	4.80096	0.5	-14.6983	28.4783	0	-0.949326	0.314293	0	None	None
ChainingRodShaped	1290	4.80633	0.5	-7.98548	14.3307	0	0.854219	0.519913	0	None	None
ChainingRodShaped	1486	2.86689	0.5	-7.97353	77.3854	0	0.827076	-0.56209	0	None	None
ChainingRodShaped	1654	2.77997	0.5	-31.1936	38.2225	0	-0.424726	0.905322	0	None	None
ChainingRodShaped	783	4.98256	0.5	32.5258	21.0956	0	0.913213	-0.407483	0	None	None
ChainingRodShaped	1538	3.26144	0.5	-22.1145	50.0986	0	0.627432	-0.778671	0	None	None
ChainingRodShaped	787	4.87583	0.5	-5.31286	-26.5371	0	0.442565	-0.896736	0	1498	786
ChainingRodShaped	1282	3.43115	0.5	20.693	61.4798	0	0.535815	0.844335	0	None	None
ChainingRodShaped	791	3.65341	0.5	-15.1402	105.868	0	-0.364346	-0.931264	0	400	790
ChainingRodShaped	1560	3.00501	0.5	-31.8896	49.5541	0	0.467327	-0.884085	0	None	None
ChainingRodShaped	795	4.20107	0.5	11.5411	11.6032	0	0.820632	-0.571458	0	None	None
ChainingRodShaped	1868	2.30526	0.5	28.6133	14.2957	0	0.911376	0.411575	0	None	None
ChainingRodShaped	1582	2.97186	0.5	-6.45415	49.0116	0	0.648433	-0.761271	0	None	None
ChainingRodShaped	801	4.86421	0.5	6.04758	56.7716	0	0.995496	0.0948042	0	None	None
ChainingRodShaped	803	4.92946	0.5	27.9968	41.8599	0	0.8845	0.466541	0	None	None
ChainingRodShaped	805	4.05109	0.5	9.34434	72.0225	0	0.907351	-0.420374	0	None	None
ChainingRodShaped	1364	4.40185	0.5	9.73278	9.35521	0	0.959992	-0.280029	0	None	None
ChainingRodShaped	809	3.25969	0.5	-16.9731	-4.3377	0	0.482384	-0.87596	0	1558	808
ChainingRodShaped	1616	3.32716	0.5	9.79526	13.9441	0	0.852481	-0.522758	0	None	None
ChainingRodShaped	1786	2.41096	0.5	12.2578	24.6566	0	0.608243	-0.793751	0	None	None
ChainingRodShaped	1372	3.40691	0.5	-5.21349	40.0543	0	0.574032	-0.818833	0	None	None
ChainingRodShaped	1962	2.00453	0.5	-18.795	32.4763	0	0.95915	-0.282897	0	None	None
ChainingRodShaped	1308	3.89231	0.5	25.0211	26.4196	0	0.70132	0.712846	0	None	None
ChainingRodShaped	1570	3.24304	0.5	-9.40701	63.7074	0	0.264206	-0.964466	0	None	None
ChainingRodShaped	1358	3.44538	0.5	-19.0617	18.1647	0	-0.000803755	-1	0	None	None
ChainingRodShaped	825	3.37538	0.5	-33.7867	39.4537	0	0.0624812	-0.998046	0	464	824
ChainingRodShaped	827	4.15907	0.5	-28.0718	39.028	0	0.556565	-0.830804	0	None	None
ChainingRodShaped	829	4.99763	0.5	-29.2543	45.3391	0	0.595734	-0.803182	0	None	None
ChainingRodShaped	1370	2.96532	0.5	13.3396	40.2014	0	-0.187598	-0.982246	0	None	None
ChainingRodShaped	1396	3.44302	0.5	12.766	67.7474	0	-0.488259	-0.872699	0	None	None
ChainingRodShaped	1344	3.511	0.5	28.7449	27.4471	0	0.464407	-0.885622	0	None	None
ChainingRodShaped	1410	2.77153	0.5	-2.39578	15.1678	0	0.908347	0.418217	0	None	None
ChainingRodShaped	1730	2.49301	0.5	-24.212	47.3287	0	0.867601	-0.497262	0	None	None
ChainingRodShaped	1472	3.15396	0.5	16.6031	47.13	0	0.743503	-0.668733	0	None	None
ChainingRodShaped	1708	2.35452	0.5	25.5388	24.8672	0	0.336856	0.941556	0	None	None
ChainingRodShaped	845	4.34851	0.5	20.7338	32.2141	0	-0.934566	-0.35579	0	None	None
ChainingRodShaped	1614	2.81041	0.5	4.79968	42.3535	0	0.667405	-0.744695	0	None	None
ChainingRodShaped	1714	2.64923	0.5	-16.0987	16.9602	0	-0.0524771	-0.998622	0	None	None
ChainingRodShaped	851	4.50336	0.5	14.0774	55.7213	0	0.991697	0.128598	0	None	None
ChainingRodShaped	853	4.11375	0.5	-5.64909	52.4654	0	0.647183	-0.762334	0	None	None
ChainingRodShaped	1600	3.20029	0.5	5.72998	65.3515	0	0.380548	-0.924761	0	None	None
ChainingRodShaped	857	4.00991	0.5	-15.6737	50.5922	0	0.404721	-0.91444	0	None	None
ChainingRodShaped	1740	2.28055	0.5	0.905238	12.1681	0	0.9884	-0.151875	0	None	None
ChainingRodShaped	1362	2.93259	0.5	-4.12706	41.6948	0	0.48262	-0.87583	0	None	None
ChainingRodShaped	1636	2.9965	0.5	-10.7952	6.86222	0	0.98732	-0.158742	0	None	None
ChainingRodShaped	1566	2.64556	0.5	-19.6281	53.7283	0	0.226653	-0.973976	0	None	None
ChainingRodShaped	1348	4.20186	0.5	21.7799	52.844	0	0.0155993	-0.999878	0	None	None
ChainingRodShaped	1454	4.00084	0.5	-25.0627	22.5337	0	0.83821	-0.545348	0	None	None
ChainingRodShaped	1434	3.09109	0.5	-17.1411	10.9896	0	0.477545	-0.878608	0	None	None
ChainingRodShaped	873	4.34472	0.5	18.8674	10.6374	0	0.892933	0.45019	0	None	None
ChainingRodShaped	1798	2.372	0.5	-11.367	23.7661	0	-0.377426	0.92604	0	None	None
ChainingRodShaped	1604	2.96804	0.5	-23.2521	57.0986	0	0.206521	-0.978442	0	None	None
ChainingRodShaped	1456	2.91111	0.5	11.0835	18.8235	0	0.8694	-0.494109	0	None	None
ChainingRodShaped	1658	2.40982	0.5	-1.72583	51.3227	0	0.287177	-0.957878	0	None	None
ChainingRodShaped	1428	3.61458	0.5	-5.90197	8.85621	0	0.874493	0.485039	0	None	None
ChainingRodShaped	885	4.43272	0.5	12.4017	32.4914	0	0.755058	-0.655658	0	None	None
ChainingRodShaped	887	4.70645	0.5	-15.4374	76.3175	0	-0.893307	-0.449447	0	None	None
ChainingRodShaped	889	4.17772	0.5	-31.0707	40.2784	0	-0.424472	0.905441	0	None	None
ChainingRodShaped	1704	2.33803	0.5	22.6949	66.6021	0	0.999585	-0.0287938	0	None	None
ChainingRodShaped	1404	2.95986	0.5	17.2576	41.3738	0	0.706592	-0.707621	0	None	None
ChainingRodShaped	1418	3.34548	0.5	-0.035919	73.5107	0	0.925235	-0.379395	0	None	None
ChainingRodShaped	1780	2.70446	0.5	14.7532	65.9444	0	0.986792	0.161992	0	None	None
ChainingRodShaped	1536	2.62881	0.5	-8.79167	69.2101	0	0.995289	-0.0969519	0	None	None
ChainingRodShaped	1816	2.25906	0.5	-3.39012	33.5287	0	0.329551	-0.944138	0	None	None
ChainingRodShaped	1542	3.56643	0.5	-11.0519	62.588	0	0.244876	-0.969554	0	None	None
ChainingRodShaped	905	3.84095	0.5	8.11183	16.0903	0	0.857667	-0.514205	0	None	None
ChainingRodShaped	907	4.02152	0.5	-3.94353	75.7261	0	0.932958	-0.359984	0	None	None
ChainingRodShaped	909	4.26944	0.5	-13.3737	13.4306	0	0.689197	-0.724574	0	None	None
ChainingRodShaped	1444	2.98776	0.5	20.2391	31.0307	0	-0.933844	-0.357681	0	None	None
ChainingRodShaped	1952	2.02067	0.5	-30.4738	45.3243	0	0.597897	-0.801573	0	None	None
ChainingRodShaped	1500	2.92805	0.5	10.1211	31.9914	0	0.766432	-0.642326	0	None	None
ChainingRodShaped	917	4.44956	0.5	0.0520219	51.8604	0	0.268336	-0.963325	0	None	None
ChainingRodShaped	1438	4.01877	0.5	30.155	43.9761	0	0.984733	0.17407	0	None	None
ChainingRodShaped	1584	2.92468	0.5	24.1926	60.583	0	-0.749866	0.66159	0	None	None
ChainingRodShaped	1514	3.11184	0.5	0.140233	72.3846	0	0.923897	-0.382641	0	None	None
ChainingRodShaped	925	4.20599	0.5	-23.657	36.718	0	0.683522	-0.72993	0	None	None
ChainingRodShaped	1554	2.89242	0.5	30.5145	39.3098	0	0.998729	-0.0503943	0	None	None
ChainingRodShaped	1440	2.77577	0.5	17.6046	47.4927	0	0.746767	-0.665085	0	None	None
ChainingRodShaped	1546	2.85974	0.5	9.45498	55.166	0	0.991991	0.126309	0	None	None
ChainingRodShaped	1686	2.68835	0.5	-5.54418	11.3101	0	0.866114	0.499847	0	None	None
ChainingRodShaped	1564	3.09916	0.5	4.97416	53.904	0	0.981915	0.18932	0	None	None
ChainingRodShaped	1436	3.53261	0.5	18.0941	12.4134	0	0.893115	0.449828	0	None	None
ChainingRodShaped	939	4.88255	0.5	-0.654429	40.1965	0	0.0464291	-0.998922	0	None	None
ChainingRodShaped	941	4.68771	0.5	6.78166	49.5619	0	0.74888	-0.662706	0	None	None
ChainingRodShaped	943	4.14039	0.5	-13.8921	58.5483	0	-0.00236509	-0.999997	0	None	None
ChainingRodShaped	1688	2.38883	0.5	-20.8135	58.2928	0	0.642225	-0.766516	0	None	None
ChainingRodShaped	947	4.70012	0.5	15.1293	59.6897	0	0.988923	0.148428	0	None	None
ChainingRodShaped	1452	2.90412	0.5	18.7154	35.0178	0	0.512913	-0.858441	0	None	None
ChainingRodShaped	951	3.07138	0.5	-31.6483	61.629	0	-0.239031	-0.971012	0	1900	950
ChainingRodShaped	953	3.97763	0.5	7.43494	44.0401	0	0.765505	-0.64343	0	None	None
ChainingRodShaped	1948	2.03705	0.5	17.7385	51.198	0	-0.965722	0.25958	0	None	None
ChainingRodShaped	957	4.50455	0.5	-6.57492	63.3858	0	0.514425	-0.857535	0	None	None
ChainingRodShaped	1480	2.79604	0.5	28.9648	44.749	0	0.984476	0.175518	0	None	None
ChainingRodShaped	1470	3.2519	0.5	-13.6937	73.5444	0	-0.729434	-0.684051	0	None	None
ChainingRodShaped	1834	2.44088	0.5	-29.1801	26.3463	0	0.299385	-0.954132	0	None	None
ChainingRodShaped	1602	2.88916	0.5	-10.862	37.9108	0	0.321968	0.946751	0	None	None
ChainingRodShaped	967	4.33379	0.5	3.60089	11.3893	0	0.972001	0.234978	0	None	None
ChainingRodShaped	969	4.42634	0.5	3.954	37.2434	0	-0.701548	-0.712622	0	None	None
ChainingRodShaped	1510	2.67163	0.5	11.3121	49.4126	0	0.785454	-0.61892	0	None	None
ChainingRodShaped	1506	3.49882	0.5	17.2386	39.4516	0	0.484043	-0.875044	0	None	None
ChainingRodShaped	1836	2.3958	0.5	-20.6741	24.7818	0	0.999909	-0.0134917	0	None	None
ChainingRodShaped	1672	2.56073	0.5	0.841045	20.9189	0	0.997525	0.0703111	0	None	None
ChainingRodShaped	979	4.10318	0.5	21.6453	47.8432	0	0.693374	-0.720578	0	None	None
ChainingRodShaped	1744	2.53659	0.5	13.3146	26.5323	0	0.726011	-0.687683	0	None	None
ChainingRodShaped	983	4.95513	0.5	9.04507	34.1085	0	0.768571	-0.639764	0	None	None
ChainingRodShaped	985	4.23692	0.5	-27.4405	40.4573	0	0.747518	-0.664242	0	None	None
ChainingRodShaped	1860	2.31336	0.5	-3.38116	21.6391	0	-0.999088	-0.0427008	0	None	None
ChainingRodShaped	1650	2.97528	0.5	-27.5682	63.449	0	-0.261156	-0.965297	0	None	None
ChainingRodShaped	1666	2.57609	0.5	6.93432	31.0158	0	0.769288	-0.638902	0	None	None
ChainingRodShaped	1696	2.39584	0.5	-5.43658	41.9884	0	0.557175	-0.830395	0	None	None
ChainingRodShaped	995	3.74655	0.5	-8.7373	68.2475	0	0.99592	-0.0902402	0	None	None
ChainingRodShaped	997	3.93542	0.5	-12.6598	62.5589	0	-0.127235	-0.991873	0	None	None
ChainingRodShaped	1526	2.70722	0.5	-27.4907	32.2482	0	-0.681202	0.732096	0	None	None
ChainingRodShaped	1842	2.33945	0.5	1.47053	32.7162	0	-0.528715	-0.8488	0	None	None
ChainingRodShaped	1003	4.71978	0.5	-0.451969	69.5331	0	0.925083	-0.379765	0	None	None
ChainingRodShaped	1005	3.82516	0.5	-4.33744	30.9614	0	0.369596	-0.929192	0	None	None
ChainingRodShaped	1007	4.1841	0.5	33.1922	35.4642	0	-0.0200678	-0.999799	0	None	None
ChainingRodShaped	1710	2.71543	0.5	8.15153	12.6626	0	0.851191	-0.524856	0	None	None
ChainingRodShaped	1674	2.91929	0.5	2.02834	47.7736	0	0.680824	-0.732447	0	None	None
ChainingRodShaped	1540	3.27147	0.5	-23.1023	66.1691	0	-0.85374	-0.5207	0	None	None
ChainingRodShaped	1888	2.15848	0.5	33.8508	19.4135	0	0.913693	-0.406406	0	None	None
ChainingRodShaped	1580	2.71507	0.5	-10.6918	28.9688	0	0.907188	-0.420725	0	None	None
ChainingRodShaped	1019	4.26154	0.5	-4.82183	62.9476	0	0.643077	-0.765801	0	None	None
ChainingRodShaped	1728	2.51422	0.5	4.36514	49.3059	0	0.735445	-0.677585	0	None	None
ChainingRodShaped	1630	2.6276	0.5	-10.4086	23.9807	0	-0.367691	0.929948	0	None	None
ChainingRodShaped	1596	2.99059	0.5	35.1649	31.8194	0	-0.44193	-0.89705	0	None	None
ChainingRodShaped	1027	4.12765	0.5	16.7286	63.3782	0	0.980438	0.196829	0	None	None
ChainingRodShaped	1029	3.59032	0.5	2.9776	15.4043	0	0.980207	0.197976	0	None	None
ChainingRodShaped	1031	4.88481	0.5	3.16755	59.6312	0	0.892612	-0.450826	0	None	None
ChainingRodShaped	1668	2.79261	0.5	-17.6232	67.3934	0	-0.221948	-0.975058	0	None	None
ChainingRodShaped	1035	4.65234	0.5	-8.73021	40.157	0	0.620466	-0.784234	0	None	None
ChainingRodShaped	1037	4.30617	0.5	-10.0559	44.5387	0	-0.41598	-0.909374	0	None	None
ChainingRodShaped	1039	4.73744	0.5	-17.6302	61.0815	0	0.54064	0.841254	0	None	None
ChainingRodShaped	1041	3.78562	0.5	19.0022	9.61519	0	0.892478	0.45109	0	None	None
ChainingRodShaped	1910	2.07187	0.5	5.64502	62.5566	0	0.180587	-0.983559	0	None	None
ChainingRodShaped	1846	2.23521	0.5	-13.5854	10.6222	0	0.841212	-0.540705	0	None	None
ChainingRodShaped	1047	3.83822	0.5	26.9333	55.5942	0	0.760272	-0.649605	0	None	None
ChainingRodShaped	1049	4.71	0.5	-1.77174	46.4979	0	0.661568	-0.749885	0	None	None
ChainingRodShaped	1628	2.74574	0.5	-19.6159	67.388	0	-0.226987	-0.973898	0	None	None
ChainingRodShaped	1782	2.46613	0.5	-4.60887	71.0241	0	0.998829	0.0483901	0	None	None
ChainingRodShaped	1676	2.51359	0.5	-14.4502	41.7103	0	-0.341909	-0.939733	0	None	None
ChainingRodShaped	1057	4.71711	0.5	29.7329	35.4667	0	0.433432	-0.901186	0	None	None
ChainingRodShaped	1059	4.27002	0.5	-1.31479	22.6825	0	-0.998124	-0.0612229	0	None	None
ChainingRodShaped	1638	2.71065	0.5	-8.97337	50.5344	0	0.640568	-0.767902	0	None	None
ChainingRodShaped	1702	2.6241	0.5	-20.8814	41.4449	0	0.291301	-0.956631	0	None	None
ChainingRodShaped	1065	4.3129	0.5	-9.92562	34.0379	0	-0.251337	-0.9679	0	None	None
ChainingRodShaped	1618	2.9198	0.5	-16.9836	55.0317	0	-0.0790761	-0.996869	0	None	None
ChainingRodShaped	1069	3.66423	0.5	9.60494	31.2299	0	0.768636	-0.639687	0	None	None
ChainingRodShaped	1644	3.1759	0.5	16.5764	43.2974	0	0.740826	-0.671698	0	None	None
ChainingRodShaped	1073	3.60953	0.5	-25.5871	41.6031	0	0.799972	-0.600038	0	None	None
ChainingRodShaped	1652	2.42301	0.5	11.3846	24.2386	0	0.606851	-0.794816	0	None	None
ChainingRodShaped	1792	2.31413	0.5	-2.82469	51.4511	0	0.216916	-0.97619	0	None	None
ChainingRodShaped	1079	3.75228	0.5	1.5188	58.3318	0	-0.851605	0.524184	0	None	None
ChainingRodShaped	1081	4.26139	0.5	-25.2906	56.8358	0	0.180061	-0.983655	0	None	None
ChainingRodShaped	1083	4.57231	0.5	-28.738	30.5728	0	0.713755	-0.700395	0	None	None
ChainingRodShaped	1754	2.44983	0.5	-3.90263	66.165	0	0.999851	0.0172886	0	None	None
ChainingRodShaped	1758	2.49558	0.5	11.8762	26.5694	0	0.72694	-0.686701	0	None	None
ChainingRodShaped	1850	2.3575	0.5	-3.2707	42.1054	0	0.473852	-0.880605	0	None	None
ChainingRodShaped	1742	2.47672	0.5	19.8283	24.9028	0	0.140631	-0.990062	0	None	None
ChainingRodShaped	1838	2.42583	0.5	12.0317	53.5432	0	-0.993245	-0.116032	0	None	None
ChainingRodShaped	1095	4.27571	0.5	30.3008	36.4768	0	0.435959	-0.899967	0	None	None
ChainingRodShaped	1097	3.79849	0.5	-26.9926	46.8275	0	0.339356	-0.940658	0	None	None
ChainingRodShaped	1099	4.08844	0.5	-12.6174	16.8034	0	0.67648	-0.736461	0	None	None
ChainingRodShaped	1101	4.29669	0.5	31.207	41.2208	0	0.99873	-0.050392	0	None	None
ChainingRodShaped	1800	2.52131	0.5	2.2744	7.60656	0	0.913164	-0.407593	0	None	None
ChainingRodShaped	1924	2.14503	0.5	-24.371	57.5308	0	0.221403	-0.975182	0	None	None
ChainingRodShaped	1724	2.4531	0.5	1.58579	36.0973	0	-0.665108	-0.746747	0	None	None
ChainingRodShaped	1109	4.80512	0.5	-4.01742	63.4435	0	0.642601	-0.766201	0	None	None
ChainingRodShaped	1111	4.57093	0.5	-11.1384	19.3794	0	-0.140104	0.990137	0	None	None
ChainingRodShaped	1826	2.31773	0.5	-7.70273	54.644	0	-0.448338	-0.893864	0	None	None
ChainingRodShaped	1866	2.40916	0.5	-1.61464	77.1509	0	0.975045	-0.222008	0	None	None
ChainingRodShaped	1117	3.59427	0.5	25.5045	33.1335	0	-0.134876	-0.990863	0	None	None
ChainingRodShaped	1774	2.7195	0.5	32.602	47.7734	0	-0.999961	0.00879698	0	None	None
ChainingRodShaped	1121	4.49407	0.5	-7.26593	73.1631	0	-0.900782	-0.434273	0	None	None
ChainingRodShaped	1802	2.35083	0.5	32.0934	27.0271	0	0.0024063	-0.999997	0	None	None
ChainingRodShaped	1125	4.10822	0.5	20.3075	27.8913	0	0.184394	-0.982852	0	None	None
ChainingRodShaped	1127	4.06911	0.5	-13.0864	75.461	0	-0.731024	-0.682352	0	None	None
ChainingRodShaped	1129	3.70807	0.5	-4.03778	68.1027	0	0.999159	0.0409915	0	None	None
ChainingRodShaped	1131	4.16543	0.5	18.9022	47.6097	0	0.75127	-0.659995	0	None	None
ChainingRodShaped	1133	4.40274	0.5	-12.5923	47.1318	0	-0.589907	-0.807471	0	None	None
ChainingRodShaped	1135	4.44385	0.5	-15.884	66.4227	0	-0.22413	-0.974559	0	None	None
ChainingRodShaped	1920	2.07154	0.5	0.61675	19.9504	0	0.997782	0.06656	0	None	None
ChainingRodShaped	1139	4.58613	0.5	11.3101	63.9839	0	0.941862	0.336001	0	None	None
ChainingRodShaped	1938	2.07934	0.5	4.43437	46.6653	0	0.725013	-0.688736	0	None	None
ChainingRodShaped	1143	4.67697	0.5	20.0117	32.9169	0	-0.935617	-0.353016	0	None	None
ChainingRodShaped	1145	3.91543	0.5	8.07432	25.0261	0	0.694505	-0.719488	0	None	None
ChainingRodShaped	1814	2.20725	0.5	2.97911	55.5795	0	0.435665	-0.900109	0	None	None
ChainingRodShaped	1149	3.34068	0.5	4.96898	19.8241	0	0.964265	0.264938	0	None	None
ChainingRodShaped	1151	4.03263	0.5	21.3509	68.4804	0	0.893628	-0.448809	0	None	None
ChainingRodShaped	1153	4.19029	0.5	17.778	25.629	0	0.159167	-0.987252	0	None	None
ChainingRodShaped	1155	3.42494	0.5	2.56862	38.4979	0	-0.698209	-0.715894	0	None	None
ChainingRodShaped	1157	4.0563	0.5	0.552977	23.7222	0	0.997462	0.0712038	0	None	None
ChainingRodShaped	1956	2.02279	0.5	19.1767	21.0056	0	0.0474001	-0.998876	0	None	None
ChainingRodShaped	1161	3.73969	0.5	-13.488	63.4403	0	0.13665	0.990619	0	None	None
ChainingRodShaped	1884	2.23936	0.5	16.1372	44.9802	0	0.743492	-0.668745	0	None	None
ChainingRodShaped	1824	2.42834	0.5	22.8088	9.0281	0	0.974884	0.222714	0	None	None
ChainingRodShaped	1167	4.05805	0.5	-13.3306	34.3639	0	0.886513	0.462703	0	None	None
ChainingRodShaped	1169	3.93264	0.5	-7.9323	47.8614	0	0.651547	-0.758608	0	None	None
ChainingRodShaped	1171	3.76407	0.5	-3.02382	63.7268	0	0.639105	-0.769119	0	None	None
ChainingRodShaped	1858	2.34048	0.5	-0.0793072	25.5685	0	0.915614	-0.402059	0	None	None
ChainingRodShaped	1175	2.83433	0.5	-33.3297	53.0052	0	-0.136551	-0.990633	0	950	1174
ChainingRodShaped	1784	2.71264	0.5	-27.4591	20.4412	0	0.376395	-0.926459	0	None	None
ChainingRodShaped	1179	4.64857	0.5	-27.4076	52.336	0	0.827093	-0.562066	0	None	None
ChainingRodShaped	1181	3.9607	0.5	-13.2362	23.2752	0	0.377457	-0.926027	0	None	None
ChainingRodShaped	1183	4.14813	0.5	30.9573	50.1006	0	0.311607	0.950211	0	None	None
ChainingRodShaped	1822	2.22813	0.5	28.1994	48.5811	0	0.362786	0.931872	0	None	None
ChainingRodShaped	1187	3.43488	0.5	22.4797	16.6515	0	0.605885	0.795552	0	None	None
ChainingRodShaped	1189	3.75323	0.5	-12.8918	15.7157	0	0.682178	-0.731186	0	None	None
ChainingRodShaped	1880	2.12039	0.5	5.37528	75.2432	0	0.96474	0.263205	0	None	None
ChainingRodShaped	1193	3.29002	0.5	-15.2342	31.6168	0	0.958242	-0.28596	0	None	None
ChainingRodShaped	1195	4.72441	0.5	14.7727	32.4217	0	0.15254	-0.988297	0	None	None
ChainingRodShaped	1197	3.91159	0.5	11.2795	41.8063	0	0.255681	-0.966761	0	None	None
ChainingRodShaped	1199	4.79909	0.5	-10.4703	79.1582	0	0.999967	0.00813995	0	None	None
ChainingRodShaped	1930	2.09681	0.5	7.99724	23.7559	0	-0.689328	0.724449	0	None	None
ChainingRodShaped	1203	3.96878	0.5	-9.37078	12.3465	0	0.853308	0.521408	0	None	None
ChainingRodShaped	1205	4.6801	0.5	4.98427	43.6163	0	0.756736	-0.653721	0	None	None
ChainingRodShaped	1207	3.76175	0.5	-30.8353	24.4509	0	0.313889	-0.94946	0	1646	1206
ChainingRodShaped	1209	4.05422	0.5	-25.6897	27.6941	0	-0.979577	0.201072	0	None	None
ChainingRodShaped	1832	2.29232	0.5	-8.95638	70.1823	0	0.994271	-0.106884	0	None	None
ChainingRodShaped	1213	4.32708	0.5	4.60602	50.2876	0	0.742205	-0.670173	0	None	None
ChainingRodShaped	1215	3.48918	0.5	16.1708	69.7859	0	0.500189	0.865916	0	None	None
ChainingRodShaped	1946	2.04108	0.5	15.9075	13.5089	0	0.581078	-0.813848	0	None	None
ChainingRodShaped	1219	4.88185	0.5	14.6413	58.6667	0	0.989746	0.142836	0	None	None
ChainingRodShaped	1221	3.62283	0.5	-1.07328	28.064	0	0.912607	-0.408838	0	None	None
ChainingRodShaped	1223	4.20034	0.5	24.4344	57.2699	0	0.151465	-0.988463	0	None	None
ChainingRodShaped	1882	2.23609	0.5	-7.07397	39.5372	0	0.581583	-0.813487	0	None	None
ChainingRodShaped	1227	4.53991	0.5	15.9091	25.2949	0	0.147669	-0.989037	0	None	None
ChainingRodShaped	1229	4.29568	0.5	22.8417	13.9782	0	0.614844	0.788649	0	None	None
ChainingRodShaped	1231	4.14451	0.5	-11.3579	46.0452	0	-0.408823	-0.912614	0	None	None
ChainingRodShaped	1233	4.35137	0.5	-5.11861	17.1017	0	0.879064	0.476703	0	None	None
ChainingRodShaped	1235	3.50081	0.5	15.8651	38.1649	0	0.466432	-0.884557	0	None	None
ChainingRodShaped	1918	2.12918	0.5	29.5635	29.9041	0	0.553757	-0.832678	0	None	None
ChainingRodShaped	1239	4.56153	0.5	21.3995	41.2113	0	0.683686	-0.729777	0	None	None
ChainingRodShaped	1241	4.01607	0.5	-1.56518	44.8644	0	0.661499	-0.749946	0	None	None
ChainingRodShaped	1243	3.98656	0.5	-22.7154	23.7612	0	0.927367	-0.374153	0	None	None
ChainingRodShaped	1245	3.74784	0.5	-15.9391	56.2388	0	-0.0890411	-0.996028	0	None	None
ChainingRodShaped	1247	3.32855	0.5	7.71381	20.9245	0	0.536987	-0.843591	0	None	None
ChainingRodShaped	1249	3.65513	0.5	10.301	41.9847	0	0.265325	-0.964159	0	None	None
ChainingRodShaped	1922	2.08385	0.5	-0.226406	62.2655	0	0.777742	-0.628583	0	None	None
ChainingRodShaped	1892	2.13348	0.5	-31.4719	32.3595	0	0.311165	-0.950356	0	None	None
ChainingRodShaped	1255	3.13715	0.5	-13.2663	52.796	0	0.619519	-0.784981	0	None	None
ChainingRodShaped	1257	3.49634	0.5	-25.6185	67.9006	0	-0.998323	-0.0578871	0	None	None
ChainingRodShaped	1259	4.44944	0.5	-20.9922	38.0657	0	0.679085	-0.73406	0	None	None
ChainingRodShaped	1261	4.9019	0.5	9.09121	62.2551	0	0.996632	-0.0820063	0	None	None
ChainingRodShaped	1263	4.43653	0.5	25.8032	50.8394	0	-0.578109	-0.81596	0	None	None
ChainingRodShaped	1265	3.06627	0.5	20.2915	64.6946	0	0.999217	-0.0395574	0	None	None
ChainingRodShaped	1267	4.13699	0.5	-19.0756	62.3174	0	-0.545881	-0.837863	0	None	None
ChainingRodShaped	1269	4.14813	0.5	4.13806	60.1768	0	0.893759	-0.448547	0	None	None
ChainingRodShaped	1271	3.32457	0.5	-9.89071	119.369	0	-0.361479	-0.93238	0	None	1270
ChainingRodShaped	1273	3.43484	0.5	-23.7995	66.8916	0	-0.851516	-0.524328	0	None	None
ChainingRodShaped	1275	4.92263	0.5	14.3474	20.5705	0	0.416082	-0.909327	0	None	None
ChainingRodShaped	1277	3.62436	0.5	-1.94121	25.3587	0	0.919594	-0.39287	0	None	None
ChainingRodShaped	1279	3.67636	0.5	35.0184	26.7924	0	0.010378	0.999946	0	None	None
ChainingRodShaped	1281	3.2979	0.5	15.8988	15.1581	0	0.954023	-0.299735	0	None	None
ChainingRodShaped	1283	3.44253	0.5	19.0672	57.5089	0	0.0886927	0.996059	0	None	None
ChainingRodShaped	1285	4.84672	0.5	-20.3237	29.6411	0	-0.994037	0.109042	0	None	None
ChainingRodShaped	1287	4.58849	0.5	11.7219	57.3468	0	0.99407	0.108742	0	None	None
ChainingRodShaped	1960	2.01596	0.5	-15.7508	40.9832	0	-0.344873	-0.93865	0	None	None
ChainingRodShaped	1291	4.59164	0.5	-12.6719	14.0949	0	0.688569	-0.725171	0	None	None
ChainingRodShaped	1293	4.68258	0.5	-5.32542	72.0428	0	0.998785	0.0492824	0	None	None
ChainingRodShaped	1295	4.37308	0.5	-29.2018	55.0168	0	0.756217	-0.654321	0	None	None
ChainingRodShaped	1297	4.43579	0.5	14.9006	8.01643	0	0.994716	-0.102661	0	None	None
ChainingRodShaped	1299	4.58685	0.5	-7.05901	35.4502	0	0.369345	-0.929292	0	None	None
ChainingRodShaped	1301	3.8659	0.5	20.1181	47.7781	0	0.75783	-0.652452	0	None	None
ChainingRodShaped	1303	3.69642	0.5	-5.32285	36.0411	0	0.350676	-0.936497	0	None	None
ChainingRodShaped	1305	3.50082	0.5	-13.4875	47.4407	0	-0.581809	-0.813326	0	None	None
ChainingRodShaped	1307	3.35306	0.5	-17.9234	56.4735	0	0.00958318	0.999954	0	None	None
ChainingRodShaped	1309	4.16528	0.5	23.2197	22.7346	0	0.564469	0.825454	0	None	None
ChainingRodShaped	1311	4.21933	0.5	3.15264	30.7383	0	0.248569	-0.968614	0	None	None
ChainingRodShaped	1313	4.21977	0.5	-7.42313	58.649	0	-0.773182	-0.634185	0	None	None
ChainingRodShaped	1315	3.68936	0.5	-17.6732	50.3705	0	0.367117	-0.930175	0	None	None
ChainingRodShaped	1317	3.98016	0.5	28.0496	26.7085	0	0.47138	-0.88193	0	None	None
ChainingRodShaped	1319	3.86776	0.5	9.6148	72.9694	0	0.907513	-0.420023	0	None	None
ChainingRodShaped	1321	3.13186	0.5	9.09161	74.2952	0	0.908899	-0.417015	0	None	None
ChainingRodShaped	1323	3.36823	0.5	-8.01931	63.9486	0	0.513024	-0.858374	0	None	None
ChainingRodShaped	1325	4.35981	0.5	-22.2584	38.0442	0	0.680383	-0.732856	0	None	None
ChainingRodShaped	1327	2.96787	0.5	-7.6591	74.0501	0	-0.90311	-0.429409	0	None	None
ChainingRodShaped	1329	3.29658	0.5	-3.93902	24.1759	0	-0.928363	0.371676	0	None	None
ChainingRodShaped	1331	3.3523	0.5	4.45933	12.7712	0	0.996274	0.0862406	0	None	None
ChainingRodShaped	1333	4.34834	0.5	-22.4906	31.849	0	0.829788	-0.558079	0	None	None
ChainingRodShaped	1335	4.56554	0.5	22.0382	58.1803	0	-0.120338	-0.992733	0	None	None
ChainingRodShaped	1337	3.1157	0.5	6.79966	9.18887	0	0.959027	-0.283314	0	None	None
ChainingRodShaped	1339	3.53441	0.5	29.2224	13.4893	0	0.911262	0.411828	0	None	None
ChainingRodShaped	1341	4.14605	0.5	-13.0187	33.0549	0	0.965463	0.260542	0	None	None
ChainingRodShaped	1343	4.17381	0.5	-26.615	50.2998	0	0.744008	-0.66817	0	None	None
ChainingRodShaped	1345	3.97487	0.5	25.2717	30.2473	0	0.909197	-0.416366	0	None	None
ChainingRodShaped	1347	3.45221	0.5	8.51678	61.3516	0	0.997087	-0.0762726	0	None	None
ChainingRodShaped	1349	4.19377	0.5	20.8417	56.0509	0	-0.100503	-0.994937	0	None	None
ChainingRodShaped	1351	3.79637	0.5	32.596	42.1259	0	0.999184	-0.0404017	0	None	None
ChainingRodShaped	1353	3.64417	0.5	-8.05747	60.5215	0	-0.777089	-0.62939	0	None	None
ChainingRodShaped	1355	4.55784	0.5	-26.4652	35.4527	0	-0.693131	0.720811	0	None	None
ChainingRodShaped	1357	3.74033	0.5	5.87933	28.272	0	0.785687	-0.618624	0	None	None
ChainingRodShaped	1359	3.60754	0.5	-20.3627	21.0122	0	0.994427	-0.10543	0	None	None
ChainingRodShaped	1361	3.82428	0.5	-18.6499	75.6584	0	-0.800987	-0.598682	0	None	None
ChainingRodShaped	1363	3.71933	0.5	-6.92479	45.2552	0	0.658054	-0.752971	0	None	None
ChainingRodShaped	1365	3.93622	0.5	5.3617	10.6286	0	0.990593	0.136842	0	None	None
ChainingRodShaped	1367	4.24671	0.5	-12.6149	41.141	0	-0.347246	-0.937774	0	None	None
ChainingRodShaped	1369	3.92852	0.5	9.83262	68.5831	0	-0.527453	-0.849584	0	None	None
ChainingRodShaped	1371	3.58813	0.5	12.0736	42.2651	0	0.245985	-0.969274	0	None	None
ChainingRodShaped	1373	3.47777	0.5	-7.83383	43.4997	0	0.6437	-0.765278	0	None	None
ChainingRodShaped	1375	4.00862	0.5	7.6797	49.9799	0	0.753248	-0.657737	0	None	None
ChainingRodShaped	1377	3.10291	0.5	19.9052	56.2485	0	0.0986466	0.995123	0	None	None
ChainingRodShaped	1379	3.67446	0.5	-14.9995	60.7985	0	-0.246308	-0.969192	0	None	None
ChainingRodShaped	1381	4.01887	0.5	-9.42339	60.6146	0	-0.781165	-0.624325	0	None	None
ChainingRodShaped	1383	2.94472	0.5	31.2311	24.2567	0	0.854958	-0.518698	0	None	None
ChainingRodShaped	1385	3.62091	0.5	14.1145	39.4234	0	-0.188731	-0.982029	0	None	None
ChainingRodShaped	1387	3.19195	0.5	19.6303	44.3774	0	0.729974	-0.683475	0	None	None
ChainingRodShaped	1389	3.79685	0.5	-14.1988	47.9987	0	-0.573645	-0.819104	0	None	None
ChainingRodShaped	1391	4.0512	0.5	-22.09	18.0287	0	0.62294	-0.782269	0	None	None
ChainingRodShaped	1393	3.55647	0.5	23.8535	36.2639	0	0.976189	-0.216923	0	None	None
ChainingRodShaped	1395	3.75717	0.5	-18.5163	67.8485	0	-0.217238	-0.976119	0	None	None
ChainingRodShaped	1397	3.61922	0.5	15.0323	71.6438	0	-0.535609	-0.844466	0	None	None
ChainingRodShaped	1399	3.77827	0.5	-15.6642	14.0436	0	0.788627	-0.614872	0	None	None
ChainingRodShaped	1401	2.89651	0.5	5.00322	33.6048	0	0.829166	-0.559003	0	None	None
ChainingRodShaped	1403	3.23408	0.5	26.0089	18.8444	0	0.873226	-0.487315	0	None	None
ChainingRodShaped	1405	3.09582	0.5	14.2956	44.066	0	0.722657	-0.691206	0	None	None
ChainingRodShaped	1407	3.89581	0.5	-29.9471	62.8891	0	-0.350249	-0.936657	0	None	None
ChainingRodShaped	1409	3.79822	0.5	25.6827	17.9131	0	0.872073	-0.489376	0	None	None
ChainingRodShaped	1411	2.83734	0.5	-5.7454	13.4446	0	0.856054	0.516887	0	None	None
ChainingRodShaped	1413	3.59001	0.5	-0.664443	66.1047	0	0.339708	-0.940531	0	None	None
ChainingRodShaped	1415	3.13262	0.5	-3.04911	54.4158	0	0.997081	-0.0763557	0	None	None
ChainingRodShaped	1417	3.34997	0.5	0.455533	74.369	0	0.924558	-0.381041	0	None	None
ChainingRodShaped	1419	3.20456	0.5	-4.06911	74.7279	0	0.931864	-0.362808	0	None	None
ChainingRodShaped	1421	3.33943	0.5	23.0846	12.7067	0	0.619945	0.784645	0	None	None
ChainingRodShaped	1423	3.18911	0.5	1.45846	38.669	0	-0.704337	-0.709866	0	None	None
ChainingRodShaped	1425	3.99877	0.5	-25.1393	23.7456	0	0.838835	-0.544386	0	None	None
ChainingRodShaped	1427	3.59431	0.5	-5.36957	28.1359	0	0.267686	-0.963506	0	None	None
ChainingRodShaped	1429	2.86953	0.5	-9.82301	7.7073	0	0.987655	-0.156646	0	None	None
ChainingRodShaped	1431	3.73248	0.5	4.38071	69.6654	0	0.923343	0.383976	0	None	None
ChainingRodShaped	1433	3.12229	0.5	-28.3417	42.5631	0	0.740837	-0.671685	0	None	None
ChainingRodShaped	1435	3.30173	0.5	-19.2783	14.5147	0	0.405791	-0.913966	0	None	None
ChainingRodShaped	1437	3.79928	0.5	13.7646	13.6823	0	0.829562	-0.558415	0	None	None
ChainingRodShaped	1439	2.84802	0.5	26.4348	42.1072	0	0.883017	0.469341	0	None	None
ChainingRodShaped	1441	3.64212	0.5	14.7493	50.0783	0	0.922292	-0.386495	0	None	None
ChainingRodShaped	1443	2.88597	0.5	-5.06963	69.0346	0	0.999164	0.040882	0	None	None
ChainingRodShaped	1445	2.86193	0.5	23.5968	32.4799	0	-0.723845	-0.689963	0	None	None
ChainingRodShaped	1447	2.77439	0.5	2.38016	58.9915	0	0.88806	-0.459728	0	None	None
ChainingRodShaped	1449	3.95064	0.5	-21.2279	15.3327	0	0.611415	-0.79131	0	None	None
ChainingRodShaped	1451	3.9932	0.5	-16.1028	26.4612	0	-0.998629	0.0523407	0	None	None
ChainingRodShaped	1453	3.99405	0.5	16.5125	38.8649	0	0.475283	-0.879833	0	None	None
ChainingRodShaped	1455	3.95838	0.5	-28.3768	27.0755	0	0.29815	-0.954519	0	None	None
ChainingRodShaped	1457	2.91015	0.5	8.44473	21.5334	0	0.540474	-0.84136	0	None	None
ChainingRodShaped	1459	2.61902	0.5	-18.8084	96.5671	0	-0.369946	-0.929053	0	790	1458
ChainingRodShaped	1461	3.17443	0.5	12.8832	56.5249	0	0.992933	0.118673	0	None	None
ChainingRodShaped	1463	3.25797	0.5	-21.31	53.6419	0	0.62753	-0.778592	0	None	None
ChainingRodShaped	1465	3.73335	0.5	-7.10379	51.2449	0	0.642685	-0.76613	0	None	None
ChainingRodShaped	1467	2.95472	0.5	-23.8576	45.6275	0	0.715619	-0.69849	0	None	None
ChainingRodShaped	1469	2.77384	0.5	-13.3047	54.421	0	0.598235	-0.801321	0	None	None
ChainingRodShaped	1471	3.35445	0.5	-10.284	76.0387	0	-0.905448	-0.424458	0	None	None
ChainingRodShaped	1473	3.82572	0.5	13.1982	49.7258	0	0.918386	-0.395687	0	None	None
ChainingRodShaped	1475	3.69806	0.5	16.5967	67.026	0	0.981784	-0.19	0	None	None
ChainingRodShaped	1477	3.97841	0.5	24.9575	51.3336	0	-0.582411	-0.812894	0	None	None
ChainingRodShaped	1479	3.42408	0.5	-24.6878	30.6339	0	-0.668679	0.743552	0	None	None
ChainingRodShaped	1481	3.06942	0.5	25.8485	42.8689	0	0.881647	0.47191	0	None	None
ChainingRodShaped	1483	3.35265	0.5	14.9914	47.3172	0	0.739811	-0.672815	0	None	None
ChainingRodShaped	1485	3.45247	0.5	15.5131	53.1093	0	-0.987255	-0.159147	0	None	None
ChainingRodShaped	1487	3.08384	0.5	-11.2317	77.7691	0	0.968645	-0.248449	0	None	None
ChainingRodShaped	1489	2.69025	0.5	-2.84357	49.1404	0	0.649316	-0.760518	0	None	None
ChainingRodShaped	1491	3.06811	0.5	-4.86702	59.6725	0	-0.217038	-0.976163	0	None	None
ChainingRodShaped	1493	3.50679	0.5	30.6263	19.6586	0	-0.880171	0.474656	0	None	None
ChainingRodShaped	1495	2.68704	0.5	21.2994	27.7304	0	0.190542	-0.981679	0	None	None
ChainingRodShaped	1497	3.14872	0.5	15.0997	35.4742	0	0.527163	-0.849764	0	None	None
ChainingRodShaped	1499	2.72404	0.5	-9.06944	-19.0601	0	0.457474	-0.889223	0	1588	1498
ChainingRodShaped	1501	3.13128	0.5	7.07733	34.5367	0	0.762135	-0.647418	0	None	None
ChainingRodShaped	1503	3.67651	0.5	-30.9407	54.5322	0	0.477814	-0.878461	0	None	None
ChainingRodShaped	1505	2.90838	0.5	11.8266	13.8191	0	0.835106	-0.550089	0	None	None
ChainingRodShaped	1507	3.38559	0.5	14.2333	42.436	0	0.867823	-0.496874	0	None	None
ChainingRodShaped	1509	3.17649	0.5	0.48334	16.9549	0	0.990712	0.135977	0	None	None
ChainingRodShaped	1511	3.77167	0.5	9.05774	51.4679	0	0.994595	-0.103833	0	None	None
ChainingRodShaped	1513	2.76487	0.5	20.3752	44.9762	0	0.726263	-0.687417	0	None	None
ChainingRodShaped	1515	3.144	0.5	-3.82534	73.0921	0	0.998242	0.059269	0	None	None
ChainingRodShaped	1517	3.15302	0.5	23.0595	58.543	0	-0.113378	-0.993552	0	None	None
ChainingRodShaped	1519	2.61781	0.5	-25.8865	78.8877	0	-0.362581	-0.931952	0	1942	1518
ChainingRodShaped	1521	3.1865	0.5	4.30812	70.687	0	0.921843	0.387564	0	None	None
ChainingRodShaped	1523	3.72049	0.5	-7.67315	67.2055	0	0.995475	-0.0950285	0	None	None
ChainingRodShaped	1525	3.2461	0.5	-9.72939	75.2247	0	-0.905314	-0.424743	0	None	None
ChainingRodShaped	1527	2.84052	0.5	-24.9488	29.4726	0	-0.67188	0.74066	0	None	None
ChainingRodShaped	1529	3.47405	0.5	34.1979	45.3867	0	-0.597199	0.802093	0	None	None
ChainingRodShaped	1531	3.28786	0.5	-11.6178	38.5561	0	0.342138	0.93965	0	None	None
ChainingRodShaped	1533	2.96448	0.5	-1.55722	30.0302	0	0.621858	-0.78313	0	None	None
ChainingRodShaped	1535	3.1971	0.5	-14.4324	29.3851	0	0.952421	-0.304786	0	None	None
ChainingRodShaped	1537	2.74424	0.5	-12.4414	69.1105	0	0.992924	0.11875	0	None	None
ChainingRodShaped	1539	3.54234	0.5	-24.9738	53.3681	0	0.680093	-0.733126	0	None	None
ChainingRodShaped	1541	3.10221	0.5	-21.353	69.6733	0	-0.0494505	-0.998777	0	None	None
ChainingRodShaped	1543	3.05523	0.5	-12.3051	66.6678	0	0.347672	-0.937616	0	None	None
ChainingRodShaped	1545	2.58958	0.5	-11.8926	60.5191	0	-0.0596448	-0.99822	0	None	None
ChainingRodShaped	1547	2.73258	0.5	5.73261	54.9664	0	0.993397	0.114729	0	None	None
ChainingRodShaped	1549	3.62374	0.5	19.4669	35.5853	0	0.50837	-0.861139	0	None	None
ChainingRodShaped	1551	3.02918	0.5	33.8208	31.3044	0	-0.450878	-0.892586	0	None	None
ChainingRodShaped	1553	3.49443	0.5	-8.33222	36.0673	0	0.378624	-0.92555	0	None	None
ChainingRodShaped	1555	3.36736	0.5	26.45	39.6524	0	0.987584	-0.157091	0	None	None
ChainingRodShaped	1557	3.22183	0.5	-8.29935	42.6025	0	0.636022	-0.771671	0	None	None
ChainingRodShaped	1559	2.47001	0.5	-20.5247	2.13081	0	0.477972	-0.878375	0	744	1558
ChainingRodShaped	1561	2.66259	0.5	-31.5954	51.516	0	0.38686	-0.922139	0	None	None
ChainingRodShaped	1563	3.00179	0.5	2.03804	65.6497	0	0.635662	-0.771968	0	None	None
ChainingRodShaped	1565	3.08927	0.5	1.0968	54.0661	0	0.839677	-0.543087	0	None	None
ChainingRodShaped	1567	2.8895	0.5	-21.5199	55.7611	0	0.506478	-0.862253	0	None	None
ChainingRodShaped	1569	2.96424	0.5	-20.5608	67.6098	0	-0.230957	-0.972964	0	None	None
ChainingRodShaped	1571	3.12958	0.5	-10.7121	67.1816	0	0.74557	-0.666427	0	None	None
ChainingRodShaped	1573	3.37159	0.5	22.5757	38.4443	0	0.978876	-0.204456	0	None	None
ChainingRodShaped	1575	2.70822	0.5	-29.5978	32.7992	0	-0.771911	0.635731	0	None	None
ChainingRodShaped	1577	3.13802	0.5	2.06816	42.9509	0	0.486941	-0.873435	0	None	None
ChainingRodShaped	1579	2.5674	0.5	-22.2707	71.058	0	-0.057989	-0.998317	0	None	None
ChainingRodShaped	1581	3.48194	0.5	-14.4737	30.3886	0	0.95542	-0.29525	0	None	None
ChainingRodShaped	1583	3.15556	0.5	-9.04204	52.0951	0	0.637856	-0.770155	0	None	None
ChainingRodShaped	1585	2.99485	0.5	27.1719	57.9833	0	-0.758167	0.652061	0	None	None
ChainingRodShaped	1587	2.56078	0.5	13.0373	70.2649	0	-0.468802	-0.883303	0	None	None
ChainingRodShaped	1589	2.38596	0.5	-12.3409	-12.8322	0	0.472707	-0.881219	0	808	1588
ChainingRodShaped	1591	3.21349	0.5	9.29795	40.2841	0	-0.0384542	-0.99926	0	None	None
ChainingRodShaped	1593	2.89917	0.5	17.8781	34.5963	0	0.518313	-0.855191	0	None	None
ChainingRodShaped	1595	2.74904	0.5	1.0253	51.8513	0	0.261511	-0.965201	0	None	None
ChainingRodShaped	1597	2.68269	0.5	35.1606	35.4703	0	-0.0168263	-0.999858	0	None	None
ChainingRodShaped	1599	2.61605	0.5	7.19967	18.2226	0	0.652006	-0.758214	0	None	None
ChainingRodShaped	1601	3.30594	0.5	7.15508	68.0272	0	-0.558674	-0.829387	0	None	None
ChainingRodShaped	1603	3.10001	0.5	-13.5157	35.3209	0	0.882002	0.471245	0	None	None
ChainingRodShaped	1605	3.12771	0.5	-23.832	60.925	0	-0.136099	-0.990695	0	None	None
ChainingRodShaped	1607	2.48761	0.5	-19.2377	42.7092	0	0.302016	-0.953303	0	None	None
ChainingRodShaped	1609	3.1623	0.5	17.9192	54.0375	0	0.673527	-0.739163	0	None	None
ChainingRodShaped	1611	3.2604	0.5	-9.26524	16.9035	0	0.864265	0.503036	0	None	None
ChainingRodShaped	1613	2.6697	0.5	6.78838	60.5118	0	0.998105	-0.0615336	0	None	None
ChainingRodShaped	1615	2.47868	0.5	2.3614	44.3113	0	0.491446	-0.870908	0	None	None
ChainingRodShaped	1617	2.89844	0.5	6.29906	16.0525	0	0.856095	-0.516818	0	None	None
ChainingRodShaped	1619	2.55946	0.5	-16.5774	58.6722	0	-0.301967	-0.953318	0	None	None
ChainingRodShaped	1621	3.08492	0.5	-25.9755	43.8534	0	0.925079	-0.379775	0	None	None
ChainingRodShaped	1623	2.52805	0.5	-9.03347	23.1445	0	-0.371489	0.928437	0	None	None
ChainingRodShaped	1625	3.17321	0.5	-1.9028	9.0071	0	0.907082	-0.420955	0	None	None
ChainingRodShaped	1627	2.57239	0.5	-17.8406	19.5269	0	-0.192312	-0.981334	0	None	None
ChainingRodShaped	1629	3.25063	0.5	-18.5006	71.0468	0	-0.559311	-0.828958	0	None	None
ChainingRodShaped	1631	2.82463	0.5	-9.40341	20.4959	0	-0.120266	0.992742	0	None	None
ChainingRodShaped	1633	2.76828	0.5	28.3115	52.6204	0	-0.603741	-0.79718	0	None	None
ChainingRodShaped	1635	3.0186	0.5	-20.6908	44.1726	0	0.292464	-0.956276	0	None	None
ChainingRodShaped	1637	2.88172	0.5	-13.4577	9.07354	0	0.729676	-0.683793	0	None	None
ChainingRodShaped	1639	3.22688	0.5	-11.4549	53.5487	0	0.622162	-0.782888	0	None	None
ChainingRodShaped	1641	2.79461	0.5	1.09628	42.8161	0	0.478199	-0.878252	0	None	None
ChainingRodShaped	1643	2.66241	0.5	10.0356	54.2776	0	0.99184	0.127491	0	None	None
ChainingRodShaped	1645	2.83627	0.5	13.6783	45.9361	0	0.730087	-0.683354	0	None	None
ChainingRodShaped	1647	2.36823	0.5	-32.788	31.6224	0	0.197128	-0.980378	0	824	1646
ChainingRodShaped	1649	3.04466	0.5	-2.32184	42.325	0	0.465013	-0.885304	0	None	None
ChainingRodShaped	1651	2.80979	0.5	-26.8619	66.22	0	-0.869052	-0.494721	0	None	None
ChainingRodShaped	1653	2.4534	0.5	9.03728	26.7054	0	0.699552	-0.714582	0	None	None
ChainingRodShaped	1655	2.55735	0.5	-29.5956	35.0096	0	-0.266595	0.963809	0	None	None
ChainingRodShaped	1657	2.53667	0.5	29.0095	34.4384	0	0.518913	-0.854827	0	None	None
ChainingRodShaped	1659	2.80666	0.5	-2.75293	53.4778	0	0.997009	-0.0772862	0	None	None
ChainingRodShaped	1661	2.74152	0.5	23.6072	47.1947	0	0.697488	-0.716596	0	None	None
ChainingRodShaped	1663	2.73287	0.5	0.580586	56.6603	0	-0.840953	0.541108	0	None	None
ChainingRodShaped	1665	2.99168	0.5	-8.96481	15.9875	0	0.859193	0.511651	0	None	None
ChainingRodShaped	1667	2.57473	0.5	4.11565	33.0454	0	0.834584	-0.55088	0	None	None
ChainingRodShaped	1669	2.56599	0.5	-16.3076	70.6883	0	-0.638295	-0.769792	0	None	None
ChainingRodShaped	1671	2.44351	0.5	11.1165	68.8332	0	-0.518928	-0.854818	0	None	None
ChainingRodShaped	1673	3.04827	0.5	-2.90555	20.707	0	0.998991	0.0449015	0	None	None
ChainingRodShaped	1675	2.80982	0.5	-0.704606	51.0998	0	0.277564	-0.960707	0	None	None
ChainingRodShaped	1677	2.89756	0.5	-12.921	45.0105	0	-0.508228	-0.861223	0	None	None
ChainingRodShaped	1679	2.85645	0.5	-27.794	59.6094	0	0.147866	-0.989007	0	None	None
ChainingRodShaped	1681	3.03296	0.5	11.8346	21.4794	0	0.427318	-0.904102	0	None	None
ChainingRodShaped	1683	2.55593	0.5	23.2353	62.9001	0	0.728133	-0.685436	0	None	None
ChainingRodShaped	1685	2.5158	0.5	-16.1226	25.5136	0	-0.998804	0.0488844	0	None	None
ChainingRodShaped	1687	2.41099	0.5	-8.49428	10.3881	0	0.777182	0.629276	0	None	None
ChainingRodShaped	1689	3.02932	0.5	-22.4685	61.4648	0	0.18185	-0.983326	0	None	None
ChainingRodShaped	1691	2.34313	0.5	1.09273	-39.7707	0	0.42971	-0.902967	0	683	1690
ChainingRodShaped	1693	2.80461	0.5	-25.631	45.8973	0	0.344433	-0.938811	0	None	None
ChainingRodShaped	1695	2.73594	0.5	22.8908	37.4267	0	0.97831	-0.207148	0	None	None
ChainingRodShaped	1697	2.50015	0.5	-7.61108	44.6474	0	0.651303	-0.758818	0	None	None
ChainingRodShaped	1699	2.97836	0.5	4.47859	21.6323	0	0.967412	0.253208	0	None	None
ChainingRodShaped	1701	2.84821	0.5	19.3788	40.5492	0	0.684943	-0.728597	0	None	None
ChainingRodShaped	1703	2.67006	0.5	-21.9142	44.9272	0	0.2829	-0.959149	0	None	None
ChainingRodShaped	1705	2.48981	0.5	19.8144	68.1437	0	0.890703	-0.454585	0	None	None
ChainingRodShaped	1707	2.40392	0.5	-27.7218	23.2917	0	0.480065	-0.877233	0	None	None
ChainingRodShaped	1709	2.58721	0.5	25.4515	21.6931	0	0.197596	0.980283	0	None	None
ChainingRodShaped	1711	2.60989	0.5	4.90118	14.2253	0	0.964761	-0.263129	0	None	None
ChainingRodShaped	1713	2.73529	0.5	-8.94493	11.4532	0	0.853269	0.521472	0	None	None
ChainingRodShaped	1715	2.6433	0.5	-15.4413	20.4358	0	0.310256	-0.950653	0	None	None
ChainingRodShaped	1717	2.77725	0.5	-20.3522	49.4696	0	0.358244	-0.933628	0	None	None
ChainingRodShaped	1719	2.55545	0.5	0.310581	66.1643	0	0.342911	-0.939368	0	None	None
ChainingRodShaped	1721	2.6701	0.5	4.67943	45.1322	0	0.754616	-0.656166	0	None	None
ChainingRodShaped	1723	2.29173	0.5	-11.2727	71.4144	0	-0.938371	-0.345628	0	None	None
ChainingRodShaped	1725	2.59381	0.5	3.95448	38.5802	0	-0.695639	-0.718391	0	None	None
ChainingRodShaped	1727	2.43242	0.5	3.09471	9.44378	0	0.898395	-0.439188	0	None	None
ChainingRodShaped	1729	2.56427	0.5	2.15885	51.2535	0	0.265	-0.964248	0	None	None
ChainingRodShaped	1731	2.28929	0.5	-26.9471	49.2876	0	0.743258	-0.669004	0	None	None
ChainingRodShaped	1733	2.34466	0.5	8.2928	67.9973	0	-0.556735	-0.83069	0	None	None
ChainingRodShaped	1735	2.68539	0.5	-16.4786	20.5018	0	0.319755	-0.9475	0	None	None
ChainingRodShaped	1737	2.38367	0.5	-26.1944	26.8063	0	0.979952	-0.199234	0	None	None
ChainingRodShaped	1739	2.80381	0.5	5.34609	55.8183	0	0.994502	0.104715	0	None	None
ChainingRodShaped	1741	2.46456	0.5	-2.40065	12.5993	0	0.999573	-0.0292266	0	None	None
ChainingRodShaped	1743	2.49099	0.5	19.2658	28.3164	0	0.177736	-0.984078	0	None	None
ChainingRodShaped	1745	2.34209	0.5	10.8313	28.8877	0	0.727993	-0.685584	0	None	None
ChainingRodShaped	1747	2.52668	0.5	8.68021	52.9284	0	-0.954645	-0.297745	0	None	None
ChainingRodShaped	1749	2.29616	0.5	-17.053	39.7518	0	-0.0630584	-0.99801	0	None	None
ChainingRodShaped	1751	2.37631	0.5	-21.4551	32.3323	0	0.828501	-0.559988	0	None	None
ChainingRodShaped	1753	2.60772	0.5	-2.15263	11.6153	0	0.999495	-0.0317793	0	None	None
ChainingRodShaped	1755	2.5641	0.5	-7.35363	66.2227	0	0.994975	-0.10012	0	None	None
ChainingRodShaped	1757	2.33874	0.5	-25.1402	18.3693	0	0.702392	-0.711791	0	None	None
ChainingRodShaped	1759	2.27279	0.5	9.47167	28.8645	0	0.728809	-0.684717	0	None	None
ChainingRodShaped	1761	2.56814	0.5	27.278	30.388	0	0.910408	-0.413712	0	None	None
ChainingRodShaped	1763	2.29074	0.5	20.1222	21.5548	0	0.0253491	-0.999679	0	None	None
ChainingRodShaped	1765	2.68257	0.5	5.15142	36.2126	0	-0.297195	-0.954817	0	None	None
ChainingRodShaped	1767	2.68742	0.5	28.7627	40.386	0	0.998175	-0.0603829	0	None	None
ChainingRodShaped	1769	2.59892	0.5	2.88714	68.0283	0	0.932242	0.361834	0	None	None
ChainingRodShaped	1771	2.72029	0.5	22.903	27.5245	0	0.605465	-0.795872	0	None	None
ChainingRodShaped	1773	2.45448	0.5	-12.6164	26.4939	0	-0.830607	0.55686	0	None	None
ChainingRodShaped	1775	2.30412	0.5	35.0471	45.9044	0	-0.597089	0.802175	0	None	None
ChainingRodShaped	1777	2.48598	0.5	8.07076	18.6734	0	0.644398	-0.76469	0	None	None
ChainingRodShaped	1779	2.63237	0.5	-6.39895	9.70441	0	0.875454	0.483301	0	None	None
ChainingRodShaped	1781	2.39951	0.5	11.3706	65.0241	0	0.941349	0.337434	0	None	None
ChainingRodShaped	1783	2.63404	0.5	-8.12535	71.0476	0	0.993152	-0.116827	0	None	None
ChainingRodShaped	1785	2.70986	0.5	-29.1234	23.7349	0	0.498748	-0.866747	0	None	None
ChainingRodShaped	1787	2.66491	0.5	9.87013	27.1776	0	0.70663	-0.707584	0	None	None
ChainingRodShaped	1789	2.26249	0.5	26.1099	57.6011	0	0.755629	-0.655	0	None	None
ChainingRodShaped	1791	2.25628	0.5	-27.924	16.7744	0	0.3982	-0.917299	0	1206	1790
ChainingRodShaped	1793	2.47847	0.5	-4.6358	52.7101	0	0.639524	-0.768771	0	None	None
ChainingRodShaped	1795	2.40829	0.5	35.9986	25.8238	0	0.0116241	0.999932	0	None	None
ChainingRodShaped	1797	2.59588	0.5	28	59.8783	0	0.759848	-0.650101	0	None	None
ChainingRodShaped	1799	2.5997	0.5	-10.3466	20.4853	0	-0.130213	0.991486	0	None	None
ChainingRodShaped	1801	2.27451	0.5	-0.293849	9.70445	0	0.622328	-0.782756	0	None	None
ChainingRodShaped	1803	2.24726	0.5	32.1732	30.2966	0	-0.0716802	-0.997428	0	None	None
ChainingRodShaped	1805	2.48672	0.5	-6.68549	47.8445	0	0.653023	-0.757338	0	None	None
ChainingRodShaped	1807	2.60841	0.5	-26.9064	60.2786	0	0.146117	-0.989267	0	None	None
ChainingRodShaped	1809	2.49665	0.5	1.39609	30.3513	0	0.876497	-0.481407	0	None	None
ChainingRodShaped	1811	2.34302	0.5	-2.56211	13.5789	0	0.999423	-0.0339635	0	None	None
ChainingRodShaped	1813	2.5155	0.5	-14.4463	20.4876	0	0.300745	-0.953705	0	None	None
ChainingRodShaped	1815	2.5501	0.5	0.629058	57.7682	0	0.846327	-0.532664	0	None	None
ChainingRodShaped	1817	2.29825	0.5	-4.18643	36.5942	0	0.0538636	-0.998548	0	None	None
ChainingRodShaped	1819	2.24357	0.5	-6.09747	20.2104	0	-0.711048	-0.703143	0	None	None
ChainingRodShaped	1821	2.39491	0.5	-30.2769	41.9513	0	0.0552122	-0.998475	0	None	None
ChainingRodShaped	1823	2.54429	0.5	26.9364	45.4709	0	0.379814	0.925063	0	None	None
ChainingRodShaped	1825	2.54657	0.5	19.6133	7.71454	0	0.891689	0.452648	0	None	None
ChainingRodShaped	1827	2.20367	0.5	-6.3445	57.477	0	-0.22489	-0.974384	0	None	None
ChainingRodShaped	1829	2.22217	0.5	4.64783	31.5609	0	0.821414	-0.570333	0	None	None
ChainingRodShaped	1831	2.25638	0.5	-18.7171	27.5775	0	-0.995504	0.094721	0	None	None
ChainingRodShaped	1833	2.23043	0.5	-12.174	70.098	0	0.992002	0.12622	0	None	None
ChainingRodShaped	1835	2.38019	0.5	-30.0994	29.605	0	0.203176	-0.979142	0	None	None
ChainingRodShaped	1837	2.20782	0.5	-23.8934	25.3058	0	0.963496	-0.267722	0	None	None
ChainingRodShaped	1839	2.34435	0.5	15.3277	54.0294	0	-0.988794	-0.149287	0	None	None
ChainingRodShaped	1841	2.49013	0.5	-1.32224	65.1601	0	0.34236	-0.939569	0	None	None
ChainingRodShaped	1843	2.43816	0.5	3.41826	35.4154	0	-0.694394	-0.719595	0	None	None
ChainingRodShaped	1845	2.2927	0.5	17.261	61.7594	0	0.6329	0.774233	0	None	None
ChainingRodShaped	1847	2.45204	0.5	-15.9434	13.021	0	0.787119	-0.616801	0	None	None
ChainingRodShaped	1849	2.3398	0.5	-5.00596	22.4847	0	-0.76503	-0.643995	0	None	None
ChainingRodShaped	1851	2.37748	0.5	-5.23794	44.7519	0	0.656597	-0.754242	0	None	None
ChainingRodShaped	1853	2.3056	0.5	-21.2103	64.2839	0	-0.546123	-0.837705	0	None	None
ChainingRodShaped	1855	2.30901	0.5	3.36414	8.21611	0	0.901118	-0.433573	0	None	None
ChainingRodShaped	1857	2.25514	0.5	-17.1809	51.7102	0	0.376406	-0.926455	0	None	None
ChainingRodShaped	1859	2.28822	0.5	-3.09404	26.8936	0	0.918992	-0.394275	0	None	None
ChainingRodShaped	1861	2.34082	0.5	-0.0945278	21.8072	0	-0.998108	-0.0614921	0	None	None
ChainingRodShaped	1863	2.17238	0.5	7.71203	47.4972	0	0.755474	-0.655179	0	None	None
ChainingRodShaped	1865	2.14667	0.5	0.0591724	35.7301	0	-0.540934	-0.841065	0	None	None
ChainingRodShaped	1867	2.41241	0.5	-4.99414	77.4075	0	0.999579	-0.0290217	0	None	None
ChainingRodShaped	1869	2.23056	0.5	25.8749	13.0366	0	0.626696	0.779264	0	None	None
ChainingRodShaped	1871	2.30162	0.5	-5.87244	14.4929	0	0.853591	0.520943	0	None	None
ChainingRodShaped	1873	2.22015	0.5	-6.70491	52.2485	0	0.643351	-0.765571	0	None	None
ChainingRodShaped	1875	2.32378	0.5	18.5386	42.7737	0	0.729816	-0.683643	0	None	None
ChainingRodShaped	1877	2.16118	0.5	31.187	30.3326	0	-0.0698889	-0.997555	0	None	None
ChainingRodShaped	1879	2.11373	0.5	8.37885	39.9891	0	-0.0352228	-0.999379	0	None	None
ChainingRodShaped	1881	2.19905	0.5	2.32625	74.9019	0	0.982076	-0.188485	0	None	None
ChainingRodShaped	1883	2.20435	0.5	-9.04539	42.0413	0	0.628298	-0.777973	0	None	None
ChainingRodShaped	1885	2.13753	0.5	13.7986	47.1202	0	0.736746	-0.676169	0	None	None
ChainingRodShaped	1887	2.19709	0.5	17.9728	30.0696	0	0.172322	-0.985041	0	None	None
ChainingRodShaped	1889	2.23012	0.5	30.9427	20.7118	0	0.912203	-0.409739	0	None	None
ChainingRodShaped	1891	2.23129	0.5	-16.1223	11.6304	0	0.64263	-0.766176	0	None	None
ChainingRodShaped	1893	2.19144	0.5	-31.9391	35.2596	0	0.461231	-0.88728	0	None	None
ChainingRodShaped	1895	2.19146	0.5	18.0172	55.3587	0	0.679402	-0.733767	0	None	None
ChainingRodShaped	1897	2.23585	0.5	20.9429	23.836	0	0.135189	-0.99082	0	None	None
ChainingRodShaped	1899	2.11603	0.5	-24.1395	49.5668	0	0.828773	-0.559585	0	None	None
ChainingRodShaped	1901	2.09442	0.5	-29.8615	67.9232	0	-0.308979	-0.951069	0	485	1900
ChainingRodShaped	1903	2.11427	0.5	34.8879	40.1013	0	0.407593	-0.913164	0	None	None
ChainingRodShaped	1905	2.1708	0.5	-8.75426	26.524	0	0.228209	-0.973612	0	None	None
ChainingRodShaped	1907	2.20964	0.5	-0.826174	60.2818	0	-0.22882	-0.973469	0	None	None
ChainingRodShaped	1909	2.13548	0.5	-18.0336	73.4383	0	-0.599646	-0.800265	0	None	None
ChainingRodShaped	1911	2.16582	0.5	4.63823	65.466	0	0.386331	-0.92236	0	None	None
ChainingRodShaped	1913	2.11545	0.5	22.6561	10.6156	0	0.684135	0.729356	0	None	None
ChainingRodShaped	1915	2.08803	0.5	-30.0719	48.5423	0	0.593951	-0.804501	0	None	None
ChainingRodShaped	1917	2.09569	0.5	-1.79548	60.3274	0	-0.235058	-0.971981	0	None	None
ChainingRodShaped	1919	2.15358	0.5	27.7527	32.1648	0	0.267339	-0.963603	0	None	None
ChainingRodShaped	1921	2.10295	0.5	-2.40852	19.7705	0	0.998493	0.0548871	0	None	None
ChainingRodShaped	1923	2.05877	0.5	-2.38379	64.411	0	0.631372	-0.77548	0	None	None
ChainingRodShaped	1925	2.10948	0.5	-24.8311	60.6728	0	-0.140035	-0.990147	0	None	None
ChainingRodShaped	1927	2.11006	0.5	35.6416	30.5574	0	0.445025	0.895518	0	None	None
ChainingRodShaped	1929	2.08084	0.5	1.34834	18.0774	0	0.997198	0.0748069	0	None	None
ChainingRodShaped	1931	2.06838	0.5	9.78959	21.3244	0	-0.445316	0.895374	0	None	None
ChainingRodShaped	1933	2.05551	0.5	-4.18425	46.3793	0	0.659623	-0.751597	0	None	None
ChainingRodShaped	1935	2.04757	0.5	3.7042	65.2007	0	0.39513	-0.918625	0	None	None
ChainingRodShaped	1937	2.05167	0.5	27.9805	50.505	0	0.571549	0.820568	0	None	None
ChainingRodShaped	1939	2.05398	0.5	2.30909	48.8208	0	0.681574	-0.731749	0	None	None
ChainingRodShaped	1941	2.02745	0.5	-6.33534	78.4251	0	0.998505	0.0546623	0	None	None
ChainingRodShaped	1943	2.01815	0.5	-23.5743	84.7209	0	-0.373306	-0.927708	0	1958	1942
ChainingRodShaped	1945	2.0501	0.5	12.4363	31.2354	0	0.748492	-0.663144	0	None	None
ChainingRodShaped	1947	2.02305	0.5	13.5261	15.0117	0	0.829014	-0.559228	0	None	None
ChainingRodShaped	1949	2.03131	0.5	20.5617	50.2547	0	-0.905685	0.423951	0	None	None
ChainingRodShaped	1951	2.03161	0.5	-22.2701	36.6456	0	0.682252	-0.731117	0	None	None
ChainingRodShaped	1953	2.04197	0.5	-32.1111	47.8482	0	0.460791	-0.887509	0	None	None
ChainingRodShaped	1955	2.01329	0.5	10.1079	18.275	0	0.866045	-0.499966	0	None	None
ChainingRodShaped	1957	2.01921	0.5	19	23.9614	0	0.149298	-0.988792	0	None	None
ChainingRodShaped	1959	2.01059	0.5	-21.3431	90.2484	0	-0.374317	-0.927301	0	1458	1958
ChainingRodShaped	1961	2.01642	0.5	-14.9186	43.6747	0	-0.591502	-0.806303	0	None	None
ChainingRodShaped	1963	2.00235	0.5	-21.4925	33.665	0	0.923008	-0.384782	0	None	None
