cell_type	cell_id	length	radius	pos_x	pos_y	pos_z	ori_x	ori_y	ori_z	lower_link	upper_link
ChainingRodShaped	796	2.18273	0.5	21.3516	22.4463	0	0.992293	0.123917	0	None	None
ChainingRodShaped	534	2.99562	0.5	-5.51379	-25.3947	0	0.263276	-0.964721	0	535	None
ChainingRodShaped	78	4.85426	0.5	-21.3945	51.159	0	-0.0136961	-0.999906	0	484	465
ChainingRodShaped	414	4.96586	0.5	20.2394	31.2017	0	0.752332	-0.658784	0	None	None
ChainingRodShaped	782	2.31158	0.5	25.3436	30.9946	0	0.81462	0.579995	0	None	None
ChainingRodShaped	802	2.12494	0.5	22.9486	39.4515	0	0.974707	-0.223485	0	None	None
ChainingRodShaped	300	3.87069	0.5	-15.3591	10.4434	0	0.257555	-0.966264	0	744	809
ChainingRodShaped	402	4.81702	0.5	5.36736	27.7157	0	0.999887	0.0150123	0	None	None
ChainingRodShaped	616	3.86678	0.5	23.8244	27.2398	0	0.567151	0.823614	0	None	None
ChainingRodShaped	538	3.75087	0.5	13.2873	28.0723	0	0.355646	-0.934621	0	None	None
ChainingRodShaped	528	3.03148	0.5	-19.8449	71.8977	0	-0.119351	-0.992852	0	529	563
ChainingRodShaped	662	3.64891	0.5	18.8484	49.9006	0	0.245779	-0.969326	0	None	None
ChainingRodShaped	556	3.80983	0.5	22.4364	37.4071	0	0.606056	-0.795422	0	None	None
ChainingRodShaped	626	3.8901	0.5	1.78993	35.1673	0	-0.193279	-0.981144	0	None	None
ChainingRodShaped	334	3.71438	0.5	-19.9404	31.0549	0	0.159408	-0.987213	0	335	299
ChainingRodShaped	512	4.72678	0.5	14.1885	22.7283	0	0.967441	-0.253095	0	None	None
ChainingRodShaped	370	4.78203	0.5	-19.3784	40.0603	0	-0.364944	0.931029	0	None	None
ChainingRodShaped	476	4.01937	0.5	14.8776	29.363	0	0.349049	-0.937105	0	None	None
ChainingRodShaped	786	2.10821	0.5	-9.29812	-11.569	0	0.265561	-0.964094	0	787	683
ChainingRodShaped	642	3.76419	0.5	24.0051	32.1734	0	-0.332976	-0.942935	0	None	None
ChainingRodShaped	730	2.93933	0.5	15.8933	56.8272	0	0.910986	-0.412436	0	None	None
ChainingRodShaped	526	3.12991	0.5	3.43038	37.0321	0	0.639498	-0.768793	0	None	None
ChainingRodShaped	654	2.65297	0.5	-5.08805	31.818	0	0.875903	-0.482486	0	None	None
ChainingRodShaped	752	2.52164	0.5	-10.4396	47.0666	0	-0.0436483	-0.999047	0	None	None
ChainingRodShaped	720	2.95426	0.5	21.7414	47.0295	0	0.0267279	0.999643	0	None	None
ChainingRodShaped	822	2.00491	0.5	-10.7607	23.1959	0	0.840379	-0.542	0	None	None
ChainingRodShaped	692	2.84364	0.5	13.3441	52.7987	0	0.948885	0.315622	0	None	None
ChainingRodShaped	430	4.36792	0.5	6.4575	20.7939	0	0.999799	-0.0200665	0	None	None
ChainingRodShaped	624	2.97958	0.5	-10.0246	32.8398	0	0.847669	-0.530525	0	None	None
ChainingRodShaped	372	4.35191	0.5	7.10995	34.148	0	0.846718	-0.532042	0	None	None
ChainingRodShaped	646	2.83649	0.5	-12.0544	29.3524	0	-0.998641	0.0521261	0	None	None
ChainingRodShaped	612	2.93511	0.5	-12.8231	45.1525	0	0.375585	-0.926788	0	None	None
ChainingRodShaped	756	2.30023	0.5	-11.2962	40.6907	0	-0.00139772	-0.999999	0	None	None
ChainingRodShaped	816	2.04771	0.5	-9.09354	35.9307	0	0.943427	-0.331581	0	None	None
ChainingRodShaped	514	4.5865	0.5	10.1437	57.6218	0	0.89818	-0.439629	0	None	None
ChainingRodShaped	400	3.32147	0.5	-17.9531	86.4221	0	-0.134816	-0.990871	0	401	791
ChainingRodShaped	610	3.68736	0.5	7.92791	31.2566	0	0.818438	-0.574595	0	None	None
ChainingRodShaped	576	3.66008	0.5	15.8556	44.4292	0	0.822665	-0.568527	0	None	None
ChainingRodShaped	484	3.19721	0.5	-21.2576	56.1561	0	-0.0463051	-0.998927	0	485	78
ChainingRodShaped	600	3.70496	0.5	14.2952	28.1541	0	0.353029	-0.935612	0	None	None
ChainingRodShaped	806	2.11752	0.5	7.71018	19.7746	0	0.999808	-0.0196176	0	None	None
ChainingRodShaped	714	3.04885	0.5	11.9555	28.7957	0	0.374478	-0.927236	0	None	None
ChainingRodShaped	780	2.14603	0.5	-19.7518	38.3408	0	-0.356569	0.934269	0	None	None
ChainingRodShaped	700	2.73384	0.5	-3.05594	47.1104	0	0.391668	-0.920106	0	None	None
ChainingRodShaped	644	3.70952	0.5	4.07915	55.7557	0	0.728281	-0.685279	0	None	None
ChainingRodShaped	634	3.81041	0.5	-7.04889	31.8991	0	0.77496	-0.63201	0	None	None
ChainingRodShaped	462	4.63999	0.5	-5.22857	59.2385	0	0.999385	-0.035064	0	None	None
ChainingRodShaped	332	3.75167	0.5	-12.5035	-0.00362654	0	0.267683	-0.963507	0	808	275
ChainingRodShaped	674	3.38896	0.5	22.7205	45.7662	0	0.0154645	0.99988	0	None	None
ChainingRodShaped	684	3.13281	0.5	9.59993	25.8629	0	0.999395	0.0347794	0	None	None
ChainingRodShaped	464	3.09071	0.5	-21.1634	41.3122	0	0.0711513	-0.997466	0	465	335
ChainingRodShaped	818	2.01162	0.5	20.2392	28.1367	0	0.996713	-0.0810184	0	None	None
ChainingRodShaped	442	4.49704	0.5	-2.67214	52.5592	0	0.0509701	-0.9987	0	None	None
ChainingRodShaped	606	2.88193	0.5	-3.61145	20.654	0	0.882047	-0.471161	0	None	None
ChainingRodShaped	296	4.89161	0.5	-12.7719	51.1161	0	0.184488	-0.982835	0	None	None
ChainingRodShaped	530	4.84629	0.5	9.3274	49.9778	0	0.989777	0.142626	0	None	None
ChainingRodShaped	298	3.74302	0.5	-18.0431	21.3083	0	0.217462	-0.976069	0	299	745
ChainingRodShaped	728	2.94423	0.5	0.2931	30.5537	0	0.850319	-0.526268	0	None	None
ChainingRodShaped	470	4.76396	0.5	-14.0645	52.9246	0	0.174652	-0.98463	0	None	None
ChainingRodShaped	454	4.35915	0.5	-3.9147	41.0809	0	0.69781	-0.716283	0	None	None
ChainingRodShaped	738	2.3888	0.5	-17.2557	49.4344	0	0.579921	-0.814673	0	None	None
ChainingRodShaped	458	4.4922	0.5	8.13568	54.3229	0	0.917743	-0.397174	0	None	None
ChainingRodShaped	520	4.41043	0.5	-2.2176	42.1836	0	0.287193	-0.957873	0	None	None
ChainingRodShaped	510	3.20887	0.5	15.9376	37.5856	0	0.749681	-0.6618	0	None	None
ChainingRodShaped	326	4.73355	0.5	7.12537	35.2703	0	0.848796	-0.528721	0	None	None
ChainingRodShaped	418	4.80573	0.5	-8.30942	29.821	0	-0.915225	0.402943	0	None	None
ChainingRodShaped	678	3.24324	0.5	18.1077	20.9831	0	0.937582	0.347765	0	None	None
ChainingRodShaped	676	2.58826	0.5	-14.4185	48.5258	0	0.465265	-0.885171	0	None	None
ChainingRodShaped	724	2.99089	0.5	3.8732	29.6294	0	0.744397	-0.667738	0	None	None
ChainingRodShaped	366	4.97105	0.5	6.80427	61.7988	0	0.476016	-0.879437	0	None	None
ChainingRodShaped	640	3.27899	0.5	1.22047	25.7211	0	0.999737	0.0229174	0	None	None
ChainingRodShaped	420	3.86736	0.5	16.2749	45.3372	0	0.825859	-0.563877	0	None	None
ChainingRodShaped	596	2.77054	0.5	-3.52296	32.5115	0	0.481083	-0.876675	0	None	None
ChainingRodShaped	712	3.09855	0.5	-8.99151	58.8833	0	-0.543707	-0.839275	0	None	None
ChainingRodShaped	764	2.43551	0.5	11.7301	36.145	0	0.744563	-0.667552	0	None	None
ChainingRodShaped	686	3.27771	0.5	8.01523	57.2086	0	0.967065	-0.25453	0	None	None
ChainingRodShaped	748	2.56439	0.5	18.3274	47.9373	0	0.249938	-0.968262	0	None	None
ChainingRodShaped	620	3.53819	0.5	-0.305067	26.6605	0	0.996558	0.0828977	0	None	None
ChainingRodShaped	314	4.97967	0.5	-17.0307	43.4509	0	0.886654	-0.462434	0	None	None
ChainingRodShaped	588	4.10663	0.5	2.26082	18.6708	0	0.886486	-0.462756	0	None	None
ChainingRodShaped	472	4.91144	0.5	20.7336	26.7667	0	0.915932	0.401334	0	None	None
ChainingRodShaped	490	4.43931	0.5	12.9613	36.3358	0	0.743246	-0.669018	0	None	None
ChainingRodShaped	554	3.29177	0.5	-14.3344	24.3235	0	0.836678	-0.547694	0	None	None
ChainingRodShaped	800	2.13645	0.5	7.95789	50.7571	0	0.991155	0.132712	0	None	None
ChainingRodShaped	516	3.45322	0.5	9.74261	44.3251	0	0.32813	-0.944633	0	None	None
ChainingRodShaped	710	3.04802	0.5	-7.41385	57.2484	0	0.707451	0.706762	0	None	None
ChainingRodShaped	508	3.29063	0.5	0.913155	42.5189	0	0.355433	-0.934702	0	None	None
ChainingRodShaped	812	2.03122	0.5	9.5957	28.9655	0	0.861036	-0.508544	0	None	None
ChainingRodShaped	480	4.00304	0.5	-11.6991	62.2418	0	-0.538614	-0.842552	0	None	None
ChainingRodShaped	506	4.17647	0.5	-15.974	57.2318	0	-0.140339	-0.990104	0	None	None
ChainingRodShaped	388	4.05161	0.5	10.2478	31.5887	0	0.118276	-0.992981	0	None	None
ChainingRodShaped	486	3.81377	0.5	-0.962991	35.6816	0	0.519063	-0.854736	0	None	None
ChainingRodShaped	570	3.51079	0.5	15.813	23.3217	0	0.968337	-0.249647	0	None	None
ChainingRodShaped	784	2.18195	0.5	-15.674	48.8295	0	0.474093	-0.880475	0	None	None
ChainingRodShaped	790	2.12379	0.5	-18.8557	79.7101	0	-0.130787	-0.991411	0	791	529
ChainingRodShaped	572	4.0881	0.5	-18.1648	39.6036	0	0.367652	-0.929963	0	None	None
ChainingRodShaped	768	2.36995	0.5	6.44383	56.4102	0	0.808417	-0.588611	0	None	None
ChainingRodShaped	422	4.23598	0.5	-5.02325	44.9629	0	0.68851	-0.725227	0	None	None
ChainingRodShaped	522	4.39596	0.5	9.11035	43.2381	0	0.323758	-0.94614	0	None	None
ChainingRodShaped	294	4.47102	0.5	-5.57589	48.0755	0	0.385434	-0.922735	0	None	None
ChainingRodShaped	434	4.72492	0.5	15.2611	56.0281	0	0.910992	-0.412423	0	None	None
ChainingRodShaped	632	3.23731	0.5	7.37603	52.0764	0	0.990592	-0.136847	0	None	None
ChainingRodShaped	362	4.0674	0.5	6.91622	39.4016	0	0.200359	-0.979723	0	None	None
ChainingRodShaped	320	4.55782	0.5	-17.1939	33.428	0	-0.95895	0.283574	0	None	None
ChainingRodShaped	682	2.70129	0.5	-7.49987	-18.123	0	0.263834	-0.964568	0	683	535
ChainingRodShaped	708	2.87366	0.5	-10.3224	40.847	0	0.00555028	-0.999985	0	None	None
ChainingRodShaped	562	3.16626	0.5	-20.7019	63.957	0	-0.0931788	-0.995649	0	563	485
ChainingRodShaped	580	4.27214	0.5	6.15281	47.5484	0	0.987387	0.158322	0	None	None
ChainingRodShaped	540	4.7368	0.5	-6.37496	19.7476	0	0.8962	-0.443651	0	None	None
ChainingRodShaped	364	4.92016	0.5	-7.25073	23.6372	0	0.905011	-0.425389	0	None	None
ChainingRodShaped	688	2.76725	0.5	4.02116	23.7936	0	0.999992	0.00406278	0	None	None
ChainingRodShaped	774	2.15909	0.5	-13.4152	33.2322	0	-0.921136	0.38924	0	None	None
ChainingRodShaped	384	4.72408	0.5	-0.519582	36.7657	0	0.518264	-0.855221	0	None	None
ChainingRodShaped	594	2.82207	0.5	20.3299	47.9583	0	0.492968	0.870048	0	None	None
ChainingRodShaped	670	3.13483	0.5	-11.2287	56.821	0	-0.410931	-0.911667	0	None	None
ChainingRodShaped	766	2.39709	0.5	15.3821	40.6761	0	0.75127	-0.659995	0	None	None
ChainingRodShaped	368	4.42316	0.5	-7.26873	41.4556	0	-0.507316	-0.86176	0	None	None
ChainingRodShaped	628	3.30357	0.5	19.3409	33.2961	0	0.750739	-0.660599	0	None	None
ChainingRodShaped	666	3.78341	0.5	-0.970559	59.7648	0	0.982687	-0.185276	0	None	None
ChainingRodShaped	690	2.9167	0.5	3.25566	63.9683	0	0.978167	-0.207821	0	None	None
ChainingRodShaped	456	4.1696	0.5	-13.3741	43.7239	0	0.528872	-0.848702	0	None	None
ChainingRodShaped	762	2.33416	0.5	-1.97366	33.6208	0	0.498504	-0.866887	0	None	None
ChainingRodShaped	450	4.19884	0.5	-9.35934	41.1978	0	0.00478431	-0.999989	0	None	None
ChainingRodShaped	794	2.2097	0.5	12.8813	21.0263	0	0.966435	-0.256913	0	None	None
ChainingRodShaped	452	4.4631	0.5	18.4131	42.231	0	0.989233	-0.146351	0	None	None
ChainingRodShaped	494	4.84116	0.5	-11.3779	48.1089	0	-0.0403509	-0.999186	0	None	None
ChainingRodShaped	736	2.59585	0.5	-5.14241	52.2478	0	0.325687	-0.945478	0	None	None
ChainingRodShaped	718	2.75162	0.5	20.1781	29.9464	0	0.753389	-0.657575	0	None	None
ChainingRodShaped	404	4.94381	0.5	-14.869	44.1883	0	0.555422	-0.831569	0	None	None
ChainingRodShaped	578	3.15124	0.5	3.98986	51.9212	0	0.936867	-0.349686	0	None	None
ChainingRodShaped	608	3.47897	0.5	-8.45246	27.7919	0	0.917591	-0.397527	0	None	None
ChainingRodShaped	482	4.60852	0.5	-1.40547	64.8858	0	0.987132	-0.15991	0	None	None
ChainingRodShaped	267	4.85585	0.5	-4.23566	19.7949	0	0.897837	-0.440327	0	None	None
ChainingRodShaped	618	3.88299	0.5	22.1006	33.8752	0	0.368391	-0.929671	0	None	None
ChainingRodShaped	532	4.45195	0.5	-15.5398	39.0039	0	0.83053	-0.556974	0	None	None
ChainingRodShaped	680	3.36174	0.5	0.496172	38.8553	0	-0.105291	-0.994441	0	None	None
ChainingRodShaped	275	3.97539	0.5	-11.2071	-4.67085	0	0.267554	-0.963543	0	332	787
ChainingRodShaped	568	3.25198	0.5	-12.2327	59.3004	0	-0.456702	-0.88962	0	None	None
ChainingRodShaped	536	4.44345	0.5	17.3892	40.2131	0	0.74887	-0.662717	0	None	None
ChainingRodShaped	281	4.89319	0.5	14.83	49.7811	0	0.559495	-0.828834	0	None	None
ChainingRodShaped	496	4.81656	0.5	0.686586	20.6064	0	0.886512	-0.462705	0	None	None
ChainingRodShaped	652	3.73586	0.5	11.3921	55.3142	0	0.952751	0.303752	0	None	None
ChainingRodShaped	788	2.15713	0.5	13.6763	53.9502	0	0.951005	0.309174	0	None	None
ChainingRodShaped	804	2.09055	0.5	5.08352	61.4317	0	0.944597	-0.328232	0	None	None
ChainingRodShaped	560	3.6388	0.5	0.89749	32.4554	0	0.870747	-0.491731	0	None	None
ChainingRodShaped	698	2.67002	0.5	-15.6528	60.551	0	-0.801373	-0.598166	0	None	None
ChainingRodShaped	295	4.78756	0.5	-6.47218	53.1451	0	0.326539	-0.945184	0	None	None
ChainingRodShaped	552	3.99538	0.5	-11.4788	58.614	0	-0.454381	-0.890807	0	None	None
ChainingRodShaped	299	4.26396	0.5	-19.0613	26.1758	0	0.193122	-0.981175	0	334	298
ChainingRodShaped	744	2.14781	0.5	-16.3705	14.2972	0	0.247915	-0.968782	0	745	300
ChainingRodShaped	558	4.36685	0.5	7.11366	48.6695	0	0.988528	0.151041	0	None	None
ChainingRodShaped	722	2.65076	0.5	16.4698	24.1581	0	0.968833	-0.247716	0	None	None
ChainingRodShaped	630	2.98003	0.5	1.47088	61.3088	0	0.979703	-0.200454	0	None	None
ChainingRodShaped	740	2.46958	0.5	6.76661	24.804	0	0.999959	0.00906882	0	None	None
ChainingRodShaped	574	4.07454	0.5	-3.35304	28.3591	0	-0.996843	-0.0794041	0	None	None
ChainingRodShaped	582	2.87091	0.5	2.22248	56.0908	0	0.761186	-0.648533	0	None	None
ChainingRodShaped	792	2.11345	0.5	-18.2524	45.7301	0	0.571941	-0.820295	0	None	None
ChainingRodShaped	614	3.84271	0.5	-1.70088	52.2375	0	0.0524737	-0.998622	0	None	None
ChainingRodShaped	524	4.95068	0.5	9.29131	40.0336	0	0.428125	-0.903719	0	None	None
ChainingRodShaped	668	3.27773	0.5	-16.5809	32.2246	0	-0.957357	0.288906	0	None	None
ChainingRodShaped	500	3.84475	0.5	-8.94154	36.8991	0	0.944883	-0.327408	0	None	None
ChainingRodShaped	810	2.04502	0.5	10.5758	22.5065	0	0.99329	-0.115647	0	None	None
ChainingRodShaped	622	2.80447	0.5	5.07885	38.9727	0	0.212568	-0.977146	0	None	None
ChainingRodShaped	329	4.39271	0.5	-15.9654	30.9769	0	0.951004	-0.30918	0	None	None
ChainingRodShaped	331	4.5754	0.5	8.10283	35.7911	0	0.852477	-0.522764	0	None	None
ChainingRodShaped	808	2.06122	0.5	-13.541	3.73988	0	0.266086	-0.963949	0	809	332
ChainingRodShaped	335	4.99217	0.5	-20.6664	36.3263	0	0.118268	-0.992982	0	464	334
ChainingRodShaped	598	3.72127	0.5	7.44269	29.2081	0	0.805694	-0.592332	0	None	None
ChainingRodShaped	754	2.4105	0.5	-13.3739	22.469	0	0.820453	-0.571714	0	None	None
ChainingRodShaped	702	3.08302	0.5	-17.9027	27.7282	0	0.403545	-0.91496	0	None	None
ChainingRodShaped	584	3.77555	0.5	1.9642	50.0296	0	-0.827154	-0.561975	0	None	None
ChainingRodShaped	566	3.18887	0.5	-16.6197	34.8583	0	-0.79959	0.600546	0	None	None
ChainingRodShaped	664	3.5732	0.5	0.588536	45.9342	0	0.391746	-0.920073	0	None	None
ChainingRodShaped	349	4.34925	0.5	18.6652	37.8009	0	0.75546	-0.655195	0	None	None
ChainingRodShaped	351	4.31291	0.5	-14.993	52.6747	0	0.174392	-0.984676	0	None	None
ChainingRodShaped	638	3.3815	0.5	8.04072	40.4443	0	0.43209	-0.90183	0	None	None
ChainingRodShaped	546	3.25642	0.5	0.988546	60.4003	0	0.980499	-0.196525	0	None	None
ChainingRodShaped	564	3.96144	0.5	-5.65809	36.1977	0	0.354553	-0.935036	0	None	None
ChainingRodShaped	734	2.36333	0.5	20.2319	24.283	0	0.737376	-0.675483	0	None	None
ChainingRodShaped	361	4.79634	0.5	10.2072	35.6593	0	0.859085	-0.511833	0	None	None
ChainingRodShaped	550	4.27348	0.5	5.8163	40.0406	0	0.210145	-0.97767	0	None	None
ChainingRodShaped	656	2.79189	0.5	-9.65776	23.6525	0	0.840398	-0.541969	0	None	None
ChainingRodShaped	544	3.39915	0.5	3.44674	62.9161	0	0.978452	-0.206477	0	None	None
ChainingRodShaped	660	3.03061	0.5	-7.61547	42.7455	0	-0.510726	-0.859744	0	None	None
ChainingRodShaped	602	3.18338	0.5	-16.8803	36.653	0	-0.991761	0.128101	0	None	None
ChainingRodShaped	548	3.61055	0.5	4.10137	39.023	0	0.214013	-0.976831	0	None	None
ChainingRodShaped	542	2.9531	0.5	18.4356	30.1565	0	0.750469	-0.660906	0	None	None
ChainingRodShaped	732	2.51587	0.5	-4.20946	35.5681	0	0.498572	-0.866848	0	None	None
ChainingRodShaped	379	4.25159	0.5	16.0344	34.8979	0	0.748173	-0.663504	0	None	None
ChainingRodShaped	586	4.10334	0.5	10.5696	44.8445	0	0.330774	-0.94371	0	None	None
ChainingRodShaped	658	3.48631	0.5	-3.11627	66.1649	0	0.987739	-0.156113	0	None	None
ChainingRodShaped	716	3.03173	0.5	-0.599485	39.9497	0	0.0879659	-0.996123	0	None	None
ChainingRodShaped	590	3.88858	0.5	-6.97335	30.2734	0	-0.91115	0.412074	0	None	None
ChainingRodShaped	604	4.02355	0.5	7.64368	32.6115	0	0.824143	-0.566382	0	None	None
ChainingRodShaped	696	2.9418	0.5	7.85979	26.7907	0	0.999687	0.025009	0	None	None
ChainingRodShaped	393	3.87815	0.5	-6.21642	63.2146	0	-0.816284	-0.57765	0	None	None
ChainingRodShaped	672	2.70533	0.5	-7.0461	25.2165	0	0.999702	-0.0244046	0	None	None
ChainingRodShaped	397	4.1177	0.5	19.546	44.9109	0	0.579535	0.814948	0	None	None
ChainingRodShaped	648	3.00572	0.5	1.12887	55.0007	0	0.952206	-0.305458	0	None	None
ChainingRodShaped	401	3.96862	0.5	-17.3267	91.0193	0	-0.135195	-0.990819	0	None	400
ChainingRodShaped	636	4.00187	0.5	0.00428301	27.6581	0	0.996217	0.086902	0	None	None
ChainingRodShaped	592	3.68788	0.5	-16.8539	45.418	0	0.56371	-0.825973	0	None	None
ChainingRodShaped	694	2.70691	0.5	16.1413	38.6992	0	0.751285	-0.659978	0	None	None
ChainingRodShaped	706	2.48236	0.5	-8.76678	26.8575	0	0.917147	-0.39855	0	None	None
ChainingRodShaped	411	4.19013	0.5	-2.16561	47.5106	0	0.395868	-0.918307	0	None	None
ChainingRodShaped	413	4.74208	0.5	12.526	39.2971	0	0.748032	-0.663663	0	None	None
ChainingRodShaped	650	3.49129	0.5	21.6721	32.1844	0	0.425374	-0.905018	0	None	None
ChainingRodShaped	417	4.97295	0.5	-14.4582	37.1001	0	0.868668	-0.495394	0	None	None
ChainingRodShaped	419	4.28387	0.5	-2.12258	29.4206	0	-0.996641	-0.0818966	0	None	None
ChainingRodShaped	772	2.26178	0.5	16.927	48.4415	0	0.462146	-0.886804	0	None	None
ChainingRodShaped	423	4.56917	0.5	-7.82782	51.2406	0	0.323667	-0.946171	0	None	None
ChainingRodShaped	704	2.5693	0.5	-17.2253	54.9237	0	0.0330908	-0.999452	0	None	None
ChainingRodShaped	776	2.16284	0.5	0.123465	24.7241	0	0.999458	0.0329229	0	None	None
ChainingRodShaped	429	4.40836	0.5	-7.47546	53.1471	0	0.327501	-0.944851	0	None	None
ChainingRodShaped	742	2.32123	0.5	2.7485	20.9893	0	0.696693	-0.71737	0	None	None
ChainingRodShaped	433	4.62697	0.5	19.8217	41.0242	0	0.987875	-0.155254	0	None	None
ChainingRodShaped	435	3.85689	0.5	12.7138	54.7	0	0.955544	0.294847	0	None	None
ChainingRodShaped	820	2.0163	0.5	-4.60237	53.6728	0	0.31896	-0.947768	0	None	None
ChainingRodShaped	439	3.7769	0.5	3.83735	32.2496	0	0.730519	-0.682892	0	None	None
ChainingRodShaped	441	4.29605	0.5	5.63319	21.7972	0	0.999866	-0.016369	0	None	None
ChainingRodShaped	443	3.73435	0.5	-4.35269	55.9183	0	0.332666	-0.943045	0	None	None
ChainingRodShaped	445	4.5249	0.5	-12.7384	54.9182	0	0.340511	-0.940241	0	None	None
ChainingRodShaped	758	2.20737	0.5	-9.40361	48.2376	0	-0.0358781	-0.999356	0	None	None
ChainingRodShaped	449	4.10864	0.5	0.396305	18.527	0	0.885337	-0.464949	0	None	None
ChainingRodShaped	726	2.83356	0.5	-8.39415	44.7086	0	-0.00614701	-0.999981	0	None	None
ChainingRodShaped	453	4.56047	0.5	13.7514	44.6997	0	0.749457	-0.662053	0	None	None
ChainingRodShaped	455	4.81981	0.5	-4.74034	43.3077	0	0.695731	-0.718302	0	None	None
ChainingRodShaped	457	3.66136	0.5	-16.0387	47.1969	0	0.918454	-0.395527	0	None	None
ChainingRodShaped	459	4.86059	0.5	3.60213	57.5502	0	0.72612	-0.687568	0	None	None
ChainingRodShaped	461	4.36346	0.5	-18.2261	55.6888	0	0.0331793	-0.999449	0	None	None
ChainingRodShaped	463	4.22267	0.5	-9.36356	56.7037	0	0.714624	0.699509	0	None	None
ChainingRodShaped	465	3.93811	0.5	-21.3712	45.7918	0	0.0258488	-0.999666	0	78	464
ChainingRodShaped	770	2.17121	0.5	-19.2181	55.7082	0	0.0346086	-0.999401	0	None	None
ChainingRodShaped	750	2.61657	0.5	8.0721	53.1031	0	0.964535	-0.263956	0	None	None
ChainingRodShaped	471	4.17413	0.5	-14.1901	57.8229	0	-0.467534	-0.883975	0	None	None
ChainingRodShaped	746	2.33262	0.5	18.1549	27.3336	0	0.995529	-0.0944528	0	None	None
ChainingRodShaped	475	4.57093	0.5	16.1267	52.5976	0	0.245675	-0.969352	0	None	None
ChainingRodShaped	477	3.97225	0.5	13.2472	32.7008	0	-0.0391147	-0.999235	0	None	None
ChainingRodShaped	479	4.89397	0.5	15.0841	31.6396	0	0.33966	-0.940548	0	None	None
ChainingRodShaped	481	4.68585	0.5	-11.3831	64.5729	0	-0.538593	-0.842566	0	None	None
ChainingRodShaped	778	2.15653	0.5	-5.66308	64.9859	0	0.923978	0.382446	0	None	None
ChainingRodShaped	485	2.68845	0.5	-21.028	60.0671	0	-0.0724482	-0.997372	0	562	484
ChainingRodShaped	814	2.05712	0.5	-3.14885	38.8915	0	0.688295	-0.725431	0	None	None
ChainingRodShaped	489	4.93657	0.5	3.09507	22.8123	0	1	-0.000580409	0	None	None
ChainingRodShaped	491	4.36235	0.5	12.0771	38.4167	0	0.747998	-0.663701	0	None	None
ChainingRodShaped	760	2.32671	0.5	-19.9599	50.8133	0	0.0839367	-0.996471	0	None	None
ChainingRodShaped	495	4.07515	0.5	-10.4051	52.9849	0	-0.716859	-0.697218	0	None	None
ChainingRodShaped	497	4.57629	0.5	-4.20152	23.3454	0	0.920107	-0.391668	0	None	None
ChainingRodShaped	499	4.51927	0.5	-2.04947	63.004	0	0.986939	-0.161097	0	None	None
ChainingRodShaped	501	3.68078	0.5	-12.3514	39.575	0	0.356857	-0.934159	0	None	None
ChainingRodShaped	503	3.32717	0.5	-5.29043	39.7062	0	0.694	-0.719975	0	None	None
ChainingRodShaped	505	3.54708	0.5	-13.5491	39.8868	0	0.39063	-0.920548	0	None	None
ChainingRodShaped	507	3.29975	0.5	-13.992	60.3361	0	-0.458269	-0.888813	0	None	None
ChainingRodShaped	509	4.85042	0.5	-0.994867	47.1863	0	0.395209	-0.918591	0	None	None
ChainingRodShaped	511	4.02859	0.5	12.4781	40.6297	0	0.749851	-0.661606	0	None	None
ChainingRodShaped	513	4.56545	0.5	8.6613	23.6722	0	0.997595	-0.0693124	0	None	None
ChainingRodShaped	515	3.22179	0.5	5.88898	59.505	0	0.761012	-0.648738	0	None	None
ChainingRodShaped	517	3.35528	0.5	11.6628	48.7647	0	-0.648555	-0.761168	0	None	None
ChainingRodShaped	519	4.75536	0.5	-15.8984	28.0715	0	0.405385	-0.914146	0	None	None
ChainingRodShaped	798	2.09766	0.5	-3.70674	46.1341	0	0.382596	-0.923916	0	None	None
ChainingRodShaped	523	3.96738	0.5	9.44368	47.7339	0	-0.66909	-0.743181	0	None	None
ChainingRodShaped	525	3.70901	0.5	7.52295	44.9614	0	0.31428	-0.94933	0	None	None
ChainingRodShaped	527	4.85329	0.5	2.43492	41.097	0	0.318047	-0.948075	0	None	None
ChainingRodShaped	529	3.32632	0.5	-19.3323	76.0291	0	-0.126572	-0.991957	0	790	528
ChainingRodShaped	531	3.80007	0.5	4.08981	49.2554	0	0.993895	0.110332	0	None	None
ChainingRodShaped	533	3.9682	0.5	-15.6909	40.8721	0	0.662735	-0.748854	0	None	None
ChainingRodShaped	535	2.70204	0.5	-6.52615	-21.686	0	0.26341	-0.964684	0	682	534
ChainingRodShaped	537	4.89024	0.5	13.1517	43.9463	0	0.747391	-0.664384	0	None	None
ChainingRodShaped	539	3.53811	0.5	11.3987	26.8871	0	0.894665	-0.446738	0	None	None
ChainingRodShaped	541	4.68723	0.5	-10.4271	21.275	0	0.721572	-0.692339	0	None	None
ChainingRodShaped	543	4.47637	0.5	15.9885	31.984	0	0.338739	-0.940881	0	None	None
ChainingRodShaped	545	4.53501	0.5	-1.4098	63.8911	0	0.986995	-0.160753	0	None	None
ChainingRodShaped	547	3.93385	0.5	-3.51838	61.1425	0	0.995026	-0.0996118	0	None	None
ChainingRodShaped	549	4.60418	0.5	2.51206	43.817	0	0.370691	-0.928756	0	None	None
ChainingRodShaped	551	3.72174	0.5	5.22152	43.7784	0	0.646968	-0.762517	0	None	None
ChainingRodShaped	553	3.17952	0.5	-8.89076	62.3457	0	-0.690686	-0.723155	0	None	None
ChainingRodShaped	555	4.21392	0.5	-16.9644	28.0572	0	0.403391	-0.915028	0	None	None
ChainingRodShaped	557	3.02168	0.5	20.8801	37.8027	0	0.592973	-0.805222	0	None	None
ChainingRodShaped	559	3.2511	0.5	2.36749	48.1189	0	0.999377	0.0352828	0	None	None
ChainingRodShaped	561	4.06007	0.5	-2.2255	35.9311	0	0.515789	-0.856716	0	None	None
ChainingRodShaped	563	2.92981	0.5	-20.2966	67.9628	0	-0.108455	-0.994101	0	528	562
ChainingRodShaped	565	4.18892	0.5	-9.01087	37.934	0	0.942648	-0.333787	0	None	None
ChainingRodShaped	567	2.97443	0.5	-12.7004	31.8999	0	-0.924984	0.380005	0	None	None
ChainingRodShaped	569	4.21187	0.5	-9.51814	63.094	0	-0.691188	-0.722675	0	None	None
ChainingRodShaped	571	4.30259	0.5	11.0829	24.4751	0	0.983412	-0.181384	0	None	None
ChainingRodShaped	573	4.41025	0.5	-18.8047	42.7721	0	0.701147	-0.713017	0	None	None
ChainingRodShaped	575	3.53055	0.5	1.41603	28.7649	0	-0.995589	-0.0938238	0	None	None
ChainingRodShaped	577	2.84372	0.5	13.938	47.4922	0	-0.240984	-0.970529	0	None	None
ChainingRodShaped	579	3.41495	0.5	1.10842	52.6772	0	0.608765	-0.79335	0	None	None
ChainingRodShaped	581	4.36749	0.5	3.19188	46.4603	0	0.950782	-0.309859	0	None	None
ChainingRodShaped	583	3.6551	0.5	-0.726757	57.4045	0	0.741751	-0.670675	0	None	None
ChainingRodShaped	585	3.55695	0.5	0.270765	52.1856	0	0.604461	-0.796635	0	None	None
ChainingRodShaped	587	4.17653	0.5	12.3646	48.0984	0	-0.645144	-0.764061	0	None	None
ChainingRodShaped	589	4.25097	0.5	-2.30808	21.0812	0	0.881841	-0.471547	0	None	None
ChainingRodShaped	591	3.23097	0.5	-2.94491	30.3113	0	-0.996952	-0.0780194	0	None	None
ChainingRodShaped	593	3.49809	0.5	-18.8409	49.3534	0	0.0862305	-0.996275	0	None	None
ChainingRodShaped	595	4.03418	0.5	16.7684	46.2134	0	0.834351	-0.551234	0	None	None
ChainingRodShaped	597	3.74353	0.5	-5.92319	33.9595	0	0.692685	-0.721241	0	None	None
ChainingRodShaped	599	3.17942	0.5	4.61178	30.2382	0	0.738341	-0.674427	0	None	None
ChainingRodShaped	601	2.73447	0.5	12.2528	32.0906	0	-0.0291192	-0.999576	0	None	None
ChainingRodShaped	603	3.29744	0.5	-13.7788	34.4334	0	-0.917119	0.398612	0	None	None
ChainingRodShaped	605	3.12019	0.5	3.98481	34.8946	0	0.671346	-0.741144	0	None	None
ChainingRodShaped	607	3.79248	0.5	-7.61964	21.8095	0	0.999737	0.0229127	0	None	None
ChainingRodShaped	609	4.05836	0.5	-13.025	28.4335	0	0.998123	-0.0612434	0	None	None
ChainingRodShaped	611	3.96896	0.5	4.10783	33.3064	0	0.72365	-0.690167	0	None	None
ChainingRodShaped	613	3.21763	0.5	-13.1481	48.2022	0	0.460931	-0.887436	0	None	None
ChainingRodShaped	615	3.68519	0.5	-2.19769	55.6911	0	0.794164	-0.607704	0	None	None
ChainingRodShaped	617	3.02737	0.5	21.5905	24.5515	0	-0.743099	0.669181	0	None	None
ChainingRodShaped	619	3.73432	0.5	19.3076	35.9408	0	0.754768	-0.655992	0	None	None
ChainingRodShaped	621	3.62615	0.5	-4.85563	26.3	0	0.997017	0.0771832	0	None	None
ChainingRodShaped	623	3.85448	0.5	3.83495	43.0992	0	0.373266	-0.927725	0	None	None
ChainingRodShaped	625	3.16081	0.5	-13.098	35.1855	0	0.91309	-0.407759	0	None	None
ChainingRodShaped	627	4.02202	0.5	1.4009	38.0571	0	-0.183452	-0.983029	0	None	None
ChainingRodShaped	629	3.08514	0.5	16.1963	36.0526	0	0.749031	-0.662534	0	None	None
ChainingRodShaped	631	3.23191	0.5	-2.65187	62.0406	0	0.993588	-0.113061	0	None	None
ChainingRodShaped	633	3.78973	0.5	3.0955	53.2862	0	0.93699	-0.349356	0	None	None
ChainingRodShaped	635	2.84152	0.5	-10.3686	34.5985	0	0.694717	-0.719283	0	None	None
ChainingRodShaped	637	2.91409	0.5	-4.42171	27.3013	0	0.996862	0.0791566	0	None	None
ChainingRodShaped	639	3.79476	0.5	6.59632	44.742	0	0.312002	-0.950081	0	None	None
ChainingRodShaped	641	3.37861	0.5	-3.05846	25.4608	0	0.997405	0.071995	0	None	None
ChainingRodShaped	643	2.66756	0.5	22.8842	34.5821	0	0.365731	-0.93072	0	None	None
ChainingRodShaped	645	2.90557	0.5	0.649492	58.2207	0	0.939125	-0.343576	0	None	None
ChainingRodShaped	647	3.51184	0.5	-8.05996	28.6704	0	-0.916459	0.400128	0	None	None
ChainingRodShaped	649	3.87774	0.5	-2.52935	57.2404	0	0.853571	-0.520977	0	None	None
ChainingRodShaped	651	2.69843	0.5	18.908	34.9869	0	0.753428	-0.65753	0	None	None
ChainingRodShaped	653	2.69013	0.5	9.58	55.7559	0	0.949666	0.313264	0	None	None
ChainingRodShaped	655	3.33567	0.5	-8.08989	34.2013	0	0.85205	-0.52346	0	None	None
ChainingRodShaped	657	2.64069	0.5	-12.9529	25.7763	0	0.836033	-0.548679	0	None	None
ChainingRodShaped	659	3.31805	0.5	-7.46932	66.5872	0	0.999778	0.0210568	0	None	None
ChainingRodShaped	661	3.35719	0.5	-7.43531	46.4973	0	0.00465293	-0.999989	0	None	None
ChainingRodShaped	663	2.76836	0.5	17.795	53.4097	0	0.778405	-0.627762	0	None	None
ChainingRodShaped	665	3.48293	0.5	-0.620304	50.2004	0	0.0624543	-0.998048	0	None	None
ChainingRodShaped	667	3.28031	0.5	-5.43677	60.2198	0	0.999628	-0.0272897	0	None	None
ChainingRodShaped	669	2.93616	0.5	-12.7236	30.8602	0	-0.923902	0.382629	0	None	None
ChainingRodShaped	671	2.60192	0.5	-9.35792	60.1716	0	-0.576097	-0.817382	0	None	None
ChainingRodShaped	673	3.14458	0.5	-10.6411	26.1836	0	0.987158	-0.159745	0	None	None
ChainingRodShaped	675	2.83432	0.5	21.6594	43.1486	0	0.0356602	0.999364	0	None	None
ChainingRodShaped	677	3.46416	0.5	-15.9135	52.2833	0	0.174534	-0.984651	0	None	None
ChainingRodShaped	679	3.55351	0.5	14.2573	21.69	0	0.967027	-0.254676	0	None	None
ChainingRodShaped	681	3.50653	0.5	-0.334221	43.0538	0	0.364763	-0.931101	0	None	None
ChainingRodShaped	683	2.41587	0.5	-8.43709	-14.7014	0	0.264582	-0.964363	0	786	682
ChainingRodShaped	685	3.25747	0.5	5.44631	25.7708	0	0.999945	0.0104666	0	None	None
ChainingRodShaped	687	2.89755	0.5	4.63139	59.2654	0	0.737334	-0.675529	0	None	None
ChainingRodShaped	689	3.12592	0.5	0.0934537	23.749	0	0.999079	0.0429106	0	None	None
ChainingRodShaped	691	3.13471	0.5	1.1289	65.4767	0	0.985516	-0.169581	0	None	None
ChainingRodShaped	693	2.58484	0.5	11.2646	51.2354	0	0.988301	0.152515	0	None	None
ChainingRodShaped	695	3.16141	0.5	13.2047	41.2834	0	0.749269	-0.662265	0	None	None
ChainingRodShaped	697	2.98625	0.5	3.9195	26.7327	0	0.999959	0.00904186	0	None	None
ChainingRodShaped	699	2.82518	0.5	-13.35	63.4051	0	-0.560196	-0.82836	0	None	None
ChainingRodShaped	701	2.87632	0.5	-3.78871	50.6621	0	-0.139703	-0.990193	0	None	None
ChainingRodShaped	703	2.94905	0.5	-19.0247	31.5511	0	0.156991	-0.9876	0	None	None
ChainingRodShaped	705	2.92191	0.5	-17.3975	58.5524	0	0.283569	-0.958952	0	None	None
ChainingRodShaped	707	2.51312	0.5	-12.1481	27.4005	0	0.998184	-0.0602324	0	None	None
ChainingRodShaped	709	3.13135	0.5	-9.88122	44.7046	0	-0.346095	-0.9382	0	None	None
ChainingRodShaped	711	2.8278	0.5	-10.2034	54.5258	0	0.71997	0.694006	0	None	None
ChainingRodShaped	713	3.13292	0.5	-6.36264	61.9158	0	-0.824872	-0.56532	0	None	None
ChainingRodShaped	715	2.98699	0.5	11.0925	32.6451	0	0.116224	-0.993223	0	None	None
ChainingRodShaped	717	2.88067	0.5	-1.66021	43.6292	0	0.296756	-0.954953	0	None	None
ChainingRodShaped	719	2.35614	0.5	17.5134	32.2802	0	0.750725	-0.660615	0	None	None
ChainingRodShaped	721	2.38518	0.5	20.1458	44.0489	0	0.57789	0.816115	0	None	None
ChainingRodShaped	723	2.41172	0.5	13.1035	25.0963	0	0.984532	-0.175204	0	None	None
ChainingRodShaped	725	2.78622	0.5	0.64024	31.4645	0	0.854271	-0.519828	0	None	None
ChainingRodShaped	727	2.80823	0.5	-8.41584	48.4946	0	-0.0273998	-0.999625	0	None	None
ChainingRodShaped	729	2.34112	0.5	-2.49126	32.6081	0	0.489815	-0.871826	0	None	None
ChainingRodShaped	731	2.84434	0.5	12.2791	58.1401	0	0.987146	-0.159823	0	None	None
ChainingRodShaped	733	2.79011	0.5	-6.01767	39.0667	0	0.692161	-0.721743	0	None	None
ChainingRodShaped	735	2.58321	0.5	18.5248	24.4494	0	0.759306	-0.650734	0	None	None
ChainingRodShaped	737	2.3018	0.5	-6.264	55.4998	0	0.335392	-0.942079	0	None	None
ChainingRodShaped	739	2.6772	0.5	-18.6935	52.5193	0	0.520268	-0.854003	0	None	None
ChainingRodShaped	741	2.37998	0.5	3.36285	24.7693	0	0.999979	0.00649211	0	None	None
ChainingRodShaped	743	2.38037	0.5	-0.0700463	22.1009	0	0.884544	-0.466458	0	None	None
ChainingRodShaped	745	2.32129	0.5	-17.1439	17.4081	0	0.234784	-0.972048	0	298	744
ChainingRodShaped	747	2.74984	0.5	16.3948	25.9207	0	0.940172	0.3407	0	None	None
ChainingRodShaped	749	2.61369	0.5	17.4433	51.4098	0	0.24418	-0.96973	0	None	None
ChainingRodShaped	751	2.55584	0.5	4.66073	53.7374	0	0.934233	-0.356662	0	None	None
ChainingRodShaped	753	2.57715	0.5	-10.2917	50.573	0	-0.0457501	-0.998953	0	None	None
ChainingRodShaped	755	2.31837	0.5	-16.1653	24.3379	0	0.833816	-0.552043	0	None	None
ChainingRodShaped	757	2.33448	0.5	-11.2349	43.8331	0	-0.336694	-0.941614	0	None	None
ChainingRodShaped	759	2.38338	0.5	-9.28495	51.4943	0	0.0271076	-0.999633	0	None	None
ChainingRodShaped	761	2.35893	0.5	-20.3485	54.0864	0	-0.0348551	-0.999392	0	None	None
ChainingRodShaped	763	2.41632	0.5	-3.65168	36.4906	0	0.507189	-0.861835	0	None	None
ChainingRodShaped	765	2.19638	0.5	8.98988	37.5955	0	0.808203	-0.588905	0	None	None
ChainingRodShaped	767	2.27295	0.5	12.8859	42.8749	0	0.747808	-0.663915	0	None	None
ChainingRodShaped	769	2.21031	0.5	3.97508	58.5396	0	0.732002	-0.681303	0	None	None
ChainingRodShaped	771	2.36987	0.5	-19.0681	58.931	0	-0.230476	-0.973078	0	None	None
ChainingRodShaped	773	2.31263	0.5	15.0832	51.1613	0	0.555048	-0.831818	0	None	None
ChainingRodShaped	775	2.16783	0.5	-10.5574	32.0263	0	-0.851302	0.524677	0	None	None
ChainingRodShaped	777	2.33802	0.5	-3.08824	24.4836	0	0.998075	0.0620212	0	None	None
ChainingRodShaped	779	2.24803	0.5	-8.45899	65.576	0	0.999622	0.0275063	0	None	None
ChainingRodShaped	781	2.19874	0.5	-18.9647	35.5751	0	-0.658589	0.752503	0	None	None
ChainingRodShaped	783	2.1563	0.5	23.1106	28.9336	0	0.908951	0.416903	0	None	None
ChainingRodShaped	785	2.21403	0.5	-17.0616	51.6884	0	0.389051	-0.921216	0	None	None
ChainingRodShaped	787	2.14793	0.5	-10.1264	-8.56848	0	0.266617	-0.963803	0	275	786
ChainingRodShaped	789	2.25785	0.5	10.8286	52.6849	0	0.791061	0.611737	0	None	None
ChainingRodShaped	791	2.07031	0.5	-18.4481	82.7688	0	-0.133396	-0.991063	0	400	790
ChainingRodShaped	793	2.14775	0.5	-20.128	47.8107	0	0.278862	-0.960331	0	None	None
ChainingRodShaped	795	2.07857	0.5	9.80483	21.5998	0	0.992521	-0.12207	0	None	None
ChainingRodShaped	797	2.11084	0.5	18.3626	22.1943	0	0.913944	0.405841	0	None	None
ChainingRodShaped	799	2.12567	0.5	-4.91259	48.9897	0	0.380538	-0.924765	0	None	None
ChainingRodShaped	801	2.08718	0.5	4.90959	50.3103	0	0.992742	0.120261	0	None	None
ChainingRodShaped	803	2.06937	0.5	19.9157	40.0196	0	0.987202	-0.159473	0	None	None
ChainingRodShaped	805	2.04734	0.5	2.13048	62.1813	0	0.979089	-0.203431	0	None	None
ChainingRodShaped	807	2.1117	0.5	4.68046	19.4299	0	0.929293	0.369342	0	None	None
ChainingRodShaped	809	2.02622	0.5	-14.3401	6.65318	0	0.262839	-0.96484	0	300	808
ChainingRodShaped	811	2.05927	0.5	7.56113	22.7637	0	0.997849	-0.0655488	0	None	None
ChainingRodShaped	813	2.04871	0.5	7.08928	30.6614	0	0.812652	-0.582749	0	None	None
ChainingRodShaped	815	2.0493	0.5	-5.24899	41.0642	0	0.695126	-0.718888	0	None	None
ChainingRodShaped	817	2.02661	0.5	-11.9156	36.9035	0	0.926203	-0.377025	0	None	None
ChainingRodShaped	819	2.02289	0.5	17.2788	28.4386	0	0.999825	0.0187046	0	None	None
ChainingRodShaped	821	2.0123	0.5	-5.57129	56.4708	0	0.32878	-0.944407	0	None	None
ChainingRodShaped	823	2.0067	0.5	-13.2771	24.8123	0	0.836372	-0.548163	0	None	None
