cell_type	cell_id	length	radius	pos_x	pos_y	pos_z	ori_x	ori_y	ori_z	lower_link	upper_link
ChainingRodShaped	248	3.02699	0.5	12.0403	28.6529	0	0.999911	0.0133432	0	None	None
ChainingRodShaped	210	3.73693	0.5	-10.0735	-3.10145	0	0.0961352	-0.995368	0	211	None
ChainingRodShaped	78	3.83199	0.5	-14.3768	44.7067	0	0.0677941	-0.997699	0	214	103
ChainingRodShaped	236	4.32677	0.5	14.2137	35.1408	0	0.719842	-0.694138	0	None	None
ChainingRodShaped	256	4.82284	0.5	14.4499	31.911	0	0.790367	-0.612634	0	None	None
ChainingRodShaped	278	2.70344	0.5	14.9387	38.5777	0	0.72493	-0.688823	0	None	None
ChainingRodShaped	300	2.33627	0.5	-12.1832	18.7324	0	0.0955613	-0.995424	0	301	333
ChainingRodShaped	138	4.75807	0.5	-1.20765	32.8183	0	0.998842	0.0481065	0	None	None
ChainingRodShaped	358	2.04696	0.5	14.983	29.5728	0	0.997583	-0.0694843	0	None	None
ChainingRodShaped	336	2.29393	0.5	6.4559	32.032	0	0.989218	-0.146451	0	None	None
ChainingRodShaped	190	3.88666	0.5	-15.2571	59.0401	0	0.0569778	-0.998375	0	191	215
ChainingRodShaped	202	3.52961	0.5	11.9703	47.5641	0	0.935837	-0.352433	0	None	None
ChainingRodShaped	348	2.1416	0.5	14.1905	37.9153	0	0.725121	-0.688621	0	None	None
ChainingRodShaped	226	3.38112	0.5	0.72652	38.7046	0	-0.0199965	-0.9998	0	None	None
ChainingRodShaped	334	2.09723	0.5	-13.4245	32.1627	0	0.0857607	-0.996316	0	335	299
ChainingRodShaped	222	3.69401	0.5	7.71133	28.8419	0	0.987507	-0.157573	0	None	None
ChainingRodShaped	208	4.9176	0.5	-10.8151	36.9174	0	-0.857931	0.513766	0	None	None
ChainingRodShaped	150	4.28419	0.5	9.15452	33.5769	0	0.519365	-0.854553	0	None	None
ChainingRodShaped	274	2.75794	0.5	-10.9059	5.51265	0	0.0962643	-0.995356	0	275	211
ChainingRodShaped	268	3.07491	0.5	14.6037	36.1443	0	0.721202	-0.692725	0	None	None
ChainingRodShaped	284	2.77914	0.5	7.17471	50.226	0	0.989919	-0.141631	0	None	None
ChainingRodShaped	272	3.28015	0.5	1.75499	39.808	0	0.0536096	-0.998562	0	None	None
ChainingRodShaped	322	2.46893	0.5	-5.55096	37.4781	0	0.574161	-0.818742	0	None	None
ChainingRodShaped	252	4.1127	0.5	-7.21454	48.4404	0	-0.39445	-0.918917	0	None	None
ChainingRodShaped	228	4.56914	0.5	14.9561	44.448	0	0.986656	0.162817	0	None	None
ChainingRodShaped	328	2.50482	0.5	-6.99087	30.5525	0	0.798996	-0.601337	0	None	None
ChainingRodShaped	204	3.44611	0.5	5.68353	47.3682	0	0.993405	-0.114655	0	None	None
ChainingRodShaped	282	3.75115	0.5	4.20391	26.921	0	0.743199	-0.66907	0	None	None
ChainingRodShaped	192	3.65852	0.5	-9.38207	37.2054	0	0.859847	-0.510551	0	None	None
ChainingRodShaped	174	4.90692	0.5	2.70871	40.1035	0	0.0599046	-0.998204	0	None	None
ChainingRodShaped	310	2.65214	0.5	-5.48567	33.4843	0	-0.995888	-0.0905917	0	None	None
ChainingRodShaped	350	2.10381	0.5	-9.30968	46.9973	0	0.214091	-0.976814	0	None	None
ChainingRodShaped	242	3.10398	0.5	-8.04897	44.0376	0	0.089307	-0.996004	0	None	None
ChainingRodShaped	258	3.54398	0.5	-8.20263	39.7377	0	0.550292	-0.834972	0	None	None
ChainingRodShaped	288	3.15425	0.5	3.41489	54.5751	0	0.814241	-0.580527	0	None	None
ChainingRodShaped	73	4.85377	0.5	-15.8046	68.761	0	0.0558422	-0.99844	0	None	191
ChainingRodShaped	290	2.89451	0.5	2.34944	35.3144	0	0.803039	-0.595926	0	None	None
ChainingRodShaped	280	3.0036	0.5	10.2849	44.4769	0	0.999572	-0.0292429	0	None	None
ChainingRodShaped	214	3.92288	0.5	-14.6935	49.5611	0	0.0624884	-0.998046	0	215	78
ChainingRodShaped	360	2.0185	0.5	8.66685	32.4707	0	0.518991	-0.85478	0	None	None
ChainingRodShaped	160	4.34899	0.5	3.06315	25.3456	0	0.964942	-0.262463	0	None	None
ChainingRodShaped	330	2.28546	0.5	6.65318	33.8952	0	0.515003	-0.857188	0	None	None
ChainingRodShaped	344	2.1256	0.5	-11.9921	36.4652	0	-0.857503	0.514479	0	None	None
ChainingRodShaped	254	3.98204	0.5	-2.57671	47.8952	0	0.339417	-0.940636	0	None	None
ChainingRodShaped	238	3.32336	0.5	1.42335	50.7074	0	0.783323	-0.621614	0	None	None
ChainingRodShaped	270	4.06924	0.5	-7.87907	37.4867	0	0.869583	-0.493788	0	None	None
ChainingRodShaped	230	3.89459	0.5	-3.65629	52.2165	0	0.829431	-0.55861	0	None	None
ChainingRodShaped	332	2.10944	0.5	-11.5697	12.3728	0	0.0963195	-0.99535	0	333	275
ChainingRodShaped	250	4.04417	0.5	14.8515	42.5814	0	0.833197	0.552977	0	None	None
ChainingRodShaped	156	4.76863	0.5	3.43947	31.5055	0	0.987626	-0.156826	0	None	None
ChainingRodShaped	103	4.48938	0.5	-14.0118	39.5728	0	0.0736574	-0.997284	0	78	335
ChainingRodShaped	164	4.22243	0.5	11.5239	32.95	0	0.778275	-0.627924	0	None	None
ChainingRodShaped	172	4.32329	0.5	-1.63973	48.181	0	0.339939	-0.940447	0	None	None
ChainingRodShaped	218	3.50665	0.5	-3.33327	29.3605	0	0.952167	-0.305579	0	None	None
ChainingRodShaped	296	2.52788	0.5	-8.44936	50.7312	0	-0.334559	-0.942375	0	None	None
ChainingRodShaped	342	2.25719	0.5	5.20935	45.3112	0	0.999996	0.00274741	0	None	None
ChainingRodShaped	298	2.31557	0.5	-12.8342	25.6026	0	0.0926588	-0.995698	0	299	301
ChainingRodShaped	234	4.83818	0.5	-2.78442	36.8398	0	0.517758	-0.855527	0	None	None
ChainingRodShaped	276	3.42722	0.5	-8.73616	52.8787	0	-0.335599	-0.942005	0	None	None
ChainingRodShaped	196	4.12924	0.5	-2.61831	42.1595	0	0.710444	-0.703754	0	None	None
ChainingRodShaped	188	4.15145	0.5	-12.7573	48.6085	0	0.416571	-0.909103	0	None	None
ChainingRodShaped	194	4.12147	0.5	2.77676	50.9119	0	0.787217	-0.616676	0	None	None
ChainingRodShaped	200	3.85826	0.5	-2.39985	44.4973	0	0.337972	-0.941156	0	None	None
ChainingRodShaped	198	3.89004	0.5	10.2711	38.3504	0	0.809081	-0.587697	0	None	None
ChainingRodShaped	326	2.25821	0.5	3.83892	37.7531	0	0.0632992	-0.997995	0	None	None
ChainingRodShaped	133	4.62469	0.5	-5.00457	34.5142	0	-0.99581	-0.0914438	0	None	None
ChainingRodShaped	324	2.4211	0.5	9.85873	27.5509	0	0.999397	-0.0347296	0	None	None
ChainingRodShaped	137	4.58037	0.5	-11.1196	50.4027	0	0.253356	-0.967373	0	None	None
ChainingRodShaped	244	3.16064	0.5	-0.304979	35.1365	0	0.652314	-0.757948	0	None	None
ChainingRodShaped	240	4.94798	0.5	0.0445323	56.7945	0	0.989832	-0.142241	0	None	None
ChainingRodShaped	220	4.61276	0.5	0.75273	30.7155	0	0.99828	-0.0586276	0	None	None
ChainingRodShaped	145	4.59047	0.5	10.4651	46.0046	0	0.93339	-0.358864	0	None	None
ChainingRodShaped	356	2.08216	0.5	-4.31952	37.4789	0	0.523086	-0.85228	0	None	None
ChainingRodShaped	264	2.99764	0.5	-3.75462	55.2237	0	-0.329796	-0.944052	0	None	None
ChainingRodShaped	352	2.06199	0.5	7.1158	37.186	0	0.397868	-0.917443	0	None	None
ChainingRodShaped	306	2.62016	0.5	2.75399	53.8247	0	0.813572	-0.581464	0	None	None
ChainingRodShaped	286	3.37254	0.5	9.14608	47.5693	0	0.93465	-0.35557	0	None	None
ChainingRodShaped	262	4.23519	0.5	-2.0173	31.7988	0	0.998785	0.049276	0	None	None
ChainingRodShaped	314	2.42552	0.5	-11.5776	43.715	0	0.755168	-0.655531	0	None	None
ChainingRodShaped	266	3.16339	0.5	0.570832	27.6188	0	0.813466	-0.581613	0	None	None
ChainingRodShaped	304	3.168	0.5	12.1197	30.702	0	0.998169	-0.060491	0	None	None
ChainingRodShaped	318	2.80209	0.5	8.69525	36.3397	0	0.483449	-0.875373	0	None	None
ChainingRodShaped	340	2.23209	0.5	-9.27523	30.934	0	0.838994	-0.54414	0	None	None
ChainingRodShaped	260	2.94151	0.5	4.12801	46.5334	0	0.987428	-0.15807	0	None	None
ChainingRodShaped	171	4.03931	0.5	7.65347	42.8967	0	0.703402	-0.710792	0	None	None
ChainingRodShaped	173	4.30551	0.5	-5.19539	51.5778	0	0.921662	-0.387994	0	None	None
ChainingRodShaped	316	2.80102	0.5	1.09036	43.7376	0	0.344488	-0.938791	0	None	None
ChainingRodShaped	177	4.33689	0.5	3.83968	33.4314	0	0.988061	-0.154065	0	None	None
ChainingRodShaped	179	4.13348	0.5	-7.97989	57.4059	0	-0.263948	-0.964537	0	None	None
ChainingRodShaped	292	3.09192	0.5	-9.88109	53.3445	0	-0.395638	-0.918407	0	None	None
ChainingRodShaped	183	4.73127	0.5	3.50418	35.7007	0	0.772835	-0.634607	0	None	None
ChainingRodShaped	185	4.10039	0.5	-2.00373	40.1587	0	0.770659	-0.637247	0	None	None
ChainingRodShaped	308	2.76438	0.5	8.64	29.6933	0	0.987766	-0.155941	0	None	None
ChainingRodShaped	189	4.15918	0.5	-12.1663	50.5143	0	0.256759	-0.966475	0	None	None
ChainingRodShaped	191	3.37744	0.5	-15.5187	63.6578	0	0.0561137	-0.998424	0	73	190
ChainingRodShaped	193	3.74212	0.5	-11.5859	41.1794	0	0.506838	-0.862042	0	None	None
ChainingRodShaped	354	2.05707	0.5	0.988729	53.4553	0	0.959389	-0.282086	0	None	None
ChainingRodShaped	197	4.41279	0.5	-5.02249	45.7171	0	0.757635	-0.652678	0	None	None
ChainingRodShaped	302	2.96848	0.5	7.6357	41.5309	0	0.700929	-0.713231	0	None	None
ChainingRodShaped	294	2.4553	0.5	-4.96801	46.9706	0	0.759835	-0.650116	0	None	None
ChainingRodShaped	203	4.26253	0.5	7.49048	49.1766	0	0.989928	-0.14157	0	None	None
ChainingRodShaped	312	2.66092	0.5	2.08397	48.6642	0	0.685571	-0.728006	0	None	None
ChainingRodShaped	207	4.99382	0.5	5.34541	39.1405	0	0.308684	-0.951165	0	None	None
ChainingRodShaped	320	2.30833	0.5	-11.7714	35.1211	0	-0.834414	0.551138	0	None	None
ChainingRodShaped	211	3.41807	0.5	-10.5132	1.45075	0	0.0961745	-0.995364	0	274	210
ChainingRodShaped	213	4.1031	0.5	-7.05241	43.9029	0	0.0899503	-0.995946	0	None	None
ChainingRodShaped	215	3.61181	0.5	-14.9825	54.3084	0	0.0589596	-0.99826	0	190	214
ChainingRodShaped	346	2.18329	0.5	4.87326	42.5955	0	0.848985	-0.528418	0	None	None
ChainingRodShaped	338	2.27741	0.5	-5.90186	28.8054	0	0.999631	-0.0271745	0	None	None
ChainingRodShaped	221	4.98737	0.5	-4.13407	30.6547	0	0.951661	-0.307152	0	None	None
ChainingRodShaped	223	4.2269	0.5	3.059	29.1326	0	0.961019	-0.276483	0	None	None
ChainingRodShaped	225	4.62538	0.5	-5.5141	35.443	0	-0.99603	-0.0890189	0	None	None
ChainingRodShaped	227	4.62946	0.5	-0.806659	42.9348	0	0.28551	-0.958376	0	None	None
ChainingRodShaped	229	3.40608	0.5	13.2423	46.0231	0	0.938077	-0.346427	0	None	None
ChainingRodShaped	231	4.57927	0.5	-5.30827	55.1467	0	-0.512457	-0.858713	0	None	None
ChainingRodShaped	233	4.72249	0.5	8.82655	43.0931	0	0.701891	-0.712284	0	None	None
ChainingRodShaped	235	4.91221	0.5	-4.91331	42.1057	0	0.0996888	-0.995019	0	None	None
ChainingRodShaped	237	4.33473	0.5	10.3697	37.0628	0	0.807848	-0.589392	0	None	None
ChainingRodShaped	239	3.30086	0.5	-1.64122	53.026	0	0.983476	-0.181039	0	None	None
ChainingRodShaped	241	4.64068	0.5	-3.39344	58.9408	0	0.917888	-0.396839	0	None	None
ChainingRodShaped	243	3.88067	0.5	-10.068	45.6971	0	0.525903	-0.850544	0	None	None
ChainingRodShaped	245	3.67196	0.5	-2.79468	38.7521	0	0.517148	-0.855896	0	None	None
ChainingRodShaped	247	3.90682	0.5	-6.03139	43.4929	0	0.0936723	-0.995603	0	None	None
ChainingRodShaped	249	3.99262	0.5	8.31933	26.6124	0	0.999289	-0.0376901	0	None	None
ChainingRodShaped	251	3.8456	0.5	11.7056	43.2243	0	0.989339	-0.145632	0	None	None
ChainingRodShaped	253	3.63296	0.5	-7.782	49.6091	0	-0.393427	-0.919356	0	None	None
ChainingRodShaped	255	3.0756	0.5	-3.97453	48.6274	0	0.237413	-0.971409	0	None	None
ChainingRodShaped	257	4.69843	0.5	12.3184	34.5948	0	0.896883	-0.442268	0	None	None
ChainingRodShaped	259	4.39374	0.5	-10.2181	44.0264	0	0.55376	-0.832676	0	None	None
ChainingRodShaped	261	4.47538	0.5	0.246993	48.8633	0	0.718782	-0.695235	0	None	None
ChainingRodShaped	263	3.19333	0.5	-6.15292	32.4358	0	0.995805	0.0915053	0	None	None
ChainingRodShaped	265	3.58377	0.5	-4.81885	58.4753	0	0.919263	-0.393643	0	None	None
ChainingRodShaped	267	2.79726	0.5	-2.48564	28.0468	0	0.95287	-0.303379	0	None	None
ChainingRodShaped	269	4.18717	0.5	11.162	39.2154	0	0.724724	-0.689039	0	None	None
ChainingRodShaped	271	3.26943	0.5	-9.97772	40.6171	0	0.56486	-0.825187	0	None	None
ChainingRodShaped	273	4.08679	0.5	0.103596	43.3177	0	0.287192	-0.957873	0	None	None
ChainingRodShaped	275	2.47857	0.5	-11.2534	9.10489	0	0.0963423	-0.995348	0	332	274
ChainingRodShaped	277	3.04225	0.5	-6.76727	56.5819	0	-0.505912	-0.862585	0	None	None
ChainingRodShaped	279	3.13588	0.5	12.0525	41.1993	0	0.691426	-0.722447	0	None	None
ChainingRodShaped	281	2.66423	0.5	7.83325	45.8802	0	0.95472	-0.297506	0	None	None
ChainingRodShaped	283	3.26122	0.5	0.541652	28.8578	0	0.810946	-0.585121	0	None	None
ChainingRodShaped	285	2.89844	0.5	3.68054	51.4626	0	0.787098	-0.616827	0	None	None
ChainingRodShaped	287	3.39007	0.5	4.92547	48.5491	0	0.984935	-0.172928	0	None	None
ChainingRodShaped	289	3.20351	0.5	-0.44181	55.8245	0	0.985821	-0.167801	0	None	None
ChainingRodShaped	291	2.99221	0.5	-0.634476	37.2357	0	0.569571	-0.821942	0	None	None
ChainingRodShaped	293	2.71805	0.5	-9.63404	56.2211	0	-0.461714	-0.887029	0	None	None
ChainingRodShaped	295	2.51362	0.5	-5.1742	49.4035	0	0.234557	-0.972102	0	None	None
ChainingRodShaped	297	2.87154	0.5	-6.7893	54.5874	0	-0.508943	-0.8608	0	None	None
ChainingRodShaped	299	2.40989	0.5	-13.1397	28.9366	0	0.0898396	-0.995956	0	334	298
ChainingRodShaped	301	2.60332	0.5	-12.5116	22.1727	0	0.094506	-0.995524	0	298	300
ChainingRodShaped	303	2.85286	0.5	4.6229	43.9211	0	0.891985	-0.452064	0	None	None
ChainingRodShaped	305	2.61428	0.5	8.28252	30.7503	0	0.988107	-0.153766	0	None	None
ChainingRodShaped	307	2.685	0.5	-0.629671	54.8549	0	0.985305	-0.170805	0	None	None
ChainingRodShaped	309	2.55487	0.5	5.06869	30.0688	0	0.995051	0.0993691	0	None	None
ChainingRodShaped	311	2.72979	0.5	-1.82917	33.7668	0	-0.998817	-0.0486171	0	None	None
ChainingRodShaped	313	2.71452	0.5	-0.625891	51.0912	0	0.715957	-0.698144	0	None	None
ChainingRodShaped	315	2.89099	0.5	-13.0204	46.8136	0	0.414439	-0.910077	0	None	None
ChainingRodShaped	317	2.59015	0.5	-0.227935	47.1791	0	0.345299	-0.938493	0	None	None
ChainingRodShaped	319	2.693	0.5	7.20914	39.7493	0	0.320851	-0.94713	0	None	None
ChainingRodShaped	321	2.48965	0.5	-9.01145	33.4806	0	-0.986692	0.162603	0	None	None
ChainingRodShaped	323	2.70728	0.5	-7.49628	40.4459	0	0.548265	-0.836305	0	None	None
ChainingRodShaped	325	2.72158	0.5	6.33711	27.692	0	0.994107	0.108406	0	None	None
ChainingRodShaped	327	2.41312	0.5	3.63057	41.0677	0	0.0671504	-0.997743	0	None	None
ChainingRodShaped	329	2.1975	0.5	-9.71276	32.4132	0	0.929786	-0.368101	0	None	None
ChainingRodShaped	331	2.20226	0.5	5.05796	36.578	0	0.222494	-0.974934	0	None	None
ChainingRodShaped	333	2.19124	0.5	-11.8717	15.4966	0	0.0961036	-0.995371	0	300	332
ChainingRodShaped	335	2.1697	0.5	-13.6835	35.2705	0	0.080308	-0.99677	0	103	334
ChainingRodShaped	337	2.23712	0.5	3.23543	32.5327	0	0.987859	-0.15535	0	None	None
ChainingRodShaped	339	2.17059	0.5	-9.00043	29.5226	0	0.926549	-0.376174	0	None	None
ChainingRodShaped	341	2.16456	0.5	-11.7952	32.6879	0	0.486719	-0.873559	0	None	None
ChainingRodShaped	343	2.21046	0.5	2.10209	45.9676	0	0.91074	-0.412981	0	None	None
ChainingRodShaped	345	2.20528	0.5	-9.29214	34.8454	0	-0.899836	0.436228	0	None	None
ChainingRodShaped	347	2.15769	0.5	2.31539	44.2692	0	0.633284	-0.773919	0	None	None
ChainingRodShaped	349	2.06211	0.5	11.8497	39.9289	0	0.722586	-0.691281	0	None	None
ChainingRodShaped	351	2.05223	0.5	-9.99358	49.9774	0	0.251526	-0.967851	0	None	None
ChainingRodShaped	353	2.08524	0.5	6.07516	40.0517	0	0.313569	-0.949565	0	None	None
ChainingRodShaped	355	2.0978	0.5	-2.00349	54.0946	0	0.983547	-0.18065	0	None	None
ChainingRodShaped	357	2.09248	0.5	-6.04684	40.0202	0	0.528359	-0.849021	0	None	None
ChainingRodShaped	359	2.03572	0.5	11.954	29.7207	0	0.998098	-0.0616427	0	None	None
ChainingRodShaped	361	2.01094	0.5	7.10726	35.0403	0	0.521962	-0.852969	0	None	None
