cell_type	cell_id	length	radius	pos_x	pos_y	pos_z	ori_x	ori_y	ori_z	lower_link	upper_link
ChainingRodShaped	248	3.53857	0.5	13.2956	27.4418	0	0.999935	-0.0113716	0	None	None
ChainingRodShaped	210	4.38427	0.5	-9.46148	-7.99285	0	0.130442	-0.991456	0	211	None
ChainingRodShaped	78	4.08756	0.5	-15.4472	46.1066	0	0.0527091	-0.99861	0	214	103
ChainingRodShaped	414	2.3299	0.5	16.6722	32.7605	0	0.728662	-0.684874	0	None	None
ChainingRodShaped	374	2.72215	0.5	16.949	30.7239	0	1	0.000184707	0	None	None
ChainingRodShaped	278	3.29185	0.5	16.2046	39.2031	0	0.614847	-0.788647	0	None	None
ChainingRodShaped	300	2.71987	0.5	-12.7123	16.8616	0	0.125928	-0.992039	0	301	333
ChainingRodShaped	402	2.46911	0.5	0.680467	31.9908	0	0.996237	0.0866681	0	None	None
ChainingRodShaped	358	3.19099	0.5	17.1618	28.915	0	0.852387	0.522911	0	None	None
ChainingRodShaped	336	3.64723	0.5	8.7045	30.6405	0	0.996509	-0.0834912	0	None	None
ChainingRodShaped	190	4.46808	0.5	-16.1181	62.2377	0	0.0351239	-0.999383	0	191	215
ChainingRodShaped	202	4.05694	0.5	12.8669	48.326	0	0.88776	-0.460306	0	None	None
ChainingRodShaped	348	3.44511	0.5	15.9192	37.9546	0	0.613965	-0.789333	0	None	None
ChainingRodShaped	226	3.99839	0.5	1.12303	37.796	0	0.117585	-0.993063	0	None	None
ChainingRodShaped	334	2.50152	0.5	-14.463	32.1405	0	0.0936821	-0.995602	0	335	299
ChainingRodShaped	222	4.43621	0.5	8.33542	27.6944	0	0.997162	-0.0752883	0	None	None
ChainingRodShaped	370	2.65446	0.5	-13.5125	39.2807	0	-0.407978	0.912992	0	None	None
ChainingRodShaped	150	4.80112	0.5	10.5601	33.1284	0	0.723048	-0.690797	0	None	None
ChainingRodShaped	274	3.3506	0.5	-10.7403	1.72447	0	0.130506	-0.991448	0	275	211
ChainingRodShaped	268	3.78329	0.5	16.4947	35.1103	0	0.478209	-0.878246	0	None	None
ChainingRodShaped	284	3.44054	0.5	9.39687	51.277	0	0.99201	-0.126156	0	None	None
ChainingRodShaped	272	4.19173	0.5	1.94478	39.1305	0	0.123741	-0.992315	0	None	None
ChainingRodShaped	322	3.38562	0.5	-5.83108	36.4669	0	0.782362	-0.622824	0	None	None
ChainingRodShaped	428	2.20959	0.5	-8.3111	47.7161	0	-0.359989	-0.932957	0	None	None
ChainingRodShaped	396	2.64399	0.5	17.3531	44.5185	0	0.809179	0.587562	0	None	None
ChainingRodShaped	328	3.90758	0.5	-8.39219	29.3608	0	0.78577	-0.618519	0	None	None
ChainingRodShaped	204	3.95195	0.5	6.63157	48.5724	0	0.991459	-0.130419	0	None	None
ChainingRodShaped	430	2.11704	0.5	5.35564	25.0229	0	0.833881	-0.551945	0	None	None
ChainingRodShaped	192	4.17161	0.5	-9.82361	36.886	0	0.838416	-0.545031	0	None	None
ChainingRodShaped	372	2.53568	0.5	3.41865	37.4314	0	0.330138	-0.943933	0	None	None
ChainingRodShaped	310	3.51224	0.5	-6.48939	32.3472	0	-0.999612	-0.0278607	0	None	None
ChainingRodShaped	350	3.22712	0.5	-9.94417	46.4945	0	0.264021	-0.964517	0	None	None
ChainingRodShaped	242	3.6286	0.5	-8.57924	43.9082	0	-0.0344955	-0.999405	0	None	None
ChainingRodShaped	258	4.39763	0.5	-9.37009	39.8218	0	0.682187	-0.731178	0	None	None
ChainingRodShaped	288	4.19545	0.5	4.21754	55.1759	0	0.793068	-0.609133	0	None	None
ChainingRodShaped	400	2.22129	0.5	-16.4322	71.3674	0	0.0338825	-0.999426	0	401	191
ChainingRodShaped	290	3.71271	0.5	3.09014	34.1326	0	0.924367	-0.381504	0	None	None
ChainingRodShaped	280	3.84555	0.5	11.3974	44.8363	0	0.953005	-0.302954	0	None	None
ChainingRodShaped	214	4.66741	0.5	-15.7028	51.4642	0	0.0432033	-0.999066	0	215	78
ChainingRodShaped	360	3.19645	0.5	9.85854	32.2967	0	0.770797	-0.637081	0	None	None
ChainingRodShaped	160	4.92105	0.5	2.68356	23.9993	0	0.999919	-0.0127412	0	None	None
ChainingRodShaped	330	3.12279	0.5	7.25243	33.5016	0	0.394349	-0.918961	0	None	None
ChainingRodShaped	344	2.88726	0.5	-13.0682	36.7146	0	-0.686657	0.726982	0	None	None
ChainingRodShaped	436	2.02982	0.5	-2.43118	47.2651	0	0.32759	-0.94482	0	None	None
ChainingRodShaped	238	3.93957	0.5	1.34789	52.1851	0	0.773965	-0.633228	0	None	None
ChainingRodShaped	416	2.53941	0.5	-6.82014	36.0039	0	0.784249	-0.620446	0	None	None
ChainingRodShaped	230	4.76141	0.5	-4.4798	53.2179	0	0.96379	-0.266663	0	None	None
ChainingRodShaped	332	2.52	0.5	-11.7516	9.42345	0	0.129683	-0.991555	0	333	275
ChainingRodShaped	432	2.14599	0.5	17.4824	43.3793	0	0.809731	0.586801	0	None	None
ChainingRodShaped	390	2.73385	0.5	5.32997	29.8974	0	0.997788	-0.0664758	0	None	None
ChainingRodShaped	103	4.8863	0.5	-15.1224	40.6465	0	0.0651895	-0.997873	0	78	335
ChainingRodShaped	164	4.78175	0.5	12.8771	32.2764	0	0.721992	-0.691901	0	None	None
ChainingRodShaped	172	4.96883	0.5	-2.1362	49.4331	0	0.326168	-0.945312	0	None	None
ChainingRodShaped	218	4.09498	0.5	-3.90002	27.4746	0	0.980104	-0.198487	0	None	None
ChainingRodShaped	296	3.11881	0.5	-9.19919	50.8961	0	-0.347216	-0.937785	0	None	None
ChainingRodShaped	342	3.67612	0.5	5.32796	46.1503	0	0.971082	0.238748	0	None	None
ChainingRodShaped	298	2.67244	0.5	-13.6783	24.7579	0	0.11551	-0.993306	0	299	301
ChainingRodShaped	376	2.815	0.5	-1.6312	34.9525	0	0.604953	-0.796261	0	None	None
ChainingRodShaped	276	4.61461	0.5	-9.84893	53.3953	0	-0.137688	-0.990476	0	None	None
ChainingRodShaped	196	4.83361	0.5	-2.99328	42.2756	0	0.690407	-0.723421	0	None	None
ChainingRodShaped	188	4.8092	0.5	-14.1402	50.6846	0	0.26356	-0.964643	0	None	None
ChainingRodShaped	194	4.81405	0.5	2.69881	52.3459	0	0.774544	-0.632521	0	None	None
ChainingRodShaped	200	4.48475	0.5	-2.60236	44.6635	0	0.31464	-0.949211	0	None	None
ChainingRodShaped	198	4.5215	0.5	11.2953	38.2793	0	0.781023	-0.624503	0	None	None
ChainingRodShaped	326	2.87704	0.5	4.58289	37.0744	0	0.32609	-0.945339	0	None	None
ChainingRodShaped	418	2.25198	0.5	-6.27725	33.331	0	-0.999828	-0.0185515	0	None	None
ChainingRodShaped	324	3.29119	0.5	11.1919	26.4878	0	0.997473	-0.0710419	0	None	None
ChainingRodShaped	424	2.34162	0.5	-11.6765	49.1512	0	0.263571	-0.96464	0	None	None
ChainingRodShaped	244	3.71405	0.5	-0.0480858	34.4861	0	0.606081	-0.795403	0	None	None
ChainingRodShaped	366	2.72169	0.5	2.71325	57.9545	0	0.748708	-0.6629	0	None	None
ChainingRodShaped	394	2.82246	0.5	1.57235	29.965	0	0.99894	-0.0460343	0	None	None
ChainingRodShaped	420	2.16205	0.5	12.8344	45.4627	0	0.939865	-0.341546	0	None	None
ChainingRodShaped	356	3.23793	0.5	-4.35759	36.7	0	0.673337	-0.739336	0	None	None
ChainingRodShaped	264	3.61686	0.5	-4.60272	55.9036	0	-0.711459	-0.702727	0	None	None
ChainingRodShaped	352	2.8559	0.5	7.85429	37.007	0	0.411112	-0.911585	0	None	None
ChainingRodShaped	306	3.41254	0.5	3.35562	54.5852	0	0.79361	-0.608426	0	None	None
ChainingRodShaped	286	4.57337	0.5	10.7305	48.3175	0	0.887978	-0.459887	0	None	None
ChainingRodShaped	408	2.63109	0.5	-1.51106	30.7728	0	0.99242	0.12289	0	None	None
ChainingRodShaped	314	3.06406	0.5	-12.9983	43.528	0	0.869766	-0.493464	0	None	None
ChainingRodShaped	266	3.91438	0.5	0.541934	26.2161	0	0.779809	-0.626018	0	None	None
ChainingRodShaped	304	4.53688	0.5	13.6921	29.8333	0	0.971476	-0.237138	0	None	None
ChainingRodShaped	318	4.23985	0.5	9.38347	36.438	0	0.494599	-0.869121	0	None	None
ChainingRodShaped	340	3.49894	0.5	-10.2198	29.5463	0	0.78351	-0.621379	0	None	None
ChainingRodShaped	260	3.47281	0.5	5.26154	47.1252	0	0.970291	0.241939	0	None	None
ChainingRodShaped	171	4.58096	0.5	8.2946	43.5903	0	0.467045	-0.884234	0	None	None
ChainingRodShaped	173	4.9461	0.5	-6.28472	52.7053	0	0.962488	-0.271324	0	None	None
ChainingRodShaped	316	4.0692	0.5	0.682528	44.0503	0	0.317847	-0.948142	0	None	None
ChainingRodShaped	177	4.99803	0.5	4.15437	32.6438	0	0.922965	-0.384883	0	None	None
ChainingRodShaped	179	4.73995	0.5	-8.37114	58.9403	0	-0.421464	-0.906845	0	None	None
ChainingRodShaped	292	4.19819	0.5	-10.9302	54.4858	0	-0.294192	-0.955746	0	None	None
ChainingRodShaped	388	2.37044	0.5	6.06212	33.8083	0	0.38514	-0.922858	0	None	None
ChainingRodShaped	185	4.7183	0.5	-1.976	39.8064	0	0.769461	-0.638694	0	None	None
ChainingRodShaped	308	3.7458	0.5	9.54467	28.5937	0	0.996913	-0.0785202	0	None	None
ChainingRodShaped	189	4.81929	0.5	-13.0554	50.4639	0	0.263002	-0.964795	0	None	None
ChainingRodShaped	191	3.80193	0.5	-16.2958	67.3624	0	0.0341438	-0.999417	0	400	190
ChainingRodShaped	193	4.28108	0.5	-12.8387	40.6119	0	0.658823	-0.752298	0	None	None
ChainingRodShaped	354	2.84389	0.5	1.54582	54.5792	0	0.841598	-0.540105	0	None	None
ChainingRodShaped	422	2.18105	0.5	-4.16571	44.9785	0	0.655887	-0.754859	0	None	None
ChainingRodShaped	302	4.07397	0.5	7.92278	42.2135	0	0.464004	-0.885833	0	None	None
ChainingRodShaped	294	2.95923	0.5	-5.29941	47.6146	0	0.701127	-0.713037	0	None	None
ChainingRodShaped	434	2.04864	0.5	9.56831	50.2546	0	0.991925	-0.12683	0	None	None
ChainingRodShaped	312	3.54487	0.5	2.90649	48.9502	0	0.796757	-0.6043	0	None	None
ChainingRodShaped	362	2.51464	0.5	6.13641	38.6665	0	0.30351	-0.952828	0	None	None
ChainingRodShaped	320	2.8707	0.5	-12.4293	34.742	0	-0.913271	0.407353	0	None	None
ChainingRodShaped	211	3.94656	0.5	-10.1347	-2.87626	0	0.130483	-0.991451	0	274	210
ChainingRodShaped	213	4.89862	0.5	-7.57707	44.6169	0	-0.0298968	-0.999553	0	None	None
ChainingRodShaped	215	4.23589	0.5	-15.9236	56.8992	0	0.037796	-0.999285	0	190	214
ChainingRodShaped	346	3.36723	0.5	4.46184	43.6733	0	0.996996	-0.077457	0	None	None
ChainingRodShaped	338	3.56022	0.5	-6.58357	27.0461	0	0.963003	-0.26949	0	None	None
ChainingRodShaped	364	2.72439	0.5	-3.08221	28.3829	0	0.970904	-0.239467	0	None	None
ChainingRodShaped	426	2.27568	0.5	4.00756	28.0149	0	0.997011	-0.0772591	0	None	None
ChainingRodShaped	386	2.59587	0.5	-7.71815	34.64	0	-0.968291	0.249824	0	None	None
ChainingRodShaped	384	2.5062	0.5	-0.355168	40.6762	0	0.246668	-0.9691	0	None	None
ChainingRodShaped	229	4.03991	0.5	15.2	46.0268	0	0.984343	-0.176262	0	None	None
ChainingRodShaped	392	2.77278	0.5	-6.83781	55.1292	0	-0.726778	-0.686872	0	None	None
ChainingRodShaped	380	2.66535	0.5	10.7224	41.6423	0	0.624849	-0.780745	0	None	None
ChainingRodShaped	368	2.57554	0.5	-5.05431	41.2672	0	-0.469721	-0.882815	0	None	None
ChainingRodShaped	412	2.57048	0.5	12.7904	35.7722	0	0.762817	-0.646614	0	None	None
ChainingRodShaped	239	3.90658	0.5	-1.9944	54.2543	0	0.996201	0.0870812	0	None	None
ChainingRodShaped	382	2.76913	0.5	-1.17725	59.8632	0	0.909259	-0.41623	0	None	None
ChainingRodShaped	243	4.77439	0.5	-10.7808	45.177	0	0.498766	-0.866737	0	None	None
ChainingRodShaped	245	4.46917	0.5	-3.11839	38.53	0	0.601116	-0.799162	0	None	None
ChainingRodShaped	247	4.82294	0.5	-6.62855	43.6701	0	-0.0297245	-0.999558	0	None	None
ChainingRodShaped	249	4.98521	0.5	8.32809	25.7019	0	0.997147	-0.0754843	0	None	None
ChainingRodShaped	251	4.80225	0.5	12.4075	43.297	0	0.927907	-0.372811	0	None	None
ChainingRodShaped	253	4.48305	0.5	-8.50265	49.9771	0	-0.352929	-0.93565	0	None	None
ChainingRodShaped	255	3.64015	0.5	-4.21354	49.4554	0	0.313821	-0.949482	0	None	None
ChainingRodShaped	378	2.76791	0.5	14.9549	33.0188	0	0.724006	-0.689794	0	None	None
ChainingRodShaped	404	2.4504	0.5	-10.7312	43.1229	0	0.503312	-0.864105	0	None	None
ChainingRodShaped	398	2.93529	0.5	1.93642	48.4501	0	0.794585	-0.607153	0	None	None
ChainingRodShaped	263	3.90508	0.5	-7.18566	31.3459	0	0.999377	0.0352885	0	None	None
ChainingRodShaped	265	4.5668	0.5	-4.54354	59.6197	0	0.988732	-0.149696	0	None	None
ChainingRodShaped	267	3.31191	0.5	-2.25671	26.1298	0	0.980558	-0.196231	0	None	None
ChainingRodShaped	406	2.64453	0.5	13.588	37.7015	0	0.774739	-0.632281	0	None	None
ChainingRodShaped	271	4.16289	0.5	-11.8222	41.0172	0	0.680128	-0.733094	0	None	None
ChainingRodShaped	410	2.48719	0.5	0.361407	41.9149	0	0.310926	-0.950434	0	None	None
ChainingRodShaped	275	2.85278	0.5	-11.2739	5.78062	0	0.130316	-0.991473	0	332	274
ChainingRodShaped	277	3.90936	0.5	-7.23108	57.4674	0	-0.724388	-0.689392	0	None	None
ChainingRodShaped	279	4.08602	0.5	12.5716	41.3199	0	0.716157	-0.69794	0	None	None
ChainingRodShaped	281	3.22147	0.5	9.38654	46.7185	0	0.906165	-0.422925	0	None	None
ChainingRodShaped	283	4.32691	0.5	0.547777	27.4705	0	0.779334	-0.626609	0	None	None
ChainingRodShaped	285	3.66111	0.5	5.04089	52.3042	0	0.910092	-0.414407	0	None	None
ChainingRodShaped	287	4.60625	0.5	5.43163	49.7144	0	0.992244	-0.124309	0	None	None
ChainingRodShaped	289	4.28914	0.5	-0.191544	57.3053	0	0.999999	0.00144536	0	None	None
ChainingRodShaped	291	3.89977	0.5	-0.697786	36.9453	0	0.608208	-0.793777	0	None	None
ChainingRodShaped	293	3.44555	0.5	-11.0282	57.169	0	-0.68361	-0.729848	0	None	None
ChainingRodShaped	295	3.08211	0.5	-5.45993	50.1228	0	0.315549	-0.948909	0	None	None
ChainingRodShaped	297	3.84717	0.5	-7.27217	56.0711	0	-0.724287	-0.689499	0	None	None
ChainingRodShaped	299	2.87341	0.5	-14.0947	28.4907	0	0.106358	-0.994328	0	334	298
ChainingRodShaped	301	3.29156	0.5	-13.2063	20.8207	0	0.121941	-0.992537	0	298	300
ChainingRodShaped	303	3.82638	0.5	4.40255	44.7521	0	0.999965	-0.00842574	0	None	None
ChainingRodShaped	305	3.3342	0.5	9.33867	29.6	0	0.9968	-0.0799408	0	None	None
ChainingRodShaped	307	3.56024	0.5	-0.56679	56.3243	0	0.999995	0.00305655	0	None	None
ChainingRodShaped	309	3.26729	0.5	5.06618	28.9269	0	0.997733	-0.0672961	0	None	None
ChainingRodShaped	311	3.69228	0.5	-1.92108	32.7078	0	-0.993504	-0.113794	0	None	None
ChainingRodShaped	313	3.67016	0.5	-0.137963	52.1427	0	0.77102	-0.636811	0	None	None
ChainingRodShaped	315	4.22801	0.5	-13.8343	46.6075	0	0.390757	-0.920494	0	None	None
ChainingRodShaped	317	3.52447	0.5	-0.811083	48.5946	0	0.325825	-0.94543	0	None	None
ChainingRodShaped	319	3.93521	0.5	7.40503	40.9201	0	0.527953	-0.849274	0	None	None
ChainingRodShaped	321	3.38273	0.5	-10.7838	32.9456	0	-0.916603	0.399799	0	None	None
ChainingRodShaped	323	4.08989	0.5	-8.05282	39.8478	0	0.684504	-0.729009	0	None	None
ChainingRodShaped	325	4.21254	0.5	6.45717	26.8375	0	0.997349	-0.0727622	0	None	None
ChainingRodShaped	327	3.40323	0.5	3.67633	41.0724	0	0.10478	-0.994495	0	None	None
ChainingRodShaped	329	2.7463	0.5	-11.3141	32.1048	0	0.913795	-0.406177	0	None	None
ChainingRodShaped	331	2.79555	0.5	5.62394	37.0807	0	0.329088	-0.944299	0	None	None
ChainingRodShaped	333	2.90868	0.5	-12.229	13.0931	0	0.128375	-0.991726	0	300	332
ChainingRodShaped	335	2.87532	0.5	-14.7786	35.7962	0	0.0791232	-0.996865	0	103	334
ChainingRodShaped	337	3.32889	0.5	4.39517	31.4929	0	0.919982	-0.391959	0	None	None
ChainingRodShaped	339	2.95945	0.5	-10.4532	28.4648	0	0.783506	-0.621385	0	None	None
ChainingRodShaped	341	3.06279	0.5	-13.5056	32.3904	0	0.0973368	-0.995252	0	None	None
ChainingRodShaped	343	3.37157	0.5	1.47583	47.3786	0	0.732334	-0.680945	0	None	None
ChainingRodShaped	345	3.45012	0.5	-9.75938	34.3343	0	-0.790024	0.613076	0	None	None
ChainingRodShaped	347	3.17626	0.5	1.3416	45.1232	0	0.312509	-0.949915	0	None	None
ChainingRodShaped	349	2.6339	0.5	13.3552	39.1697	0	0.772853	-0.634585	0	None	None
ChainingRodShaped	351	2.6174	0.5	-10.9606	50.2641	0	0.253912	-0.967227	0	None	None
ChainingRodShaped	353	3.17679	0.5	6.4116	40.6539	0	0.528847	-0.848717	0	None	None
ChainingRodShaped	355	3.44605	0.5	-2.35382	55.2023	0	0.996342	0.0854597	0	None	None
ChainingRodShaped	357	3.39343	0.5	-6.91709	40.0569	0	0.68644	-0.727186	0	None	None
ChainingRodShaped	359	2.90601	0.5	13.4311	28.8747	0	0.970648	-0.240505	0	None	None
ChainingRodShaped	361	2.70729	0.5	7.50912	35.3536	0	0.403521	-0.91497	0	None	None
ChainingRodShaped	363	3.37154	0.5	4.66847	41.0037	0	0.0979448	-0.995192	0	None	None
ChainingRodShaped	365	3.07917	0.5	-6.72038	29.5529	0	0.863225	-0.50482	0	None	None
ChainingRodShaped	367	3.37358	0.5	-0.839156	58.2915	0	0.999996	0.00274705	0	None	None
ChainingRodShaped	369	3.03323	0.5	-5.65586	43.6284	0	-0.0318806	-0.999492	0	None	None
ChainingRodShaped	371	3.1278	0.5	-10.9998	36.4832	0	-0.837239	0.546837	0	None	None
ChainingRodShaped	373	3.29668	0.5	2.67407	41.2333	0	0.113812	-0.993502	0	None	None
ChainingRodShaped	375	3.31841	0.5	13.8508	32.7065	0	0.723046	-0.6908	0	None	None
ChainingRodShaped	377	2.8035	0.5	-3.94829	37.9706	0	0.601095	-0.799178	0	None	None
ChainingRodShaped	379	2.4684	0.5	11.4588	35.604	0	0.760892	-0.648879	0	None	None
ChainingRodShaped	381	3.05365	0.5	8.72404	44.8998	0	0.454453	-0.890771	0	None	None
ChainingRodShaped	383	2.85965	0.5	-4.84418	60.6707	0	0.988695	-0.149941	0	None	None
ChainingRodShaped	385	2.69824	0.5	-1.39318	44.0947	0	0.314258	-0.949337	0	None	None
ChainingRodShaped	387	2.94549	0.5	-4.02417	34.4491	0	-0.995523	-0.0945207	0	None	None
ChainingRodShaped	389	2.90261	0.5	3.51592	35.2833	0	0.838917	-0.544259	0	None	None
ChainingRodShaped	391	2.70196	0.5	2.116	30.9253	0	0.998083	-0.0618877	0	None	None
ChainingRodShaped	393	2.3317	0.5	-4.3119	57.6144	0	-0.692405	-0.721509	0	None	None
ChainingRodShaped	395	2.75672	0.5	-2.17595	29.6894	0	0.991904	0.126992	0	None	None
ChainingRodShaped	397	2.36655	0.5	15.0859	44.2775	0	0.873797	0.48629	0	None	None
ChainingRodShaped	399	2.79196	0.5	-0.657258	50.9792	0	0.871	-0.491283	0	None	None
ChainingRodShaped	401	2.32966	0.5	-16.543	74.6385	0	0.0338232	-0.999428	0	None	400
ChainingRodShaped	403	2.79912	0.5	-2.8874	31.6059	0	0.993426	0.114477	0	None	None
ChainingRodShaped	405	2.79585	0.5	-12.5794	46.1696	0	0.393836	-0.919181	0	None	None
ChainingRodShaped	407	2.5202	0.5	10.8118	39.9279	0	0.785877	-0.618383	0	None	None
ChainingRodShaped	409	2.4937	0.5	-5.02609	30.4395	0	0.99968	0.0252926	0	None	None
ChainingRodShaped	411	2.24936	0.5	-0.695055	45.0895	0	0.316271	-0.948669	0	None	None
ChainingRodShaped	413	2.31184	0.5	10.145	37.946	0	0.781896	-0.623409	0	None	None
ChainingRodShaped	415	2.53017	0.5	14.7483	35.3865	0	0.739149	-0.673542	0	None	None
ChainingRodShaped	417	2.31925	0.5	-9.54116	37.9992	0	0.887865	-0.460104	0	None	None
ChainingRodShaped	419	2.20512	0.5	-3.06512	33.5646	0	-0.994436	-0.105344	0	None	None
ChainingRodShaped	421	2.28229	0.5	10.4652	47.3048	0	0.902629	-0.430419	0	None	None
ChainingRodShaped	423	2.20802	0.5	-6.3495	47.2832	0	0.697389	-0.716692	0	None	None
ChainingRodShaped	425	2.31086	0.5	-12.5411	52.3563	0	0.257908	-0.966169	0	None	None
ChainingRodShaped	427	2.21038	0.5	1.26174	28.9949	0	0.998951	-0.0457938	0	None	None
ChainingRodShaped	429	2.14574	0.5	-7.00339	50.3653	0	-0.0869622	-0.996212	0	None	None
ChainingRodShaped	431	2.17757	0.5	2.83577	26.8981	0	0.785561	-0.618785	0	None	None
ChainingRodShaped	433	2.08303	0.5	15.1243	41.5318	0	0.937947	0.346779	0	None	None
ChainingRodShaped	435	2.03314	0.5	6.55215	50.5709	0	0.992193	-0.124715	0	None	None
ChainingRodShaped	437	2.02143	0.5	-3.40353	50.1133	0	0.320365	-0.947294	0	None	None
