cell_type	cell_id	length	radius	pos_x	pos_y	pos_z	ori_x	ori_y	ori_z	lower_link	upper_link
ChainingRodShaped	924	2.62749	0.5	23.4387	45.0285	0	0.462938	0.886391	0	None	None
ChainingRodShaped	476	3.24938	0.5	144.697	106.691	0	0.835077	0.550133	0	477	None
ChainingRodShaped	298	4.5592	0.5	47.5032	42.6619	0	0.835084	0.550123	0	910	185
ChainingRodShaped	940	2.45802	0.5	20.3928	47.2518	0	0.5234	-0.852087	0	None	None
ChainingRodShaped	904	2.44654	0.5	-4.36913	64.8787	0	-0.99561	0.0935974	0	None	None
ChainingRodShaped	880	2.62381	0.5	-28.9995	-7.73735	0	0.835085	0.550121	0	881	587
ChainingRodShaped	834	2.70855	0.5	1.86999	64.0426	0	0.830394	0.557177	0	None	None
ChainingRodShaped	378	4.36681	0.5	84.0516	66.7386	0	0.835079	0.55013	0	379	737
ChainingRodShaped	826	3.05742	0.5	9.88032	59.2185	0	0.163306	0.986575	0	None	None
ChainingRodShaped	602	4.53391	0.5	-6.69833	58.1946	0	-0.608053	0.793897	0	None	None
ChainingRodShaped	666	3.73298	0.5	9.19059	49.7335	0	0.341683	0.939815	0	None	None
ChainingRodShaped	966	2.11693	0.5	-66.8427	-32.6674	0	0.835077	0.550133	0	967	751
ChainingRodShaped	416	3.94386	0.5	-5.40898	7.80317	0	0.83508	0.550129	0	1002	469
ChainingRodShaped	542	4.88203	0.5	11.4098	63.64	0	0.255531	-0.966801	0	None	None
ChainingRodShaped	714	4.427	0.5	14.4381	46.839	0	0.0902588	0.995918	0	None	None
ChainingRodShaped	286	3.93768	0.5	70.6913	57.9372	0	0.835085	0.550122	0	844	799
ChainingRodShaped	640	3.07381	0.5	112.126	85.2333	0	0.835076	0.550134	0	641	481
ChainingRodShaped	654	3.81683	0.5	0.998342	56.8232	0	0.0662776	0.997801	0	None	None
ChainingRodShaped	738	3.24273	0.5	-2.51677	62.8256	0	0.919361	0.393414	0	None	None
ChainingRodShaped	948	2.47694	0.5	-8.53567	55.5831	0	0.980826	0.194886	0	None	None
ChainingRodShaped	918	2.2858	0.5	7.33271	58.6981	0	0.411337	0.911484	0	None	None
ChainingRodShaped	926	2.33671	0.5	4.83968	62.337	0	0.68055	0.732702	0	None	None
ChainingRodShaped	424	4.58855	0.5	-0.312805	52.8464	0	0.100609	0.994926	0	None	None
ChainingRodShaped	358	3.9206	0.5	-43.8308	-17.5077	0	0.835081	0.550126	0	756	399
ChainingRodShaped	534	3.71834	0.5	15.3031	45.5804	0	0.0860607	0.99629	0	None	None
ChainingRodShaped	232	4.9664	0.5	24.7013	27.64	0	0.835059	0.550161	0	548	657
ChainingRodShaped	996	2.05957	0.5	-75.954	-38.6698	0	0.835076	0.550134	0	997	321
ChainingRodShaped	984	2.08596	0.5	7.11636	40.8044	0	0.724795	0.688965	0	None	None
ChainingRodShaped	922	2.28368	0.5	5.51256	30.6292	0	0.720459	0.693497	0	None	None
ChainingRodShaped	780	3.30738	0.5	-2.43599	48.7585	0	0.699309	0.714819	0	None	None
ChainingRodShaped	690	3.55846	0.5	-10.6848	43.4148	0	-0.469623	0.882867	0	None	None
ChainingRodShaped	434	4.23245	0.5	20.8907	51.6001	0	0.199468	-0.979904	0	None	None
ChainingRodShaped	854	2.9055	0.5	9.1309	43.4187	0	0.300447	0.953798	0	None	None
ChainingRodShaped	850	3.22171	0.5	-23.0127	50.8256	0	-0.00380324	0.999993	0	None	None
ChainingRodShaped	726	3.22738	0.5	-9.28333	35.9223	0	0.758886	0.651223	0	None	None
ChainingRodShaped	782	3.55065	0.5	-4.7058	42.769	0	-0.450623	0.892714	0	None	None
ChainingRodShaped	598	3.39679	0.5	-14.7206	51.8162	0	0.246103	0.969244	0	None	None
ChainingRodShaped	914	2.39608	0.5	3.10551	63.3965	0	0.642684	0.766132	0	None	None
ChainingRodShaped	524	4.86168	0.5	17.8337	35.9567	0	0.673183	-0.739476	0	None	None
ChainingRodShaped	872	2.48724	0.5	9.81066	48.6215	0	0.345121	0.938558	0	None	None
ChainingRodShaped	364	4.80047	0.5	60.6007	51.2899	0	0.835088	0.550117	0	365	845
ChainingRodShaped	514	4.00076	0.5	8.12112	55.3402	0	-0.172312	0.985042	0	None	None
ChainingRodShaped	446	4.80084	0.5	-11.1899	32.7458	0	0.975139	0.221596	0	None	None
ChainingRodShaped	608	4.33884	0.5	-13.6519	52.0724	0	0.244528	0.969642	0	None	None
ChainingRodShaped	428	3.59294	0.5	128.254	95.858	0	0.835077	0.550133	0	429	561
ChainingRodShaped	710	3.3684	0.5	22.136	45.8247	0	0.749085	0.662474	0	None	None
ChainingRodShaped	870	2.68672	0.5	12.8541	19.8347	0	0.835064	0.550153	0	871	549
ChainingRodShaped	864	2.33856	0.5	96.4493	74.9059	0	0.835077	0.550134	0	865	431
ChainingRodShaped	530	3.83293	0.5	-53.7445	-24.0386	0	0.835079	0.55013	0	531	757
ChainingRodShaped	604	3.33695	0.5	-17.9169	41.4816	0	-0.277833	0.960629	0	None	None
ChainingRodShaped	694	3.85515	0.5	-4.69515	61.4107	0	0.922952	-0.384914	0	None	None
ChainingRodShaped	472	3.98969	0.5	3.9405	56.7764	0	0.100418	0.994945	0	None	None
ChainingRodShaped	688	3.97663	0.5	-10.0137	30.8308	0	0.667524	0.744588	0	None	None
ChainingRodShaped	618	3.48869	0.5	-6.12712	43.1802	0	-0.499091	0.866549	0	None	None
ChainingRodShaped	610	4.88174	0.5	-9.37519	28.6173	0	0.668798	0.743445	0	None	None
ChainingRodShaped	760	3.53568	0.5	16.2026	44.6549	0	0.0776355	0.996982	0	None	None
ChainingRodShaped	664	3.0509	0.5	-15.3368	53.3648	0	0.249856	0.968283	0	None	None
ChainingRodShaped	722	3.84379	0.5	-7.1471	42.9919	0	-0.495807	0.868433	0	None	None
ChainingRodShaped	670	2.92551	0.5	38.2261	36.5504	0	0.835072	0.550141	0	671	911
ChainingRodShaped	830	2.98414	0.5	-2.68535	43.0007	0	-0.387089	0.922042	0	None	None
ChainingRodShaped	860	3.15744	0.5	11.1296	23.3778	0	0.998262	0.0589291	0	None	None
ChainingRodShaped	558	4.51635	0.5	-14.5251	1.79777	0	0.835085	0.550121	0	559	1003
ChainingRodShaped	366	4.63228	0.5	-0.30383	37.1624	0	-0.0321144	0.999484	0	None	None
ChainingRodShaped	584	3.70049	0.5	2.02993	57.5813	0	0.0726533	0.997357	0	None	None
ChainingRodShaped	900	2.75115	0.5	-2.72439	51.7984	0	0.978377	0.206827	0	None	None
ChainingRodShaped	398	4.26286	0.5	-35.447	-11.9847	0	0.835083	0.550123	0	399	881
ChainingRodShaped	740	3.96203	0.5	-16.5091	40.0892	0	-0.271222	0.962517	0	None	None
ChainingRodShaped	772	2.72185	0.5	6.98229	42.0075	0	0.720639	0.69331	0	None	None
ChainingRodShaped	730	4.23524	0.5	-5.53868	52.2135	0	0.983024	0.18348	0	None	None
ChainingRodShaped	794	3.60319	0.5	11.3464	57.6317	0	-0.253386	0.967365	0	None	None
ChainingRodShaped	990	2.186	0.5	5.37576	28.475	0	0.324639	0.945838	0	None	None
ChainingRodShaped	994	2.10026	0.5	2.37058	40.2644	0	0.181708	0.983353	0	None	None
ChainingRodShaped	672	3.29352	0.5	-19.3858	43.0099	0	0.218589	0.975817	0	None	None
ChainingRodShaped	980	2.23199	0.5	-9.96655	34.0213	0	0.973303	0.229523	0	None	None
ChainingRodShaped	720	3.11851	0.5	-9.30082	62.053	0	0.695265	0.718753	0	None	None
ChainingRodShaped	674	3.17488	0.5	-23.4272	36.4716	0	0.723822	0.689987	0	None	None
ChainingRodShaped	798	2.39703	0.5	76.8798	62.014	0	0.835082	0.550126	0	799	379
ChainingRodShaped	636	4.17622	0.5	-10.0736	56.8112	0	0.998282	-0.0585924	0	None	None
ChainingRodShaped	920	2.51829	0.5	7.91379	29.918	0	0.320747	0.947165	0	None	None
ChainingRodShaped	934	2.46917	0.5	-5.72551	26.4765	0	0.946684	0.322164	0	None	None
ChainingRodShaped	986	2.12691	0.5	8.22485	61.7315	0	0.472275	0.881451	0	None	None
ChainingRodShaped	808	2.79738	0.5	-5.79476	48.722	0	0.836673	0.547702	0	None	None
ChainingRodShaped	846	3.129	0.5	7.76324	36.6023	0	-0.744519	0.667602	0	None	None
ChainingRodShaped	538	3.6871	0.5	11.0917	33.5435	0	-0.282827	0.959171	0	None	None
ChainingRodShaped	480	3.82214	0.5	120.342	90.646	0	0.835077	0.550133	0	481	429
ChainingRodShaped	930	2.39015	0.5	-15.9306	24.144	0	0.641537	0.767092	0	None	None
ChainingRodShaped	185	4.71974	0.5	52.1071	45.6947	0	0.835086	0.550119	0	298	365
ChainingRodShaped	822	2.98585	0.5	17.9267	40.2246	0	0.13729	-0.990531	0	None	None
ChainingRodShaped	744	4.08593	0.5	8.92705	60.096	0	0.285853	0.958274	0	None	None
ChainingRodShaped	890	2.35207	0.5	-12.2468	22.1774	0	-0.617793	0.78634	0	None	None
ChainingRodShaped	832	2.72579	0.5	-16.3324	53.4405	0	0.250638	0.968081	0	None	None
ChainingRodShaped	554	3.92993	0.5	7.44109	50.606	0	0.358154	0.933663	0	None	None
ChainingRodShaped	750	2.96902	0.5	-60.8463	-28.7171	0	0.835078	0.550132	0	751	531
ChainingRodShaped	468	3.63287	0.5	2.99597	13.3402	0	0.835074	0.550137	0	469	397
ChainingRodShaped	848	2.93531	0.5	-23.2822	26.8045	0	-0.311779	0.950155	0	None	None
ChainingRodShaped	728	4.10962	0.5	17.3632	32.3283	0	-0.0904622	0.9959	0	None	None
ChainingRodShaped	752	3.94022	0.5	16.6082	51.4376	0	0.538895	-0.842373	0	None	None
ChainingRodShaped	650	3.9958	0.5	-12.8226	45.4374	0	-0.451455	0.892294	0	None	None
ChainingRodShaped	628	4.40876	0.5	-8.76194	54.5416	0	0.979753	0.200211	0	None	None
ChainingRodShaped	211	4.58148	0.5	-85.7897	-45.1494	0	0.835076	0.550135	0	None	487
ChainingRodShaped	716	3.85968	0.5	4.45228	60.5016	0	0.687842	0.72586	0	None	None
ChainingRodShaped	704	4.03345	0.5	18.7633	41.5612	0	0.282966	-0.95913	0	None	None
ChainingRodShaped	660	4.67752	0.5	-16.1187	43.704	0	-0.778659	0.627447	0	None	None
ChainingRodShaped	560	4.13533	0.5	136.694	101.418	0	0.835077	0.550133	0	561	477
ChainingRodShaped	696	4.25427	0.5	6.75036	29.5463	0	0.315166	0.949036	0	None	None
ChainingRodShaped	520	4.85359	0.5	13.1887	33.96	0	0.0408351	0.999166	0	None	None
ChainingRodShaped	960	2.16238	0.5	105.484	80.8576	0	0.835076	0.550134	0	961	641
ChainingRodShaped	732	4.3198	0.5	-21.2007	48.9693	0	0.904912	0.4256	0	None	None
ChainingRodShaped	624	3.87572	0.5	-19.9637	32.9104	0	0.358435	0.933555	0	None	None
ChainingRodShaped	886	2.53377	0.5	-13.8695	29.4286	0	0.671723	0.740802	0	None	None
ChainingRodShaped	548	4.49553	0.5	20.0237	24.5582	0	0.835059	0.550161	0	549	232
ChainingRodShaped	582	3.4684	0.5	-15.967	20.9359	0	-0.898444	0.439088	0	None	None
ChainingRodShaped	568	4.43067	0.5	-5.17982	22.9159	0	0.944989	0.327101	0	None	None
ChainingRodShaped	658	3.74114	0.5	-3.79795	19.4317	0	-0.0836301	0.996497	0	None	None
ChainingRodShaped	962	2.34768	0.5	-21.7905	39.3614	0	0.70236	0.711822	0	None	None
ChainingRodShaped	612	4.09698	0.5	0.601608	38.8177	0	-0.0221141	0.999755	0	None	None
ChainingRodShaped	768	3.36269	0.5	-6.24444	27.3005	0	0.943414	0.331618	0	None	None
ChainingRodShaped	574	3.70847	0.5	-20.3382	51.5462	0	-0.907266	-0.420557	0	None	None
ChainingRodShaped	478	4.0866	0.5	-16.5324	42.81	0	-0.774978	0.631988	0	None	None
ChainingRodShaped	644	4.06644	0.5	1.94708	30.6003	0	0.365005	0.931006	0	None	None
ChainingRodShaped	586	3.78785	0.5	-22.0278	-3.14468	0	0.835086	0.55012	0	587	559
ChainingRodShaped	938	2.52444	0.5	-12.5007	52.6406	0	0.250119	0.968215	0	None	None
ChainingRodShaped	852	3.18644	0.5	6.82893	51.6921	0	0.364015	0.931393	0	None	None
ChainingRodShaped	642	4.88701	0.5	-8.4108	43.2716	0	-0.487099	0.873347	0	None	None
ChainingRodShaped	668	4.54113	0.5	10.6796	45.0923	0	0.304895	0.952386	0	None	None
ChainingRodShaped	626	3.99393	0.5	-15.3927	44.3615	0	-0.782512	0.622635	0	None	None
ChainingRodShaped	784	3.69865	0.5	-21.292	37.1395	0	0.716455	0.697633	0	None	None
ChainingRodShaped	1006	2.02997	0.5	12.5833	44.7485	0	0.323885	0.946097	0	None	None
ChainingRodShaped	884	2.72738	0.5	1.6245	47.4702	0	0.672968	0.739672	0	None	None
ChainingRodShaped	906	2.78255	0.5	4.94665	31.4294	0	0.716473	0.697615	0	None	None
ChainingRodShaped	824	3.26866	0.5	15.3895	40.3773	0	0.227211	0.973846	0	None	None
ChainingRodShaped	748	3.65602	0.5	6.6189	61.401	0	0.599776	0.800168	0	None	None
ChainingRodShaped	656	2.6226	0.5	32.0418	32.4761	0	0.835063	0.550154	0	657	671
ChainingRodShaped	746	4.30574	0.5	9.11385	32.4617	0	-0.155136	0.987893	0	None	None
ChainingRodShaped	648	3.37912	0.5	-1.46063	48.3992	0	0.696779	0.717285	0	None	None
ChainingRodShaped	762	3.1289	0.5	1.19864	18.8238	0	0.999662	-0.0260019	0	None	None
ChainingRodShaped	766	3.33702	0.5	-23.0695	33.3583	0	0.404761	0.914422	0	None	None
ChainingRodShaped	844	2.63624	0.5	67.2093	55.6434	0	0.835086	0.55012	0	845	286
ChainingRodShaped	952	2.41091	0.5	18.0897	55.5126	0	0.677351	-0.73566	0	None	None
ChainingRodShaped	506	4.6855	0.5	20.4649	38.0012	0	0.806507	0.591224	0	None	None
ChainingRodShaped	462	4.14495	0.5	-12.3501	31.4972	0	0.976382	0.21605	0	None	None
ChainingRodShaped	576	3.3191	0.5	7.46085	33.5656	0	-0.460516	0.887651	0	None	None
ChainingRodShaped	700	2.99063	0.5	-16.0352	29.3671	0	0.914947	0.403574	0	None	None
ChainingRodShaped	910	2.33621	0.5	43.896	40.2856	0	0.83508	0.550128	0	911	298
ChainingRodShaped	858	2.95225	0.5	-3.08929	34.1648	0	-0.0277888	0.999614	0	None	None
ChainingRodShaped	902	2.45982	0.5	10.2132	46.9137	0	0.350498	0.936564	0	None	None
ChainingRodShaped	932	2.34378	0.5	16.0575	30.1687	0	0.353815	0.935316	0	None	None
ChainingRodShaped	1008	2.02328	0.5	-13.6955	25.2405	0	0.664588	0.74721	0	None	None
ChainingRodShaped	790	3.60098	0.5	-5.97119	34.1844	0	-0.0477392	0.99886	0	None	None
ChainingRodShaped	311	4.95941	0.5	11.041	50.5941	0	-0.236238	0.971695	0	None	None
ChainingRodShaped	754	3.91939	0.5	5.93955	22.3211	0	0.768931	0.639332	0	None	None
ChainingRodShaped	546	4.55	0.5	4.48875	52.5423	0	0.1036	0.994619	0	None	None
ChainingRodShaped	908	2.40671	0.5	-0.036276	48.4895	0	0.681851	0.731491	0	None	None
ChainingRodShaped	976	2.27146	0.5	10.5548	29.6274	0	-0.178209	0.983993	0	None	None
ChainingRodShaped	321	3.83754	0.5	-72.6854	-36.5165	0	0.835076	0.550134	0	996	967
ChainingRodShaped	800	3.27306	0.5	-1.50325	39.1184	0	-0.128599	0.991697	0	None	None
ChainingRodShaped	968	2.17965	0.5	3.8415	62.7376	0	0.649309	0.760525	0	None	None
ChainingRodShaped	708	2.87508	0.5	-9.58361	21.9533	0	-0.629105	0.77732	0	None	None
ChainingRodShaped	736	2.71403	0.5	90.8802	71.2371	0	0.835078	0.550132	0	737	865
ChainingRodShaped	686	4.55066	0.5	-25.811	40.0076	0	-0.353726	-0.935349	0	None	None
ChainingRodShaped	954	2.2574	0.5	-17.6464	26.8712	0	0.49575	0.868465	0	None	None
ChainingRodShaped	770	4.12389	0.5	-21.2539	47.8614	0	0.903429	0.428738	0	None	None
ChainingRodShaped	1000	2.05357	0.5	3.35133	31.404	0	0.424672	0.905347	0	None	None
ChainingRodShaped	992	2.07059	0.5	-25.7094	37.4537	0	0.349274	0.937021	0	None	None
ChainingRodShaped	550	3.54312	0.5	-4.91523	21.9869	0	0.943769	0.330605	0	None	None
ChainingRodShaped	812	3.31436	0.5	7.19259	19.7089	0	0.921636	0.388056	0	None	None
ChainingRodShaped	862	3.29315	0.5	-4.12995	58.4836	0	-0.739105	0.67359	0	None	None
ChainingRodShaped	788	3.66591	0.5	-20.276	47.2413	0	0.901139	0.433531	0	None	None
ChainingRodShaped	706	3.11962	0.5	-12.6809	21.1445	0	-0.620143	0.784488	0	None	None
ChainingRodShaped	942	2.4692	0.5	-3.53152	24.5411	0	0.985344	0.17058	0	None	None
ChainingRodShaped	894	2.73311	0.5	2.05337	44.226	0	0.956258	0.292524	0	None	None
ChainingRodShaped	692	3.63056	0.5	-10.5546	59.0608	0	0.994035	0.109059	0	None	None
ChainingRodShaped	566	4.09151	0.5	-6.28739	59.2516	0	-0.607795	0.794094	0	None	None
ChainingRodShaped	756	2.48242	0.5	-47.2713	-19.7742	0	0.835081	0.550128	0	757	358
ChainingRodShaped	972	2.30902	0.5	-6.9193	56.896	0	-0.604812	0.796368	0	None	None
ChainingRodShaped	778	3.13873	0.5	-19.0684	45.679	0	0.896055	0.443944	0	None	None
ChainingRodShaped	365	3.65817	0.5	56.3363	48.4808	0	0.835087	0.550117	0	185	364
ChainingRodShaped	758	3.8492	0.5	0.483767	32.292	0	0.320263	0.947329	0	None	None
ChainingRodShaped	596	4.78459	0.5	-19.9652	46.3113	0	0.898708	0.438548	0	None	None
ChainingRodShaped	606	4.94383	0.5	12.7041	22.4046	0	0.917378	0.398017	0	None	None
ChainingRodShaped	678	4.54031	0.5	-12.0833	15.6692	0	-0.733299	0.679906	0	None	None
ChainingRodShaped	802	3.67957	0.5	-4.02219	33.3333	0	-0.0373585	0.999302	0	None	None
ChainingRodShaped	842	3.01351	0.5	5.0094	46.982	0	0.695922	0.718117	0	None	None
ChainingRodShaped	379	3.42506	0.5	80.0533	64.1046	0	0.83508	0.550128	0	798	378
ChainingRodShaped	588	4.64174	0.5	-5.16838	63.9595	0	0.995595	-0.0937595	0	None	None
ChainingRodShaped	718	3.43696	0.5	14.7956	55.7997	0	0.776058	-0.630661	0	None	None
ChainingRodShaped	638	4.00598	0.5	-10.4032	58.1057	0	0.993857	0.110672	0	None	None
ChainingRodShaped	964	2.1758	0.5	-18.1157	58.9403	0	0.237382	0.971416	0	None	None
ChainingRodShaped	982	2.16829	0.5	1.52586	32.3376	0	0.319137	0.947709	0	None	None
ChainingRodShaped	928	2.62818	0.5	11.725	52.0548	0	-0.196279	0.980548	0	None	None
ChainingRodShaped	888	2.76951	0.5	19.8569	44.5518	0	0.418369	-0.908277	0	None	None
ChainingRodShaped	876	2.66002	0.5	-17.6035	54.7257	0	0.780358	0.625333	0	None	None
ChainingRodShaped	397	3.55283	0.5	6.72704	15.7982	0	0.835071	0.550143	0	468	871
ChainingRodShaped	399	4.12709	0.5	-39.7081	-14.7918	0	0.835082	0.550125	0	358	398
ChainingRodShaped	401	4.80172	0.5	8.99601	39.7065	0	0.300614	0.953746	0	None	None
ChainingRodShaped	652	4.28036	0.5	-9.27871	53.4508	0	0.979157	0.203105	0	None	None
ChainingRodShaped	724	2.94201	0.5	2.26393	24.6807	0	0.779275	0.626683	0	None	None
ChainingRodShaped	712	3.27041	0.5	-15.012	38.889	0	0.0189151	0.999821	0	None	None
ChainingRodShaped	820	3.52357	0.5	-19.0285	38.1732	0	0.322667	0.946513	0	None	None
ChainingRodShaped	662	3.06017	0.5	-12.4708	29.5464	0	0.664482	0.747305	0	None	None
ChainingRodShaped	898	2.81432	0.5	2.74709	22.573	0	0.769462	0.638693	0	None	None
ChainingRodShaped	415	4.29784	0.5	10.4631	37.9611	0	0.300662	0.953731	0	None	None
ChainingRodShaped	1002	2.02078	0.5	-8.63546	5.67765	0	0.835082	0.550126	0	1003	416
ChainingRodShaped	646	3.53069	0.5	20.8786	48.3432	0	0.526094	-0.850426	0	None	None
ChainingRodShaped	818	3.43587	0.5	3.00339	43.5091	0	0.956509	0.291703	0	None	None
ChainingRodShaped	998	2.05742	0.5	14.1928	37.3599	0	-0.0603313	0.998178	0	None	None
ChainingRodShaped	988	2.12126	0.5	-2.50627	50.8594	0	0.978936	0.204166	0	None	None
ChainingRodShaped	680	3.55855	0.5	-13.1234	37.9901	0	0.0310356	0.999518	0	None	None
ChainingRodShaped	429	3.87396	0.5	124.342	93.2814	0	0.835077	0.550133	0	480	428
ChainingRodShaped	431	3.59648	0.5	99.6847	77.0373	0	0.835076	0.550134	0	864	961
ChainingRodShaped	698	3.47616	0.5	-4.00343	48.7895	0	0.783798	0.621015	0	None	None
ChainingRodShaped	684	4.67002	0.5	18.1753	53.9531	0	0.677682	-0.735355	0	None	None
ChainingRodShaped	796	2.73185	0.5	-10.8911	22.0368	0	-0.6213	0.783573	0	None	None
ChainingRodShaped	622	3.70126	0.5	2.41491	51.231	0	0.106677	0.994294	0	None	None
ChainingRodShaped	742	4.08058	0.5	12.1913	38.1201	0	-0.0625749	0.99804	0	None	None
ChainingRodShaped	682	3.26054	0.5	-7.05076	36.2621	0	-0.0581765	0.998306	0	None	None
ChainingRodShaped	958	2.37307	0.5	-25.0754	30.014	0	0.425233	0.905084	0	None	None
ChainingRodShaped	806	2.75449	0.5	-15.7808	31.5754	0	0.920561	0.390599	0	None	None
ChainingRodShaped	676	4.01659	0.5	-10.7634	37.1408	0	0.763507	0.645799	0	None	None
ChainingRodShaped	978	2.24887	0.5	9.57795	25.3372	0	-0.995521	0.0945428	0	None	None
ChainingRodShaped	702	4.32992	0.5	17.4162	48.3161	0	0.533496	-0.845803	0	None	None
ChainingRodShaped	840	2.98836	0.5	-20.1551	25.1938	0	0.696072	0.717972	0	None	None
ChainingRodShaped	944	2.50201	0.5	13.8249	50.9245	0	-0.0401131	0.999195	0	None	None
ChainingRodShaped	459	4.64841	0.5	-10.5973	36.0435	0	0.760826	0.648956	0	None	None
ChainingRodShaped	764	3.4482	0.5	-20.6257	33.9974	0	0.396001	0.91825	0	None	None
ChainingRodShaped	896	2.40292	0.5	-16.4083	30.2538	0	0.916609	0.399786	0	None	None
ChainingRodShaped	734	2.99959	0.5	2.47613	65.6433	0	-0.831165	-0.556025	0	None	None
ChainingRodShaped	868	3.11213	0.5	-8.21828	17.0654	0	-0.963731	0.266875	0	None	None
ChainingRodShaped	469	4.52063	0.5	-1.14061	10.6151	0	0.835077	0.550133	0	416	468
ChainingRodShaped	786	3.45257	0.5	15.1884	32.3976	0	-0.00388015	0.999992	0	None	None
ChainingRodShaped	473	4.63186	0.5	3.41648	51.5099	0	0.103456	0.994634	0	None	None
ChainingRodShaped	776	3.24202	0.5	-15.336	57.0317	0	0.939741	-0.341888	0	None	None
ChainingRodShaped	477	3.9249	0.5	140.876	104.173	0	0.835077	0.550133	0	560	476
ChainingRodShaped	866	2.48203	0.5	-17.3528	36.561	0	0.456143	0.889907	0	None	None
ChainingRodShaped	481	4.528	0.5	116.074	87.8346	0	0.835077	0.550134	0	640	480
ChainingRodShaped	856	3.24527	0.5	-17.4375	20.0913	0	-0.982449	0.18653	0	None	None
ChainingRodShaped	804	2.97793	0.5	-8.80522	30.7119	0	0.670162	0.742215	0	None	None
ChainingRodShaped	487	3.48819	0.5	-81.5975	-42.3876	0	0.835076	0.550135	0	211	997
ChainingRodShaped	489	3.98694	0.5	-12.3688	42.4717	0	-0.470235	0.882541	0	None	None
ChainingRodShaped	828	3.53454	0.5	-5.02181	34.3868	0	-0.0413274	0.999146	0	None	None
ChainingRodShaped	816	3.24544	0.5	14.3624	60.0953	0	0.896977	-0.442077	0	None	None
ChainingRodShaped	878	2.74443	0.5	1.57795	25.3632	0	0.784075	0.620667	0	None	None
ChainingRodShaped	497	3.85823	0.5	19.4509	38.4835	0	0.807053	0.590479	0	None	None
ChainingRodShaped	499	4.48498	0.5	-2.92279	15.8417	0	0.157833	0.987466	0	None	None
ChainingRodShaped	792	3.14909	0.5	5.20522	42.9533	0	0.704952	0.709255	0	None	None
ChainingRodShaped	974	2.18	0.5	-24.1551	26.2761	0	-0.31117	0.950354	0	None	None
ChainingRodShaped	814	2.69889	0.5	-4.91704	25.4211	0	0.817921	0.57533	0	None	None
ChainingRodShaped	507	4.10484	0.5	16.9621	40.1059	0	0.127377	-0.991854	0	None	None
ChainingRodShaped	509	4.56975	0.5	4.44298	35.3055	0	-0.450502	0.892776	0	None	None
ChainingRodShaped	946	2.4682	0.5	-2.15402	35.395	0	-0.0171826	0.999852	0	None	None
ChainingRodShaped	513	4.1066	0.5	-19.0903	31.035	0	0.810749	0.585394	0	None	None
ChainingRodShaped	515	4.87779	0.5	8.81443	51.5135	0	0.3488	0.937197	0	None	None
ChainingRodShaped	517	4.8182	0.5	16.1096	48.5641	0	0.537428	-0.84331	0	None	None
ChainingRodShaped	810	3.2126	0.5	-9.62766	43.4789	0	-0.478344	0.878173	0	None	None
ChainingRodShaped	838	3.5139	0.5	12.5987	29.2967	0	-0.191746	0.981445	0	None	None
ChainingRodShaped	523	3.74799	0.5	6.56839	36.384	0	-0.750786	0.660545	0	None	None
ChainingRodShaped	525	4.12744	0.5	16.1851	34.2611	0	0.00354803	0.999994	0	None	None
ChainingRodShaped	774	3.48613	0.5	-8.22603	27.6088	0	0.877419	0.479724	0	None	None
ChainingRodShaped	836	2.8009	0.5	2.05225	23.2596	0	0.772969	0.634444	0	None	None
ChainingRodShaped	531	3.2332	0.5	-57.4735	-26.4952	0	0.835078	0.550131	0	750	530
ChainingRodShaped	533	3.7245	0.5	-0.562823	32.1341	0	0.31559	0.948896	0	None	None
ChainingRodShaped	874	2.60501	0.5	13.8437	42.2308	0	0.268036	0.963409	0	None	None
ChainingRodShaped	916	2.67318	0.5	-8.53594	49.4837	0	0.941506	0.336996	0	None	None
ChainingRodShaped	539	3.80162	0.5	11.6642	28.9879	0	-0.18804	0.982161	0	None	None
ChainingRodShaped	541	4.49938	0.5	-13.481	20.5805	0	-0.623595	0.781748	0	None	None
ChainingRodShaped	912	2.35708	0.5	9.153	64.4935	0	0.648867	0.760902	0	None	None
ChainingRodShaped	545	3.7949	0.5	4.86049	41.3137	0	0.725546	0.688173	0	None	None
ChainingRodShaped	547	4.50448	0.5	3.17539	47.7569	0	0.675941	0.736956	0	None	None
ChainingRodShaped	549	3.25146	0.5	16.0616	21.9479	0	0.835061	0.550158	0	870	548
ChainingRodShaped	551	3.56548	0.5	-4.75961	19.1712	0	-0.0836768	0.996493	0	None	None
ChainingRodShaped	882	2.78049	0.5	-18.5288	23.8266	0	0.530953	0.847401	0	None	None
ChainingRodShaped	555	4.81427	0.5	5.97451	46.6008	0	0.699918	0.714223	0	None	None
ChainingRodShaped	557	3.81841	0.5	4.33	20.0714	0	0.987917	0.154987	0	None	None
ChainingRodShaped	559	3.05476	0.5	-18.4275	-0.772945	0	0.835085	0.55012	0	586	558
ChainingRodShaped	561	4.3178	0.5	132.356	98.5608	0	0.835077	0.550133	0	428	560
ChainingRodShaped	563	3.63334	0.5	5.8894	51.9273	0	0.36626	0.930512	0	None	None
ChainingRodShaped	892	2.59892	0.5	-6.61545	53.0036	0	0.98114	0.193301	0	None	None
ChainingRodShaped	567	4.84269	0.5	-2.92827	54.9515	0	-0.627922	0.778276	0	None	None
ChainingRodShaped	569	4.469	0.5	-7.14306	20.5461	0	-0.643809	0.765186	0	None	None
ChainingRodShaped	571	3.52283	0.5	-3.82533	43.2962	0	-0.3963	0.918121	0	None	None
ChainingRodShaped	573	3.78234	0.5	0.0129338	57.9994	0	0.0097115	0.999953	0	None	None
ChainingRodShaped	575	4.86192	0.5	-17.8737	51.3609	0	0.235289	0.971925	0	None	None
ChainingRodShaped	577	3.67863	0.5	8.06022	27.2852	0	0.323895	0.946093	0	None	None
ChainingRodShaped	579	3.89864	0.5	8.13005	24.4873	0	-0.995505	0.094706	0	None	None
ChainingRodShaped	950	2.33407	0.5	11.8847	45.6958	0	0.314398	0.949291	0	None	None
ChainingRodShaped	970	2.13606	0.5	-12.8306	17.994	0	0.966853	-0.255333	0	None	None
ChainingRodShaped	585	4.60923	0.5	1.57879	52.4678	0	0.103573	0.994622	0	None	None
ChainingRodShaped	587	3.35256	0.5	-25.7553	-5.6002	0	0.835086	0.55012	0	880	586
ChainingRodShaped	589	4.40588	0.5	-9.97658	62.7862	0	0.694255	0.719729	0	None	None
ChainingRodShaped	1004	2.01688	0.5	-1.94656	60.8194	0	-0.00239377	0.999997	0	None	None
ChainingRodShaped	936	2.54212	0.5	-0.962915	60.1454	0	0.000842994	1	0	None	None
ChainingRodShaped	595	4.97936	0.5	3.64044	34.8009	0	-0.44832	0.893873	0	None	None
ChainingRodShaped	597	3.57939	0.5	-23.2814	42.795	0	0.553348	0.83295	0	None	None
ChainingRodShaped	599	3.26413	0.5	-15.5824	47.5823	0	0.148366	0.988933	0	None	None
ChainingRodShaped	601	3.45894	0.5	-20.736	55.068	0	0.21251	0.977159	0	None	None
ChainingRodShaped	603	3.54683	0.5	-3.5796	54.2434	0	-0.633763	0.773527	0	None	None
ChainingRodShaped	605	3.92092	0.5	-20.1685	39.605	0	0.709444	0.704762	0	None	None
ChainingRodShaped	607	3.23708	0.5	8.55849	21.5394	0	0.876905	0.480664	0	None	None
ChainingRodShaped	609	3.8175	0.5	-14.6846	47.134	0	0.13847	0.990367	0	None	None
ChainingRodShaped	611	3.94397	0.5	-12.9661	24.5895	0	0.664198	0.747557	0	None	None
ChainingRodShaped	613	3.73713	0.5	2.05405	34.5191	0	-0.712734	0.701435	0	None	None
ChainingRodShaped	956	2.405	0.5	-8.30772	48.5363	0	0.938534	0.345186	0	None	None
ChainingRodShaped	617	3.26997	0.5	13.9246	30.6855	0	0.174116	0.984725	0	None	None
ChainingRodShaped	619	4.80456	0.5	-4.3806	38.4772	0	-0.161316	0.986903	0	None	None
ChainingRodShaped	621	3.55222	0.5	5.77154	55.4707	0	0.110449	0.993882	0	None	None
ChainingRodShaped	623	4.93502	0.5	-0.414644	46.657	0	0.674498	0.738277	0	None	None
ChainingRodShaped	625	4.78344	0.5	-21.7964	29.0812	0	0.087099	0.9962	0	None	None
ChainingRodShaped	627	4.72932	0.5	-12.2267	40.1878	0	-0.471948	0.881626	0	None	None
ChainingRodShaped	629	4.35321	0.5	-13.7344	55.4327	0	0.943113	-0.332472	0	None	None
ChainingRodShaped	631	4.93928	0.5	-0.193106	25.2	0	0.783064	0.621941	0	None	None
ChainingRodShaped	633	3.26214	0.5	-1.76056	26.5346	0	0.809654	0.586907	0	None	None
ChainingRodShaped	635	4.71079	0.5	5.9036	34.5358	0	-0.454995	0.890494	0	None	None
ChainingRodShaped	637	4.30395	0.5	-15.125	57.9915	0	0.936871	-0.349675	0	None	None
ChainingRodShaped	639	3.8984	0.5	-15.0786	59.0303	0	0.937361	-0.34836	0	None	None
ChainingRodShaped	641	3.49607	0.5	108.612	82.9187	0	0.835076	0.550134	0	960	640
ChainingRodShaped	643	3.53897	0.5	-6.31503	38.6769	0	-0.159643	0.987175	0	None	None
ChainingRodShaped	645	3.01255	0.5	-0.309011	26.3641	0	0.785612	0.61872	0	None	None
ChainingRodShaped	647	4.67315	0.5	18.1402	52.2762	0	0.781468	-0.623946	0	None	None
ChainingRodShaped	649	3.07845	0.5	-4.77602	45.8673	0	0.879793	0.475357	0	None	None
ChainingRodShaped	651	3.98684	0.5	-10.5489	41.0604	0	-0.461199	0.887297	0	None	None
ChainingRodShaped	653	3.81927	0.5	-12.1864	49.9037	0	0.236643	0.971597	0	None	None
ChainingRodShaped	655	3.6338	0.5	0.579143	52.1281	0	0.101763	0.994809	0	None	None
ChainingRodShaped	657	3.25568	0.5	28.8609	30.3804	0	0.83506	0.550158	0	232	656
ChainingRodShaped	659	4.18609	0.5	-4.1823	14.5603	0	0.104015	0.994576	0	None	None
ChainingRodShaped	661	3.71561	0.5	-14.0362	39.4585	0	0.02891	0.999582	0	None	None
ChainingRodShaped	663	4.40356	0.5	-15.6102	26.0207	0	0.65277	0.757556	0	None	None
ChainingRodShaped	665	4.48744	0.5	-16.3623	48.7571	0	0.158242	0.9874	0	None	None
ChainingRodShaped	667	3.20645	0.5	6.53536	45.7767	0	0.694829	0.719175	0	None	None
ChainingRodShaped	669	3.1971	0.5	9.78667	39.0179	0	0.301282	0.953535	0	None	None
ChainingRodShaped	671	2.89125	0.5	35.0706	34.4715	0	0.835067	0.550148	0	656	670
ChainingRodShaped	673	3.08785	0.5	-22.6393	40.1841	0	0.573605	0.819132	0	None	None
ChainingRodShaped	675	4.3896	0.5	-25.6304	32.4324	0	0.225226	0.974307	0	None	None
ChainingRodShaped	677	4.48504	0.5	-14.7657	33.7827	0	0.75824	0.651976	0	None	None
ChainingRodShaped	679	4.6074	0.5	-7.872	14.765	0	-0.705505	0.708705	0	None	None
ChainingRodShaped	681	4.09119	0.5	-15.4029	35.0177	0	0.615715	0.787969	0	None	None
ChainingRodShaped	683	4.28325	0.5	-6.82523	31.5409	0	-0.0402605	0.999189	0	None	None
ChainingRodShaped	685	4.60804	0.5	14.3049	58.0019	0	0.648171	-0.761495	0	None	None
ChainingRodShaped	687	4.64074	0.5	-23.3071	40.9903	0	-0.557961	-0.829867	0	None	None
ChainingRodShaped	689	3.79492	0.5	-13.2568	27.206	0	0.667113	0.744956	0	None	None
ChainingRodShaped	691	3.08225	0.5	-8.70693	39.5986	0	-0.41263	0.910899	0	None	None
ChainingRodShaped	693	3.84672	0.5	-14.9933	60.0557	0	0.937521	-0.347929	0	None	None
ChainingRodShaped	695	4.19385	0.5	-8.33361	61.6306	0	0.695647	0.718384	0	None	None
ChainingRodShaped	697	4.43057	0.5	5.11868	24.5031	0	0.274811	0.961498	0	None	None
ChainingRodShaped	699	2.89687	0.5	-7.50067	46.5917	0	0.882378	0.470542	0	None	None
ChainingRodShaped	701	4.48929	0.5	-19.9872	26.8465	0	0.83055	0.556945	0	None	None
ChainingRodShaped	703	4.08944	0.5	14.6143	52.6687	0	0.554964	-0.831874	0	None	None
ChainingRodShaped	705	3.6447	0.5	19.0785	43.8867	0	0.423773	-0.905769	0	None	None
ChainingRodShaped	707	3.91346	0.5	-10.6836	17.2479	0	-0.210042	0.977692	0	None	None
ChainingRodShaped	709	3.51227	0.5	-6.89947	18.7463	0	-0.645207	0.764007	0	None	None
ChainingRodShaped	711	4.47457	0.5	21.0688	42.2966	0	0.398845	0.917018	0	None	None
ChainingRodShaped	713	4.01478	0.5	-16.859	35.2225	0	0.426047	0.904701	0	None	None
ChainingRodShaped	715	3.25525	0.5	12.9432	42.5927	0	0.275155	0.9614	0	None	None
ChainingRodShaped	717	4.09366	0.5	2.89842	56.0799	0	0.0919963	0.995759	0	None	None
ChainingRodShaped	719	3.35416	0.5	12.0662	58.7564	0	0.258964	-0.965887	0	None	None
ChainingRodShaped	721	3.51452	0.5	-12.4869	60.4175	0	0.974065	-0.226268	0	None	None
ChainingRodShaped	723	3.42013	0.5	-5.38614	38.8187	0	-0.160043	0.98711	0	None	None
ChainingRodShaped	725	4.1461	0.5	-1.27634	21.8735	0	0.790779	0.612102	0	None	None
ChainingRodShaped	727	3.0117	0.5	-7.91161	34.2862	0	-0.0463626	0.998925	0	None	None
ChainingRodShaped	729	4.01677	0.5	16.4282	27.511	0	0.211337	0.977413	0	None	None
ChainingRodShaped	731	4.18014	0.5	-10.0309	50.1682	0	0.708281	0.705931	0	None	None
ChainingRodShaped	733	3.87173	0.5	-24.9893	46.1084	0	0.444938	0.895561	0	None	None
ChainingRodShaped	735	3.80506	0.5	6.17683	65.1909	0	-0.96366	0.26713	0	None	None
ChainingRodShaped	737	2.842	0.5	87.8098	69.2144	0	0.835078	0.550131	0	378	736
ChainingRodShaped	739	3.60906	0.5	-4.59103	60.311	0	0.922377	-0.386292	0	None	None
ChainingRodShaped	741	3.75418	0.5	-18.078	37.2908	0	0.46462	0.88551	0	None	None
ChainingRodShaped	743	3.72208	0.5	11.6522	35.0302	0	-0.287652	0.957735	0	None	None
ChainingRodShaped	745	3.82792	0.5	9.72854	55.5996	0	-0.502113	0.864802	0	None	None
ChainingRodShaped	747	3.11583	0.5	9.75899	27.829	0	-0.100796	0.994907	0	None	None
ChainingRodShaped	749	3.2633	0.5	4.98385	57.4089	0	0.0992341	0.995064	0	None	None
ChainingRodShaped	751	2.74623	0.5	-64.0202	-30.808	0	0.835077	0.550133	0	966	750
ChainingRodShaped	753	3.40574	0.5	14.0619	55.1317	0	0.778515	-0.627626	0	None	None
ChainingRodShaped	755	3.08907	0.5	2.39669	21.0051	0	0.777864	0.628433	0	None	None
ChainingRodShaped	757	2.74571	0.5	-50.2243	-21.7195	0	0.83508	0.550129	0	530	756
ChainingRodShaped	759	3.31572	0.5	-1.60432	28.327	0	0.645324	0.763909	0	None	None
ChainingRodShaped	761	3.47327	0.5	14.5296	41.0529	0	0.258392	0.96604	0	None	None
ChainingRodShaped	763	3.59973	0.5	-1.3803	18.3793	0	0.797385	-0.603471	0	None	None
ChainingRodShaped	765	3.789	0.5	-22.6458	30.4525	0	0.0968447	0.9953	0	None	None
ChainingRodShaped	767	2.76952	0.5	-24.1787	29.5924	0	0.421899	0.906643	0	None	None
ChainingRodShaped	769	3.24249	0.5	-9.82252	25.091	0	0.701798	0.712376	0	None	None
ChainingRodShaped	771	3.61524	0.5	-24.6059	44.6541	0	0.4437	0.896176	0	None	None
ChainingRodShaped	773	3.56555	0.5	3.97728	39.1844	0	0.743417	0.668829	0	None	None
ChainingRodShaped	775	2.8381	0.5	-11.3318	24.9633	0	0.67164	0.740877	0	None	None
ChainingRodShaped	777	3.88973	0.5	-18.4093	55.3341	0	0.780869	0.624695	0	None	None
ChainingRodShaped	779	3.48032	0.5	-21.0083	42.8366	0	-0.188812	0.982013	0	None	None
ChainingRodShaped	781	3.55413	0.5	-6.01148	46.295	0	0.884503	0.466534	0	None	None
ChainingRodShaped	783	3.64355	0.5	-3.40124	38.4309	0	-0.151439	0.988467	0	None	None
ChainingRodShaped	785	3.40826	0.5	-24.0274	33.6242	0	0.40127	0.91596	0	None	None
ChainingRodShaped	787	3.56057	0.5	14.4468	28.0435	0	0.182157	0.98327	0	None	None
ChainingRodShaped	789	3.23468	0.5	-23.5399	44.5762	0	0.440046	0.897975	0	None	None
ChainingRodShaped	791	2.92725	0.5	-5.79294	29.9558	0	-0.0502489	0.998737	0	None	None
ChainingRodShaped	793	3.08533	0.5	2.35368	42.2789	0	0.93877	0.344544	0	None	None
ChainingRodShaped	795	3.83191	0.5	12.6376	53.2235	0	-0.109885	0.993944	0	None	None
ChainingRodShaped	797	3.10763	0.5	-8.41896	19.0294	0	-0.648464	0.761245	0	None	None
ChainingRodShaped	799	2.47059	0.5	74.1064	60.187	0	0.835083	0.550124	0	286	798
ChainingRodShaped	801	3.19927	0.5	-1.19115	34.931	0	-0.0221143	0.999755	0	None	None
ChainingRodShaped	803	3.42933	0.5	-3.75476	28.8442	0	-0.0754356	0.997151	0	None	None
ChainingRodShaped	805	2.88437	0.5	-11.4135	27.8035	0	0.66953	0.742785	0	None	None
ChainingRodShaped	807	3.25753	0.5	-19.282	29.7054	0	0.814889	0.579617	0	None	None
ChainingRodShaped	809	3.53249	0.5	-9.38164	46.6748	0	0.844141	0.536121	0	None	None
ChainingRodShaped	811	2.62524	0.5	-7.84577	40.0377	0	-0.409313	0.912394	0	None	None
ChainingRodShaped	813	2.72454	0.5	3.63893	18.2319	0	0.757416	0.652933	0	None	None
ChainingRodShaped	815	3.20505	0.5	-8.01836	24.0725	0	0.743639	0.668581	0	None	None
ChainingRodShaped	817	2.88063	0.5	10.4233	62.45	0	0.417844	-0.908519	0	None	None
ChainingRodShaped	819	2.74066	0.5	-0.15551	41.6642	0	0.388722	0.921355	0	None	None
ChainingRodShaped	821	3.50777	0.5	-21.3276	34.837	0	0.404614	0.914488	0	None	None
ChainingRodShaped	823	2.57459	0.5	17.2284	44.2739	0	-0.0288861	-0.999583	0	None	None
ChainingRodShaped	825	2.73886	0.5	15.2153	36.4724	0	0.00238381	0.999997	0	None	None
ChainingRodShaped	827	2.83747	0.5	10.8338	55.6267	0	-0.494311	0.869285	0	None	None
ChainingRodShaped	829	2.74341	0.5	-4.84244	30.2662	0	-0.0602353	0.998184	0	None	None
ChainingRodShaped	831	3.24912	0.5	-2.50124	39.1979	0	-0.131697	0.99129	0	None	None
ChainingRodShaped	833	2.96561	0.5	-17.1869	49.716	0	0.168108	0.985769	0	None	None
ChainingRodShaped	835	2.54213	0.5	-0.928972	64.4318	0	0.999033	-0.0439687	0	None	None
ChainingRodShaped	837	2.75875	0.5	-0.903993	20.9282	0	0.792556	0.609799	0	None	None
ChainingRodShaped	839	2.94994	0.5	13.6658	25.416	0	-0.835818	0.549007	0	None	None
ChainingRodShaped	841	2.78865	0.5	-21.1135	21.7268	0	-0.0653054	0.997865	0	None	None
ChainingRodShaped	843	2.70021	0.5	1.76398	45.1428	0	0.956394	0.292078	0	None	None
ChainingRodShaped	845	2.43482	0.5	64.3562	53.7639	0	0.835087	0.550118	0	364	844
ChainingRodShaped	847	3.37264	0.5	10.1452	33.3108	0	-0.274884	0.961477	0	None	None
ChainingRodShaped	849	3.10293	0.5	-22.1907	23.1083	0	0.00682674	0.999977	0	None	None
ChainingRodShaped	851	3.23225	0.5	-20.4223	50.4205	0	-0.906745	-0.42168	0	None	None
ChainingRodShaped	853	2.57566	0.5	4.9974	48.3425	0	0.683274	0.730162	0	None	None
ChainingRodShaped	855	3.34522	0.5	7.07972	39.4352	0	0.721715	0.692191	0	None	None
ChainingRodShaped	857	2.47753	0.5	-14.9321	19.0108	0	-0.968583	-0.248691	0	None	None
ChainingRodShaped	859	3.016	0.5	-2.87776	30.1998	0	-0.0781426	0.996942	0	None	None
ChainingRodShaped	861	2.93846	0.5	7.44236	22.2957	0	0.768308	0.64008	0	None	None
ChainingRodShaped	863	2.77055	0.5	-2.01106	55.321	0	-0.624881	0.78072	0	None	None
ChainingRodShaped	865	2.33695	0.5	93.742	73.1224	0	0.835077	0.550133	0	736	864
ChainingRodShaped	867	2.62927	0.5	-18.7684	33.3358	0	0.361495	0.932374	0	None	None
ChainingRodShaped	869	3.14624	0.5	-6.43001	14.8292	0	-0.743448	0.668793	0	None	None
ChainingRodShaped	871	2.47105	0.5	9.97176	17.9358	0	0.835067	0.550148	0	397	870
ChainingRodShaped	873	2.604	0.5	7.86488	45.75	0	0.689455	0.724328	0	None	None
ChainingRodShaped	875	2.746	0.5	13.1279	38.7335	0	-0.0599398	0.998202	0	None	None
ChainingRodShaped	877	2.71291	0.5	-20.4963	52.5628	0	0.908007	0.418956	0	None	None
ChainingRodShaped	879	2.61415	0.5	-1.28948	23.0887	0	0.787863	0.615851	0	None	None
ChainingRodShaped	881	2.47564	0.5	-31.8798	-9.63483	0	0.835084	0.550122	0	398	880
ChainingRodShaped	883	2.55371	0.5	-20.068	20.9781	0	-0.0743155	0.997235	0	None	None
ChainingRodShaped	885	2.91683	0.5	-0.920788	44.6578	0	0.667082	0.744984	0	None	None
ChainingRodShaped	887	3.00662	0.5	-16.4146	27.0615	0	0.483915	0.875115	0	None	None
ChainingRodShaped	889	2.56142	0.5	18.8658	47.8478	0	0.530717	-0.847549	0	None	None
ChainingRodShaped	891	2.78763	0.5	-10.0186	19.4081	0	-0.640818	0.767693	0	None	None
ChainingRodShaped	893	2.87734	0.5	-10.0367	51.5147	0	0.709613	0.704592	0	None	None
ChainingRodShaped	895	2.53702	0.5	-0.687847	42.8649	0	0.382588	0.923919	0	None	None
ChainingRodShaped	897	2.65641	0.5	-19.3982	28.4237	0	0.824938	0.565223	0	None	None
ChainingRodShaped	899	2.67009	0.5	-0.151401	20.2698	0	0.795132	0.606437	0	None	None
ChainingRodShaped	901	2.86011	0.5	-6.6734	51.0241	0	0.98114	0.193298	0	None	None
ChainingRodShaped	903	2.61472	0.5	7.82339	44.2764	0	0.676964	0.736016	0	None	None
ChainingRodShaped	905	2.74474	0.5	-0.984332	65.4243	0	-0.999094	0.0425633	0	None	None
ChainingRodShaped	907	2.62145	0.5	3.17333	28.3535	0	0.424692	0.905338	0	None	None
ChainingRodShaped	909	2.59314	0.5	-2.52768	46.0769	0	0.791784	0.610801	0	None	None
ChainingRodShaped	911	2.4168	0.5	41.1839	38.4989	0	0.835076	0.550134	0	670	910
ChainingRodShaped	913	2.69639	0.5	6.12678	64.1741	0	0.962995	-0.269518	0	None	None
ChainingRodShaped	915	2.51453	0.5	0.128763	62.3255	0	0.999077	-0.0429503	0	None	None
ChainingRodShaped	917	2.46399	0.5	-11.4564	47.62	0	0.850066	0.526676	0	None	None
ChainingRodShaped	919	2.50624	0.5	7.11162	55.4321	0	-0.176006	0.984389	0	None	None
ChainingRodShaped	921	2.26944	0.5	6.83092	26.7114	0	0.324638	0.945838	0	None	None
ChainingRodShaped	923	2.46285	0.5	4.03136	27.7246	0	0.368689	0.929553	0	None	None
ChainingRodShaped	925	2.65046	0.5	21.9099	41.7456	0	0.399054	0.916927	0	None	None
ChainingRodShaped	927	2.45315	0.5	2.17025	60.4448	0	0.96311	0.269107	0	None	None
ChainingRodShaped	929	2.51153	0.5	12.6848	48.9916	0	0.103773	0.994601	0	None	None
ChainingRodShaped	931	2.38534	0.5	-18.2703	22.3909	0	0.522451	0.852669	0	None	None
ChainingRodShaped	933	2.45152	0.5	15.2472	26.9042	0	0.182227	0.983257	0	None	None
ChainingRodShaped	935	2.49329	0.5	-8.69546	24.8442	0	0.708885	0.705324	0	None	None
ChainingRodShaped	937	2.38936	0.5	-0.962584	56.711	0	-0.000289858	1	0	None	None
ChainingRodShaped	939	2.36936	0.5	-13.3123	49.3292	0	0.226921	0.973913	0	None	None
ChainingRodShaped	941	2.3389	0.5	18.6039	50.137	0	0.527805	-0.849365	0	None	None
ChainingRodShaped	943	2.19802	0.5	-6.61116	23.4412	0	0.947859	0.31869	0	None	None
ChainingRodShaped	945	2.20835	0.5	13.5303	47.6289	0	0.0938215	0.995589	0	None	None
ChainingRodShaped	947	2.34021	0.5	-2.04263	32.0255	0	-0.0525534	0.998618	0	None	None
ChainingRodShaped	949	2.28794	0.5	-11.7984	55.7823	0	0.94306	-0.332622	0	None	None
ChainingRodShaped	951	2.25825	0.5	10.9091	42.5609	0	0.291059	0.956705	0	None	None
ChainingRodShaped	953	2.18918	0.5	15.7608	57.8198	0	0.649823	-0.760086	0	None	None
ChainingRodShaped	955	2.34552	0.5	-19.5358	24.1924	0	0.584353	0.8115	0	None	None
ChainingRodShaped	957	2.40907	0.5	-11.0605	46.7367	0	0.845619	0.533788	0	None	None
ChainingRodShaped	959	2.45856	0.5	-25.9363	26.7519	0	0.208374	0.978049	0	None	None
ChainingRodShaped	961	2.23941	0.5	102.882	79.1439	0	0.835076	0.550134	0	431	960
ChainingRodShaped	963	2.38286	0.5	-24.2345	37.0748	0	0.722621	0.691245	0	None	None
ChainingRodShaped	965	2.20537	0.5	-18.7312	56.342	0	0.781448	0.623971	0	None	None
ChainingRodShaped	967	2.1097	0.5	-69.403	-34.3541	0	0.835077	0.550134	0	321	966
ChainingRodShaped	969	2.3066	0.5	1.1319	61.1827	0	0.964735	0.263221	0	None	None
ChainingRodShaped	971	2.24302	0.5	-15.8338	17.7218	0	0.999757	0.0220276	0	None	None
ChainingRodShaped	973	2.34655	0.5	-4.90092	54.3222	0	-0.641466	0.767151	0	None	None
ChainingRodShaped	975	2.16309	0.5	-23.1824	23.3969	0	0.00714742	0.999974	0	None	None
ChainingRodShaped	977	2.27702	0.5	11.2314	26.4788	0	-0.398309	0.917251	0	None	None
ChainingRodShaped	979	2.10622	0.5	12.2876	24.4363	0	-0.999676	-0.0254471	0	None	None
ChainingRodShaped	981	2.23152	0.5	-13.0876	33.3244	0	0.966156	0.257959	0	None	None
ChainingRodShaped	983	2.24398	0.5	0.435991	29.3721	0	0.374296	0.927309	0	None	None
ChainingRodShaped	985	2.09287	0.5	4.89581	38.7053	0	0.736694	0.676226	0	None	None
ChainingRodShaped	987	2.17114	0.5	6.48996	59.2072	0	0.411143	0.911571	0	None	None
ChainingRodShaped	989	2.20088	0.5	-5.45593	50.0826	0	0.856459	0.516215	0	None	None
ChainingRodShaped	991	2.19811	0.5	4.37814	25.4744	0	0.269258	0.963068	0	None	None
ChainingRodShaped	993	2.11301	0.5	-26.1757	34.4745	0	0.230982	0.972958	0	None	None
ChainingRodShaped	995	2.09744	0.5	1.58436	37.4016	0	-0.0121228	0.999927	0	None	None
ChainingRodShaped	997	2.03792	0.5	-78.4753	-40.3308	0	0.835076	0.550134	0	487	996
ChainingRodShaped	999	2.07202	0.5	14.1909	34.3147	0	0.0359708	0.999353	0	None	None
ChainingRodShaped	1001	2.02853	0.5	2.21746	28.6166	0	0.425291	0.905057	0	None	None
ChainingRodShaped	1003	2.01755	0.5	-11.0587	4.08131	0	0.835083	0.550123	0	558	1002
ChainingRodShaped	1005	2.03455	0.5	-1.94237	57.8024	0	-0.0102953	0.999947	0	None	None
ChainingRodShaped	1007	2.01666	0.5	11.7232	41.8868	0	0.28475	0.958602	0	None	None
ChainingRodShaped	1009	2.03147	0.5	-15.6461	22.9655	0	0.63384	0.773464	0	None	None
