cell_type	cell_id	length	radius	pos_x	pos_y	pos_z	ori_x	ori_y	ori_z	lower_link	upper_link
ChainingRodShaped	414	4.80045	0.5	124.406	231.474	0	0.875172	0.483811	0	758	None
ChainingRodShaped	646	3.3092	0.5	-48.4929	29.9358	0	-0.804444	0.594029	0	None	None
ChainingRodShaped	782	2.69984	0.5	-50.5352	38.0244	0	-0.57436	-0.818603	0	None	None
ChainingRodShaped	728	2.67167	0.5	70.7344	43.18	0	-0.31733	0.948315	0	729	775
ChainingRodShaped	706	3.06138	0.5	-50.2245	33.8684	0	-0.939784	0.34177	0	None	None
ChainingRodShaped	850	2.39105	0.5	83.2128	148.413	0	-0.742637	0.669694	0	851	485
ChainingRodShaped	586	4.70379	0.5	7.18486	-10.8113	0	-0.982337	0.187122	0	587	733
ChainingRodShaped	824	2.95245	0.5	-45.8489	46.536	0	-0.626106	0.779738	0	None	None
ChainingRodShaped	618	3.73813	0.5	-49.6766	32.0474	0	-0.804857	0.593468	0	None	None
ChainingRodShaped	816	2.56882	0.5	-38.3118	52.526	0	-0.910781	-0.41289	0	None	None
ChainingRodShaped	626	4.80345	0.5	15.2913	104.483	0	0.669279	0.743011	0	627	563
ChainingRodShaped	756	2.73956	0.5	-42.3145	38.7576	0	-0.93669	-0.35016	0	None	None
ChainingRodShaped	780	2.79683	0.5	-34.8727	58.0265	0	-0.87595	-0.482402	0	None	None
ChainingRodShaped	926	2.126	0.5	13.7708	-59.5751	0	0.999945	0.0104862	0	927	497
ChainingRodShaped	734	3.64584	0.5	-28.5627	19.8714	0	0.279247	-0.960219	0	None	None
ChainingRodShaped	608	3.34927	0.5	75.2136	202.596	0	0.762417	0.647086	0	609	703
ChainingRodShaped	776	3.28437	0.5	-41.8976	52.0136	0	-0.956036	-0.293249	0	None	None
ChainingRodShaped	508	4.73845	0.5	-29.819	56.2528	0	-0.614498	0.788918	0	None	None
ChainingRodShaped	570	3.35791	0.5	20.2948	32.2796	0	0.773016	-0.634386	0	894	947
ChainingRodShaped	710	3.66044	0.5	59.5188	104.645	0	0.944493	-0.32853	0	711	311
ChainingRodShaped	476	4.12141	0.5	-29.3778	58.4175	0	-0.924992	0.379986	0	None	None
ChainingRodShaped	500	4.26455	0.5	-33.5906	20.7525	0	-0.902565	-0.430554	0	None	None
ChainingRodShaped	628	4.34166	0.5	-46.0802	33.9363	0	-0.994374	0.105924	0	None	None
ChainingRodShaped	548	3.9287	0.5	-48.9855	36.0677	0	-0.982408	-0.18675	0	None	None
ChainingRodShaped	540	4.73761	0.5	-43.2456	-101.49	0	-0.386735	0.922191	0	541	875
ChainingRodShaped	652	4.44981	0.5	-14.114	43.4565	0	0.77975	-0.626091	0	None	None
ChainingRodShaped	676	2.96225	0.5	-30.5745	36.456	0	-0.937426	-0.348184	0	None	None
ChainingRodShaped	924	2.11362	0.5	-24.4762	28.3498	0	-0.966737	-0.255772	0	None	None
ChainingRodShaped	814	2.43983	0.5	36.844	-25.2189	0	-0.570749	0.821125	0	815	423
ChainingRodShaped	918	2.24082	0.5	-14.0774	42.1883	0	0.778235	-0.627974	0	None	None
ChainingRodShaped	510	3.51712	0.5	33.7124	66.6268	0	-0.942124	0.335263	0	511	573
ChainingRodShaped	858	2.42824	0.5	-16.7664	43.0489	0	0.827463	-0.561521	0	None	None
ChainingRodShaped	692	4.08694	0.5	-35.8587	44.9997	0	0.94974	-0.313041	0	None	None
ChainingRodShaped	430	4.9848	0.5	94.9248	215.301	0	0.875012	0.484102	0	720	471
ChainingRodShaped	642	4.6781	0.5	-31.377	42.6173	0	0.675735	-0.737145	0	None	None
ChainingRodShaped	528	4.68135	0.5	93.5261	112.196	0	0.42406	0.905634	0	876	379
ChainingRodShaped	922	2.19226	0.5	-33.7263	47.5204	0	-0.745324	0.666703	0	None	None
ChainingRodShaped	868	2.22557	0.5	-37.7982	29.7817	0	-0.983331	0.181822	0	None	None
ChainingRodShaped	730	3.46184	0.5	-18.8431	2.51619	0	-0.532583	0.846378	0	731	551
ChainingRodShaped	766	2.70014	0.5	-26.5549	-52.7041	0	0.981427	0.191835	0	767	907
ChainingRodShaped	558	3.47379	0.5	-44.3594	35.1504	0	-0.991042	-0.133548	0	None	None
ChainingRodShaped	398	4.69583	0.5	66.2862	166.162	0	-0.498526	0.866875	0	722	755
ChainingRodShaped	746	3.2576	0.5	-17.4532	36.0334	0	-0.890381	-0.455216	0	None	None
ChainingRodShaped	772	3.11701	0.5	-39.2158	22.024	0	-0.783769	0.621052	0	None	None
ChainingRodShaped	672	3.95395	0.5	-16.2958	28.4498	0	-0.642613	-0.766191	0	None	None
ChainingRodShaped	620	3.63261	0.5	33.8963	-51.3762	0	0.708835	0.705374	0	621	447
ChainingRodShaped	900	2.42883	0.5	-30.0745	25.8266	0	-0.729899	-0.683555	0	None	None
ChainingRodShaped	696	3.42288	0.5	-35.2304	-122.335	0	-0.278686	0.960382	0	697	843
ChainingRodShaped	694	3.73591	0.5	53.5331	16.1307	0	0.977734	0.209846	0	695	631
ChainingRodShaped	522	4.80061	0.5	-32.9997	54.3393	0	-0.998547	0.0538852	0	None	None
ChainingRodShaped	800	2.59328	0.5	-10.5052	43.0637	0	0.775269	-0.631631	0	None	None
ChainingRodShaped	432	4.19043	0.5	-40.9594	45.1755	0	0.870538	-0.4921	0	None	None
ChainingRodShaped	896	2.15748	0.5	-45.3884	49.5654	0	-0.367221	0.930134	0	None	None
ChainingRodShaped	678	2.94611	0.5	-26.0467	23.5731	0	-0.760696	-0.649109	0	None	None
ChainingRodShaped	464	4.42835	0.5	-16.6387	49.6386	0	-0.990688	0.136152	0	None	None
ChainingRodShaped	612	4.67731	0.5	15.3261	77.5622	0	-0.699787	0.714351	0	613	867
ChainingRodShaped	804	3.0891	0.5	-37.068	33.246	0	-0.972185	-0.234214	0	None	None
ChainingRodShaped	472	4.58346	0.5	53.4022	59.8459	0	-0.914465	0.404665	0	864	915
ChainingRodShaped	556	3.45155	0.5	-15.2441	53.6932	0	-0.580737	0.814091	0	None	None
ChainingRodShaped	334	4.76921	0.5	-44.7335	39.2183	0	-0.97421	-0.225642	0	None	None
ChainingRodShaped	580	4.1707	0.5	-12.6032	30.9583	0	0.733971	0.679181	0	581	663
ChainingRodShaped	544	4.23239	0.5	-40.7413	38.3036	0	-0.920116	-0.391646	0	None	None
ChainingRodShaped	406	4.04317	0.5	-5.16771	-7.63968	0	-0.938444	0.345431	0	732	701
ChainingRodShaped	554	3.5983	0.5	-36.1923	26.068	0	-0.868913	-0.494965	0	None	None
ChainingRodShaped	752	2.69757	0.5	-46.517	-69.1863	0	0.384165	0.923265	0	753	459
ChainingRodShaped	590	4.40308	0.5	35.7071	111.727	0	0.996309	-0.0858377	0	591	683
ChainingRodShaped	736	3.58235	0.5	-22.6505	43.1508	0	-0.859378	0.511341	0	None	None
ChainingRodShaped	624	4.52288	0.5	-35.8155	50.6063	0	-0.874254	0.485468	0	None	None
ChainingRodShaped	520	3.74173	0.5	63.4804	185.616	0	0.27313	0.961977	0	856	787
ChainingRodShaped	880	2.23153	0.5	-21.9454	56.1861	0	-0.801832	0.59755	0	None	None
ChainingRodShaped	716	3.50555	0.5	92.4903	136.851	0	-0.464801	0.885415	0	717	839
ChainingRodShaped	610	4.37499	0.5	-34.8436	38.7665	0	-0.991322	-0.131453	0	None	None
ChainingRodShaped	616	3.33108	0.5	74.4343	101.413	0	0.999584	-0.0288521	0	617	569
ChainingRodShaped	836	2.47024	0.5	-30.5172	-148.445	0	-0.102364	0.994747	0	837	411
ChainingRodShaped	462	4.3972	0.5	-28.1266	55.68	0	-0.617256	0.786762	0	None	None
ChainingRodShaped	606	3.58405	0.5	37.0035	18.8139	0	0.86762	-0.497228	0	607	827
ChainingRodShaped	840	2.87881	0.5	74.311	156.203	0	-0.728783	0.684745	0	841	723
ChainingRodShaped	488	4.75119	0.5	-21.9176	34.4753	0	-0.971548	0.236842	0	None	None
ChainingRodShaped	822	2.44775	0.5	-31.4301	25.9037	0	-0.734885	-0.678192	0	None	None
ChainingRodShaped	828	2.96401	0.5	-13.773	32.3747	0	-0.747419	-0.664353	0	None	None
ChainingRodShaped	668	3.87177	0.5	113.212	225.303	0	0.876704	0.481031	0	669	759
ChainingRodShaped	802	2.49918	0.5	-41.5893	53.1439	0	-0.954762	-0.297371	0	None	None
ChainingRodShaped	536	3.91068	0.5	-16.1266	50.5539	0	-0.991094	0.133161	0	None	None
ChainingRodShaped	870	2.23851	0.5	40.0077	-40.8478	0	0.192765	0.981245	0	871	699
ChainingRodShaped	934	2.14352	0.5	-43.5602	31.962	0	-0.997154	0.0753905	0	None	None
ChainingRodShaped	664	3.4487	0.5	-36.412	24.8035	0	-0.867812	-0.496893	0	None	None
ChainingRodShaped	428	4.59762	0.5	10.6038	96.1432	0	0.280717	0.959791	0	760	627
ChainingRodShaped	656	3.38998	0.5	-40.1997	33.2167	0	-0.914448	-0.404703	0	None	None
ChainingRodShaped	686	2.92259	0.5	-31.8436	50.9498	0	-0.943746	0.330672	0	None	None
ChainingRodShaped	680	3.75337	0.5	-4.82909	-55.7966	0	0.953599	-0.301078	0	681	893
ChainingRodShaped	560	4.74702	0.5	69.1925	28.2863	0	0.478768	0.877941	0	561	835
ChainingRodShaped	718	3.59249	0.5	26.5904	-16.463	0	-0.889756	0.456437	0	719	601
ChainingRodShaped	604	3.45934	0.5	-42.1259	54.0138	0	-0.954364	-0.298647	0	None	None
ChainingRodShaped	674	3.83484	0.5	-7.85964	41.5934	0	0.572997	-0.819557	0	None	None
ChainingRodShaped	614	4.54274	0.5	-6.97372	42.0377	0	0.575779	-0.817606	0	None	None
ChainingRodShaped	550	4.86569	0.5	-21.7845	11.2411	0	-0.117988	0.993015	0	551	913
ChainingRodShaped	726	3.57504	0.5	-46.765	45.4528	0	-0.823436	0.567408	0	None	None
ChainingRodShaped	702	3.75804	0.5	82.1151	207.712	0	0.835054	0.550169	0	703	721
ChainingRodShaped	456	3.98113	0.5	-39.1436	-111.261	0	-0.377437	0.926035	0	842	541
ChainingRodShaped	480	3.77306	0.5	-21.377	36.4612	0	-0.79627	0.604941	0	None	None
ChainingRodShaped	420	4.41606	0.5	63.7283	53.2705	0	-0.736458	0.676483	0	774	865
ChainingRodShaped	750	3.55773	0.5	-28.1944	48.9229	0	-0.826896	0.562356	0	None	None
ChainingRodShaped	916	2.25674	0.5	25.7727	111.261	0	0.972987	0.230859	0	917	591
ChainingRodShaped	806	2.72839	0.5	-20.8926	50.6047	0	-0.15026	-0.988646	0	None	None
ChainingRodShaped	682	3.11385	0.5	44.1098	110.175	0	0.960431	-0.278518	0	683	691
ChainingRodShaped	584	4.92108	0.5	-24.5473	39.736	0	-0.938346	-0.345698	0	None	None
ChainingRodShaped	708	3.79133	0.5	-47.95	-86.2785	0	-0.15792	0.987452	0	709	635
ChainingRodShaped	392	4.73898	0.5	-30.3416	42.8908	0	0.679308	-0.733853	0	None	None
ChainingRodShaped	654	4.22926	0.5	-40.0297	47.7429	0	0.770625	-0.637289	0	None	None
ChainingRodShaped	846	2.82708	0.5	25.7772	-57.0853	0	0.906196	0.422858	0	847	621
ChainingRodShaped	636	2.9499	0.5	4.28642	38.5308	0	0.999388	0.0349748	0	637	863
ChainingRodShaped	418	4.54955	0.5	-23.7793	56.3144	0	-0.802586	0.596536	0	None	None
ChainingRodShaped	744	3.46838	0.5	-41.8622	28.6425	0	-0.732661	0.680593	0	None	None
ChainingRodShaped	632	3.75145	0.5	-33.9969	29.9748	0	-0.937613	-0.34768	0	None	None
ChainingRodShaped	784	3.26286	0.5	-20.0273	26.5079	0	-0.999019	0.0442902	0	None	None
ChainingRodShaped	848	2.50839	0.5	-23.5179	50.0962	0	-0.478444	0.878118	0	None	None
ChainingRodShaped	592	3.24531	0.5	42.9323	63.6657	0	-0.955967	0.293475	0	914	511
ChainingRodShaped	688	3.14861	0.5	-29.4444	-160.581	0	-0.0808787	0.996724	0	689	499
ChainingRodShaped	594	3.84362	0.5	95.6683	128.109	0	-0.211846	0.977303	0	944	717
ChainingRodShaped	440	4.43635	0.5	-25.1958	30.5354	0	-0.830541	-0.556957	0	None	None
ChainingRodShaped	382	4.43702	0.5	-24.5078	43.1215	0	-0.860752	0.509024	0	None	None
ChainingRodShaped	888	2.37738	0.5	-42.9914	26.7171	0	-0.998574	-0.0533766	0	None	None
ChainingRodShaped	764	2.88251	0.5	-34.6939	23.5626	0	-0.979973	0.199131	0	None	None
ChainingRodShaped	812	2.66602	0.5	-32.1632	-135.902	0	-0.168831	0.985645	0	813	427
ChainingRodShaped	470	4.13769	0.5	104.44	220.51	0	0.878248	0.478206	0	471	669
ChainingRodShaped	940	2.09941	0.5	-8.35331	49.8096	0	-0.651556	0.7586	0	None	None
ChainingRodShaped	576	4.40879	0.5	-41.3147	33.8025	0	-0.916684	-0.399613	0	None	None
ChainingRodShaped	552	4.28331	0.5	-23.5826	29.5887	0	-0.968368	-0.249527	0	None	None
ChainingRodShaped	458	4.70101	0.5	-41.3233	-61.2645	0	0.668684	0.743547	0	459	715
ChainingRodShaped	950	2.00315	0.5	-9.90123	41.3491	0	0.850537	-0.525916	0	None	None
ChainingRodShaped	898	2.19609	0.5	-28.6633	46.8734	0	-0.796821	0.604215	0	None	None
ChainingRodShaped	778	2.46854	0.5	-23.485	33.2402	0	-0.722104	0.691785	0	None	None
ChainingRodShaped	866	2.37294	0.5	10.9322	83.8426	0	-0.371128	0.928582	0	867	761
ChainingRodShaped	684	3.64303	0.5	-18.251	48.8755	0	-0.989578	0.143997	0	None	None
ChainingRodShaped	516	4.35718	0.5	-18.6262	41.0776	0	-0.717599	0.696457	0	None	None
ChainingRodShaped	860	2.38366	0.5	-22.6142	38.6187	0	-0.939349	0.342962	0	None	None
ChainingRodShaped	932	2.11117	0.5	-19.2883	50.9067	0	-0.657875	-0.753127	0	None	None
ChainingRodShaped	704	3.1989	0.5	-26.4203	21.9579	0	-0.762661	-0.646799	0	None	None
ChainingRodShaped	854	2.62158	0.5	-47.4527	37.5025	0	-0.959003	-0.283394	0	None	None
ChainingRodShaped	724	3.4085	0.5	-32.8181	33.5344	0	-0.93458	-0.355752	0	None	None
ChainingRodShaped	494	4.91079	0.5	-28.6759	59.1956	0	-0.924879	0.380261	0	None	None
ChainingRodShaped	882	2.33104	0.5	-35.2452	35.1239	0	-0.811692	-0.584085	0	None	None
ChainingRodShaped	792	2.65287	0.5	-30.1625	39.7594	0	-0.948897	-0.315585	0	None	None
ChainingRodShaped	644	3.34504	0.5	-25.4819	51.6356	0	-0.49154	0.870855	0	None	None
ChainingRodShaped	454	3.91343	0.5	69.1677	196.423	0	0.629421	0.777065	0	786	609
ChainingRodShaped	630	3.92245	0.5	62.1969	20.0782	0	0.801477	0.598026	0	631	561
ChainingRodShaped	920	2.25521	0.5	-15.112	47.4152	0	-0.976065	0.217478	0	None	None
ChainingRodShaped	452	4.88164	0.5	-20.8159	27.5213	0	-0.999087	0.0427206	0	None	None
ChainingRodShaped	450	4.88686	0.5	-41.1029	25.0923	0	-0.968071	0.250676	0	None	None
ChainingRodShaped	311	4.89114	0.5	64.5147	103.101	0	0.963318	-0.268364	0	710	617
ChainingRodShaped	762	3.0198	0.5	-33.3091	25.521	0	-0.741629	-0.670811	0	None	None
ChainingRodShaped	790	2.50081	0.5	-39.6754	56.3885	0	-0.791846	-0.61072	0	None	None
ChainingRodShaped	910	2.30819	0.5	-41.3143	42.7916	0	-0.987275	-0.159024	0	None	None
ChainingRodShaped	890	2.38716	0.5	-13.4847	-53.2694	0	0.972309	-0.233697	0	891	681
ChainingRodShaped	574	4.71226	0.5	-13.5732	35.9328	0	-0.884589	-0.466372	0	None	None
ChainingRodShaped	492	4.07766	0.5	-17.716	30.6906	0	-0.903118	-0.429392	0	None	None
ChainingRodShaped	325	4.6506	0.5	-35.2917	43.7952	0	-0.949262	0.314486	0	None	None
ChainingRodShaped	700	3.46857	0.5	-13.134	-3.51488	0	-0.809722	0.586814	0	701	731
ChainingRodShaped	640	4.53877	0.5	-30.6282	35.4063	0	-0.937082	-0.349111	0	None	None
ChainingRodShaped	506	4.6299	0.5	-19.3674	22.6146	0	0.505594	0.862772	0	912	581
ChainingRodShaped	770	2.71685	0.5	-32.965	52.3692	0	-0.998816	0.0486523	0	None	None
ChainingRodShaped	542	4.78033	0.5	-39.728	41.0309	0	-0.988972	-0.148101	0	None	None
ChainingRodShaped	832	2.57749	0.5	-35.4277	46.4189	0	0.747527	-0.664231	0	None	None
ChainingRodShaped	339	4.93241	0.5	-22.9837	53.1992	0	0.476352	-0.879254	0	None	None
ChainingRodShaped	930	2.09001	0.5	-21.5414	44.751	0	-0.849609	0.527413	0	None	None
ChainingRodShaped	884	2.34115	0.5	86.4748	103.939	0	0.863488	0.504369	0	885	877
ChainingRodShaped	622	3.02349	0.5	-28.3633	51.4067	0	-0.827037	0.562147	0	None	None
ChainingRodShaped	648	3.58912	0.5	-41.7153	41.721	0	-0.986598	-0.163167	0	None	None
ChainingRodShaped	690	2.94299	0.5	51.8664	107.5	0	0.933639	-0.358214	0	691	711
ChainingRodShaped	650	3.59315	0.5	-9.95594	34.5556	0	-0.865807	-0.500379	0	None	None
ChainingRodShaped	602	3.30852	0.5	-31.3458	33.0472	0	-0.936842	-0.349754	0	None	None
ChainingRodShaped	600	3.89813	0.5	17.5161	-13.0593	0	-0.965502	0.260394	0	601	587
ChainingRodShaped	660	3.84247	0.5	-15.6139	51.4745	0	-0.991362	0.131157	0	None	None
ChainingRodShaped	566	4.83566	0.5	6.26814	-58.725	0	0.981593	-0.190985	0	892	927
ChainingRodShaped	754	2.988	0.5	63.0136	174.211	0	-0.212902	0.977074	0	755	857
ChainingRodShaped	572	4.13751	0.5	24.2868	70.8089	0	-0.874375	0.485251	0	573	613
ChainingRodShaped	534	3.79907	0.5	-18.7655	57.3843	0	-0.975333	-0.220739	0	None	None
ChainingRodShaped	564	4.32458	0.5	28.3528	25.2011	0	0.753967	-0.656912	0	946	607
ChainingRodShaped	908	2.23243	0.5	-49.4271	37.8353	0	-0.586273	-0.810114	0	None	None
ChainingRodShaped	371	4.82448	0.5	-27.152	39.7988	0	-0.937919	-0.346854	0	None	None
ChainingRodShaped	862	2.72561	0.5	11.5739	37.4298	0	0.945692	-0.325064	0	863	895
ChainingRodShaped	670	4.38123	0.5	-28.331	43.5596	0	-0.678177	0.734899	0	None	None
ChainingRodShaped	662	3.11385	0.5	-4.75371	36.3713	0	0.910373	0.413789	0	663	637
ChainingRodShaped	379	4.30735	0.5	95.3982	117.29	0	0.257617	0.966247	0	528	945
ChainingRodShaped	634	3.27317	0.5	-48.3746	-77.1018	0	0.084402	0.996432	0	635	753
ChainingRodShaped	598	4.99682	0.5	-19.988	39.7425	0	-0.716984	0.69709	0	None	None
ChainingRodShaped	658	3.36768	0.5	-47.1319	31.4089	0	-0.806023	0.591885	0	None	None
ChainingRodShaped	748	3.42035	0.5	-31.1729	32.0782	0	-0.936939	-0.349492	0	None	None
ChainingRodShaped	826	2.84479	0.5	44.4096	15.9661	0	0.982517	-0.186175	0	827	695
ChainingRodShaped	391	4.92666	0.5	-33.6862	55.9456	0	-0.967745	-0.251932	0	None	None
ChainingRodShaped	810	3.11094	0.5	-36.5373	49.4934	0	0.96308	-0.269215	0	None	None
ChainingRodShaped	638	4.73436	0.5	-45.8963	31.7275	0	-0.805153	0.593067	0	None	None
ChainingRodShaped	666	4.05625	0.5	-31.9628	47.2491	0	-0.734632	0.678466	0	None	None
ChainingRodShaped	722	2.8005	0.5	68.8124	162.23	0	-0.600787	0.799409	0	723	398
ChainingRodShaped	712	2.91684	0.5	-35.9097	22.8058	0	-0.979005	0.203838	0	None	None
ChainingRodShaped	403	4.40423	0.5	-18.4301	53.7137	0	-0.57921	-0.815178	0	None	None
ChainingRodShaped	714	3.75878	0.5	-34.1712	-55.5155	0	0.877581	0.479429	0	715	767
ChainingRodShaped	732	2.86626	0.5	-0.983004	-9.00736	0	-0.96414	0.265396	0	733	406
ChainingRodShaped	742	2.81607	0.5	-37.885	47.2439	0	0.766995	-0.641653	0	None	None
ChainingRodShaped	411	4.19867	0.5	-30.9968	-144.174	0	-0.11786	0.99303	0	836	813
ChainingRodShaped	904	2.38887	0.5	-27.4701	24.9299	0	-0.122957	-0.992412	0	None	None
ChainingRodShaped	758	2.95685	0.5	120.145	229.12	0	0.875398	0.483402	0	759	414
ChainingRodShaped	417	4.59895	0.5	-33.6385	40.8745	0	-0.992537	-0.121942	0	None	None
ChainingRodShaped	419	4.04202	0.5	-20.3313	54.6048	0	-0.913337	-0.407204	0	None	None
ChainingRodShaped	774	3.23266	0.5	67.024	49.815	0	-0.626025	0.779803	0	775	420
ChainingRodShaped	423	4.90297	0.5	33.7915	-21.7635	0	-0.710744	0.703451	0	814	719
ChainingRodShaped	902	2.20448	0.5	-22.2629	25.6368	0	-0.46777	0.88385	0	None	None
ChainingRodShaped	427	4.92163	0.5	-33.0593	-131.247	0	-0.201467	0.979495	0	812	697
ChainingRodShaped	760	2.86907	0.5	9.71271	91.5648	0	0.0580286	0.998315	0	761	428
ChainingRodShaped	720	3.80859	0.5	90.2605	212.681	0	0.867838	0.496847	0	721	430
ChainingRodShaped	433	3.86521	0.5	-42.8511	48.6662	0	0.809148	-0.587604	0	None	None
ChainingRodShaped	740	3.32921	0.5	-25.7132	46.0702	0	-0.850399	0.526138	0	None	None
ChainingRodShaped	437	3.9058	0.5	-8.6999	46.3554	0	-0.905728	0.423859	0	None	None
ChainingRodShaped	698	3.61692	0.5	39.771	-32.1853	0	-0.21349	0.976945	0	699	815
ChainingRodShaped	808	2.4336	0.5	-22.1483	31.5207	0	-0.7585	-0.651673	0	None	None
ChainingRodShaped	872	2.45123	0.5	-24.8101	36.5812	0	-0.934242	-0.35664	0	None	None
ChainingRodShaped	942	2.05513	0.5	-16.3339	38.7432	0	-0.968132	-0.250439	0	None	None
ChainingRodShaped	447	4.08482	0.5	36.9429	-47.6742	0	0.563065	0.826413	0	620	871
ChainingRodShaped	874	2.25178	0.5	-46.0875	-94.0832	0	-0.308738	0.951147	0	875	709
ChainingRodShaped	844	2.42809	0.5	-41.8333	24.2595	0	-0.968354	0.249582	0	None	None
ChainingRodShaped	796	2.80758	0.5	-18.946	29.0554	0	-0.898782	-0.438396	0	None	None
ChainingRodShaped	786	2.46546	0.5	66.7335	193.091	0	0.530564	0.847645	0	787	454
ChainingRodShaped	842	2.7646	0.5	-37.5672	-115.269	0	-0.350394	0.936603	0	843	456
ChainingRodShaped	459	3.96371	0.5	-44.5138	-65.4347	0	0.53269	0.84631	0	752	458
ChainingRodShaped	788	2.44842	0.5	-28.8948	60.3598	0	-0.924846	0.380342	0	None	None
ChainingRodShaped	463	4.64977	0.5	-25.7255	54.0835	0	-0.48885	0.872368	0	None	None
ChainingRodShaped	738	2.83525	0.5	-12.198	49.0171	0	-0.915351	0.402657	0	None	None
ChainingRodShaped	467	4.19427	0.5	-25.8354	31.2762	0	-0.829689	-0.558225	0	None	None
ChainingRodShaped	834	2.36886	0.5	71.6906	35.858	0	0.0766963	0.997054	0	835	729
ChainingRodShaped	471	4.35698	0.5	99.8619	218.015	0	0.877772	0.479079	0	430	470
ChainingRodShaped	864	2.61276	0.5	57.5017	57.8571	0	-0.874274	0.485433	0	865	472
ChainingRodShaped	475	4.98367	0.5	-36.1562	28.3567	0	-0.971015	0.239017	0	None	None
ChainingRodShaped	878	2.22006	0.5	-25.8393	56.4412	0	-0.654217	0.756307	0	None	None
ChainingRodShaped	479	4.54137	0.5	-10.1419	39.3729	0	-0.95556	-0.294798	0	None	None
ChainingRodShaped	481	4.25288	0.5	-16.8527	35.285	0	-0.89489	-0.446286	0	None	None
ChainingRodShaped	794	2.57728	0.5	-35.4921	56.4918	0	-0.965748	-0.259482	0	None	None
ChainingRodShaped	485	3.66903	0.5	80.2197	151.018	0	-0.762216	0.647323	0	850	841
ChainingRodShaped	838	2.90363	0.5	88.0426	143.46	0	-0.645309	0.763922	0	839	851
ChainingRodShaped	820	2.41232	0.5	-17.6187	33.8507	0	-0.899308	-0.437317	0	None	None
ChainingRodShaped	938	2.08943	0.5	-28.1987	30.9418	0	-0.869603	-0.493751	0	None	None
ChainingRodShaped	798	2.96772	0.5	-13.0224	35.1695	0	-0.889203	-0.457512	0	None	None
ChainingRodShaped	495	4.20433	0.5	-23.4789	58.0745	0	-0.959783	0.280742	0	None	None
ChainingRodShaped	497	4.59894	0.5	18.0561	-59.1892	0	0.991029	0.133645	0	926	847
ChainingRodShaped	499	3.90727	0.5	-29.8166	-156.085	0	-0.0839494	0.99647	0	688	837
ChainingRodShaped	501	4.0349	0.5	-30.7162	21.2512	0	-0.664339	-0.747432	0	None	None
ChainingRodShaped	768	2.6849	0.5	-34.8923	53.4122	0	-0.999879	0.0155823	0	None	None
ChainingRodShaped	505	3.6048	0.5	-29.4597	37.9059	0	-0.937129	-0.348984	0	None	None
ChainingRodShaped	912	2.21661	0.5	-21.2834	18.7184	0	0.321205	0.94701	0	913	506
ChainingRodShaped	948	2.01724	0.5	-27.2505	52.7412	0	-0.498068	0.867138	0	None	None
ChainingRodShaped	511	4.37591	0.5	38.3695	65.0802	0	-0.954351	0.298689	0	592	510
ChainingRodShaped	513	3.73444	0.5	-39.7248	37.6673	0	-0.920987	-0.389594	0	None	None
ChainingRodShaped	515	4.50434	0.5	-7.45505	37.6752	0	-0.738619	-0.674124	0	None	None
ChainingRodShaped	818	2.60412	0.5	-14.8602	40.112	0	-0.975969	-0.217908	0	None	None
ChainingRodShaped	519	4.21076	0.5	-37.4041	32.1803	0	-0.972414	-0.233262	0	None	None
ChainingRodShaped	856	2.69115	0.5	62.6295	181.562	0	0.116397	0.993203	0	857	520
ChainingRodShaped	886	2.18521	0.5	-31.3281	55.2281	0	-0.999036	0.0438962	0	None	None
ChainingRodShaped	830	2.42785	0.5	-21.2423	47.4588	0	0.449583	-0.893239	0	None	None
ChainingRodShaped	527	4.94582	0.5	-36.1828	31.4875	0	-0.971707	-0.236189	0	None	None
ChainingRodShaped	876	2.24441	0.5	91.386	108.355	0	0.591752	0.80612	0	877	528
ChainingRodShaped	531	3.67153	0.5	-37.5979	26.463	0	-0.887389	-0.461021	0	None	None
ChainingRodShaped	533	3.96118	0.5	-19.5539	46.7315	0	0.550872	-0.83459	0	None	None
ChainingRodShaped	535	4.2445	0.5	-15.1007	55.1843	0	-0.583797	0.811899	0	None	None
ChainingRodShaped	537	4.98306	0.5	-10.7836	49.4712	0	-0.914352	0.404921	0	None	None
ChainingRodShaped	539	3.52163	0.5	-45.5386	41.8566	0	0.164943	-0.986303	0	None	None
ChainingRodShaped	541	4.35958	0.5	-41.1081	-106.549	0	-0.391458	0.920196	0	456	540
ChainingRodShaped	543	4.27901	0.5	-34.271	41.7592	0	-0.992382	-0.123202	0	None	None
ChainingRodShaped	852	2.53272	0.5	-36.5798	39.5185	0	-0.991511	-0.13002	0	None	None
ChainingRodShaped	906	2.15199	0.5	-19.9664	-52.2555	0	0.998267	-0.0588518	0	907	891
ChainingRodShaped	549	3.95082	0.5	-44.2843	36.203	0	-0.986821	-0.161813	0	None	None
ChainingRodShaped	551	3.28641	0.5	-20.7293	6.36959	0	-0.337249	0.941415	0	730	550
ChainingRodShaped	553	4.82539	0.5	-18.3817	31.3993	0	-0.902664	-0.430347	0	None	None
ChainingRodShaped	555	4.42887	0.5	-32.1419	29.6345	0	-0.937464	-0.348082	0	None	None
ChainingRodShaped	557	3.65098	0.5	-11.3737	52.1583	0	-0.865054	0.50168	0	None	None
ChainingRodShaped	559	4.67715	0.5	-39.5753	36.6717	0	-0.920202	-0.391443	0	None	None
ChainingRodShaped	561	4.64919	0.5	65.9894	23.6588	0	0.654533	0.756033	0	630	560
ChainingRodShaped	563	4.14194	0.5	19.2881	108.114	0	0.811103	0.584903	0	626	917
ChainingRodShaped	946	2.01572	0.5	25.2715	27.9312	0	0.739596	-0.673052	0	947	564
ChainingRodShaped	892	2.15391	0.5	1.9303	-57.7877	0	0.968818	-0.247774	0	893	566
ChainingRodShaped	569	4.59081	0.5	79.3217	101.724	0	0.990855	0.134932	0	616	885
ChainingRodShaped	894	2.14854	0.5	17.3574	34.5172	0	0.825898	-0.563819	0	895	570
ChainingRodShaped	573	4.57841	0.5	29.0594	68.4746	0	-0.918014	0.396548	0	510	572
ChainingRodShaped	575	4.09005	0.5	-9.30111	38.6107	0	-0.954963	-0.296725	0	None	None
ChainingRodShaped	577	3.54347	0.5	-37.2403	36.225	0	-0.61345	-0.789733	0	None	None
ChainingRodShaped	579	3.84287	0.5	-42.3606	44.8447	0	-0.867324	0.497745	0	None	None
ChainingRodShaped	581	4.51829	0.5	-16.2177	27.1201	0	0.63741	0.770525	0	506	580
ChainingRodShaped	936	2.07644	0.5	-14.612	45.1049	0	0.780673	-0.62494	0	None	None
ChainingRodShaped	928	2.0934	0.5	-21.2965	39.1495	0	-0.922513	0.385966	0	None	None
ChainingRodShaped	587	4.36885	0.5	12.5686	-11.884	0	-0.978793	0.20485	0	600	586
ChainingRodShaped	589	3.63548	0.5	-16.1732	41.4709	0	-0.987785	0.155825	0	None	None
ChainingRodShaped	591	4.7504	0.5	30.1871	111.795	0	0.998354	0.0573527	0	916	590
ChainingRodShaped	914	2.17526	0.5	46.4332	62.5586	0	-0.949702	0.313156	0	915	592
ChainingRodShaped	944	2.01521	0.5	96.2692	124.285	0	-0.0621803	0.998065	0	945	594
ChainingRodShaped	597	3.25047	0.5	-28.9331	42.7917	0	-0.679266	0.733892	0	None	None
ChainingRodShaped	599	4.23002	0.5	-15.3178	38.0052	0	-0.970589	-0.240744	0	None	None
ChainingRodShaped	601	4.06387	0.5	22.2128	-14.558	0	-0.938203	0.346086	0	718	600
ChainingRodShaped	603	4.04843	0.5	-26.9913	34.6983	0	-0.933772	-0.357869	0	None	None
ChainingRodShaped	605	3.305	0.5	-38.3759	56.1377	0	-0.792728	-0.609576	0	None	None
ChainingRodShaped	607	4.92572	0.5	32.6882	21.7053	0	0.799897	-0.600137	0	564	606
ChainingRodShaped	609	3.13647	0.5	72.1363	199.758	0	0.704826	0.709381	0	454	608
ChainingRodShaped	611	3.76495	0.5	-32.1719	38.189	0	-0.976204	-0.216856	0	None	None
ChainingRodShaped	613	4.94609	0.5	19.6787	73.7968	0	-0.805145	0.593078	0	572	612
ChainingRodShaped	615	3.10877	0.5	-8.87787	45.0762	0	-0.962656	0.270728	0	None	None
ChainingRodShaped	617	4.07748	0.5	69.8118	101.895	0	0.986033	-0.166547	0	311	616
ChainingRodShaped	619	4.46678	0.5	-45.5904	29.0099	0	-0.796662	0.604426	0	None	None
ChainingRodShaped	621	4.84957	0.5	29.8792	-54.6408	0	0.823523	0.567283	0	846	620
ChainingRodShaped	623	3.885	0.5	-26.1549	48.7144	0	-0.827273	0.5618	0	None	None
ChainingRodShaped	625	4.61189	0.5	-31.9127	48.792	0	-0.668464	0.743745	0	None	None
ChainingRodShaped	627	3.08845	0.5	12.3733	100.576	0	0.488769	0.872413	0	428	626
ChainingRodShaped	629	4.81329	0.5	-40.8224	35.0827	0	-0.918335	-0.395804	0	None	None
ChainingRodShaped	631	3.88848	0.5	58.0332	17.6205	0	0.911167	0.412036	0	694	630
ChainingRodShaped	633	4.09463	0.5	-29.3981	31.7016	0	-0.936335	-0.351107	0	None	None
ChainingRodShaped	635	3.81542	0.5	-48.4378	-81.5721	0	-0.0477997	0.998857	0	708	634
ChainingRodShaped	637	4.48134	0.5	-0.282343	37.8357	0	0.972728	0.231951	0	662	636
ChainingRodShaped	639	4.12425	0.5	-41.3827	30.0916	0	-0.905798	0.423709	0	None	None
ChainingRodShaped	641	4.07153	0.5	-25.6779	37.2769	0	-0.934388	-0.356258	0	None	None
ChainingRodShaped	643	4.63345	0.5	-34.4227	46.8268	0	0.746344	-0.665561	0	None	None
ChainingRodShaped	645	2.96133	0.5	-23.6244	47.9547	0	-0.430896	0.902402	0	None	None
ChainingRodShaped	647	4.6229	0.5	-45.1759	26.3785	0	-0.515649	0.8568	0	None	None
ChainingRodShaped	649	4.23979	0.5	-36.8866	42.4109	0	-0.994063	-0.108806	0	None	None
ChainingRodShaped	651	4.32066	0.5	-6.09135	37.5807	0	-0.736906	-0.675995	0	None	None
ChainingRodShaped	653	3.52166	0.5	-17.9251	46.6281	0	0.695458	-0.718567	0	None	None
ChainingRodShaped	655	3.6701	0.5	-43.9704	50.6887	0	0.838856	-0.544353	0	None	None
ChainingRodShaped	657	4.38882	0.5	-36.3164	35.8505	0	-0.611497	-0.791247	0	None	None
ChainingRodShaped	659	3.37553	0.5	-43.6542	28.7841	0	-0.786129	0.618062	0	None	None
ChainingRodShaped	661	3.84682	0.5	-11.5979	51.1398	0	-0.864973	0.501819	0	None	None
ChainingRodShaped	663	4.08313	0.5	-8.66156	34.1139	0	0.82437	0.566051	0	580	662
ChainingRodShaped	665	4.35106	0.5	-32.4611	27.6196	0	-0.73648	-0.676459	0	None	None
ChainingRodShaped	667	3.71655	0.5	-28.4039	45.0458	0	-0.672574	0.74003	0	None	None
ChainingRodShaped	669	4.04623	0.5	108.884	222.934	0	0.877633	0.479332	0	470	668
ChainingRodShaped	671	3.72848	0.5	-24.8359	42.1197	0	-0.880922	0.473261	0	None	None
ChainingRodShaped	673	3.21714	0.5	-13.1369	31.7127	0	-0.74073	-0.671803	0	None	None
ChainingRodShaped	675	3.12095	0.5	-10.9791	44.7167	0	0.784145	-0.620578	0	None	None
ChainingRodShaped	677	3.90151	0.5	-26.45	38.0002	0	-0.934842	-0.355064	0	None	None
ChainingRodShaped	679	3.85865	0.5	-25.3793	25.9075	0	-0.616546	-0.787319	0	None	None
ChainingRodShaped	681	4.06378	0.5	-9.46741	-54.374	0	0.958461	-0.285224	0	890	680
ChainingRodShaped	683	2.89448	0.5	40.266	111.12	0	0.980724	-0.195399	0	590	682
ChainingRodShaped	685	4.21026	0.5	-13.4237	48.0403	0	-0.975825	0.218555	0	None	None
ChainingRodShaped	687	3.58109	0.5	-29.3807	48.5611	0	-0.829308	0.558791	0	None	None
ChainingRodShaped	689	3.8778	0.5	-29.0824	-165.069	0	-0.0799737	0.996797	0	None	688
ChainingRodShaped	691	3.26497	0.5	48.0554	108.903	0	0.94292	-0.33302	0	682	690
ChainingRodShaped	693	3.45304	0.5	-39.9188	45.7156	0	0.871218	-0.490895	0	None	None
ChainingRodShaped	695	4.01606	0.5	48.7568	15.6257	0	0.999985	0.00544296	0	826	694
ChainingRodShaped	697	3.12172	0.5	-34.1364	-126.401	0	-0.239387	0.970924	0	427	696
ChainingRodShaped	699	3.9021	0.5	40.2876	-36.8496	0	-0.0115938	0.999933	0	870	698
ChainingRodShaped	701	3.35977	0.5	-9.42862	-5.79395	0	-0.889505	0.456926	0	406	700
ChainingRodShaped	703	3.15024	0.5	78.5008	205.202	0	0.804664	0.59373	0	608	702
ChainingRodShaped	705	3.14381	0.5	-23.9063	24.8371	0	-0.106165	-0.994349	0	None	None
ChainingRodShaped	707	3.00631	0.5	-48.5588	35.1117	0	-0.985751	-0.168213	0	None	None
ChainingRodShaped	709	3.14538	0.5	-47.0781	-90.59	0	-0.243961	0.969785	0	874	708
ChainingRodShaped	711	2.94734	0.5	55.5154	106.101	0	0.934215	-0.35671	0	690	710
ChainingRodShaped	713	3.18559	0.5	-31.9967	22.605	0	-0.96626	-0.257567	0	None	None
ChainingRodShaped	715	3.14525	0.5	-37.835	-57.9046	0	0.785333	0.619074	0	458	714
ChainingRodShaped	717	3.77578	0.5	94.3422	132.667	0	-0.346293	0.938126	0	594	716
ChainingRodShaped	719	2.84419	0.5	30.1616	-18.6018	0	-0.814582	0.580049	0	423	718
ChainingRodShaped	721	3.86073	0.5	86.1375	210.253	0	0.855252	0.518213	0	702	720
ChainingRodShaped	723	3.46323	0.5	71.4277	159.122	0	-0.678592	0.734515	0	840	722
ChainingRodShaped	725	3.6697	0.5	-28.5859	35.1303	0	-0.936383	-0.350979	0	None	None
ChainingRodShaped	727	3.29321	0.5	-44.5568	41.9509	0	-0.162985	0.986629	0	None	None
ChainingRodShaped	729	3.00404	0.5	71.5649	39.4878	0	-0.127495	0.991839	0	834	728
ChainingRodShaped	731	3.02941	0.5	-16.2962	-0.783609	0	-0.691077	0.722781	0	700	730
ChainingRodShaped	733	2.67753	0.5	2.63202	-9.89804	0	-0.977168	0.212467	0	586	732
ChainingRodShaped	735	3.70948	0.5	-28.5875	23.6265	0	0.260051	-0.965595	0	None	None
ChainingRodShaped	737	3.41371	0.5	-19.2387	40.3421	0	-0.717371	0.696691	0	None	None
ChainingRodShaped	739	3.1552	0.5	-8.57196	47.38	0	-0.90604	0.423193	0	None	None
ChainingRodShaped	741	2.93023	0.5	-22.172	43.9905	0	-0.858501	0.512812	0	None	None
ChainingRodShaped	743	2.89552	0.5	-40.8521	49.6905	0	0.776318	-0.630342	0	None	None
ChainingRodShaped	745	2.77088	0.5	-38.7634	28.0037	0	-0.968577	0.248713	0	None	None
ChainingRodShaped	747	2.95913	0.5	-13.647	37.4365	0	-0.978047	-0.208386	0	None	None
ChainingRodShaped	749	3.5754	0.5	-26.9841	33.6623	0	-0.934072	-0.357083	0	None	None
ChainingRodShaped	751	3.09851	0.5	-24.6333	46.5333	0	-0.845493	0.533987	0	None	None
ChainingRodShaped	753	3.31861	0.5	-47.7062	-72.9344	0	0.231039	0.972945	0	634	752
ChainingRodShaped	755	3.0308	0.5	64.1568	170.448	0	-0.36563	0.93076	0	398	754
ChainingRodShaped	757	3.50329	0.5	-38.6227	40.2106	0	-0.988623	-0.150415	0	None	None
ChainingRodShaped	759	2.53473	0.5	116.879	227.318	0	0.875925	0.482447	0	668	758
ChainingRodShaped	761	3.3622	0.5	9.95755	87.5218	0	-0.164551	0.986369	0	866	760
ChainingRodShaped	763	3.29659	0.5	-30.271	28.3277	0	-0.72968	-0.683789	0	None	None
ChainingRodShaped	765	3.08504	0.5	-31.2358	24.0343	0	-0.998622	0.0524803	0	None	None
ChainingRodShaped	767	3.06336	0.5	-30.2254	-53.7213	0	0.942428	0.33441	0	714	766
ChainingRodShaped	769	2.63913	0.5	-31.2579	53.2593	0	-0.998279	0.0586372	0	None	None
ChainingRodShaped	771	2.60938	0.5	-29.6561	51.1024	0	-0.828418	0.560111	0	None	None
ChainingRodShaped	773	2.81739	0.5	-35.6618	21.4669	0	-0.999092	-0.0426056	0	None	None
ChainingRodShaped	775	2.78104	0.5	69.2476	46.5414	0	-0.485353	0.874318	0	728	774
ChainingRodShaped	777	3.38349	0.5	-37.9747	53.7404	0	-0.914864	-0.403762	0	None	None
ChainingRodShaped	779	3.01223	0.5	-21.0753	33.2871	0	-0.971077	0.238768	0	None	None
ChainingRodShaped	781	3.28637	0.5	-32.4015	60.6205	0	-0.910307	-0.413933	0	None	None
ChainingRodShaped	783	3.0184	0.5	-47.7397	40.8075	0	-0.704245	-0.709957	0	None	None
ChainingRodShaped	785	3.23376	0.5	-16.709	29.4	0	-0.648583	-0.761144	0	None	None
ChainingRodShaped	787	3.20494	0.5	64.9744	189.757	0	0.411952	0.911206	0	520	786
ChainingRodShaped	789	2.70172	0.5	-25.4978	59.6557	0	-0.994996	-0.0999108	0	None	None
ChainingRodShaped	791	3.07067	0.5	-36.5481	58.4308	0	-0.923992	-0.382411	0	None	None
ChainingRodShaped	793	2.56048	0.5	-26.7767	40.9575	0	-0.937596	-0.347727	0	None	None
ChainingRodShaped	795	2.82843	0.5	-32.7205	58.3577	0	-0.400196	-0.91643	0	None	None
ChainingRodShaped	797	2.61883	0.5	-14.2638	33.1659	0	-0.754021	-0.656851	0	None	None
ChainingRodShaped	799	2.54076	0.5	-9.80586	37.0362	0	-0.814904	-0.579596	0	None	None
ChainingRodShaped	801	2.88781	0.5	-13.41	45.3947	0	0.782677	-0.622429	0	None	None
ChainingRodShaped	803	2.75459	0.5	-38.3213	54.661	0	-0.913701	-0.406386	0	None	None
ChainingRodShaped	805	2.70065	0.5	-33.7754	34.9267	0	-0.632788	-0.774325	0	None	None
ChainingRodShaped	807	2.47813	0.5	-20.4999	53.2565	0	-0.838401	-0.545054	0	None	None
ChainingRodShaped	809	2.6953	0.5	-20.0104	31.6691	0	-0.898317	-0.439348	0	None	None
ChainingRodShaped	811	2.93426	0.5	-39.7089	51.029	0	0.992668	-0.12087	0	None	None
ChainingRodShaped	813	3.01501	0.5	-31.5793	-139.649	0	-0.14056	0.990072	0	411	812
ChainingRodShaped	815	2.6897	0.5	38.5482	-28.2821	0	-0.402725	0.915321	0	698	814
ChainingRodShaped	817	2.71207	0.5	-35.4221	51.6844	0	-0.923898	0.38264	0	None	None
ChainingRodShaped	819	2.50611	0.5	-11.4135	40.5363	0	-0.991896	0.127052	0	None	None
ChainingRodShaped	821	3.04812	0.5	-16.5402	33.3208	0	-0.903628	-0.428319	0	None	None
ChainingRodShaped	823	2.51752	0.5	-28.9085	28.2748	0	-0.725379	-0.68835	0	None	None
ChainingRodShaped	825	2.4387	0.5	-43.7948	43.5902	0	-0.304344	0.952562	0	None	None
ChainingRodShaped	827	2.87846	0.5	40.7578	17.0029	0	0.934253	-0.356612	0	606	826
ChainingRodShaped	829	2.72436	0.5	-11.1584	34.9956	0	-0.86781	-0.496896	0	None	None
ChainingRodShaped	831	2.61423	0.5	-22.6925	50.6202	0	0.48243	-0.875935	0	None	None
ChainingRodShaped	833	2.93364	0.5	-38.2718	48.8517	0	0.770353	-0.637618	0	None	None
ChainingRodShaped	835	2.58452	0.5	71.0612	32.4946	0	0.282839	0.959167	0	560	834
ChainingRodShaped	837	2.53934	0.5	-30.1816	-151.902	0	-0.0911994	0.995833	0	499	836
ChainingRodShaped	839	2.90625	0.5	90.3695	140.406	0	-0.564976	0.825107	0	716	838
ChainingRodShaped	841	2.70653	0.5	77.079	153.705	0	-0.755925	0.654658	0	485	840
ChainingRodShaped	843	2.4779	0.5	-36.3785	-118.621	0	-0.316466	0.948604	0	696	842
ChainingRodShaped	845	2.51835	0.5	-38.7126	22.9258	0	-0.785129	0.619332	0	None	None
ChainingRodShaped	847	2.43925	0.5	22.4354	-58.3514	0	0.961168	0.275963	0	497	846
ChainingRodShaped	849	2.36825	0.5	-22.0966	47.0055	0	-0.439066	0.898455	0	None	None
ChainingRodShaped	851	2.40348	0.5	85.626	146.113	0	-0.703864	0.710335	0	838	850
ChainingRodShaped	853	2.3633	0.5	-33.1753	39.9637	0	-0.992005	-0.1262	0	None	None
ChainingRodShaped	855	2.35259	0.5	-44.8243	37.1076	0	-0.986639	-0.162925	0	None	None
ChainingRodShaped	857	2.70075	0.5	62.507	177.944	0	-0.0488346	0.998807	0	754	856
ChainingRodShaped	859	2.49119	0.5	-19.7196	44.7364	0	0.841057	-0.540946	0	None	None
ChainingRodShaped	861	2.32042	0.5	-20.0328	36.8341	0	-0.873042	0.487645	0	None	None
ChainingRodShaped	863	2.73475	0.5	8.03415	38.3118	0	0.987731	-0.156163	0	636	862
ChainingRodShaped	865	2.32459	0.5	60.4062	56.0396	0	-0.815774	0.578371	0	420	864
ChainingRodShaped	867	2.29882	0.5	12.4516	80.9358	0	-0.552023	0.833829	0	612	866
ChainingRodShaped	869	2.66379	0.5	-34.9719	30.7836	0	-0.969297	-0.245894	0	None	None
ChainingRodShaped	871	2.48582	0.5	39.0313	-44.0033	0	0.387984	0.921666	0	447	870
ChainingRodShaped	873	2.45478	0.5	-22.6587	35.636	0	-0.970835	0.239747	0	None	None
ChainingRodShaped	875	2.57351	0.5	-44.969	-97.2366	0	-0.356697	0.93422	0	540	874
ChainingRodShaped	877	2.4782	0.5	89.1681	105.918	0	0.742238	0.670136	0	884	876
ChainingRodShaped	879	2.30907	0.5	-24.3495	53.6387	0	-0.485532	0.874219	0	None	None
ChainingRodShaped	881	2.461	0.5	-19.0071	56.315	0	-0.975143	-0.221578	0	None	None
ChainingRodShaped	883	2.31365	0.5	-33.2435	36.9152	0	-0.990847	-0.134991	0	None	None
ChainingRodShaped	885	2.20154	0.5	83.561	102.603	0	0.947046	0.321097	0	569	884
ChainingRodShaped	887	2.35864	0.5	-28.9296	53.4523	0	-0.589577	0.807712	0	None	None
ChainingRodShaped	889	2.40956	0.5	-39.8635	26.5917	0	-0.945384	-0.325959	0	None	None
ChainingRodShaped	891	2.42219	0.5	-16.763	-52.6134	0	0.987448	-0.157941	0	906	890
ChainingRodShaped	893	2.20554	0.5	-1.08009	-56.9538	0	0.958575	-0.284839	0	680	892
ChainingRodShaped	895	2.19427	0.5	14.6929	36.1118	0	0.887412	-0.460977	0	862	894
ChainingRodShaped	897	2.14623	0.5	-43.1594	47.6712	0	-0.814145	0.580662	0	None	None
ChainingRodShaped	899	2.25119	0.5	-26.0039	45.1241	0	-0.85562	0.517605	0	None	None
ChainingRodShaped	901	2.28508	0.5	-27.9057	27.2296	0	-0.382042	-0.924145	0	None	None
ChainingRodShaped	903	2.37987	0.5	-19.8345	25.5165	0	-0.999364	0.0356712	0	None	None
ChainingRodShaped	905	2.2604	0.5	-26.4255	27.3661	0	0.0607495	-0.998153	0	None	None
ChainingRodShaped	907	2.32746	0.5	-23.1396	-52.2597	0	0.998256	0.0590254	0	766	906
ChainingRodShaped	909	2.20817	0.5	-47.1332	40.0093	0	-0.702841	-0.711347	0	None	None
ChainingRodShaped	911	2.11623	0.5	-38.1532	43.2583	0	-0.994564	-0.104125	0	None	None
ChainingRodShaped	913	2.18372	0.5	-21.9587	15.6737	0	0.10766	0.994188	0	550	912
ChainingRodShaped	915	2.18121	0.5	49.3948	61.5176	0	-0.936493	0.350686	0	472	914
ChainingRodShaped	917	2.17156	0.5	22.7823	110.248	0	0.911599	0.411081	0	563	916
ChainingRodShaped	919	2.24127	0.5	-16.6274	44.1314	0	0.823154	-0.567817	0	None	None
ChainingRodShaped	921	2.23594	0.5	-11.9874	46.6335	0	-0.958809	0.284052	0	None	None
ChainingRodShaped	923	2.09131	0.5	-31.4293	45.4353	0	-0.727812	0.685777	0	None	None
ChainingRodShaped	925	2.21431	0.5	-21.4624	28.9901	0	-0.92759	-0.373601	0	None	None
ChainingRodShaped	927	2.19648	0.5	10.6702	-59.4343	0	0.995075	-0.0991248	0	566	926
ChainingRodShaped	929	2.08949	0.5	-18.9892	37.3452	0	-0.868124	0.496348	0	None	None
ChainingRodShaped	931	2.08326	0.5	-18.9767	43.133	0	-0.918003	0.396573	0	None	None
ChainingRodShaped	933	2.12294	0.5	-17.4569	53.3885	0	-0.583867	-0.811849	0	None	None
ChainingRodShaped	935	2.15159	0.5	-40.5886	31.0732	0	-0.931272	0.364324	0	None	None
ChainingRodShaped	937	2.08671	0.5	-16.9729	47.0492	0	0.696283	-0.717767	0	None	None
ChainingRodShaped	939	2.08003	0.5	-25.6728	32.6213	0	-0.851993	-0.523553	0	None	None
ChainingRodShaped	941	2.10084	0.5	-6.43449	47.3999	0	-0.680165	0.733059	0	None	None
ChainingRodShaped	943	2.03726	0.5	-13.3989	39.4573	0	-0.97374	-0.227662	0	None	None
ChainingRodShaped	945	2.0315	0.5	96.2187	121.318	0	0.0959696	0.995384	0	379	944
ChainingRodShaped	947	2.02472	0.5	23.0641	29.924	0	0.74599	-0.665957	0	570	946
ChainingRodShaped	949	2.02141	0.5	-25.7511	50.1378	0	-0.498853	0.866687	0	None	None
ChainingRodShaped	951	2.00573	0.5	-12.2452	43.2048	0	0.779277	-0.626679	0	None	None
