cell_type	cell_id	length	radius	pos_x	pos_y	pos_z	ori_x	ori_y	ori_z	lower_link	upper_link
ChainingRodShaped	1020	2.51237	0.5	136.753	236.106	0	0.918913	0.39446	0	1021	None
ChainingRodShaped	646	4.04369	0.5	-50.4152	29.1807	0	-0.74978	0.661687	0	None	None
ChainingRodShaped	782	3.47031	0.5	-52.16	38.9954	0	-0.561816	-0.827262	0	None	None
ChainingRodShaped	728	3.23283	0.5	79.0243	42.6318	0	-0.379721	0.925101	0	729	775
ChainingRodShaped	706	3.87227	0.5	-52.6634	33.5217	0	-0.893114	0.44983	0	None	None
ChainingRodShaped	850	3.08635	0.5	85.1234	147.839	0	-0.870353	0.492429	0	851	485
ChainingRodShaped	1012	3.11817	0.5	5.21864	-13.0992	0	-0.992477	-0.122427	0	1013	733
ChainingRodShaped	824	4.26766	0.5	-47.8573	48.044	0	-0.501295	0.865276	0	None	None
ChainingRodShaped	618	4.59755	0.5	-51.838	31.6549	0	-0.824874	0.565317	0	None	None
ChainingRodShaped	816	3.33542	0.5	-39.4394	54.4806	0	-0.881784	-0.471653	0	None	None
ChainingRodShaped	990	2.52687	0.5	8.12937	110.92	0	0.713746	0.700405	0	991	1189
ChainingRodShaped	756	3.46945	0.5	-44.3177	38.6402	0	-0.946878	-0.321592	0	None	None
ChainingRodShaped	780	3.66611	0.5	-35.708	60.2726	0	-0.807653	-0.589658	0	None	None
ChainingRodShaped	926	2.96122	0.5	18.63	-66.0421	0	0.986524	-0.163616	0	927	1073
ChainingRodShaped	1178	2.08595	0.5	-29.5427	15.5026	0	-0.188619	-0.98205	0	None	None
ChainingRodShaped	608	3.99127	0.5	69.9472	207.625	0	0.818674	0.574258	0	609	703
ChainingRodShaped	776	4.64536	0.5	-44.105	53.1329	0	-0.998786	-0.0492516	0	None	None
ChainingRodShaped	1024	2.57765	0.5	-31.7337	59.6601	0	-0.473498	0.880795	0	None	None
ChainingRodShaped	570	3.93746	0.5	24.5887	35.9002	0	0.671419	-0.741078	0	894	947
ChainingRodShaped	710	4.96215	0.5	60.0643	103.053	0	0.844801	-0.535081	0	711	999
ChainingRodShaped	476	4.79509	0.5	-29.8105	60.9574	0	-0.944491	0.328536	0	None	None
ChainingRodShaped	1190	2.0182	0.5	-35.0083	17.4736	0	-0.876846	-0.480771	0	None	None
ChainingRodShaped	1082	2.24966	0.5	-50.4446	33.968	0	-0.995627	0.0934202	0	None	None
ChainingRodShaped	548	4.69296	0.5	-50.6892	36.1642	0	-0.992631	-0.121176	0	None	None
ChainingRodShaped	1008	2.43049	0.5	-48.5723	-100.601	0	-0.509754	0.86032	0	1009	875
ChainingRodShaped	1050	2.87976	0.5	-10.7248	43.9184	0	0.937262	-0.348625	0	None	None
ChainingRodShaped	676	3.55765	0.5	-32.2081	36.0533	0	-0.932291	-0.361709	0	None	None
ChainingRodShaped	924	2.80091	0.5	-25.5271	28.4159	0	-0.864396	-0.502812	0	None	None
ChainingRodShaped	814	3.02666	0.5	45.9328	-23.2051	0	-0.571062	0.820907	0	815	981
ChainingRodShaped	918	3.58007	0.5	-12.825	43.7537	0	0.869858	-0.493303	0	None	None
ChainingRodShaped	510	4.04259	0.5	32.145	65.1991	0	-0.99558	0.0939157	0	1124	1047
ChainingRodShaped	858	3.26975	0.5	-15.7519	44.4965	0	0.777085	-0.629395	0	None	None
ChainingRodShaped	1104	2.2042	0.5	-35.4383	45.3133	0	0.792784	-0.609502	0	None	None
ChainingRodShaped	958	2.74037	0.5	98.9454	220.793	0	0.941018	0.338355	0	959	1167
ChainingRodShaped	1004	2.7331	0.5	-30.4565	42.0828	0	0.709907	-0.704296	0	None	None
ChainingRodShaped	1034	2.34631	0.5	103.272	107.409	0	0.440556	0.897725	0	1035	379
ChainingRodShaped	922	3.33722	0.5	-34.9808	48.6606	0	-0.797683	0.603076	0	None	None
ChainingRodShaped	868	2.73511	0.5	-39.3167	27.886	0	-0.946829	0.321736	0	None	None
ChainingRodShaped	730	4.70595	0.5	-26.9136	-5.00601	0	-0.627142	0.778905	0	731	551
ChainingRodShaped	766	3.42206	0.5	-30.1565	-44.9469	0	0.999995	-0.00324181	0	767	907
ChainingRodShaped	558	4.07895	0.5	-46.5248	34.9095	0	-0.96535	-0.260958	0	None	None
ChainingRodShaped	1068	2.34897	0.5	58.4419	165.605	0	-0.568667	0.822568	0	1069	755
ChainingRodShaped	746	4.4317	0.5	-17.303	35.9847	0	-0.834877	-0.550436	0	None	None
ChainingRodShaped	772	4.28311	0.5	-40.6763	19.4364	0	-0.66333	0.748327	0	None	None
ChainingRodShaped	1164	2.10088	0.5	-18.1638	27.3102	0	-0.722506	-0.691365	0	None	None
ChainingRodShaped	620	4.44105	0.5	43.4953	-55.9132	0	0.622748	0.782423	0	974	447
ChainingRodShaped	900	3.92573	0.5	-31.0497	24.8197	0	-0.579902	-0.814686	0	None	None
ChainingRodShaped	696	4.46224	0.5	-34.2576	-125.683	0	-0.395976	0.918261	0	697	843
ChainingRodShaped	694	4.973	0.5	61.4189	8.10421	0	0.967306	0.253612	0	1110	631
ChainingRodShaped	996	2.9563	0.5	-35.2717	56.1926	0	-0.999717	0.0237781	0	None	None
ChainingRodShaped	800	3.32811	0.5	-8.58729	45.1577	0	0.920235	-0.391366	0	None	None
ChainingRodShaped	432	4.79952	0.5	-42.606	45.6946	0	0.839946	-0.542671	0	None	None
ChainingRodShaped	896	2.70049	0.5	-47.1913	49.5248	0	-0.2707	0.962664	0	None	None
ChainingRodShaped	678	3.55173	0.5	-27.3367	19.6233	0	-0.635481	-0.772117	0	None	None
ChainingRodShaped	1130	2.28535	0.5	-17.445	51.5337	0	-0.999083	0.0428083	0	None	None
ChainingRodShaped	1014	2.79595	0.5	6.16331	76.504	0	-0.624969	0.780649	0	1015	867
ChainingRodShaped	804	4.49054	0.5	-40.2389	32.058	0	-0.999947	-0.0103284	0	None	None
ChainingRodShaped	1076	2.32663	0.5	55.3856	62.399	0	-0.968211	0.250135	0	1077	915
ChainingRodShaped	556	4.03957	0.5	-14.0221	56.1254	0	-0.181076	0.983469	0	None	None
ChainingRodShaped	1056	2.63671	0.5	-48.3077	38.6014	0	-0.982727	-0.185063	0	None	None
ChainingRodShaped	1158	2.16172	0.5	-13.2721	30.2688	0	0.745394	0.666624	0	1159	1119
ChainingRodShaped	1160	2.17339	0.5	-42.5437	38.2264	0	-0.916825	-0.399289	0	None	None
ChainingRodShaped	406	4.57467	0.5	-8.28479	-13.6695	0	-0.997274	0.0737883	0	732	701
ChainingRodShaped	554	4.24158	0.5	-36.9462	23.9518	0	-0.741881	-0.670532	0	None	None
ChainingRodShaped	752	3.36898	0.5	-54.901	-62.9157	0	0.323274	0.946305	0	753	459
ChainingRodShaped	1086	2.32171	0.5	35.5306	116.635	0	0.957891	-0.287132	0	1087	683
ChainingRodShaped	736	4.97542	0.5	-22.7994	44.1839	0	-0.866305	0.499515	0	None	None
ChainingRodShaped	1042	2.40146	0.5	-38.5273	52.603	0	-0.77414	0.633014	0	None	None
ChainingRodShaped	520	4.36851	0.5	55.1895	188.629	0	0.29381	0.955864	0	856	787
ChainingRodShaped	880	2.823	0.5	-21.5758	58.149	0	-0.633513	0.773732	0	None	None
ChainingRodShaped	716	4.70022	0.5	99.9736	135.648	0	-0.631617	0.775281	0	1154	839
ChainingRodShaped	1080	2.30271	0.5	-36.9466	38.9595	0	-0.995656	0.093112	0	None	None
ChainingRodShaped	616	3.98002	0.5	77.2244	95.6999	0	0.985789	-0.16799	0	1174	1045
ChainingRodShaped	836	3.16346	0.5	-27.4403	-157.451	0	-0.0706778	0.997499	0	837	411
ChainingRodShaped	1146	2.10885	0.5	-29.2492	59.1387	0	-0.632568	0.774505	0	None	None
ChainingRodShaped	606	4.32901	0.5	40.9212	13.7882	0	0.752501	-0.658591	0	964	827
ChainingRodShaped	840	4.23353	0.5	72.3	154.605	0	-0.876262	0.481835	0	841	723
ChainingRodShaped	1022	2.71278	0.5	-23.0997	35.7168	0	-0.993013	0.118007	0	None	None
ChainingRodShaped	822	3.05864	0.5	-32.4248	24.5502	0	-0.576613	-0.817017	0	None	None
ChainingRodShaped	828	4.31822	0.5	-13.4472	32.6656	0	-0.750229	-0.661179	0	None	None
ChainingRodShaped	1202	2.0108	0.5	121.982	229.795	0	0.921595	0.388152	0	1203	759
ChainingRodShaped	802	3.13721	0.5	-43.8437	54.5967	0	-0.938766	-0.344556	0	None	None
ChainingRodShaped	536	4.64114	0.5	-15.2957	52.3624	0	-0.993241	0.116072	0	None	None
ChainingRodShaped	870	2.78552	0.5	50.1201	-42.8448	0	0.224022	0.974584	0	871	1137
ChainingRodShaped	934	3.40863	0.5	-46.2161	32.115	0	-0.97164	0.236463	0	None	None
ChainingRodShaped	664	4.32282	0.5	-36.9953	22.5782	0	-0.744194	-0.667964	0	None	None
ChainingRodShaped	1084	2.57177	0.5	1.64334	100.609	0	0.319521	0.947579	0	1085	627
ChainingRodShaped	656	4.19037	0.5	-42.0432	33.1958	0	-0.946539	-0.32259	0	None	None
ChainingRodShaped	686	3.5474	0.5	-33.2596	52.9818	0	-0.989486	0.144632	0	None	None
ChainingRodShaped	680	4.88731	0.5	-3.38603	-55.3127	0	0.82415	-0.566372	0	1116	893
ChainingRodShaped	1006	3.06024	0.5	80.5649	25.8679	0	0.231403	0.972858	0	1007	835
ChainingRodShaped	718	4.8629	0.5	31.9941	-13.7028	0	-0.950802	0.309799	0	719	1201
ChainingRodShaped	604	4.13534	0.5	-44.0637	55.5898	0	-0.934532	-0.355879	0	None	None
ChainingRodShaped	674	4.96673	0.5	-4.90131	44.0254	0	0.776707	-0.629862	0	None	None
ChainingRodShaped	1040	2.46194	0.5	-2.01243	41.9808	0	-0.753317	-0.657658	0	None	None
ChainingRodShaped	978	3.21452	0.5	-30.8376	7.76995	0	0.129403	0.991592	0	979	913
ChainingRodShaped	726	4.85759	0.5	-49.0919	46.5801	0	-0.828218	0.560406	0	None	None
ChainingRodShaped	1180	2.04649	0.5	80.2301	213.607	0	0.905819	0.423665	0	1181	1129
ChainingRodShaped	456	4.5799	0.5	-40.9731	-112.871	0	-0.516804	0.856103	0	842	1115
ChainingRodShaped	480	4.34103	0.5	-20.4725	37.1407	0	-0.962359	0.271783	0	None	None
ChainingRodShaped	1170	2.14993	0.5	69.1827	55.8851	0	-0.792125	0.610359	0	1171	865
ChainingRodShaped	1192	2.03572	0.5	-30.2202	51.2164	0	-0.776634	0.629952	0	None	None
ChainingRodShaped	916	3.68392	0.5	20.5607	117.141	0	0.978854	0.204558	0	917	1003
ChainingRodShaped	806	3.67884	0.5	-20.621	52.3966	0	-0.230397	-0.973097	0	None	None
ChainingRodShaped	682	3.85693	0.5	43.3384	113.354	0	0.888296	-0.459272	0	683	691
ChainingRodShaped	966	2.94023	0.5	-25.2804	39.6457	0	-0.945066	-0.326879	0	None	None
ChainingRodShaped	1156	2.07367	0.5	-56.2509	-82.4609	0	-0.175317	0.984512	0	1157	635
ChainingRodShaped	1052	2.42572	0.5	-29.3309	42.3141	0	0.708622	-0.705588	0	None	None
ChainingRodShaped	1100	2.36057	0.5	-40.6607	47.3627	0	0.971729	-0.236101	0	None	None
ChainingRodShaped	846	4.19176	0.5	33.6075	-63.7496	0	0.904417	0.426649	0	847	975
ChainingRodShaped	636	3.46335	0.5	4.51884	42.1365	0	0.973984	0.226615	0	1048	863
ChainingRodShaped	1106	2.44871	0.5	-24.4628	59.6014	0	-0.862282	0.506428	0	None	None
ChainingRodShaped	744	4.81932	0.5	-43.1448	26.8905	0	-0.719351	0.694646	0	None	None
ChainingRodShaped	632	4.65913	0.5	-35.3317	29.0471	0	-0.949758	-0.312984	0	None	None
ChainingRodShaped	784	4.65385	0.5	-21.8274	25.1001	0	-0.929769	-0.368144	0	None	None
ChainingRodShaped	848	3.36544	0.5	-23.6162	51.6307	0	-0.433797	0.901011	0	None	None
ChainingRodShaped	592	3.8075	0.5	43.3747	64.2685	0	-0.995977	0.0896065	0	914	1125
ChainingRodShaped	688	3.92901	0.5	-26.7337	-171.771	0	-0.0383653	0.999264	0	1162	499
ChainingRodShaped	594	4.67889	0.5	105.156	125.243	0	-0.229373	0.973339	0	944	1155
ChainingRodShaped	1142	2.21972	0.5	-26.8967	29.8455	0	-0.859767	-0.510687	0	None	None
ChainingRodShaped	1194	2.0359	0.5	-26.5354	45.2646	0	-0.865363	0.501146	0	None	None
ChainingRodShaped	888	3.59469	0.5	-44.3337	24.5582	0	-0.969794	-0.243924	0	None	None
ChainingRodShaped	764	3.766	0.5	-34.8182	21.3633	0	-0.996818	0.0797112	0	None	None
ChainingRodShaped	812	3.54268	0.5	-29.2074	-142.227	0	-0.174859	0.984594	0	813	971
ChainingRodShaped	470	4.79988	0.5	109.133	224.602	0	0.932432	0.361346	0	1166	1133
ChainingRodShaped	940	3.19783	0.5	-6.41541	51.1249	0	-0.8101	0.586291	0	None	None
ChainingRodShaped	1092	2.27541	0.5	-44.616	33.3585	0	-0.949717	-0.313108	0	None	None
ChainingRodShaped	1138	2.18582	0.5	-26.3	29.0729	0	-0.859778	-0.510669	0	None	None
ChainingRodShaped	1038	2.48466	0.5	-48.3636	-51.9575	0	0.713928	0.700219	0	1039	715
ChainingRodShaped	950	2.50591	0.5	-7.08715	43.5018	0	0.999459	0.0328816	0	None	None
ChainingRodShaped	898	2.88043	0.5	-30.4272	48.8399	0	-0.778476	0.627674	0	None	None
ChainingRodShaped	778	2.97269	0.5	-23.0637	33.6089	0	-0.572384	0.819986	0	None	None
ChainingRodShaped	866	3.18912	0.5	2.34677	83.306	0	-0.34496	0.938617	0	867	761
ChainingRodShaped	684	4.74021	0.5	-17.66	50.5677	0	-0.998652	0.0519047	0	None	None
ChainingRodShaped	1134	2.28206	0.5	-18.7138	42.5623	0	-0.848119	0.529805	0	None	None
ChainingRodShaped	860	3.15663	0.5	-22.4293	38.697	0	-0.962941	0.269711	0	None	None
ChainingRodShaped	932	2.98083	0.5	-18.807	52.763	0	-0.672379	-0.740207	0	None	None
ChainingRodShaped	704	4.11484	0.5	-27.0996	18.4089	0	-0.633531	-0.773717	0	None	None
ChainingRodShaped	854	3.81328	0.5	-48.7926	37.5058	0	-0.983519	-0.180806	0	None	None
ChainingRodShaped	724	4.55353	0.5	-35.128	32.3969	0	-0.911206	-0.411951	0	None	None
ChainingRodShaped	968	2.68146	0.5	-30.653	62.2991	0	-0.943943	0.330109	0	None	None
ChainingRodShaped	882	3.20289	0.5	-37.105	34.248	0	-0.669803	-0.742539	0	None	None
ChainingRodShaped	792	3.40867	0.5	-29.9901	39.939	0	-0.947524	-0.319684	0	None	None
ChainingRodShaped	644	4.09435	0.5	-25.4354	53.1336	0	-0.427778	0.903884	0	None	None
ChainingRodShaped	454	4.487	0.5	62.5533	201.236	0	0.683651	0.72981	0	786	609
ChainingRodShaped	630	4.91686	0.5	71.9002	13.1168	0	0.80657	0.591139	0	631	1033
ChainingRodShaped	920	3.73323	0.5	-13.9674	49.187	0	-0.985459	0.169916	0	None	None
ChainingRodShaped	986	3.18104	0.5	-24.7099	26.2522	0	-0.89299	0.450077	0	None	None
ChainingRodShaped	984	2.92188	0.5	-44.2996	23.0918	0	-0.997996	0.0632826	0	None	None
ChainingRodShaped	998	2.99468	0.5	67.2632	98.929	0	0.898091	-0.439811	0	999	1175
ChainingRodShaped	762	4.0357	0.5	-33.9581	24.0641	0	-0.582919	-0.81253	0	None	None
ChainingRodShaped	790	3.07104	0.5	-41.413	58.0542	0	-0.820815	-0.571195	0	None	None
ChainingRodShaped	910	3.69081	0.5	-42.6151	43.1167	0	-0.985215	-0.171324	0	None	None
ChainingRodShaped	890	3.66699	0.5	-13.3411	-49.2747	0	0.89663	-0.442781	0	891	1117
ChainingRodShaped	1010	2.51936	0.5	-14.0217	35.9352	0	-0.828399	-0.560139	0	None	None
ChainingRodShaped	492	4.77021	0.5	-17.9807	29.9532	0	-0.819927	-0.572467	0	None	None
ChainingRodShaped	1108	2.37958	0.5	-37.1211	44.6749	0	-0.985417	0.170155	0	None	None
ChainingRodShaped	700	4.56145	0.5	-18.7405	-11.1944	0	-0.916158	0.400817	0	701	731
ChainingRodShaped	1036	2.65675	0.5	-34.2505	33.9159	0	-0.880881	-0.473338	0	None	None
ChainingRodShaped	1054	2.7753	0.5	-23.3359	21.1947	0	0.70638	0.707833	0	1055	1063
ChainingRodShaped	770	3.46108	0.5	-33.729	54.0162	0	-0.990071	0.140567	0	None	None
ChainingRodShaped	1000	2.7712	0.5	-43.2326	41.0267	0	-0.983854	-0.178975	0	None	None
ChainingRodShaped	832	3.38989	0.5	-36.0579	47.0238	0	0.795545	-0.605894	0	None	None
ChainingRodShaped	976	3.12011	0.5	-22.3442	53.4868	0	0.41569	-0.909506	0	None	None
ChainingRodShaped	930	2.78207	0.5	-20.4928	45.0575	0	-0.868667	0.495396	0	None	None
ChainingRodShaped	884	3.31797	0.5	91.9739	97.2553	0	0.91756	0.397597	0	885	877
ChainingRodShaped	622	3.53828	0.5	-28.0553	52.1768	0	-0.749343	0.662182	0	None	None
ChainingRodShaped	648	4.49283	0.5	-43.2146	42.0159	0	-0.984081	-0.177722	0	None	None
ChainingRodShaped	690	3.59587	0.5	51.7635	108.413	0	0.84161	-0.540085	0	691	711
ChainingRodShaped	650	4.50454	0.5	-8.93472	35.4256	0	-0.772607	-0.634884	0	None	None
ChainingRodShaped	602	3.91068	0.5	-32.6162	32.4902	0	-0.871776	-0.489905	0	None	None
ChainingRodShaped	600	4.77026	0.5	20.5235	-11.9081	0	-0.999966	0.00825457	0	1200	1103
ChainingRodShaped	660	4.93021	0.5	-14.4367	53.2431	0	-0.993115	0.117145	0	None	None
ChainingRodShaped	988	2.96465	0.5	10.6555	-63.6718	0	0.920224	-0.391391	0	989	927
ChainingRodShaped	754	3.9518	0.5	54.7849	173.83	0	-0.25282	0.967513	0	755	857
ChainingRodShaped	1182	2.04479	0.5	18.0427	68.0489	0	-0.930319	0.366752	0	1183	961
ChainingRodShaped	534	4.48548	0.5	-18.2884	58.8947	0	-0.969049	-0.24687	0	None	None
ChainingRodShaped	1112	2.33241	0.5	33.0959	23.283	0	0.525143	-0.851014	0	1113	965
ChainingRodShaped	908	3.21575	0.5	-51.437	38.2831	0	-0.564466	-0.825456	0	None	None
ChainingRodShaped	1026	2.58399	0.5	-28.6459	39.3847	0	-0.945122	-0.326717	0	None	None
ChainingRodShaped	862	4.18801	0.5	14.2544	42.1139	0	0.97482	-0.222994	0	863	895
ChainingRodShaped	1058	2.57562	0.5	-29.4735	45.1746	0	-0.702361	0.711821	0	None	None
ChainingRodShaped	662	3.77729	0.5	-5.48036	36.9675	0	0.787373	0.616478	0	1118	1049
ChainingRodShaped	379	4.84578	0.5	104.794	111.685	0	0.273773	0.961794	0	1034	945
ChainingRodShaped	634	3.95409	0.5	-56.7606	-72.8299	0	0.0553078	0.998469	0	635	753
ChainingRodShaped	952	3.45075	0.5	-20.8339	41.7285	0	-0.810438	0.585825	0	None	None
ChainingRodShaped	658	4.16498	0.5	-48.6736	30.5905	0	-0.773726	0.63352	0	None	None
ChainingRodShaped	748	4.77209	0.5	-32.3069	31.5637	0	-0.869532	-0.493876	0	None	None
ChainingRodShaped	826	4.02951	0.5	49.5344	8.55156	0	0.936937	-0.349499	0	827	1111
ChainingRodShaped	972	2.77511	0.5	-35.6417	57.1823	0	-0.999645	0.0266523	0	None	None
ChainingRodShaped	810	4.56212	0.5	-38.5009	50.9963	0	0.987429	-0.158063	0	None	None
ChainingRodShaped	994	2.78938	0.5	-48.9082	32.0546	0	-0.772131	0.635463	0	None	None
ChainingRodShaped	1122	2.29601	0.5	-34.4842	49.5178	0	-0.792487	0.609888	0	None	None
ChainingRodShaped	722	3.44855	0.5	63.6094	160.234	0	-0.780491	0.625167	0	723	1069
ChainingRodShaped	712	3.63912	0.5	-35.9646	20.4433	0	-0.998117	0.06134	0	None	None
ChainingRodShaped	1196	2.02171	0.5	-18.6545	54.3778	0	-0.673529	-0.739161	0	None	None
ChainingRodShaped	1172	2.12969	0.5	-38.8633	-46.1015	0	0.956822	0.290675	0	1173	767
ChainingRodShaped	732	3.6082	0.5	-3.25759	-13.8061	0	-0.99959	-0.028624	0	733	406
ChainingRodShaped	742	3.56536	0.5	-38.5639	47.6105	0	0.827448	-0.561543	0	None	None
ChainingRodShaped	411	4.78053	0.5	-27.8574	-152.54	0	-0.0947781	0.995498	0	836	813
ChainingRodShaped	904	3.82882	0.5	-27.8652	22.2874	0	-0.0289419	-0.999581	0	None	None
ChainingRodShaped	758	3.9024	0.5	129.317	232.916	0	0.919275	0.393617	0	759	1021
ChainingRodShaped	1094	2.57479	0.5	-35.7639	40.772	0	-0.995389	0.0959155	0	None	None
ChainingRodShaped	419	4.59018	0.5	-20.0284	56.2495	0	-0.950756	-0.309942	0	None	None
ChainingRodShaped	774	4.52215	0.5	74.24	50.6614	0	-0.615671	0.788003	0	775	1171
ChainingRodShaped	980	3.31464	0.5	40.5114	-17.7966	0	-0.817028	0.576598	0	981	719
ChainingRodShaped	902	2.95061	0.5	-24.9392	24.0506	0	-0.233701	0.972309	0	None	None
ChainingRodShaped	970	2.94994	0.5	-30.9795	-134.601	0	-0.283462	0.958983	0	971	697
ChainingRodShaped	760	3.72923	0.5	0.565906	93.1629	0	-0.0131745	0.999913	0	761	1085
ChainingRodShaped	1144	2.17693	0.5	91.7513	218.217	0	0.940591	0.339541	0	1145	959
ChainingRodShaped	433	4.38386	0.5	-44.5332	49.2632	0	0.833434	-0.552619	0	None	None
ChainingRodShaped	740	4.53611	0.5	-26.3931	47.3649	0	-0.868947	0.494906	0	None	None
ChainingRodShaped	437	4.44253	0.5	-5.99302	47.3849	0	-0.945652	0.32518	0	None	None
ChainingRodShaped	698	4.81353	0.5	49.7148	-31.7749	0	-0.256111	0.966647	0	1136	815
ChainingRodShaped	808	2.99989	0.5	-21.7242	31.5426	0	-0.926812	-0.375525	0	None	None
ChainingRodShaped	872	3.49601	0.5	-25.0817	36.6463	0	-0.936068	-0.351819	0	None	None
ChainingRodShaped	942	2.96064	0.5	-14.0273	39.6163	0	-0.936615	-0.35036	0	None	None
ChainingRodShaped	447	4.69163	0.5	46.5958	-51.3557	0	0.501967	0.864887	0	620	871
ChainingRodShaped	874	2.83656	0.5	-52.5456	-93.2112	0	-0.427631	0.903954	0	875	709
ChainingRodShaped	844	3.09939	0.5	-43.9156	22.0801	0	-0.998305	0.0582053	0	None	None
ChainingRodShaped	796	3.77264	0.5	-22.2677	27.3903	0	-0.982307	-0.187277	0	None	None
ChainingRodShaped	786	2.97887	0.5	59.5631	197.656	0	0.578314	0.815814	0	787	454
ChainingRodShaped	842	3.95758	0.5	-38.3616	-117.36	0	-0.486809	0.873508	0	843	456
ChainingRodShaped	459	4.55759	0.5	-52.9388	-58.4333	0	0.460101	0.887867	0	752	1039
ChainingRodShaped	788	2.95022	0.5	-28.8186	62.8033	0	-0.962566	0.271048	0	None	None
ChainingRodShaped	1060	2.82219	0.5	-27.2719	58.2515	0	-0.624791	0.780792	0	None	None
ChainingRodShaped	738	3.57908	0.5	-10.5887	50.2656	0	-0.914165	0.405343	0	None	None
ChainingRodShaped	467	4.87296	0.5	-26.0011	31.5128	0	-0.856252	-0.516559	0	None	None
ChainingRodShaped	834	2.89208	0.5	81.1543	34.1106	0	-0.0904251	0.995903	0	835	729
ChainingRodShaped	1166	2.13144	0.5	105.005	223.018	0	0.935805	0.352518	0	1167	470
ChainingRodShaped	864	3.85366	0.5	62.3963	59.8527	0	-0.908517	0.417848	0	865	1077
ChainingRodShaped	956	2.9881	0.5	-38.7673	26.6729	0	-0.94514	0.326667	0	None	None
ChainingRodShaped	878	2.74838	0.5	-26.0817	58.9897	0	-0.362041	0.932162	0	None	None
ChainingRodShaped	1090	2.3786	0.5	-8.9601	40.666	0	-0.936813	-0.349829	0	None	None
ChainingRodShaped	481	4.97455	0.5	-16.2752	35.5646	0	-0.830148	-0.557543	0	None	None
ChainingRodShaped	794	3.25112	0.5	-36.221	58.1831	0	-0.999593	0.0285216	0	None	None
ChainingRodShaped	485	4.21002	0.5	81.0808	150.013	0	-0.888212	0.459433	0	850	841
ChainingRodShaped	838	4.27081	0.5	92.3493	143.04	0	-0.791182	0.611581	0	839	851
ChainingRodShaped	820	2.9744	0.5	-17.1157	33.8546	0	-0.828985	-0.559271	0	None	None
ChainingRodShaped	938	2.9367	0.5	-28.8664	31.14	0	-0.921812	-0.387638	0	None	None
ChainingRodShaped	798	4.1472	0.5	-11.1469	36.5411	0	-0.871212	-0.490908	0	None	None
ChainingRodShaped	495	4.93971	0.5	-22.2264	60.1856	0	-0.964125	0.265449	0	None	None
ChainingRodShaped	1072	2.41026	0.5	25.6701	-66.2195	0	0.991594	0.129388	0	1073	847
ChainingRodShaped	499	4.54522	0.5	-26.9463	-166.557	0	-0.0429367	0.999078	0	688	837
ChainingRodShaped	501	4.71822	0.5	-30.8777	19.1019	0	-0.343812	-0.939039	0	None	None
ChainingRodShaped	768	3.39457	0.5	-35.2885	55.2153	0	-0.999702	0.024419	0	None	None
ChainingRodShaped	505	4.14666	0.5	-29.513	38.0699	0	-0.944711	-0.327905	0	None	None
ChainingRodShaped	912	3.30339	0.5	-28.0138	15.3833	0	0.528152	0.84915	0	913	1055
ChainingRodShaped	948	2.94512	0.5	-27.3907	54.7753	0	-0.483386	0.875408	0	None	None
ChainingRodShaped	1124	2.2579	0.5	36.2263	64.843	0	-0.997053	0.0767219	0	1125	510
ChainingRodShaped	513	4.33634	0.5	-40.9804	37.8631	0	-0.915041	-0.40336	0	None	None
ChainingRodShaped	1088	2.59443	0.5	-6.88305	38.3574	0	-0.836219	-0.548395	0	None	None
ChainingRodShaped	818	3.42675	0.5	-12.8939	41.4999	0	-0.97888	-0.204436	0	None	None
ChainingRodShaped	1204	2.00321	0.5	-42.1131	31.0853	0	-1	-0.00032926	0	None	None
ChainingRodShaped	856	4.01876	0.5	54.1172	183.63	0	0.11782	0.993035	0	857	520
ChainingRodShaped	886	2.75202	0.5	-31.5376	56.6223	0	-0.989266	0.146125	0	None	None
ChainingRodShaped	830	3.02916	0.5	-20.4881	48.0118	0	0.552403	-0.833577	0	None	None
ChainingRodShaped	962	2.64139	0.5	-40.501	30.0188	0	-0.997182	0.0750141	0	None	None
ChainingRodShaped	876	2.81797	0.5	99.1327	101.886	0	0.729237	0.684261	0	877	1035
ChainingRodShaped	531	4.28656	0.5	-37.9197	24.3792	0	-0.746707	-0.665153	0	None	None
ChainingRodShaped	533	4.68487	0.5	-19.2297	47.8386	0	0.549723	-0.835347	0	None	None
ChainingRodShaped	1168	2.15669	0.5	-13.7923	58.9725	0	-0.595155	0.803611	0	None	None
ChainingRodShaped	954	3.09674	0.5	-10.5961	51.342	0	-0.913854	0.406042	0	None	None
ChainingRodShaped	539	4.11174	0.5	-47.4857	41.8597	0	0.0925905	-0.995704	0	None	None
ChainingRodShaped	1114	2.16712	0.5	-44.9905	-106.394	0	-0.535343	0.844634	0	1115	1009
ChainingRodShaped	1140	2.15736	0.5	-36.2873	41.8008	0	-0.995147	0.0984004	0	None	None
ChainingRodShaped	852	3.52128	0.5	-36.1216	39.8326	0	-0.995543	0.0943047	0	None	None
ChainingRodShaped	906	2.76706	0.5	-21.6329	-46.061	0	0.966481	-0.256737	0	907	891
ChainingRodShaped	549	4.72384	0.5	-46.1504	36.0271	0	-0.964349	-0.264633	0	None	None
ChainingRodShaped	551	3.79646	0.5	-29.6157	-0.640478	0	-0.395384	0.918516	0	730	979
ChainingRodShaped	992	2.61603	0.5	-20.3812	29.878	0	-0.938454	-0.345405	0	None	None
ChainingRodShaped	1096	2.40876	0.5	-34.9605	28.1543	0	-0.950892	-0.309524	0	None	None
ChainingRodShaped	557	4.3198	0.5	-10.1739	54.0229	0	-0.782404	0.622771	0	None	None
ChainingRodShaped	1028	2.5784	0.5	-42.4209	36.1777	0	-0.931762	-0.363069	0	None	None
ChainingRodShaped	1032	2.63062	0.5	77.5777	18.811	0	0.547631	0.83672	0	1033	1007
ChainingRodShaped	1188	2.02038	0.5	13.1211	114.6	0	0.885134	0.465336	0	1189	917
ChainingRodShaped	946	2.80043	0.5	29.6116	29.09	0	0.522353	-0.85273	0	947	1113
ChainingRodShaped	892	2.67142	0.5	3.73922	-60.0487	0	0.851455	-0.524428	0	893	989
ChainingRodShaped	1044	2.48249	0.5	84.6791	95.3164	0	0.995146	0.0984071	0	1045	885
ChainingRodShaped	894	2.65816	0.5	21.5449	38.7987	0	0.790267	-0.612763	0	895	570
ChainingRodShaped	1046	2.69637	0.5	24.1099	66.3102	0	-0.980211	0.197956	0	1047	1183
ChainingRodShaped	575	4.99162	0.5	-6.93357	40.527	0	-0.847025	-0.531554	0	None	None
ChainingRodShaped	577	4.20979	0.5	-38.1556	36.2853	0	-0.587623	-0.809135	0	None	None
ChainingRodShaped	579	4.64428	0.5	-44.0338	45.4687	0	-0.835569	0.549385	0	None	None
ChainingRodShaped	1062	2.48158	0.5	-18.0306	26.093	0	0.753145	0.657855	0	1063	1159
ChainingRodShaped	936	2.75684	0.5	-13.5496	46.5433	0	0.832482	-0.554052	0	None	None
ChainingRodShaped	928	2.73369	0.5	-21.6622	39.4779	0	-0.962687	0.270617	0	None	None
ChainingRodShaped	1102	2.52342	0.5	12.5629	-12.2358	0	-0.99523	-0.0975572	0	1103	1013
ChainingRodShaped	589	4.35906	0.5	-14.7552	42.4797	0	-0.999805	-0.0197579	0	None	None
ChainingRodShaped	1002	2.91515	0.5	28.7523	117.801	0	0.998475	-0.0552076	0	1003	1087
ChainingRodShaped	914	3.11313	0.5	47.7558	63.8007	0	-0.992025	0.126042	0	915	592
ChainingRodShaped	944	2.69827	0.5	105.923	120.678	0	-0.0661593	0.997809	0	945	594
ChainingRodShaped	597	3.81804	0.5	-28.8989	43.2318	0	-0.709442	0.704764	0	None	None
ChainingRodShaped	1120	2.1651	0.5	-14.8136	38.2537	0	-0.986016	-0.166651	0	None	None
ChainingRodShaped	1200	2.01087	0.5	24.855	-12.0739	0	-0.9953	0.0968358	0	1201	600
ChainingRodShaped	603	4.99109	0.5	-27.6738	34.6548	0	-0.93954	-0.342439	0	None	None
ChainingRodShaped	605	3.90949	0.5	-39.7238	58.0132	0	-0.790458	-0.612516	0	None	None
ChainingRodShaped	964	3.1591	0.5	37.6007	17.0664	0	0.655876	-0.754869	0	965	606
ChainingRodShaped	609	3.67722	0.5	66.1686	204.713	0	0.761579	0.648072	0	454	608
ChainingRodShaped	611	4.60912	0.5	-32.97	37.9308	0	-0.951127	-0.308801	0	None	None
ChainingRodShaped	960	2.85941	0.5	11.4474	71.5959	0	-0.820712	0.571342	0	961	1015
ChainingRodShaped	615	3.64872	0.5	-5.2879	46.1091	0	-0.948477	0.316846	0	None	None
ChainingRodShaped	1174	2.05769	0.5	73.3427	96.5275	0	0.961849	-0.273582	0	1175	616
ChainingRodShaped	1064	2.62433	0.5	-48.3453	28.7233	0	-0.63795	0.770078	0	None	None
ChainingRodShaped	974	2.53037	0.5	40.5362	-59.2126	0	0.732727	0.680523	0	975	620
ChainingRodShaped	623	4.83311	0.5	-26.0047	49.3997	0	-0.849694	0.527277	0	None	None
ChainingRodShaped	1030	2.71228	0.5	-33.3179	51.2099	0	-0.738522	0.67423	0	None	None
ChainingRodShaped	627	3.64136	0.5	3.28718	104.314	0	0.469088	0.883152	0	1084	991
ChainingRodShaped	982	2.80725	0.5	-43.7854	34.6586	0	-0.950263	-0.311449	0	None	None
ChainingRodShaped	631	4.86531	0.5	66.9073	10.1177	0	0.901118	0.433574	0	694	630
ChainingRodShaped	1150	2.24383	0.5	-31.4058	30.9723	0	-0.864549	-0.502548	0	None	None
ChainingRodShaped	635	4.78634	0.5	-56.7051	-78.1269	0	-0.0664983	0.997787	0	1156	634
ChainingRodShaped	1048	2.45949	0.5	0.848169	40.9594	0	0.915011	0.40343	0	1049	636
ChainingRodShaped	1126	2.35988	0.5	-44.7204	29.8251	0	-0.698867	0.715252	0	None	None
ChainingRodShaped	1148	2.16732	0.5	-27.8705	36.6413	0	-0.937968	-0.346722	0	None	None
ChainingRodShaped	1016	2.73937	0.5	-34.5701	47.1135	0	0.792489	-0.609887	0	None	None
ChainingRodShaped	645	3.49689	0.5	-23.2887	48.8731	0	-0.463065	0.886324	0	None	None
ChainingRodShaped	1018	3.07105	0.5	-47.0819	26.1221	0	-0.797402	0.603448	0	None	None
ChainingRodShaped	1098	2.27777	0.5	-38.9343	42.7715	0	-0.99996	-0.00897774	0	None	None
ChainingRodShaped	1074	2.368	0.5	-5.47446	38.1661	0	-0.793499	-0.608571	0	None	None
ChainingRodShaped	653	4.39496	0.5	-17.4422	48.322	0	0.814447	-0.580238	0	None	None
ChainingRodShaped	655	4.6313	0.5	-46.5424	51.8782	0	0.811661	-0.584129	0	None	None
ChainingRodShaped	1066	2.72677	0.5	-38.6244	34.0171	0	-0.671492	-0.741012	0	None	None
ChainingRodShaped	659	4.1774	0.5	-45.0799	27.074	0	-0.795411	0.60607	0	None	None
ChainingRodShaped	661	4.93713	0.5	-10.22	52.7957	0	-0.782535	0.622607	0	None	None
ChainingRodShaped	1118	2.18931	0.5	-8.50651	34.5041	0	0.757916	0.652353	0	1119	662
ChainingRodShaped	1070	2.40243	0.5	-33.9906	25.67	0	-0.575344	-0.817911	0	None	None
ChainingRodShaped	667	4.75713	0.5	-29.0048	46.0774	0	-0.696758	0.717307	0	None	None
ChainingRodShaped	1132	2.27229	0.5	116.361	227.465	0	0.926117	0.377237	0	1133	1203
ChainingRodShaped	671	4.77861	0.5	-24.3666	42.8653	0	-0.860639	0.509215	0	None	None
ChainingRodShaped	673	3.95742	0.5	-12.8186	31.9684	0	-0.747734	-0.663998	0	None	None
ChainingRodShaped	675	3.81244	0.5	-9.53298	46.6222	0	0.918133	-0.396272	0	None	None
ChainingRodShaped	1176	2.08878	0.5	-28.6617	37.3614	0	-0.941381	-0.337344	0	None	None
ChainingRodShaped	1186	2.03335	0.5	-26.8655	22.7312	0	-0.0203078	-0.999794	0	None	None
ChainingRodShaped	1116	2.28365	0.5	-7.13952	-52.7864	0	0.839737	-0.542993	0	1117	680
ChainingRodShaped	683	3.49122	0.5	39.1507	115.312	0	0.923476	-0.383656	0	1086	682
ChainingRodShaped	1078	2.24638	0.5	-13.2286	50.0635	0	-0.98489	0.17318	0	None	None
ChainingRodShaped	687	4.65187	0.5	-30.9383	50.5059	0	-0.778319	0.627869	0	None	None
ChainingRodShaped	1162	2.17154	0.5	-26.581	-175.807	0	-0.0369993	0.999315	0	1163	688
ChainingRodShaped	691	4.14079	0.5	47.662	110.945	0	0.859187	-0.511661	0	682	690
ChainingRodShaped	693	4.47255	0.5	-41.132	45.9077	0	0.840423	-0.541932	0	None	None
ChainingRodShaped	1110	2.43457	0.5	56.866	7.26227	0	0.998563	0.0535855	0	1111	694
ChainingRodShaped	697	3.94109	0.5	-32.3601	-130.448	0	-0.340742	0.940157	0	970	696
ChainingRodShaped	1136	2.30812	0.5	50.6066	-36.1914	0	-0.0935098	0.995618	0	1137	698
ChainingRodShaped	701	4.37169	0.5	-13.6284	-12.8816	0	-0.975371	0.220569	0	406	700
ChainingRodShaped	703	4.01438	0.5	74.0935	210.311	0	0.858487	0.512835	0	608	1181
ChainingRodShaped	705	4.01767	0.5	-25.5995	22.6847	0	0.223972	-0.974596	0	None	None
ChainingRodShaped	707	3.77513	0.5	-51.2762	35.0978	0	-0.992942	-0.118601	0	None	None
ChainingRodShaped	709	4.03276	0.5	-54.2486	-89.1956	0	-0.361437	0.932397	0	874	1157
ChainingRodShaped	711	3.69002	0.5	55.6242	105.908	0	0.836551	-0.54789	0	690	710
ChainingRodShaped	713	4.11959	0.5	-32.7717	20.1141	0	-0.808696	-0.588227	0	None	None
ChainingRodShaped	715	4.0485	0.5	-45.0991	-49.317	0	0.817048	0.576569	0	1038	1173
ChainingRodShaped	1154	2.16495	0.5	102.56	132.122	0	-0.514445	0.857523	0	1155	716
ChainingRodShaped	719	3.51765	0.5	36.7632	-15.585	0	-0.897978	0.440039	0	980	718
ChainingRodShaped	1128	2.23698	0.5	85.8912	216.021	0	0.9306	0.366038	0	1129	1145
ChainingRodShaped	723	4.64781	0.5	67.6776	157.357	0	-0.842385	0.538876	0	840	722
ChainingRodShaped	1198	2.01789	0.5	-31.3575	34.3105	0	-0.929186	-0.369612	0	None	None
ChainingRodShaped	727	4.34626	0.5	-46.5247	42.1543	0	-0.0938602	0.995585	0	None	None
ChainingRodShaped	729	3.8429	0.5	80.4002	38.3614	0	-0.241217	0.970471	0	834	728
ChainingRodShaped	731	3.90549	0.5	-23.2031	-8.64716	0	-0.802122	0.597161	0	700	730
ChainingRodShaped	733	3.25782	0.5	1.11018	-13.5444	0	-0.995697	-0.0926664	0	1012	732
ChainingRodShaped	1152	2.08296	0.5	-28.9297	20.6263	0	0.191314	-0.981529	0	None	None
ChainingRodShaped	737	4.65831	0.5	-18.0296	41.0284	0	-0.850054	0.526696	0	None	None
ChainingRodShaped	739	4.18396	0.5	-6.08871	48.4488	0	-0.944843	0.327524	0	None	None
ChainingRodShaped	741	3.77486	0.5	-21.9638	44.7957	0	-0.868068	0.496445	0	None	None
ChainingRodShaped	743	3.71776	0.5	-42.4042	50.174	0	0.833476	-0.552556	0	None	None
ChainingRodShaped	745	3.4801	0.5	-39.8292	26.0157	0	-0.943344	0.331816	0	None	None
ChainingRodShaped	747	3.85458	0.5	-11.7257	38.4073	0	-0.883513	-0.468406	0	None	None
ChainingRodShaped	1184	2.04117	0.5	-28.3676	33.4025	0	-0.936066	-0.351823	0	None	None
ChainingRodShaped	751	4.14854	0.5	-24.3468	47.2895	0	-0.865303	0.50125	0	None	None
ChainingRodShaped	753	4.58779	0.5	-56.1117	-67.6719	0	0.186015	0.982547	0	634	752
ChainingRodShaped	755	4.03635	0.5	56.455	169.21	0	-0.422805	0.906221	0	1068	754
ChainingRodShaped	757	4.9869	0.5	-40.4624	40.5253	0	-0.986398	-0.164375	0	None	None
ChainingRodShaped	759	3.06315	0.5	125.214	231.164	0	0.920116	0.391647	0	1202	758
ChainingRodShaped	761	4.71043	0.5	1.1145	88.0351	0	-0.182724	0.983164	0	866	760
ChainingRodShaped	763	4.5882	0.5	-30.7789	28.2708	0	-0.676721	-0.736239	0	None	None
ChainingRodShaped	765	4.17128	0.5	-31.9563	22.2833	0	-0.999973	-0.00735077	0	None	None
ChainingRodShaped	767	4.1598	0.5	-34.8654	-45.2972	0	0.990118	0.140239	0	1172	766
ChainingRodShaped	769	3.30136	0.5	-31.0327	54.5956	0	-0.988616	0.15046	0	None	None
ChainingRodShaped	771	3.24204	0.5	-29.9052	52.4745	0	-0.702142	0.712037	0	None	None
ChainingRodShaped	773	3.67071	0.5	-37.0951	19.1763	0	-0.991433	-0.130618	0	None	None
ChainingRodShaped	775	3.59808	0.5	77.0772	46.5372	0	-0.50511	0.863055	0	728	774
ChainingRodShaped	777	4.84951	0.5	-39.8457	55.3583	0	-0.883378	-0.46866	0	None	None
ChainingRodShaped	779	4.10138	0.5	-20.9711	33.6456	0	-0.849839	0.527042	0	None	None
ChainingRodShaped	781	4.6897	0.5	-33.3461	63.3694	0	-0.935368	-0.353676	0	None	None
ChainingRodShaped	783	4.1396	0.5	-49.4755	42.483	0	-0.349062	-0.9371	0	None	None
ChainingRodShaped	785	4.59269	0.5	-17.56	29.1441	0	-0.814162	-0.580638	0	None	None
ChainingRodShaped	787	4.53404	0.5	57.1994	193.612	0	0.449155	0.893454	0	520	786
ChainingRodShaped	789	3.48699	0.5	-24.7451	61.9803	0	-0.95296	0.303095	0	None	None
ChainingRodShaped	791	4.28975	0.5	-37.5618	60.6098	0	-0.898934	-0.438085	0	None	None
ChainingRodShaped	793	3.20933	0.5	-26.0016	41.3604	0	-0.951409	-0.307929	0	None	None
ChainingRodShaped	795	3.79543	0.5	-33.4021	60.6763	0	-0.27576	-0.961227	0	None	None
ChainingRodShaped	797	3.35833	0.5	-13.9515	33.4937	0	-0.751331	-0.659926	0	None	None
ChainingRodShaped	799	3.19984	0.5	-7.34665	39.1624	0	-0.841659	-0.540009	0	None	None
ChainingRodShaped	801	3.98743	0.5	-12.7325	47.1807	0	0.836786	-0.54753	0	None	None
ChainingRodShaped	803	3.71908	0.5	-39.8515	56.4539	0	-0.882942	-0.469482	0	None	None
ChainingRodShaped	805	3.60223	0.5	-36.0284	34.0018	0	-0.669087	-0.743184	0	None	None
ChainingRodShaped	807	3.10202	0.5	-20.3211	55.1404	0	-0.950488	-0.31076	0	None	None
ChainingRodShaped	809	3.60335	0.5	-19.9498	31.2144	0	-0.911051	-0.412294	0	None	None
ChainingRodShaped	811	4.15465	0.5	-41.804	52.2608	0	0.999102	0.0423718	0	None	None
ChainingRodShaped	813	4.35106	0.5	-28.4723	-147.06	0	-0.129724	0.99155	0	411	812
ChainingRodShaped	815	3.60991	0.5	48.0224	-26.9119	0	-0.417791	0.908543	0	698	814
ChainingRodShaped	817	3.67173	0.5	-36.9041	53.0787	0	-0.90163	0.432509	0	None	None
ChainingRodShaped	819	3.19528	0.5	-8.82711	42.4876	0	-0.99908	-0.0428755	0	None	None
ChainingRodShaped	821	4.47693	0.5	-15.6229	33.7204	0	-0.834536	-0.550954	0	None	None
ChainingRodShaped	823	3.22362	0.5	-29.9105	27.8233	0	-0.673569	-0.739124	0	None	None
ChainingRodShaped	825	3.04449	0.5	-45.6946	44.1037	0	-0.195838	0.980636	0	None	None
ChainingRodShaped	827	4.11041	0.5	45.0536	10.7375	0	0.853113	-0.521727	0	606	826
ChainingRodShaped	829	3.74191	0.5	-10.2137	35.9799	0	-0.8669	-0.498482	0	None	None
ChainingRodShaped	831	3.4775	0.5	-22.5838	51.6675	0	0.424766	-0.905303	0	None	None
ChainingRodShaped	833	4.24704	0.5	-40.0002	49.7502	0	0.839912	-0.542723	0	None	None
ChainingRodShaped	835	3.41365	0.5	81.1795	30.0081	0	0.0682979	0.997665	0	1006	834
ChainingRodShaped	837	3.33444	0.5	-27.1797	-161.654	0	-0.053612	0.998562	0	499	836
ChainingRodShaped	839	4.2774	0.5	96.3009	139.642	0	-0.722881	0.690972	0	716	838
ChainingRodShaped	841	3.79566	0.5	76.6763	152.28	0	-0.889971	0.456018	0	485	840
ChainingRodShaped	843	3.22356	0.5	-36.2488	-121.351	0	-0.445213	0.895425	0	696	842
ChainingRodShaped	845	3.33118	0.5	-40.0014	20.8621	0	-0.844844	0.535012	0	None	None
ChainingRodShaped	847	3.16401	0.5	29.308	-65.4246	0	0.959702	0.28102	0	1072	846
ChainingRodShaped	849	2.98907	0.5	-21.725	47.9476	0	-0.454181	0.890909	0	None	None
ChainingRodShaped	851	3.12088	0.5	88.5816	145.741	0	-0.838609	0.544734	0	838	850
ChainingRodShaped	853	3.03746	0.5	-31.9676	40.3074	0	-0.950487	-0.310764	0	None	None
ChainingRodShaped	855	3.02859	0.5	-45.9411	37.0923	0	-0.964623	-0.263635	0	None	None
ChainingRodShaped	857	4.0468	0.5	53.9958	178.682	0	-0.0685138	0.99765	0	754	856
ChainingRodShaped	859	3.4564	0.5	-18.7577	45.2319	0	0.890715	-0.454563	0	None	None
ChainingRodShaped	861	2.96596	0.5	-18.5843	37.6061	0	-0.960062	0.279787	0	None	None
ChainingRodShaped	863	4.21558	0.5	9.20884	42.6574	0	0.999954	0.0096019	0	636	862
ChainingRodShaped	865	2.98191	0.5	66.2661	57.8406	0	-0.858261	0.513214	0	1170	864
ChainingRodShaped	867	2.9528	0.5	4.02666	79.6643	0	-0.494196	0.869351	0	1014	866
ChainingRodShaped	869	4.16323	0.5	-37.2723	29.4559	0	-0.957951	-0.286932	0	None	None
ChainingRodShaped	871	3.60007	0.5	48.8574	-46.791	0	0.369331	0.929298	0	447	870
ChainingRodShaped	873	3.5078	0.5	-20.9503	36.2931	0	-0.96353	0.267601	0	None	None
ChainingRodShaped	875	3.90553	0.5	-50.584	-97.0355	0	-0.478138	0.878285	0	1008	874
ChainingRodShaped	877	3.6004	0.5	95.8456	99.3495	0	0.837812	0.545958	0	884	876
ChainingRodShaped	879	3.05111	0.5	-24.3845	55.5134	0	-0.432428	0.901669	0	None	None
ChainingRodShaped	881	3.63866	0.5	-18.0311	57.9352	0	-0.968389	-0.249445	0	None	None
ChainingRodShaped	883	3.1397	0.5	-33.8845	36.6065	0	-0.960466	-0.278398	0	None	None
ChainingRodShaped	885	2.77862	0.5	88.2014	95.9454	0	0.969161	0.246429	0	1044	884
ChainingRodShaped	887	3.45621	0.5	-28.3866	54.5438	0	-0.486609	0.87362	0	None	None
ChainingRodShaped	889	3.73069	0.5	-40.8695	24.3313	0	-0.980641	-0.195816	0	None	None
ChainingRodShaped	891	3.81784	0.5	-17.6235	-47.396	0	0.932627	-0.360843	0	906	890
ChainingRodShaped	893	2.89668	0.5	0.608293	-58.0322	0	0.830742	-0.556657	0	680	892
ChainingRodShaped	895	2.86083	0.5	18.4355	40.7203	0	0.89939	-0.437148	0	862	894
ChainingRodShaped	897	2.65045	0.5	-44.9495	48.3767	0	-0.836895	0.547364	0	None	None
ChainingRodShaped	899	3.12786	0.5	-27.1385	46.6852	0	-0.870879	0.491498	0	None	None
ChainingRodShaped	901	3.28018	0.5	-28.9385	25.6885	0	0.0597949	-0.998211	0	None	None
ChainingRodShaped	903	3.76599	0.5	-22.9967	22.852	0	-0.714319	-0.699821	0	None	None
ChainingRodShaped	905	3.22465	0.5	-28.0538	26.7392	0	0.0630212	-0.998012	0	None	None
ChainingRodShaped	907	3.65261	0.5	-25.6991	-45.2695	0	0.99055	-0.137153	0	766	906
ChainingRodShaped	909	3.08887	0.5	-49.0372	40.8155	0	-0.343407	-0.939187	0	None	None
ChainingRodShaped	911	2.63766	0.5	-38.5384	43.7278	0	-0.999999	0.00102181	0	None	None
ChainingRodShaped	913	3.10547	0.5	-29.8507	11.7047	0	0.355983	0.934492	0	978	912
ChainingRodShaped	915	3.15093	0.5	51.785	63.1767	0	-0.983641	0.180138	0	1076	914
ChainingRodShaped	917	3.12528	0.5	16.365	115.98	0	0.941819	0.33612	0	1188	916
ChainingRodShaped	919	3.58303	0.5	-16.517	46.3712	0	0.773116	-0.634264	0	None	None
ChainingRodShaped	921	3.60237	0.5	-9.608	47.7021	0	-0.918466	0.395501	0	None	None
ChainingRodShaped	923	2.63509	0.5	-31.9139	46.1569	0	-0.736441	0.676502	0	None	None
ChainingRodShaped	925	3.5107	0.5	-22.6461	28.2861	0	-0.983318	-0.181893	0	None	None
ChainingRodShaped	927	3.4989	0.5	14.578	-65.0795	0	0.957266	-0.289208	0	988	926
ChainingRodShaped	929	2.70296	0.5	-18.1322	38.4609	0	-0.957271	0.289193	0	None	None
ChainingRodShaped	931	2.72342	0.5	-17.2777	43.5138	0	-0.996269	0.0863073	0	None	None
ChainingRodShaped	933	3.08471	0.5	-16.1162	55.7202	0	-0.613965	-0.789333	0	None	None
ChainingRodShaped	935	3.48792	0.5	-42.912	29.7284	0	-0.800845	0.598871	0	None	None
ChainingRodShaped	937	2.85851	0.5	-16.5196	48.8217	0	0.820212	-0.57206	0	None	None
ChainingRodShaped	939	2.8383	0.5	-25.4816	32.9457	0	-0.851042	-0.525098	0	None	None
ChainingRodShaped	941	3.2151	0.5	-3.31344	48.3949	0	-0.813732	0.58124	0	None	None
ChainingRodShaped	943	2.64921	0.5	-10.57	41.0783	0	-0.940269	-0.340433	0	None	None
ChainingRodShaped	945	3.44584	0.5	105.816	116.665	0	0.103483	0.994631	0	379	944
ChainingRodShaped	947	3.25822	0.5	27.4291	32.3899	0	0.578269	-0.815846	0	570	946
ChainingRodShaped	949	3.1742	0.5	-25.6751	51.1688	0	-0.516315	0.856399	0	None	None
ChainingRodShaped	951	2.91936	0.5	-10.2346	44.7567	0	0.937818	-0.347127	0	None	None
ChainingRodShaped	953	2.96422	0.5	-17.7933	39.3526	0	-0.955521	0.294923	0	None	None
ChainingRodShaped	955	2.83743	0.5	-6.95572	49.7996	0	-0.943358	0.331775	0	None	None
ChainingRodShaped	957	2.50781	0.5	-35.9335	26.6941	0	-0.935483	0.353371	0	None	None
ChainingRodShaped	959	3.28187	0.5	95.2148	219.458	0	0.941933	0.3358	0	1144	958
ChainingRodShaped	961	3.15978	0.5	14.8307	69.5526	0	-0.88529	0.465039	0	1182	960
ChainingRodShaped	963	3.20831	0.5	-36.7058	30.6113	0	-0.955035	-0.296493	0	None	None
ChainingRodShaped	965	3.08007	0.5	35.1058	20.2523	0	0.575634	-0.817707	0	1112	964
ChainingRodShaped	967	2.92981	0.5	-21.5657	40.4473	0	-0.962936	0.269731	0	None	None
ChainingRodShaped	969	2.94414	0.5	-26.9947	61.3628	0	-0.993761	0.111531	0	None	None
ChainingRodShaped	971	2.71563	0.5	-30.0141	-138.242	0	-0.227299	0.973825	0	812	970
ChainingRodShaped	973	3.31348	0.5	-32	57.6704	0	-0.988872	0.148767	0	None	None
ChainingRodShaped	975	3.0613	0.5	37.5961	-61.5258	0	0.827854	0.560944	0	846	974
ChainingRodShaped	977	2.62416	0.5	-23.8963	56.954	0	0.573175	-0.819433	0	None	None
ChainingRodShaped	979	3.3008	0.5	-30.8279	3.6237	0	-0.131848	0.99127	0	551	978
ChainingRodShaped	981	2.64777	0.5	43.5252	-20.2989	0	-0.706581	0.707633	0	814	980
ChainingRodShaped	983	2.62664	0.5	-40.3424	35.9853	0	-0.906055	-0.423159	0	None	None
ChainingRodShaped	985	2.85796	0.5	-40.6164	22.4416	0	-0.87456	0.484918	0	None	None
ChainingRodShaped	987	2.98691	0.5	-21.2855	26.6094	0	-0.980423	-0.196905	0	None	None
ChainingRodShaped	989	3.11836	0.5	7.06752	-61.9516	0	0.882506	-0.470301	0	892	988
ChainingRodShaped	991	3.23017	0.5	5.62547	108.023	0	0.600481	0.799639	0	627	990
ChainingRodShaped	993	2.64924	0.5	-17.2453	31.5549	0	-0.825614	-0.564235	0	None	None
ChainingRodShaped	995	2.64328	0.5	-46.3361	30.0626	0	-0.400965	0.916093	0	None	None
ChainingRodShaped	997	2.89264	0.5	-31.4281	55.6292	0	-0.989104	0.147218	0	None	None
ChainingRodShaped	999	2.41644	0.5	64.0265	100.634	0	0.868558	-0.495587	0	710	998
ChainingRodShaped	1001	2.58112	0.5	-39.6226	41.6341	0	-0.987992	-0.154505	0	None	None
ChainingRodShaped	1003	3.04401	0.5	24.8265	117.762	0	0.997314	0.0732409	0	916	1002
ChainingRodShaped	1005	2.48227	0.5	-33.0489	44.541	0	0.720684	-0.693264	0	None	None
ChainingRodShaped	1007	2.94924	0.5	79.3304	22.1126	0	0.393277	0.91942	0	1032	1006
ChainingRodShaped	1009	2.6492	0.5	-46.7704	-103.562	0	-0.528895	0.848687	0	1114	1008
ChainingRodShaped	1011	2.79438	0.5	-10.8971	37.774	0	-0.878782	-0.477224	0	None	None
ChainingRodShaped	1013	2.67694	0.5	9.03974	-12.6271	0	-0.99254	-0.12192	0	1102	1012
ChainingRodShaped	1015	2.52016	0.5	8.60911	73.8627	0	-0.734041	0.679106	0	960	1014
ChainingRodShaped	1017	2.44003	0.5	-37.4257	49.262	0	0.808357	-0.588693	0	None	None
ChainingRodShaped	1019	2.86275	0.5	-46.9279	23.5499	0	-0.319028	0.947745	0	None	None
ChainingRodShaped	1021	2.90485	0.5	133.352	234.646	0	0.918978	0.394308	0	758	1020
ChainingRodShaped	1023	2.3736	0.5	-20.107	34.2351	0	-0.84473	0.535192	0	None	None
ChainingRodShaped	1025	2.37322	0.5	-29.4169	57.7906	0	-0.625921	0.779887	0	None	None
ChainingRodShaped	1027	2.76362	0.5	-25.2214	40.6477	0	-0.948285	-0.317419	0	None	None
ChainingRodShaped	1029	2.52429	0.5	-39.1948	37.5797	0	-0.915097	-0.403234	0	None	None
ChainingRodShaped	1031	2.88239	0.5	-32.5558	49.2641	0	-0.788157	0.615474	0	None	None
ChainingRodShaped	1033	2.41813	0.5	75.4322	16.0809	0	0.687559	0.726129	0	630	1032
ChainingRodShaped	1035	2.45985	0.5	101.527	104.552	0	0.594908	0.803794	0	876	1034
ChainingRodShaped	1037	2.62856	0.5	-31.0167	35.4835	0	-0.931697	-0.363236	0	None	None
ChainingRodShaped	1039	2.57189	0.5	-50.6306	-54.5745	0	0.592966	0.805228	0	459	1038
ChainingRodShaped	1041	2.6223	0.5	-3.24353	43.9362	0	0.782967	-0.622064	0	None	None
ChainingRodShaped	1043	2.48083	0.5	-35.5029	51.3552	0	-0.906337	0.422557	0	None	None
ChainingRodShaped	1045	2.35479	0.5	81.3127	95.2161	0	0.999152	-0.0411696	0	616	1044
ChainingRodShaped	1047	2.85204	0.5	27.7787	65.6914	0	-0.990654	0.136398	0	510	1046
ChainingRodShaped	1049	2.56176	0.5	-2.16296	39.3475	0	0.845165	0.534506	0	662	1048
ChainingRodShaped	1051	2.50297	0.5	-13.9397	45.6365	0	0.826899	-0.562351	0	None	None
ChainingRodShaped	1053	2.56567	0.5	-31.8287	44.7351	0	0.72722	-0.686404	0	None	None
ChainingRodShaped	1055	2.59121	0.5	-25.7702	18.5315	0	0.638787	0.769384	0	912	1054
ChainingRodShaped	1057	2.34342	0.5	-44.9622	39.4807	0	-0.934324	-0.356424	0	None	None
ChainingRodShaped	1059	2.61115	0.5	-26.7309	43.027	0	-0.906096	0.423073	0	None	None
ChainingRodShaped	1061	2.55089	0.5	-25.3149	55.1821	0	-0.430555	0.902564	0	None	None
ChainingRodShaped	1063	2.74185	0.5	-20.6703	23.7389	0	0.739365	0.673305	0	1054	1062
ChainingRodShaped	1065	2.67205	0.5	-45.6767	26.2989	0	-0.797451	0.603383	0	None	None
ChainingRodShaped	1067	2.45256	0.5	-36.4887	36.8064	0	-0.47797	-0.878376	0	None	None
ChainingRodShaped	1069	2.71429	0.5	60.6364	162.929	0	-0.689072	0.724693	0	722	1068
ChainingRodShaped	1071	2.38029	0.5	-33.4715	27.616	0	-0.948256	-0.317506	0	None	None
ChainingRodShaped	1073	2.50486	0.5	22.281	-66.3993	0	0.999771	-0.0214128	0	926	1072
ChainingRodShaped	1075	2.71972	0.5	-2.61339	40.2251	0	-0.846543	-0.532321	0	None	None
ChainingRodShaped	1077	2.48898	0.5	58.5927	61.4228	0	-0.943896	0.330243	0	864	1076
ChainingRodShaped	1079	2.43274	0.5	-10.1123	48.9831	0	-0.917523	0.397683	0	None	None
ChainingRodShaped	1081	2.66862	0.5	-33.7767	38.6849	0	-0.950315	-0.311291	0	None	None
ChainingRodShaped	1083	2.45342	0.5	-47.2646	33.6877	0	-0.967385	-0.253311	0	None	None
ChainingRodShaped	1085	2.5156	0.5	0.807044	97.221	0	0.156603	0.987662	0	760	1084
ChainingRodShaped	1087	2.37833	0.5	32.323	117.4	0	0.984306	-0.17647	0	1002	1086
ChainingRodShaped	1089	2.4744	0.5	-4.38258	40.7492	0	-0.547948	-0.836513	0	None	None
ChainingRodShaped	1091	2.38298	0.5	-6.0189	42.2255	0	-0.841666	-0.539998	0	None	None
ChainingRodShaped	1093	2.40235	0.5	-41.4696	34.4197	0	-0.943392	-0.33168	0	None	None
ChainingRodShaped	1095	2.38748	0.5	-32.4064	41.1824	0	-0.951164	-0.308687	0	None	None
ChainingRodShaped	1097	2.3527	0.5	-31.8186	29.284	0	-0.919771	-0.392455	0	None	None
ChainingRodShaped	1099	2.36204	0.5	-35.6203	42.7133	0	-0.994113	0.108348	0	None	None
ChainingRodShaped	1101	2.38767	0.5	-42.8437	49.3042	0	0.832517	-0.554	0	None	None
ChainingRodShaped	1103	2.43638	0.5	15.9771	-11.9755	0	-0.998584	-0.0531891	0	600	1102
ChainingRodShaped	1105	2.49615	0.5	-38.4658	45.8967	0	0.982343	-0.187091	0	None	None
ChainingRodShaped	1107	2.17815	0.5	-22.5656	57.3704	0	-0.809603	0.586978	0	None	None
ChainingRodShaped	1109	2.22195	0.5	-34.1547	43.5099	0	-0.963882	0.266328	0	None	None
ChainingRodShaped	1111	2.41047	0.5	53.5204	7.4271	0	0.988341	-0.152259	0	826	1110
ChainingRodShaped	1113	2.34239	0.5	31.4124	26.0856	0	0.506105	-0.862472	0	946	1112
ChainingRodShaped	1115	2.38735	0.5	-43.2761	-109.113	0	-0.531287	0.847192	0	456	1114
ChainingRodShaped	1117	2.28121	0.5	-9.88457	-51.1028	0	0.865082	-0.50163	0	890	1116
ChainingRodShaped	1119	2.34737	0.5	-10.8993	32.3969	0	0.744006	0.668173	0	1158	1118
ChainingRodShaped	1121	2.1739	0.5	-11.94	39.3988	0	-0.887183	-0.461417	0	None	None
ChainingRodShaped	1123	2.31784	0.5	-31.9285	47.5066	0	-0.771133	0.636674	0	None	None
ChainingRodShaped	1125	2.23886	0.5	39.4193	64.6005	0	-0.997152	0.0754157	0	592	1124
ChainingRodShaped	1127	2.24444	0.5	-42.1467	27.8915	0	-0.931661	0.363329	0	None	None
ChainingRodShaped	1129	2.13448	0.5	82.9978	214.839	0	0.920495	0.390755	0	1180	1128
ChainingRodShaped	1131	2.17794	0.5	-14.2613	51.271	0	-0.99203	0.126002	0	None	None
ChainingRodShaped	1133	2.3133	0.5	113.34	226.248	0	0.929112	0.369799	0	470	1132
ChainingRodShaped	1135	2.25203	0.5	-15.9398	40.8752	0	-0.848782	0.528743	0	None	None
ChainingRodShaped	1137	2.24676	0.5	50.6496	-39.4184	0	0.0682562	0.997668	0	870	1136
ChainingRodShaped	1139	2.20884	0.5	-23.4892	30.0432	0	-0.995193	0.0979331	0	None	None
ChainingRodShaped	1141	2.27279	0.5	-33.1613	41.9693	0	-0.949859	-0.312677	0	None	None
ChainingRodShaped	1143	2.22015	0.5	-24.1523	31.5089	0	-0.861372	-0.507974	0	None	None
ChainingRodShaped	1145	2.17099	0.5	88.8272	217.145	0	0.937014	0.349293	0	1128	1144
ChainingRodShaped	1147	2.09025	0.5	-27.3516	56.7112	0	-0.588749	0.808316	0	None	None
ChainingRodShaped	1149	2.2465	0.5	-24.8849	37.7308	0	-0.93954	-0.342439	0	None	None
ChainingRodShaped	1151	2.21216	0.5	-28.5178	32.3342	0	-0.932498	-0.361174	0	None	None
ChainingRodShaped	1153	2.13251	0.5	-29.5705	23.3962	0	0.689712	-0.724084	0	None	None
ChainingRodShaped	1155	2.07555	0.5	103.936	129.385	0	-0.378861	0.925453	0	594	1154
ChainingRodShaped	1157	2.12557	0.5	-55.5666	-85.4111	0	-0.274697	0.961531	0	709	1156
ChainingRodShaped	1159	2.14915	0.5	-15.5806	28.2298	0	0.753667	0.657256	0	1062	1158
ChainingRodShaped	1161	2.11928	0.5	-39.8827	39.6011	0	-0.987368	-0.158442	0	None	None
ChainingRodShaped	1163	2.13704	0.5	-26.4651	-178.953	0	-0.036666	0.999328	0	None	1162
ChainingRodShaped	1165	2.15313	0.5	-15.8144	29.2931	0	-0.808308	-0.58876	0	None	None
ChainingRodShaped	1167	2.11203	0.5	102.122	221.946	0	0.938774	0.344533	0	958	1166
ChainingRodShaped	1169	2.08147	0.5	-13.0059	56.086	0	-0.178456	0.983948	0	None	None
ChainingRodShaped	1171	2.06074	0.5	71.4828	53.8788	0	-0.710835	0.703359	0	774	1170
ChainingRodShaped	1173	2.0867	0.5	-41.6966	-47.2127	0	0.898745	0.438472	0	715	1172
ChainingRodShaped	1175	2.11379	0.5	70.4651	97.5	0	0.931171	-0.364582	0	998	1174
ChainingRodShaped	1177	2.05609	0.5	-25.8113	38.4314	0	-0.942697	-0.33365	0	None	None
ChainingRodShaped	1179	2.05575	0.5	-29.5169	18.5162	0	0.183861	-0.982952	0	None	None
ChainingRodShaped	1181	2.0603	0.5	77.5489	212.278	0	0.885565	0.464516	0	703	1180
ChainingRodShaped	1183	2.05569	0.5	20.8794	67.0854	0	-0.960994	0.276568	0	1046	1182
ChainingRodShaped	1185	2.05705	0.5	-25.6885	34.0431	0	-0.805737	-0.592274	0	None	None
ChainingRodShaped	1187	2.06032	0.5	-27.0427	25.7681	0	0.0530121	-0.998594	0	None	None
ChainingRodShaped	1189	2.0382	0.5	10.588	113.024	0	0.808874	0.587981	0	990	1188
ChainingRodShaped	1191	2.01775	0.5	-32.4937	19.1069	0	-0.802773	-0.596285	0	None	None
ChainingRodShaped	1193	2.01863	0.5	-27.8315	49.3834	0	-0.842561	0.5386	0	None	None
ChainingRodShaped	1195	2.02048	0.5	-23.9433	43.7323	0	-0.863505	0.504341	0	None	None
ChainingRodShaped	1197	2.03195	0.5	-16.6636	56.6313	0	-0.617185	-0.786818	0	None	None
ChainingRodShaped	1199	2.01117	0.5	-28.5668	35.3554	0	-0.94089	-0.338711	0	None	None
ChainingRodShaped	1201	2.01505	0.5	27.7795	-12.5099	0	-0.980141	0.198302	0	718	1200
ChainingRodShaped	1203	2.00665	0.5	119.234	228.646	0	0.923601	0.383356	0	1132	1202
ChainingRodShaped	1205	2.00211	0.5	-39.1391	31.1239	0	-0.999793	-0.0203489	0	None	None
