cell_type	cell_id	length	radius	pos_x	pos_y	pos_z	ori_x	ori_y	ori_z	lower_link	upper_link
ChainingRodShaped	1020	4.26071	0.5	173.635	249.041	0	0.897449	0.441119	0	1674	None
ChainingRodShaped	1556	3.32429	0.5	-58.4068	28.6009	0	-0.616417	0.78742	0	None	None
ChainingRodShaped	1780	2.45009	0.5	-58.0554	40.9666	0	-0.834142	-0.55155	0	None	None
ChainingRodShaped	728	4.63574	0.5	102.373	45.8831	0	-0.238339	0.971182	0	1568	1683
ChainingRodShaped	1574	3.58988	0.5	-60.1704	34.7124	0	-0.431165	0.902273	0	None	None
ChainingRodShaped	850	4.82461	0.5	90.846	151.615	0	-0.999425	-0.0338999	0	851	1599
ChainingRodShaped	1544	2.9509	0.5	1.14962	-19.6034	0	-0.536284	-0.844038	0	1545	733
ChainingRodShaped	1356	3.37551	0.5	-54.9029	52.2534	0	-0.142224	0.989834	0	None	None
ChainingRodShaped	1330	3.36066	0.5	-60.2051	32.515	0	-0.456176	0.889889	0	None	None
ChainingRodShaped	1868	2.2336	0.5	-45.3408	58.9188	0	-0.940006	0.341157	0	None	None
ChainingRodShaped	990	4.05493	0.5	-9.88459	126.653	0	0.687539	0.726147	0	1532	1189
ChainingRodShaped	1830	2.26264	0.5	-47.3814	38.9038	0	-0.904267	-0.426967	0	None	None
ChainingRodShaped	1622	2.51608	0.5	-38.2074	64.2816	0	-0.864109	-0.503304	0	None	None
ChainingRodShaped	1996	2.05846	0.5	25.4575	-90.1518	0	0.999988	-0.00495887	0	1997	1073
ChainingRodShaped	1818	2.29402	0.5	-38.0234	10.8841	0	-0.969444	-0.245313	0	None	None
ChainingRodShaped	1644	2.89253	0.5	52.4886	222.763	0	0.938557	0.345125	0	1645	1503
ChainingRodShaped	1268	3.71224	0.5	-51.0764	56.7554	0	-0.680119	-0.733101	0	None	None
ChainingRodShaped	1024	4.57394	0.5	-32.5551	62.9856	0	-0.857237	0.514922	0	None	None
ChainingRodShaped	1720	2.99217	0.5	43.713	50.6765	0	0.402725	-0.915321	0	1721	1585
ChainingRodShaped	1216	4.03591	0.5	60.168	93.2818	0	0.529975	-0.848013	0	1217	999
ChainingRodShaped	1284	4.27274	0.5	-31.8993	67.1658	0	-0.983228	-0.182381	0	None	None
ChainingRodShaped	1190	3.40323	0.5	-38.8542	11.6901	0	-0.969803	-0.24389	0	None	None
ChainingRodShaped	1082	3.64274	0.5	-57.9542	34.2161	0	-0.784363	0.620302	0	None	None
ChainingRodShaped	1320	4.84962	0.5	-59.4797	38.1682	0	-0.742475	0.669874	0	None	None
ChainingRodShaped	1008	3.8566	0.5	-57.737	-101.604	0	-0.950517	0.310672	0	1009	1421
ChainingRodShaped	1600	3.455	0.5	-4.69136	47.2624	0	0.995793	-0.09163	0	None	None
ChainingRodShaped	1990	2.04801	0.5	-35.9127	33.8276	0	-0.879231	-0.476395	0	None	None
ChainingRodShaped	924	4.51914	0.5	-26.1189	26.6387	0	-0.993778	0.111379	0	None	None
ChainingRodShaped	814	4.49372	0.5	63.4551	-17.3213	0	-0.793708	0.608299	0	1616	981
ChainingRodShaped	1482	3.79912	0.5	-7.62447	46.6437	0	0.986035	-0.166538	0	None	None
ChainingRodShaped	1718	2.71825	0.5	26.1527	61.1024	0	-0.921701	-0.3879	0	1719	1637
ChainingRodShaped	1808	2.63412	0.5	-10.1449	45.1305	0	0.983459	-0.181133	0	None	None
ChainingRodShaped	1104	3.56029	0.5	-34.6001	46.0194	0	0.788197	-0.615423	0	None	None
ChainingRodShaped	958	4.62588	0.5	104.408	223.443	0	0.998369	0.0570887	0	1558	1167
ChainingRodShaped	1988	2.06418	0.5	-27.2556	41.8333	0	0.85687	-0.515532	0	None	None
ChainingRodShaped	1034	3.6255	0.5	123.399	94.6873	0	0.579729	0.814809	0	1035	1275
ChainingRodShaped	1596	3.00636	0.5	-38.4096	52.233	0	-0.855146	0.518387	0	None	None
ChainingRodShaped	868	4.00895	0.5	-41.7476	23.0006	0	-0.944239	0.32926	0	None	None
ChainingRodShaped	1260	4.28884	0.5	-51.7503	-19.9724	0	-0.756991	0.653426	0	1261	1951
ChainingRodShaped	1876	2.15903	0.5	-34.3232	-29.1323	0	0.95948	-0.281776	0	1877	1465
ChainingRodShaped	1618	2.5178	0.5	-54.4084	33.594	0	-0.999364	-0.0356509	0	None	None
ChainingRodShaped	1068	3.93075	0.5	38.1474	152.455	0	-0.823751	0.566951	0	1704	1451
ChainingRodShaped	1332	3.09247	0.5	-15.9887	31.88	0	-0.844634	-0.535345	0	None	None
ChainingRodShaped	1370	3.14357	0.5	-44.0559	14.0177	0	-0.989019	0.147791	0	None	None
ChainingRodShaped	1164	4.20609	0.5	-17.2171	20.4893	0	-0.643774	-0.765216	0	None	None
ChainingRodShaped	1376	3.71686	0.5	66.5025	-68.9371	0	0.595613	0.803271	0	1377	1341
ChainingRodShaped	1388	4.15621	0.5	-32.9567	20.6499	0	-0.554155	-0.832414	0	None	None
ChainingRodShaped	1344	3.51473	0.5	-17.445	-123.082	0	-0.465463	0.885068	0	1345	1961
ChainingRodShaped	1214	3.4971	0.5	75.5836	-15.7586	0	0.985411	0.170193	0	1215	1241
ChainingRodShaped	1684	2.56072	0.5	-39.7268	60.5989	0	-0.999356	-0.0358808	0	None	None
ChainingRodShaped	1918	2.29832	0.5	-2.62577	48.9769	0	0.993798	-0.111203	0	None	None
ChainingRodShaped	1292	3.87404	0.5	-44.4559	47.2917	0	0.873248	-0.487276	0	None	None
ChainingRodShaped	896	4.05799	0.5	-53.9031	52.2315	0	-0.141392	0.989954	0	None	None
ChainingRodShaped	1970	2.12047	0.5	-29.6423	14.1466	0	-0.946655	-0.32225	0	None	None
ChainingRodShaped	1892	2.21179	0.5	-19.8315	58.3104	0	-0.722632	0.691233	0	None	None
ChainingRodShaped	1820	2.27679	0.5	-17.3388	70.1407	0	-0.560782	0.827964	0	1821	867
ChainingRodShaped	1300	4.45769	0.5	-45.9216	32.0239	0	-0.87801	-0.478643	0	None	None
ChainingRodShaped	1076	4.01509	0.5	62.9308	75.9216	0	-0.993009	-0.118043	0	2014	1745
ChainingRodShaped	1662	2.51822	0.5	-12.6246	60.8087	0	-0.0943839	0.995536	0	None	None
ChainingRodShaped	1872	2.47257	0.5	-57.0939	38.1272	0	-0.969202	0.246267	0	None	None
ChainingRodShaped	1898	2.38116	0.5	-8.23208	26.2422	0	0.618348	0.785904	0	1899	1791
ChainingRodShaped	1796	2.62703	0.5	-45.1204	38.9079	0	-0.90007	-0.435744	0	None	None
ChainingRodShaped	1412	3.55654	0.5	-16.5613	-31.0379	0	-0.996117	-0.0880387	0	1413	1375
ChainingRodShaped	1522	3.76203	0.5	-40.8889	18.2688	0	-0.806853	-0.590752	0	None	None
ChainingRodShaped	1992	2.10554	0.5	-82.4092	-45.5084	0	0.417303	0.908767	0	1993	1397
ChainingRodShaped	1086	4.14283	0.5	36.365	132.118	0	0.763157	-0.646213	0	1087	683
ChainingRodShaped	1212	3.91106	0.5	-22.731	45.7094	0	-0.861124	0.508395	0	None	None
ChainingRodShaped	1042	4.00524	0.5	-46.0242	58.008	0	-0.894729	0.446609	0	None	None
ChainingRodShaped	1460	4.2163	0.5	25.9077	193.444	0	0.303549	0.952816	0	1461	1959
ChainingRodShaped	880	4.30167	0.5	-20.9887	65.0696	0	-0.972847	0.231449	0	None	None
ChainingRodShaped	1924	2.21453	0.5	119.75	144.41	0	-0.805166	0.593049	0	1925	1347
ChainingRodShaped	1080	3.98519	0.5	-36.936	39.4636	0	-0.885072	0.465454	0	None	None
ChainingRodShaped	1646	2.62599	0.5	84.8198	76.604	0	0.994756	-0.102279	0	1647	1045
ChainingRodShaped	836	4.89651	0.5	-22.1715	-177.48	0	0.253337	0.967378	0	1828	1309
ChainingRodShaped	1146	3.64711	0.5	-32.0459	64.9463	0	-0.864733	0.502233	0	None	None
ChainingRodShaped	1436	3.04685	0.5	41.0375	3.24656	0	0.525806	-0.850605	0	1437	1391
ChainingRodShaped	1362	3.08445	0.5	66.4574	148.011	0	-0.987303	-0.158847	0	1363	1949
ChainingRodShaped	1944	2.21306	0.5	-18.786	34.2045	0	-0.740993	0.671513	0	None	None
ChainingRodShaped	822	4.58588	0.5	-34.7965	21.3453	0	-0.552125	-0.833762	0	None	None
ChainingRodShaped	1338	4.88815	0.5	-10.2903	27.9028	0	-0.597471	-0.801891	0	None	None
ChainingRodShaped	1798	2.36224	0.5	150.505	237.596	0	0.896452	0.443141	0	1799	759
ChainingRodShaped	802	4.73231	0.5	-50.5663	58.8342	0	-0.659557	-0.751655	0	None	None
ChainingRodShaped	1336	3.43794	0.5	-17.4101	57.32	0	-0.729797	0.683664	0	None	None
ChainingRodShaped	870	4.15306	0.5	76.4414	-48.1317	0	0.218735	0.975784	0	1540	2005
ChainingRodShaped	1542	2.91468	0.5	-52.772	31.7177	0	-0.999	-0.0447137	0	None	None
ChainingRodShaped	1408	3.85695	0.5	-40.4358	17.4066	0	-0.803074	-0.595879	0	None	None
ChainingRodShaped	1730	2.31301	0.5	-20.3167	111.324	0	0.396507	0.918032	0	1731	2007
ChainingRodShaped	1462	3.74344	0.5	-48.1303	31.9339	0	-0.849365	-0.527806	0	None	None
ChainingRodShaped	1936	2.12297	0.5	-38.9031	57.6965	0	-0.998578	0.0533195	0	None	None
ChainingRodShaped	1230	3.54622	0.5	-0.156485	-62.6526	0	0.181178	-0.98345	0	1902	893
ChainingRodShaped	1588	3.57195	0.5	103.831	19.71	0	0.150417	0.988623	0	1589	1753
ChainingRodShaped	1234	4.84122	0.5	37.2345	1.60238	0	-0.887762	0.460303	0	1235	1201
ChainingRodShaped	1548	3.43872	0.5	-51.6005	59.147	0	-0.660632	-0.75071	0	None	None
ChainingRodShaped	1218	4.90445	0.5	1.86557	49.2585	0	0.980364	0.197198	0	None	None
ChainingRodShaped	1040	4.29293	0.5	4.66891	48.7242	0	-0.635559	-0.772052	0	None	None
ChainingRodShaped	1554	3.37373	0.5	-54.2112	0.575999	0	0.57148	0.820616	0	1555	1807
ChainingRodShaped	1236	3.81927	0.5	-56.7274	47.6111	0	-0.452097	0.891969	0	None	None
ChainingRodShaped	1180	3.99449	0.5	70.1712	225.419	0	0.999984	-0.00561602	0	1181	1129
ChainingRodShaped	1382	4.63866	0.5	-36.7281	-107.952	0	-0.93115	0.364635	0	1383	1813
ChainingRodShaped	1518	3.56302	0.5	-18.2697	36.3018	0	-0.740994	0.671511	0	None	None
ChainingRodShaped	1848	2.23026	0.5	86.6895	70.6304	0	-0.848161	0.529738	0	1849	865
ChainingRodShaped	1192	4.88178	0.5	-33.9955	55.2256	0	-0.851444	0.524446	0	None	None
ChainingRodShaped	1440	4.20761	0.5	13.1696	139.423	0	0.990246	0.139331	0	1441	1607
ChainingRodShaped	1572	2.8273	0.5	-20.9937	54.5573	0	0.301794	-0.953373	0	None	None
ChainingRodShaped	1628	2.9243	0.5	45.9128	121.307	0	0.54403	-0.839066	0	1629	1457
ChainingRodShaped	1810	2.41353	0.5	-25.1802	38.7647	0	-0.959295	-0.282405	0	None	None
ChainingRodShaped	1156	3.50031	0.5	-83.261	-80.753	0	-0.431799	0.90197	0	1157	1255
ChainingRodShaped	1052	4.18233	0.5	-27.0894	42.8286	0	0.853675	-0.520806	0	None	None
ChainingRodShaped	1100	4.61825	0.5	-42.0511	49.241	0	0.969962	-0.243257	0	None	None
ChainingRodShaped	1368	4.10321	0.5	50.1276	-83.4528	0	0.881769	0.471682	0	1369	1661
ChainingRodShaped	636	4.74698	0.5	12.1552	53.2098	0	0.786106	0.618092	0	1048	1349
ChainingRodShaped	1762	2.74495	0.5	-24.5002	66.1621	0	-0.46711	0.884199	0	None	None
ChainingRodShaped	1986	2.10742	0.5	-50.4134	26.0588	0	-0.936063	0.351833	0	None	None
ChainingRodShaped	1306	4.97066	0.5	-40.5698	25.568	0	-0.86371	-0.50399	0	None	None
ChainingRodShaped	1264	3.83677	0.5	-21.5587	18.5162	0	-0.991912	-0.126926	0	None	None
ChainingRodShaped	1746	2.40613	0.5	-24.2251	55.3636	0	-0.302073	0.953285	0	None	None
ChainingRodShaped	1842	2.54696	0.5	42.8625	69.2579	0	-0.891988	-0.452059	0	1843	1125
ChainingRodShaped	1566	3.55528	0.5	-26.2996	-197.478	0	0.158907	0.987293	0	1567	1387
ChainingRodShaped	1314	4.74091	0.5	130.501	124.757	0	-0.142331	0.989819	0	1315	1155
ChainingRodShaped	1966	2.16954	0.5	-28.3258	29.0386	0	-0.988763	-0.149491	0	None	None
ChainingRodShaped	2010	2.04306	0.5	-28.316	48.3333	0	-0.798311	0.602245	0	None	None
ChainingRodShaped	1512	3.0218	0.5	-50.1652	20.6063	0	-0.695731	0.718302	0	None	None
ChainingRodShaped	1576	3.2639	0.5	-39.4911	15.7341	0	-0.808345	-0.588708	0	None	None
ChainingRodShaped	1666	2.45179	0.5	-14.871	-151.005	0	0.204462	0.978874	0	1667	971
ChainingRodShaped	1282	4.97836	0.5	126.09	227.365	0	0.958437	0.285303	0	1283	1789
ChainingRodShaped	1664	3.19616	0.5	-5.43614	57.818	0	-0.832154	0.554545	0	None	None
ChainingRodShaped	1092	3.87121	0.5	-48.6602	32.7846	0	-0.856917	-0.515455	0	None	None
ChainingRodShaped	1138	4.39835	0.5	-26.9918	27.7046	0	-0.993492	0.113898	0	None	None
ChainingRodShaped	1038	4.39586	0.5	-70.1462	-30.129	0	0.79933	0.600892	0	1039	1479
ChainingRodShaped	950	3.76281	0.5	-2.39827	47.9843	0	0.993695	-0.112118	0	None	None
ChainingRodShaped	898	4.5913	0.5	-31.6488	50.9717	0	-0.779531	0.626364	0	None	None
ChainingRodShaped	778	4.23306	0.5	-20.1444	30.3581	0	-0.251887	0.967757	0	None	None
ChainingRodShaped	1884	2.36093	0.5	-22.3979	80.7464	0	-0.265479	0.964117	0	1885	1253
ChainingRodShaped	2018	2.00073	0.5	-19.9791	57.1323	0	-0.72028	0.693683	0	None	None
ChainingRodShaped	1860	2.20885	0.5	-15.2062	42.3571	0	-0.415082	0.909784	0	None	None
ChainingRodShaped	1964	2.14652	0.5	-19.4491	38.7007	0	-0.737233	0.675638	0	None	None
ChainingRodShaped	1934	2.25505	0.5	-18.482	59.4174	0	-0.999958	0.00919376	0	None	None
ChainingRodShaped	1454	3.40535	0.5	-30.8845	12.7331	0	-0.959207	-0.282705	0	None	None
ChainingRodShaped	1458	3.01559	0.5	-55.2356	36.7777	0	-0.995321	0.09662	0	None	None
ChainingRodShaped	1316	3.34893	0.5	-42.5003	27.7716	0	-0.848789	-0.528733	0	None	None
ChainingRodShaped	968	4.55745	0.5	-31.6446	68.7746	0	-0.907804	-0.419396	0	None	None
ChainingRodShaped	1814	2.39919	0.5	-43.8389	30.8115	0	-0.927051	-0.374936	0	None	None
ChainingRodShaped	1834	2.46274	0.5	-31.7258	39.2229	0	-0.974193	-0.225717	0	None	None
ChainingRodShaped	1528	2.74529	0.5	-25.7109	56.865	0	-0.292531	0.956256	0	None	None
ChainingRodShaped	1434	4.40016	0.5	40.7837	215.408	0	0.734503	0.678605	0	1435	2003
ChainingRodShaped	1228	4.22059	0.5	92.7409	-5.45305	0	0.655993	0.754767	0	1229	1033
ChainingRodShaped	1426	2.90024	0.5	-15.1323	53.2404	0	-0.971582	0.236703	0	None	None
ChainingRodShaped	1562	2.67657	0.5	-27.0746	24.8478	0	-0.664069	0.747671	0	None	None
ChainingRodShaped	1768	2.72412	0.5	-50.2176	18.961	0	-0.588497	0.808499	0	None	None
ChainingRodShaped	1658	2.65948	0.5	68.2657	83.4604	0	0.758762	-0.651368	0	1659	1911
ChainingRodShaped	1448	3.73432	0.5	-38.4672	17.6789	0	-0.802416	-0.596766	0	None	None
ChainingRodShaped	790	4.49662	0.5	-46.8164	63.3283	0	-0.960885	-0.276949	0	None	None
ChainingRodShaped	1446	3.66458	0.5	-47.1063	45.3958	0	-0.999103	0.0423495	0	None	None
ChainingRodShaped	1474	3.99293	0.5	-7.55723	-42.0933	0	0.590078	-0.807347	0	1475	1117
ChainingRodShaped	1010	4.24121	0.5	-11.4836	31.2628	0	-0.628646	-0.777692	0	None	None
ChainingRodShaped	1294	3.44424	0.5	-17.0068	23.7882	0	-0.643451	-0.765488	0	None	None
ChainingRodShaped	1916	2.23283	0.5	-39.037	46.5592	0	-0.940861	0.338794	0	None	None
ChainingRodShaped	1318	4.61281	0.5	-34.6872	-28.0206	0	-0.958221	0.286028	0	1319	1539
ChainingRodShaped	1954	2.11635	0.5	-41.1469	29.7342	0	-0.890754	-0.454485	0	None	None
ChainingRodShaped	1676	2.71474	0.5	-29.0271	12.2686	0	0.952378	0.304921	0	1677	1681
ChainingRodShaped	1816	2.46382	0.5	-38.5631	58.6412	0	-0.998516	0.054463	0	None	None
ChainingRodShaped	1930	2.28623	0.5	-49.2038	40.4848	0	-0.753395	-0.657568	0	None	None
ChainingRodShaped	1776	2.73626	0.5	-36.3632	48.5839	0	0.806054	-0.591842	0	None	None
ChainingRodShaped	1604	3.32112	0.5	-22.7259	56.9204	0	0.292162	-0.956369	0	None	None
ChainingRodShaped	930	4.51221	0.5	-17.2748	45.5318	0	-0.835375	0.54968	0	None	None
ChainingRodShaped	1688	2.53074	0.5	106.708	80.2077	0	0.906161	0.422933	0	1689	1537
ChainingRodShaped	622	4.82525	0.5	-29.1811	55.2744	0	-0.925154	0.379591	0	None	None
ChainingRodShaped	1360	4.72535	0.5	-49.0956	41.8907	0	-0.743036	-0.669252	0	None	None
ChainingRodShaped	1858	2.35164	0.5	52.6794	108.139	0	0.403471	-0.914993	0	1859	1703
ChainingRodShaped	1352	4.45564	0.5	-4.54227	33.4639	0	-0.543517	-0.839398	0	None	None
ChainingRodShaped	1710	2.56112	0.5	-36.2228	30.3516	0	-0.863225	-0.504819	0	None	None
ChainingRodShaped	1270	4.63255	0.5	17.268	2.74282	0	-0.903567	-0.428446	0	1271	1947
ChainingRodShaped	1938	2.20171	0.5	-16.3434	57.7725	0	-0.78288	0.622172	0	None	None
ChainingRodShaped	1716	2.53518	0.5	11.1023	-85.5254	0	0.820742	-0.5713	0	1717	1511
ChainingRodShaped	1486	4.02988	0.5	26.8004	166.288	0	-0.398691	0.917085	0	1487	1385
ChainingRodShaped	1182	3.96517	0.5	3.49065	56.3077	0	-0.993103	0.117243	0	1183	1621
ChainingRodShaped	1400	3.72652	0.5	-17.0283	64.4385	0	-0.798001	0.602656	0	None	None
ChainingRodShaped	2012	2.03421	0.5	39.8067	26.0313	0	-0.346249	-0.938143	0	2013	1671
ChainingRodShaped	1714	2.52197	0.5	-57.9477	39.8487	0	-0.832759	-0.553636	0	None	None
ChainingRodShaped	1026	4.62293	0.5	-29.5926	38.7254	0	-0.977411	-0.211348	0	None	None
ChainingRodShaped	1354	3.74866	0.5	29.108	59.3917	0	0.999546	-0.0301298	0	1355	895
ChainingRodShaped	1982	2.05247	0.5	-31.4888	48.3922	0	-0.780117	0.625634	0	None	None
ChainingRodShaped	1726	2.7349	0.5	1.75257	41.6	0	0.559186	0.829042	0	1727	1049
ChainingRodShaped	1274	3.33054	0.5	127.809	102.471	0	0.397006	0.917816	0	1275	1491
ChainingRodShaped	1624	2.88686	0.5	-86.5084	-62.2676	0	0.0910364	0.995848	0	1625	1289
ChainingRodShaped	1484	2.86601	0.5	-19.0739	43.3787	0	-0.818517	0.574483	0	None	None
ChainingRodShaped	1476	2.81646	0.5	-55.6539	28.2981	0	-0.623528	0.781801	0	None	None
ChainingRodShaped	1244	3.75433	0.5	-32.8856	31.2082	0	-0.859051	-0.511889	0	None	None
ChainingRodShaped	1418	3.5433	0.5	53.5846	-9.07647	0	0.802727	-0.596347	0	1419	1785
ChainingRodShaped	972	4.9371	0.5	-36.3834	61.4328	0	-0.996061	0.0886652	0	None	None
ChainingRodShaped	1928	2.18224	0.5	-41.4742	54.0744	0	0.856701	-0.515813	0	None	None
ChainingRodShaped	1926	2.29743	0.5	-57.5378	32.6399	0	-0.789568	0.613663	0	None	None
ChainingRodShaped	1886	2.23432	0.5	-42.5226	55.9488	0	-0.831629	0.555331	0	None	None
ChainingRodShaped	1974	2.11106	0.5	48.0022	147.983	0	-0.974556	0.224143	0	1975	1705
ChainingRodShaped	1738	2.88676	0.5	-39.0726	14.8449	0	-0.805408	-0.592721	0	None	None
ChainingRodShaped	1196	4.39782	0.5	-18.4221	60.3517	0	-0.999971	0.00755535	0	None	None
ChainingRodShaped	1942	2.10028	0.5	-49.3158	-24.6522	0	0.985265	-0.171037	0	1943	1405
ChainingRodShaped	1732	2.49527	0.5	-7.84761	-28.6363	0	-0.885734	-0.464194	0	1733	1413
ChainingRodShaped	1754	2.70093	0.5	-37.8849	48.4641	0	0.834872	-0.550444	0	None	None
ChainingRodShaped	1308	4.67256	0.5	-19.3219	-167.304	0	0.283217	0.959056	0	1309	1335
ChainingRodShaped	1416	4.42914	0.5	-29.2557	15.3108	0	-0.943383	-0.331706	0	None	None
ChainingRodShaped	1520	3.18042	0.5	162.173	243.392	0	0.896125	0.443801	0	1521	1675
ChainingRodShaped	1706	2.63108	0.5	-37.8314	42.0975	0	-0.955621	0.294599	0	None	None
ChainingRodShaped	1398	4.35335	0.5	-21.2029	62.2173	0	-0.998797	-0.0490373	0	None	None
ChainingRodShaped	1304	4.52109	0.5	94.9509	62.3557	0	-0.578284	0.815835	0	1305	1171
ChainingRodShaped	1498	3.55892	0.5	51.2297	-8.45749	0	-0.790085	0.612998	0	1499	1879
ChainingRodShaped	902	4.81594	0.5	-24.5416	20.1672	0	-0.061443	0.998111	0	None	None
ChainingRodShaped	1764	2.43656	0.5	-13.4562	-138.744	0	-0.0170615	0.999854	0	1765	1553
ChainingRodShaped	1602	3.31378	0.5	-23.7486	98.2947	0	0.108901	0.994053	0	1603	1847
ChainingRodShaped	1144	4.66755	0.5	90.9341	223.767	0	0.99598	-0.0895749	0	1145	1559
ChainingRodShaped	1526	2.76289	0.5	-46.5875	50.3484	0	0.971478	-0.23713	0	None	None
ChainingRodShaped	1312	4.96759	0.5	-29.071	52.1806	0	-0.92263	0.385686	0	None	None
ChainingRodShaped	1472	3.3258	0.5	0.67363	52.0304	0	-0.982255	-0.187548	0	None	None
ChainingRodShaped	1242	4.23965	0.5	72.6633	-26.9912	0	-0.541385	0.840775	0	1243	1617
ChainingRodShaped	808	4.41559	0.5	-21.0072	27.6581	0	-0.971011	0.239036	0	None	None
ChainingRodShaped	1590	3.0263	0.5	-25.4202	35.7319	0	-0.964983	-0.262313	0	None	None
ChainingRodShaped	1906	2.29249	0.5	-9.68253	38.1458	0	-0.617755	-0.78637	0	None	None
ChainingRodShaped	1340	4.68776	0.5	71.8825	-60.2884	0	0.464584	0.885529	0	1341	1541
ChainingRodShaped	874	4.29851	0.5	-70.7755	-95.2916	0	-0.825036	0.56508	0	1420	1489
ChainingRodShaped	844	4.77761	0.5	-48.615	15.5682	0	-0.844825	0.535042	0	None	None
ChainingRodShaped	1546	3.17608	0.5	-24.0161	24.4687	0	-0.993665	0.11238	0	None	None
ChainingRodShaped	786	4.26241	0.5	34.0248	208.065	0	0.616205	0.787586	0	1296	1435
ChainingRodShaped	1428	3.34947	0.5	-27.7416	-112.365	0	-0.845482	0.534004	0	1429	1383
ChainingRodShaped	1396	3.99561	0.5	-77.7537	-37.8054	0	0.599321	0.800508	0	1397	1039
ChainingRodShaped	788	4.20472	0.5	-27.9525	70.2641	0	-0.954327	0.298763	0	None	None
ChainingRodShaped	1612	3.30993	0.5	-30.4905	65.9423	0	-0.993795	0.111228	0	None	None
ChainingRodShaped	1748	2.59607	0.5	-9.50041	53.8832	0	-0.974965	0.222359	0	None	None
ChainingRodShaped	1248	3.19194	0.5	-27.8653	30.1772	0	-0.976131	-0.217183	0	None	None
ChainingRodShaped	834	4.20012	0.5	104.416	31.5958	0	-0.0447551	0.998998	0	1752	1569
ChainingRodShaped	1166	4.88597	0.5	115.333	224.763	0	0.983549	0.180642	0	1167	1283
ChainingRodShaped	1442	3.51274	0.5	73.3885	75.6312	0	-0.982474	0.186398	0	1443	2015
ChainingRodShaped	1792	2.72656	0.5	-44.6434	23.3401	0	-0.706868	0.707345	0	None	None
ChainingRodShaped	878	4.06919	0.5	-26.6562	66.0908	0	-0.345543	0.938403	0	None	None
ChainingRodShaped	1090	4.55856	0.5	-3.70636	43.0506	0	-0.36845	-0.929648	0	None	None
ChainingRodShaped	1220	4.55329	0.5	-15.0147	31.2254	0	-0.868342	-0.495965	0	None	None
ChainingRodShaped	794	4.93572	0.5	-37.5132	62.5001	0	-0.995224	0.0976146	0	None	None
ChainingRodShaped	1598	2.68068	0.5	82.7208	150.93	0	-0.989805	-0.14243	0	1599	1495
ChainingRodShaped	1350	3.36536	0.5	101.692	151.142	0	-0.989857	0.142069	0	1351	851
ChainingRodShaped	820	4.3796	0.5	-15.5414	29.7965	0	-0.866056	-0.499946	0	None	None
ChainingRodShaped	1994	2.08029	0.5	-30.7832	30.1728	0	-0.874009	-0.485909	0	None	None
ChainingRodShaped	1392	4.10726	0.5	-6.63157	35.6617	0	-0.565399	-0.824818	0	None	None
ChainingRodShaped	1880	2.23641	0.5	-22.5955	66.7724	0	-0.99945	-0.0331475	0	None	None
ChainingRodShaped	1072	4.31776	0.5	35.2684	-88.9126	0	0.976092	0.217356	0	1073	847
ChainingRodShaped	1386	3.1458	0.5	-24.8002	-188.94	0	0.189838	0.981815	0	1387	1829
ChainingRodShaped	1322	4.70579	0.5	-34.5271	13.6653	0	-0.957241	-0.289291	0	None	None
ChainingRodShaped	1912	2.14741	0.5	-38.0519	59.5877	0	-0.998479	0.0551315	0	None	None
ChainingRodShaped	1648	2.83021	0.5	-32.6628	36.6972	0	-0.878933	-0.476946	0	None	None
ChainingRodShaped	1640	2.88823	0.5	-41.929	8.76174	0	0.953915	0.300078	0	1641	1985
ChainingRodShaped	1882	2.34777	0.5	-28.9002	62.8605	0	-0.528613	0.848863	0	None	None
ChainingRodShaped	1124	4.9264	0.5	33.7381	64.6149	0	-0.896014	-0.444026	0	1125	1719
ChainingRodShaped	1492	2.74634	0.5	-45.0628	37.8611	0	-0.903557	-0.428469	0	None	None
ChainingRodShaped	1694	3.09052	0.5	-2.42878	38.7401	0	-0.513965	-0.857811	0	None	None
ChainingRodShaped	1750	2.55642	0.5	-11.591	41.6407	0	-0.959785	-0.280737	0	None	None
ChainingRodShaped	1204	4.9035	0.5	-50.6315	29.9014	0	-0.998517	-0.0544317	0	None	None
ChainingRodShaped	1394	3.29246	0.5	24.0214	184.567	0	0.0958728	0.995394	0	1395	1461
ChainingRodShaped	886	4.16903	0.5	-31.0053	59.5916	0	-0.822897	0.56819	0	None	None
ChainingRodShaped	830	4.53245	0.5	-19.4039	49.6014	0	0.703616	-0.710581	0	None	None
ChainingRodShaped	962	4.32998	0.5	-46.8757	27.9683	0	-0.947813	0.318828	0	None	None
ChainingRodShaped	876	4.25188	0.5	116.793	87.2139	0	0.732794	0.68045	0	1536	1035
ChainingRodShaped	1516	3.45991	0.5	-42.7341	18.154	0	-0.813114	-0.582104	0	None	None
ChainingRodShaped	1324	3.56147	0.5	-16.4507	47.8318	0	0.665671	-0.746246	0	None	None
ChainingRodShaped	1852	2.30295	0.5	-12.3764	63.0209	0	-0.714025	0.70012	0	None	None
ChainingRodShaped	1678	3.04987	0.5	-8.87182	54.7157	0	-0.973317	0.229463	0	None	None
ChainingRodShaped	1614	2.91279	0.5	-52.9404	39.8562	0	-0.216577	-0.976265	0	None	None
ChainingRodShaped	1114	3.53591	0.5	-47.8054	-104.433	0	-0.966659	0.256068	0	1812	1009
ChainingRodShaped	1140	4.19767	0.5	-37.7339	43.0536	0	-0.95432	0.298786	0	None	None
ChainingRodShaped	1608	2.71344	0.5	-38.6252	41.344	0	-0.955786	0.294063	0	None	None
ChainingRodShaped	906	4.30474	0.5	-22.1684	-32.4613	0	0.955932	-0.293589	0	1464	1425
ChainingRodShaped	1962	2.13268	0.5	-56.5275	34.8326	0	-0.959503	0.2817	0	None	None
ChainingRodShaped	1950	2.20738	0.5	-56.2027	-14.2873	0	-0.383963	0.923349	0	1951	1509
ChainingRodShaped	992	4.43978	0.5	-17.2124	25.4626	0	-0.861462	-0.507823	0	None	None
ChainingRodShaped	1096	4.8667	0.5	-39.3463	25.179	0	-0.863549	-0.504266	0	None	None
ChainingRodShaped	1466	3.89417	0.5	-7.64174	58.3382	0	-0.660928	0.750449	0	None	None
ChainingRodShaped	1028	4.62568	0.5	-46.0371	36.3268	0	-0.903475	-0.42864	0	None	None
ChainingRodShaped	1032	4.95354	0.5	98.5032	3.15816	0	0.462221	0.886765	0	1033	1669
ChainingRodShaped	1188	3.27726	0.5	-2.48937	133.251	0	0.808397	0.588638	0	1189	1773
ChainingRodShaped	946	4.7622	0.5	44.2149	38.6063	0	-0.231728	-0.972781	0	1584	1969
ChainingRodShaped	892	3.96519	0.5	2.22773	-72.5616	0	0.313314	-0.949649	0	893	1595
ChainingRodShaped	1044	4.4128	0.5	93.9736	76.8006	0	0.992718	0.120462	0	1045	885
ChainingRodShaped	894	3.93222	0.5	38.6929	56.4257	0	0.836573	-0.547855	0	895	1721
ChainingRodShaped	1800	2.27775	0.5	12.7584	56.5554	0	-0.983581	-0.180466	0	1801	1183
ChainingRodShaped	1208	4.46138	0.5	-3.93468	40.1303	0	-0.556898	-0.830581	0	None	None
ChainingRodShaped	1524	3.67019	0.5	-41.7965	34.4591	0	-0.656518	-0.75431	0	None	None
ChainingRodShaped	1326	3.93269	0.5	-48.2592	47.7372	0	-0.970545	0.240919	0	None	None
ChainingRodShaped	1062	4.61892	0.5	-18.3639	17.2483	0	0.848885	0.528578	0	1680	2001
ChainingRodShaped	936	4.45783	0.5	-13.3239	49.6667	0	0.876485	-0.481428	0	None	None
ChainingRodShaped	928	4.33441	0.5	-18.4255	39.0351	0	-0.743958	0.668226	0	None	None
ChainingRodShaped	1736	2.92715	0.5	7.25619	-7.57162	0	-0.45959	-0.888131	0	1737	1013
ChainingRodShaped	1430	3.44125	0.5	-12.5902	42.7444	0	-0.99858	-0.0532781	0	None	None
ChainingRodShaped	1712	2.72554	0.5	28.2031	137.507	0	0.905469	-0.424413	0	1713	1087
ChainingRodShaped	1794	2.40933	0.5	48.9097	72.1135	0	-0.919509	-0.393069	0	1795	1843
ChainingRodShaped	944	4.40589	0.5	130.812	114.851	0	0.0823141	0.996606	0	1490	1315
ChainingRodShaped	1822	2.58194	0.5	-27.9172	44.4796	0	-0.839148	0.543903	0	None	None
ChainingRodShaped	1120	3.8621	0.5	-8.79674	37.698	0	-0.612127	-0.790759	0	None	None
ChainingRodShaped	1200	4.13064	0.5	26.5466	4.67986	0	-0.998877	0.0473721	0	1201	1271
ChainingRodShaped	1838	2.24581	0.5	-29.9869	33.6623	0	-0.975086	-0.221829	0	None	None
ChainingRodShaped	1708	2.76121	0.5	-44.6753	62.8619	0	-0.9719	-0.235393	0	None	None
ChainingRodShaped	1610	3.3876	0.5	38.0393	11.1116	0	0.17685	-0.984238	0	1611	1437
ChainingRodShaped	2002	2.077	0.5	46.3817	219.824	0	0.849192	0.528084	0	2003	1645
ChainingRodShaped	1328	3.66146	0.5	-37.9175	34.9516	0	-0.881978	-0.471291	0	None	None
ChainingRodShaped	1976	2.05258	0.5	-9.49069	61.6936	0	-0.778925	0.627117	0	1977	1015
ChainingRodShaped	615	4.9986	0.5	2.51941	51.3789	0	-0.98268	-0.18531	0	None	None
ChainingRodShaped	1174	3.67489	0.5	77.1975	78.384	0	0.942133	-0.335241	0	1910	1647
ChainingRodShaped	1854	2.37887	0.5	-54.8285	25.8135	0	-0.680436	0.732808	0	None	None
ChainingRodShaped	974	4.01453	0.5	60.1223	-76.1811	0	0.721349	0.692572	0	1660	1377
ChainingRodShaped	1246	3.7126	0.5	-28.2217	53.8832	0	-0.92131	0.388829	0	None	None
ChainingRodShaped	1914	2.25237	0.5	-37.8378	55.2889	0	-0.858779	0.512345	0	None	None
ChainingRodShaped	2006	2.02807	0.5	-17.5511	116.704	0	0.51833	0.855181	0	2007	1533
ChainingRodShaped	1952	2.19657	0.5	-48.9093	33.7868	0	-0.858534	-0.512757	0	None	None
ChainingRodShaped	1240	4.09255	0.5	84.802	-12.225	0	0.855469	0.517854	0	1241	1229
ChainingRodShaped	1734	2.74265	0.5	-32.6641	30.2177	0	-0.862508	-0.506044	0	None	None
ChainingRodShaped	1900	2.26499	0.5	-86.5238	-69.5822	0	-0.100269	0.99496	0	1901	1625
ChainingRodShaped	1048	4.33253	0.5	8.11256	49.5667	0	0.692687	0.721238	0	1049	636
ChainingRodShaped	1698	3.0839	0.5	-54.4229	29.9048	0	-0.624129	0.781321	0	None	None
ChainingRodShaped	1148	4.555	0.5	-29.292	35.7906	0	-0.974218	-0.225609	0	None	None
ChainingRodShaped	1922	2.22243	0.5	-35.1355	48.8555	0	0.800094	-0.599875	0	None	None
ChainingRodShaped	645	4.83577	0.5	-21.5784	49.1513	0	-0.713392	0.700765	0	None	None
ChainingRodShaped	1564	3.00729	0.5	-52.9762	22.2412	0	-0.645991	0.763345	0	None	None
ChainingRodShaped	1098	4.00023	0.5	-41.4194	44.5239	0	-0.997856	-0.0654451	0	None	None
ChainingRodShaped	1074	4.25217	0.5	0.850281	41.9903	0	-0.56315	-0.826355	0	None	None
ChainingRodShaped	1380	4.62382	0.5	-16.9738	51.2141	0	0.665731	-0.746192	0	None	None
ChainingRodShaped	1310	3.53102	0.5	-50.2678	52.2537	0	0.970507	-0.241075	0	None	None
ChainingRodShaped	1692	2.93518	0.5	-44.8007	31.5269	0	-0.880686	-0.473701	0	None	None
ChainingRodShaped	1470	4.1491	0.5	-48.4952	24.3659	0	-0.955536	0.294873	0	None	None
ChainingRodShaped	1222	4.74287	0.5	-8.57061	57.9717	0	-0.66365	0.748043	0	None	None
ChainingRodShaped	1118	4.00229	0.5	-2.28999	35.1593	0	0.517133	0.855905	0	1790	1727
ChainingRodShaped	1070	4.25679	0.5	-34.9777	24.5867	0	-0.55709	-0.830452	0	None	None
ChainingRodShaped	1258	4.33586	0.5	-31.2277	49.4137	0	-0.777595	0.628765	0	None	None
ChainingRodShaped	1940	2.20019	0.5	139.709	232.437	0	0.911445	0.411421	0	1941	1203
ChainingRodShaped	1250	4.36715	0.5	-23.5647	44.0206	0	-0.860391	0.509635	0	None	None
ChainingRodShaped	1582	2.88945	0.5	-9.91396	26.758	0	-0.593018	-0.805189	0	None	None
ChainingRodShaped	1686	2.43738	0.5	-7.87456	50.6134	0	0.984257	-0.176741	0	None	None
ChainingRodShaped	1870	2.34715	0.5	-30.3839	36.5255	0	-0.971912	-0.235343	0	None	None
ChainingRodShaped	1186	4.08295	0.5	-26.3538	18.4504	0	0.0416142	-0.999134	0	None	None
ChainingRodShaped	1116	4.65889	0.5	-2.79283	-51.6648	0	0.317137	-0.94838	0	1117	1903
ChainingRodShaped	683	4.98306	0.5	40.3261	128.326	0	0.685354	-0.72821	0	1086	1629
ChainingRodShaped	1078	3.5712	0.5	-9.36517	52.8769	0	-0.976795	0.214178	0	None	None
ChainingRodShaped	1290	3.96354	0.5	-36.6438	55.704	0	-0.859591	0.510982	0	None	None
ChainingRodShaped	1782	2.45716	0.5	-27.5958	-205.969	0	0.144144	0.989557	0	1783	1567
ChainingRodShaped	1456	2.91223	0.5	49.7752	114.426	0	0.44191	-0.89706	0	1457	1859
ChainingRodShaped	1342	3.35734	0.5	-42.4082	47.2438	0	0.88014	-0.474713	0	None	None
ChainingRodShaped	1728	2.91087	0.5	66.7069	-15.6573	0	0.98026	-0.197715	0	1729	1215
ChainingRodShaped	1552	3.14712	0.5	-14.4245	-131.135	0	-0.230103	0.973166	0	1553	1345
ChainingRodShaped	1756	2.54999	0.5	76.2942	-34.6451	0	-0.281218	0.959644	0	1757	1243
ChainingRodShaped	1374	3.27885	0.5	-24.7829	-30.5633	0	-0.982355	0.187024	0	1375	1319
ChainingRodShaped	1502	3.06388	0.5	60.2801	224.763	0	0.988054	0.154109	0	1503	1181
ChainingRodShaped	1496	3.59657	0.5	-25.3858	18.237	0	0.0514594	-0.998675	0	None	None
ChainingRodShaped	1652	3.04291	0.5	-61.7702	36.8916	0	-0.459067	-0.888402	0	None	None
ChainingRodShaped	1488	3.35835	0.5	-77.9337	-88.9706	0	-0.650799	0.75925	0	1489	1157
ChainingRodShaped	1702	2.9509	0.5	55.7726	101.323	0	0.4321	-0.901826	0	1703	1217
ChainingRodShaped	1444	4.2037	0.5	-36.5837	14.2915	0	-0.803433	-0.595395	0	None	None
ChainingRodShaped	1478	4.16057	0.5	-61.3158	-25.6055	0	0.957154	0.28958	0	1479	1173
ChainingRodShaped	1908	2.29983	0.5	126.915	136.215	0	-0.500302	0.865851	0	1909	1267
ChainingRodShaped	1878	2.2439	0.5	45.6483	-3.97547	0	-0.781254	0.624213	0	1879	1235
ChainingRodShaped	1128	4.75144	0.5	79.8875	224.865	0	0.99542	-0.0955978	0	1129	1145
ChainingRodShaped	1276	4.95509	0.5	55.4098	147.235	0	-0.999804	0.0197926	0	1948	1975
ChainingRodShaped	1198	4.2616	0.5	-33.8184	32.8227	0	-0.871183	-0.490959	0	None	None
ChainingRodShaped	1372	4.34459	0.5	-50.9926	45.4328	0	-0.361864	0.932231	0	None	None
ChainingRodShaped	1568	3.6715	0.5	103.427	40.9223	0	-0.170536	0.985351	0	1569	728
ChainingRodShaped	1538	3.53491	0.5	-43.8612	-24.8411	0	-0.919286	0.393591	0	1539	1261
ChainingRodShaped	733	4.70854	0.5	-1.69921	-23.3844	0	-0.645149	-0.764057	0	1544	1733
ChainingRodShaped	1152	3.58099	0.5	-29.6851	16.7992	0	-0.781522	-0.623878	0	None	None
ChainingRodShaped	1272	3.30464	0.5	-15.5398	40.8198	0	-0.412296	0.91105	0	None	None
ChainingRodShaped	1410	3.89012	0.5	-1.57058	52.9513	0	-0.999973	-0.00740816	0	None	None
ChainingRodShaped	1592	2.72219	0.5	-22.6342	46.7454	0	-0.866162	0.499763	0	None	None
ChainingRodShaped	1638	3.32289	0.5	-44.7226	51.8947	0	0.970085	-0.242765	0	None	None
ChainingRodShaped	1856	2.28125	0.5	-44.97	22.3146	0	-0.712268	0.701908	0	None	None
ChainingRodShaped	1550	3.27589	0.5	-8.80048	35.9403	0	-0.563341	-0.826224	0	None	None
ChainingRodShaped	1184	4.10685	0.5	-23.7455	34.2107	0	-0.949719	-0.313104	0	None	None
ChainingRodShaped	1414	4.13619	0.5	-24.6363	49.1921	0	-0.814398	0.580307	0	None	None
ChainingRodShaped	1288	4.41795	0.5	-84.7021	-52.2983	0	0.249987	0.968249	0	1289	1993
ChainingRodShaped	1450	3.56866	0.5	31.5849	158.422	0	-0.637001	0.770863	0	1451	1487
ChainingRodShaped	1206	3.5374	0.5	-47.3012	40.7434	0	-0.684737	-0.728791	0	None	None
ChainingRodShaped	759	4.38418	0.5	154.376	239.518	0	0.895258	0.445547	0	1798	1521
ChainingRodShaped	1252	3.88336	0.5	-23.9067	90.3388	0	-0.0653468	0.997863	0	1253	1603
ChainingRodShaped	1286	4.30389	0.5	-33.243	25.4583	0	-0.553754	-0.83268	0	None	None
ChainingRodShaped	1402	2.88951	0.5	-36.224	18.1348	0	-0.804993	-0.593285	0	None	None
ChainingRodShaped	1404	4.09421	0.5	-41.2962	-26.8899	0	0.9479	-0.318569	0	1405	1877
ChainingRodShaped	769	4.95695	0.5	-30.7804	56.9512	0	-0.926456	0.376403	0	None	None
ChainingRodShaped	771	4.82367	0.5	-32.0323	55.4185	0	-0.705668	0.708543	0	None	None
ChainingRodShaped	1634	2.90083	0.5	-41.4598	11.8717	0	-0.872914	-0.487875	0	None	None
ChainingRodShaped	1682	2.73433	0.5	99.7716	53.9155	0	-0.397891	0.917433	0	1683	1305
ChainingRodShaped	1232	4.18143	0.5	-46.5265	60.298	0	-0.956166	-0.292824	0	None	None
ChainingRodShaped	1422	2.90408	0.5	-19.7085	32.5187	0	-0.248712	0.968577	0	None	None
ChainingRodShaped	1256	4.50903	0.5	-37.2482	69.1476	0	-0.986872	-0.161503	0	None	None
ChainingRodShaped	1406	3.93323	0.5	-54.6428	43.8826	0	0.119661	-0.992815	0	None	None
ChainingRodShaped	1278	4.45097	0.5	-17.182	22.0617	0	-0.643332	-0.765587	0	None	None
ChainingRodShaped	1296	4.72833	0.5	30.867	203.665	0	0.551623	0.834094	0	1958	786
ChainingRodShaped	1758	2.2956	0.5	-23.8889	69.0282	0	-0.950647	0.310275	0	None	None
ChainingRodShaped	1366	4.50664	0.5	-41.5925	64.9606	0	-0.926835	-0.375469	0	None	None
ChainingRodShaped	793	4.83146	0.5	-23.9199	41.1052	0	-0.954901	-0.296923	0	None	None
ChainingRodShaped	1534	2.94928	0.5	-36.3285	64.2441	0	-0.861097	-0.50844	0	None	None
ChainingRodShaped	1888	2.38683	0.5	-10.3062	29.5202	0	-0.605461	-0.795875	0	None	None
ChainingRodShaped	799	4.84755	0.5	-1.32373	42.2574	0	-0.562572	-0.826748	0	None	None
ChainingRodShaped	1438	4.26753	0.5	-9.88536	50.0323	0	0.97747	-0.211073	0	None	None
ChainingRodShaped	1560	2.6086	0.5	-46.7987	61.2424	0	-0.956256	-0.29253	0	None	None
ChainingRodShaped	1632	3.0981	0.5	-42.1788	30.4317	0	-0.930753	-0.365648	0	None	None
ChainingRodShaped	807	4.66174	0.5	-20.3639	61.3147	0	-0.998891	-0.0470724	0	None	None
ChainingRodShaped	1626	2.50035	0.5	-19.4828	26.2839	0	-0.968657	0.248401	0	None	None
ChainingRodShaped	1378	4.1071	0.5	-47.1586	55.6456	0	0.991397	-0.130886	0	None	None
ChainingRodShaped	1334	3.11392	0.5	-16.7684	-158.568	0	0.2709	0.962608	0	1335	1667
ChainingRodShaped	1616	3.35704	0.5	67.1695	-20.4124	0	-0.734655	0.67844	0	1617	814
ChainingRodShaped	1570	3.429	0.5	-41.8102	59.3844	0	-0.990166	-0.139899	0	None	None
ChainingRodShaped	819	4.9182	0.5	-4.09592	45.8147	0	-0.961178	-0.275927	0	None	None
ChainingRodShaped	1302	3.1678	0.5	-15.3076	28.8114	0	-0.868626	-0.495468	0	None	None
ChainingRodShaped	823	4.98887	0.5	-31.6299	26.1706	0	-0.548616	-0.836074	0	None	None
ChainingRodShaped	825	4.55897	0.5	-49.9126	45.3152	0	-0.362986	0.931795	0	None	None
ChainingRodShaped	1390	3.48048	0.5	46.9207	-3.63838	0	0.736631	-0.676294	0	1391	1419
ChainingRodShaped	1530	2.90104	0.5	-6.06379	34.7695	0	-0.562587	-0.826738	0	None	None
ChainingRodShaped	1700	2.51397	0.5	-21.7989	53.1637	0	0.121211	-0.992627	0	None	None
ChainingRodShaped	1364	4.39747	0.5	-43.1837	52.5816	0	0.910658	-0.413162	0	None	None
ChainingRodShaped	1752	2.63167	0.5	104.499	27.2617	0	0.0182464	0.999834	0	1753	834
ChainingRodShaped	1828	2.4248	0.5	-23.301	-181.941	0	0.23177	0.972771	0	1829	836
ChainingRodShaped	1346	4.86427	0.5	112.18	148.348	0	-0.932732	0.360571	0	1347	1351
ChainingRodShaped	1494	3.49323	0.5	74.9663	149.574	0	-0.981687	-0.190502	0	1495	1363
ChainingRodShaped	1960	2.09028	0.5	-21.2589	-117.569	0	-0.685553	0.728023	0	1961	1429
ChainingRodShaped	1804	2.43529	0.5	-44.4667	15.0799	0	-0.989379	0.145361	0	None	None
ChainingRodShaped	847	4.97592	0.5	40.6462	-87.4342	0	0.951757	0.306851	0	1072	1369
ChainingRodShaped	849	4.5411	0.5	-20.2494	49.1513	0	-0.709116	0.705092	0	None	None
ChainingRodShaped	851	4.91439	0.5	96.6431	151.58	0	-0.998957	0.045661	0	1350	850
ChainingRodShaped	853	4.72287	0.5	-30.1712	40.5646	0	-0.977283	-0.211938	0	None	None
ChainingRodShaped	855	4.71857	0.5	-49.3265	36.9456	0	-0.917219	-0.398382	0	None	None
ChainingRodShaped	1384	3.56818	0.5	24.2427	175.214	0	-0.143578	0.989639	0	1385	1395
ChainingRodShaped	1654	2.79152	0.5	-13.2859	45.2685	0	0.895799	-0.44446	0	None	None
ChainingRodShaped	861	4.57983	0.5	-13.2162	36.3054	0	-0.998083	-0.0618906	0	None	None
ChainingRodShaped	1348	3.74037	0.5	20.1232	57.7734	0	0.936503	0.35066	0	1349	1355
ChainingRodShaped	865	4.62522	0.5	82.829	72.605	0	-0.911281	0.411786	0	1848	1443
ChainingRodShaped	867	4.58773	0.5	-19.5254	73.8805	0	-0.471176	0.882039	0	1820	1885
ChainingRodShaped	1358	4.72232	0.5	-42.312	25.6352	0	-0.858626	-0.512603	0	None	None
ChainingRodShaped	1540	2.94302	0.5	75.2828	-52.4545	0	0.310593	0.950543	0	1541	870
ChainingRodShaped	1586	3.31755	0.5	-18.0329	34.7875	0	-0.734246	0.678883	0	None	None
ChainingRodShaped	1420	4.45443	0.5	-66.2487	-98.0182	0	-0.884365	0.466795	0	1421	874
ChainingRodShaped	1536	3.3838	0.5	113.156	84.1393	0	0.798519	0.60197	0	1537	876
ChainingRodShaped	879	4.90619	0.5	-24.9321	60.9072	0	-0.298019	0.95456	0	None	None
ChainingRodShaped	1514	3.11034	0.5	-16.8463	63.1009	0	-0.803553	0.595234	0	None	None
ChainingRodShaped	1904	2.145	0.5	-38.5391	33.4368	0	-0.856957	-0.515388	0	None	None
ChainingRodShaped	885	4.22132	0.5	99.1526	77.7029	0	0.974546	0.224187	0	1044	1689
ChainingRodShaped	1578	3.41156	0.5	-29.1716	60.9937	0	-0.397003	0.917817	0	None	None
ChainingRodShaped	1452	2.97994	0.5	-47.2517	18.4978	0	-0.996995	0.0774691	0	None	None
ChainingRodShaped	1424	3.70798	0.5	-13.8796	-36.1428	0	0.843381	-0.537316	0	1425	1475
ChainingRodShaped	893	4.62451	0.5	0.855027	-67.544	0	0.220413	-0.975407	0	1230	892
ChainingRodShaped	895	4.5272	0.5	34.0519	58.539	0	0.957734	-0.287656	0	1354	894
ChainingRodShaped	897	3.91099	0.5	-50.8032	50.3783	0	-0.971984	0.235046	0	None	None
ChainingRodShaped	1850	2.51855	0.5	-28.9452	50.0429	0	-0.779016	0.627004	0	None	None
ChainingRodShaped	1690	3.03945	0.5	-28.9145	20.3162	0	0.371201	-0.928553	0	None	None
ChainingRodShaped	1432	3.12527	0.5	-23.1567	16.6865	0	-0.855024	-0.518589	0	None	None
ChainingRodShaped	1722	2.50282	0.5	-28.4898	21.8689	0	0.36335	-0.931653	0	None	None
ChainingRodShaped	1464	3.3922	0.5	-26.7331	-31.1662	0	0.968504	-0.248997	0	1465	906
ChainingRodShaped	1866	2.40221	0.5	-53.8764	40.1641	0	-0.21726	-0.976114	0	None	None
ChainingRodShaped	911	3.94122	0.5	-38.2033	45.2455	0	-0.944203	0.329365	0	None	None
ChainingRodShaped	1806	2.39991	0.5	-48.9338	5.67243	0	0.846352	0.532623	0	1807	1641
ChainingRodShaped	1744	2.71446	0.5	55.3637	74.4293	0	-0.960704	-0.277575	0	1745	1795
ChainingRodShaped	1772	2.45946	0.5	3.99029	136.985	0	0.92149	0.388402	0	1773	1441
ChainingRodShaped	1480	4.137	0.5	-13.7343	47.6295	0	0.901456	-0.432872	0	None	None
ChainingRodShaped	1468	3.19028	0.5	-7.43292	51.5081	0	-0.985222	0.171281	0	None	None
ChainingRodShaped	923	3.99455	0.5	-31.3093	47.0241	0	-0.782107	0.623144	0	None	None
ChainingRodShaped	1504	3.86424	0.5	-24.6718	25.5191	0	-0.993935	0.109966	0	None	None
ChainingRodShaped	1510	3.43369	0.5	18.8929	-89.1245	0	0.960518	-0.278218	0	1511	1997
ChainingRodShaped	929	4.23664	0.5	-13.862	37.2173	0	-0.997734	-0.0672795	0	None	None
ChainingRodShaped	931	4.32383	0.5	-12.533	43.7021	0	-0.998823	-0.048509	0	None	None
ChainingRodShaped	1786	2.51507	0.5	-12.5345	58.1405	0	0.672218	-0.740353	0	None	None
ChainingRodShaped	1500	3.57664	0.5	-50.6032	28.2273	0	-0.940032	0.341086	0	None	None
ChainingRodShaped	937	4.78801	0.5	-17.5345	53.2306	0	0.668614	-0.74361	0	None	None
ChainingRodShaped	939	4.73398	0.5	-23.5972	31.1514	0	-0.985019	0.172446	0	None	None
ChainingRodShaped	1656	2.49611	0.5	1.60743	55.5171	0	-0.99409	0.108558	0	None	None
ChainingRodShaped	943	4.17909	0.5	-5.70906	43.6393	0	-0.812102	-0.583515	0	None	None
ChainingRodShaped	1490	3.16952	0.5	130.199	110.159	0	0.190554	0.981677	0	1491	944
ChainingRodShaped	1584	2.77521	0.5	44.9908	43.2309	0	-0.0606959	-0.998156	0	1585	946
ChainingRodShaped	1650	3.06878	0.5	-26.555	56.3451	0	-0.287886	0.957665	0	None	None
ChainingRodShaped	1920	2.33155	0.5	-6.39526	48.4273	0	0.991767	-0.128054	0	None	None
ChainingRodShaped	1836	2.3277	0.5	-14.6781	38.1376	0	-0.996227	-0.086785	0	None	None
ChainingRodShaped	955	4.96258	0.5	0.118024	54.1577	0	-0.994927	-0.100602	0	None	None
ChainingRodShaped	957	3.79962	0.5	-38.4026	23.7611	0	-0.991082	-0.133254	0	None	None
ChainingRodShaped	1558	2.67336	0.5	99.8654	223.287	0	1	-0.000931845	0	1559	958
ChainingRodShaped	1620	2.80542	0.5	-4.16995	58.4128	0	-0.907117	0.420878	0	1621	1977
ChainingRodShaped	1580	2.6042	0.5	-42.837	26.4331	0	-0.854031	-0.520222	0	None	None
ChainingRodShaped	1670	3.07909	0.5	37.9983	19.271	0	-0.159835	-0.987144	0	1671	1611
ChainingRodShaped	1824	2.22487	0.5	-20.0279	41.7021	0	-0.762923	0.64649	0	None	None
ChainingRodShaped	1774	2.3234	0.5	-27.5207	69.0916	0	-0.951993	0.306119	0	None	None
ChainingRodShaped	971	4.69745	0.5	-14.1013	-146.571	0	0.150575	0.988599	0	1666	1765
ChainingRodShaped	1506	2.73198	0.5	-34.3136	62.9105	0	-0.854756	0.51903	0	None	None
ChainingRodShaped	1660	2.89195	0.5	56.8451	-79.0893	0	0.780736	0.624862	0	1661	974
ChainingRodShaped	977	4.38495	0.5	-25.0565	64.4904	0	0.336141	-0.941812	0	None	None
ChainingRodShaped	1508	3.37672	0.5	-57.0868	-6.92471	0	0.116972	0.993135	0	1509	1555
ChainingRodShaped	981	4.49282	0.5	59.0912	-14.1326	0	-0.820295	0.571941	0	814	1499
ChainingRodShaped	983	4.42794	0.5	-42.2118	37.0469	0	-0.907718	-0.419582	0	None	None
ChainingRodShaped	1864	2.29936	0.5	-46.9787	17.2548	0	-0.960696	0.277604	0	None	None
ChainingRodShaped	1696	2.8352	0.5	-23.8306	23.468	0	-0.994083	0.108619	0	None	None
ChainingRodShaped	1594	2.98117	0.5	6.06702	-80.4664	0	0.577155	-0.816634	0	1595	1717
ChainingRodShaped	1532	3.18228	0.5	-12.8984	123.245	0	0.631105	0.775697	0	1533	990
ChainingRodShaped	993	4.57131	0.5	-12.8434	28.1152	0	-0.667106	-0.744963	0	None	None
ChainingRodShaped	995	4.60234	0.5	-52.9899	26.7348	0	-0.668502	0.74371	0	None	None
ChainingRodShaped	1740	2.38006	0.5	-32.8204	59.4136	0	-0.656295	0.754504	0	None	None
ChainingRodShaped	999	3.7184	0.5	62.8807	89.3187	0	0.601284	-0.799036	0	1216	1659
ChainingRodShaped	1001	4.40074	0.5	-42.9042	43.4685	0	-0.997495	-0.0707376	0	None	None
ChainingRodShaped	1606	2.52326	0.5	21.5678	139.525	0	0.989258	-0.146181	0	1607	1713
ChainingRodShaped	1005	4.02614	0.5	-32.9676	45.9347	0	0.782005	-0.623272	0	None	None
ChainingRodShaped	1668	2.83896	0.5	101.934	11.2756	0	0.297024	0.95487	0	1669	1589
ChainingRodShaped	1009	4.79986	0.5	-52.7129	-103.104	0	-0.964004	0.265888	0	1114	1008
ChainingRodShaped	1826	2.2104	0.5	-8.70123	34.3771	0	-0.57139	-0.820679	0	None	None
ChainingRodShaped	1013	4.92646	0.5	5.14599	-11.9363	0	-0.420055	-0.907499	0	1736	1545
ChainingRodShaped	1015	4.25789	0.5	-12.4687	64.43	0	-0.710844	0.70335	0	1976	1821
ChainingRodShaped	1017	3.91401	0.5	-41.1327	52.737	0	0.860288	-0.509809	0	None	None
ChainingRodShaped	1724	2.58797	0.5	-53.8954	21.7895	0	-0.645155	0.764052	0	None	None
ChainingRodShaped	1674	3.09208	0.5	169.452	246.984	0	0.89726	0.441503	0	1675	1020
ChainingRodShaped	1023	3.65824	0.5	-18.3758	31.3274	0	-0.291006	0.956721	0	None	None
ChainingRodShaped	1025	3.66301	0.5	-32.2867	63.9606	0	-0.861232	0.508212	0	None	None
ChainingRodShaped	1832	2.31406	0.5	-25.2865	39.7098	0	-0.957825	-0.287352	0	None	None
ChainingRodShaped	1029	4.38003	0.5	-41.0837	38.6122	0	-0.911867	-0.410485	0	None	None
ChainingRodShaped	1672	2.89629	0.5	-37.862	54.1771	0	-0.856355	0.516387	0	None	None
ChainingRodShaped	1033	3.95833	0.5	95.7868	-1.47963	0	0.555985	0.831192	0	1228	1032
ChainingRodShaped	1035	4.15844	0.5	120.385	90.9032	0	0.66003	0.751239	0	876	1034
ChainingRodShaped	1037	4.9892	0.5	-34.4951	33.5118	0	-0.874425	-0.48516	0	None	None
ChainingRodShaped	1039	4.82705	0.5	-74.2742	-33.7807	0	0.698425	0.715683	0	1396	1038
ChainingRodShaped	1980	2.07572	0.5	3.87172	50.6425	0	0.982288	0.187377	0	None	None
ChainingRodShaped	1043	4.40166	0.5	-41.7669	56.6258	0	-0.83589	0.548897	0	None	None
ChainingRodShaped	1045	3.77418	0.5	88.9542	76.4497	0	0.99993	0.0118516	0	1646	1044
ChainingRodShaped	1636	2.82747	0.5	19.3796	58.46	0	-0.939955	-0.341297	0	1637	1801
ChainingRodShaped	1049	4.85167	0.5	4.53357	45.393	0	0.611598	0.791169	0	1726	1048
ChainingRodShaped	1051	4.56885	0.5	-12.5065	48.1066	0	0.898639	-0.438689	0	None	None
ChainingRodShaped	1053	4.89976	0.5	-31.5818	46.0344	0	0.780858	-0.624708	0	None	None
ChainingRodShaped	1984	2.11014	0.5	-35.7252	10.432	0	0.971787	0.235859	0	1985	1677
ChainingRodShaped	1057	3.80615	0.5	-51.1139	38.2658	0	-0.923321	-0.384028	0	None	None
ChainingRodShaped	1896	2.38888	0.5	-26.5246	44.7167	0	-0.839387	0.543534	0	None	None
ChainingRodShaped	1061	4.9783	0.5	-25.6096	59.8286	0	-0.295299	0.955405	0	None	None
ChainingRodShaped	1680	2.67948	0.5	-22.3183	14.9791	0	0.89351	0.449043	0	1681	1062
ChainingRodShaped	1766	2.48124	0.5	-49.3499	23.4408	0	-0.98489	0.173179	0	None	None
ChainingRodShaped	1067	4.48861	0.5	-38.6941	36.7912	0	-0.585227	-0.810869	0	None	None
ChainingRodShaped	1704	2.55758	0.5	41.7068	150.284	0	-0.891128	0.453752	0	1705	1068
ChainingRodShaped	1071	4.13261	0.5	-36.5172	25.7205	0	-0.8708	-0.491638	0	None	None
ChainingRodShaped	1073	4.85221	0.5	29.8292	-89.8212	0	0.993195	0.11646	0	1996	1072
ChainingRodShaped	1630	2.58686	0.5	3.19969	45.5929	0	-0.72229	-0.69159	0	None	None
ChainingRodShaped	2014	2.01275	0.5	66.8351	76.2452	0	-0.999752	-0.0222761	0	2015	1076
ChainingRodShaped	1079	4.75961	0.5	-4.29627	52.0736	0	-0.993331	0.115301	0	None	None
ChainingRodShaped	1642	2.80397	0.5	-37.357	37.0212	0	-0.589785	-0.80756	0	None	None
ChainingRodShaped	1083	4.98346	0.5	-53.1978	32.658	0	-0.999213	-0.0396534	0	None	None
ChainingRodShaped	1846	2.32752	0.5	-22.4944	105.104	0	0.261473	0.965211	0	1847	1731
ChainingRodShaped	1087	4.51993	0.5	32.1445	135.244	0	0.838279	-0.545242	0	1712	1086
ChainingRodShaped	1932	2.131	0.5	1.23302	44.7467	0	-0.333876	-0.942617	0	None	None
ChainingRodShaped	1091	4.58819	0.5	-0.411489	46.4731	0	-0.691259	-0.722607	0	None	None
ChainingRodShaped	1093	4.73365	0.5	-43.9481	35.1865	0	-0.903474	-0.428642	0	None	None
ChainingRodShaped	1095	4.67469	0.5	-31.1941	41.321	0	-0.979008	-0.203824	0	None	None
ChainingRodShaped	1097	4.47351	0.5	-34.4634	28.041	0	-0.864116	-0.503292	0	None	None
ChainingRodShaped	1099	4.60698	0.5	-36.2534	43.5695	0	-0.951285	0.308312	0	None	None
ChainingRodShaped	1101	4.815	0.5	-45.258	51.0258	0	0.971159	-0.238433	0	None	None
ChainingRodShaped	1946	2.2252	0.5	11.2472	-1.51929	0	-0.665955	-0.745992	0	1947	1737
ChainingRodShaped	1742	2.68106	0.5	-38.1831	47.2838	0	0.930393	-0.366563	0	None	None
ChainingRodShaped	1107	3.48107	0.5	-21.7675	63.1367	0	-0.998737	-0.0502503	0	None	None
ChainingRodShaped	1109	3.9095	0.5	-33.4889	44.0092	0	-0.989595	0.143883	0	None	None
ChainingRodShaped	1784	2.68054	0.5	59.8662	-13.1688	0	0.883089	-0.469205	0	1785	1729
ChainingRodShaped	1968	2.05652	0.5	42.0095	31.5646	0	-0.3714	-0.928473	0	1969	2013
ChainingRodShaped	1812	2.35847	0.5	-44.0784	-105.45	0	-0.961742	0.273957	0	1813	1114
ChainingRodShaped	1117	4.63603	0.5	-4.89487	-46.5468	0	0.441804	-0.897112	0	1474	1116
ChainingRodShaped	1790	2.44075	0.5	-4.45626	31.6395	0	0.53502	0.844839	0	1791	1118
ChainingRodShaped	1121	3.96136	0.5	-5.85861	41.5945	0	-0.594553	-0.804056	0	None	None
ChainingRodShaped	1802	2.62678	0.5	-36.8962	52.4409	0	-0.849919	0.526913	0	None	None
ChainingRodShaped	1125	4.71035	0.5	38.8268	67.1883	0	-0.88864	-0.458606	0	1842	1124
ChainingRodShaped	1127	4.79091	0.5	-47.1271	25.9979	0	-0.951417	0.307905	0	None	None
ChainingRodShaped	1129	3.56131	0.5	74.8473	225.27	0	0.998189	-0.0601476	0	1180	1128
ChainingRodShaped	1131	4.07399	0.5	-13.7025	54.8441	0	-0.973528	0.22857	0	None	None
ChainingRodShaped	1788	2.75986	0.5	133.773	229.951	0	0.932849	0.360267	0	1789	1941
ChainingRodShaped	1998	2.08341	0.5	-11.962	40.4769	0	-0.947838	-0.318751	0	None	None
ChainingRodShaped	2004	2.04911	0.5	77.3014	-41.2058	0	-0.0138005	0.999905	0	2005	1757
ChainingRodShaped	1139	4.69549	0.5	-21.8689	26.2217	0	-0.83821	0.545347	0	None	None
ChainingRodShaped	1760	2.62866	0.5	-33.7862	41.8499	0	-0.994561	-0.104158	0	None	None
ChainingRodShaped	1956	2.17762	0.5	-25.0123	29.4185	0	-0.990051	0.140711	0	None	None
ChainingRodShaped	1145	4.57795	0.5	85.4398	224.305	0	0.994477	-0.104955	0	1128	1144
ChainingRodShaped	1147	3.36564	0.5	-26.8923	60.7126	0	-0.304837	0.952404	0	None	None
ChainingRodShaped	1770	2.34914	0.5	-25.0019	36.8291	0	-0.963659	-0.267134	0	None	None
ChainingRodShaped	1874	2.26703	0.5	-26.3173	32.4603	0	-0.986008	-0.166699	0	None	None
ChainingRodShaped	1153	4.52525	0.5	-30.3111	21.219	0	0.366817	-0.930293	0	None	None
ChainingRodShaped	1155	3.5151	0.5	129.515	129.729	0	-0.260418	0.965496	0	1314	1909
ChainingRodShaped	1157	4.55738	0.5	-80.8158	-85.0475	0	-0.543896	0.839152	0	1488	1156
ChainingRodShaped	2000	2.08471	0.5	-12.5698	21.511	0	0.73608	0.676895	0	2001	1899
ChainingRodShaped	1161	4.53509	0.5	-43.1515	41.5136	0	-0.99702	-0.0771499	0	None	None
ChainingRodShaped	1163	4.98221	0.5	-28.7311	-213.928	0	0.139742	0.990188	0	None	1783
ChainingRodShaped	1890	2.33618	0.5	-14.7823	21.7919	0	-0.665537	-0.746365	0	None	None
ChainingRodShaped	1167	4.45979	0.5	109.826	223.92	0	0.992843	0.119428	0	958	1166
ChainingRodShaped	1169	3.81092	0.5	-10.2986	58.5044	0	-0.657941	0.753069	0	None	None
ChainingRodShaped	1171	3.41389	0.5	91.9149	66.1737	0	-0.67528	0.737562	0	1304	1849
ChainingRodShaped	1173	4.1472	0.5	-56.3848	-24.5746	0	0.993002	0.118101	0	1478	1943
ChainingRodShaped	1910	2.24525	0.5	73.6023	79.8713	0	0.89366	-0.448745	0	1911	1174
ChainingRodShaped	1177	4.16859	0.5	-23.0714	38.4082	0	-0.956424	-0.291983	0	None	None
ChainingRodShaped	1179	4.33995	0.5	-33.684	12.94	0	-0.960085	-0.279707	0	None	None
ChainingRodShaped	1181	4.58701	0.5	64.9825	225.251	0	0.997786	0.0665038	0	1502	1180
ChainingRodShaped	1183	4.44349	0.5	8.55135	56.147	0	-0.998938	-0.04607	0	1800	1182
ChainingRodShaped	1185	4.91931	0.5	-21.0048	34.1089	0	-0.375923	-0.926651	0	None	None
ChainingRodShaped	1778	2.61213	0.5	-27.6431	22.3425	0	0.370196	-0.928954	0	None	None
ChainingRodShaped	1189	4.39373	0.5	-6.18074	130.238	0	0.746479	0.665409	0	990	1188
ChainingRodShaped	1191	3.36904	0.5	-33.0767	15.5679	0	-0.840774	-0.541386	0	None	None
ChainingRodShaped	1193	3.50339	0.5	-27.7966	52.6764	0	-0.923099	0.384562	0	None	None
ChainingRodShaped	1195	3.73717	0.5	-22.6375	44.5611	0	-0.860862	0.508839	0	None	None
ChainingRodShaped	1844	2.53942	0.5	-14.3569	58.6943	0	0.681607	-0.731718	0	None	None
ChainingRodShaped	1199	3.4114	0.5	-29.4877	34.7688	0	-0.974594	-0.223978	0	None	None
ChainingRodShaped	1201	4.95129	0.5	31.873	3.74303	0	-0.960318	0.278907	0	1234	1200
ChainingRodShaped	1203	4.28103	0.5	143.483	234.195	0	0.903507	0.428573	0	1940	1799
ChainingRodShaped	1205	3.90785	0.5	-45.7961	28.6184	0	-0.947435	0.319949	0	None	None
ChainingRodShaped	1972	2.12583	0.5	-44.1317	42.4125	0	-0.997533	-0.0702029	0	None	None
ChainingRodShaped	1862	2.26452	0.5	-1.84367	43.6932	0	-0.751956	-0.659214	0	None	None
ChainingRodShaped	1211	3.42385	0.5	-22.9116	35.4761	0	-0.952801	-0.303595	0	None	None
ChainingRodShaped	1213	4.53086	0.5	-18.7609	44.2903	0	-0.824221	0.566268	0	None	None
ChainingRodShaped	1215	3.91003	0.5	70.9949	-16.0852	0	0.999796	-0.0202199	0	1728	1214
ChainingRodShaped	1217	3.82399	0.5	57.7312	97.4809	0	0.472396	-0.881386	0	1702	1216
ChainingRodShaped	1219	4.55127	0.5	-3.44254	50.0339	0	0.994011	-0.109279	0	None	None
ChainingRodShaped	1221	3.58782	0.5	-11.6226	32.6218	0	-0.620835	-0.783941	0	None	None
ChainingRodShaped	1894	2.3665	0.5	-5.12849	55.1077	0	-0.991569	0.129582	0	None	None
ChainingRodShaped	1225	4.16312	0.5	-9.31536	55.7962	0	-0.972085	0.234627	0	None	None
ChainingRodShaped	1227	4.49593	0.5	-19.0055	67.1617	0	-0.859552	-0.511048	0	None	None
ChainingRodShaped	1229	4.4883	0.5	89.0002	-9.16087	0	0.758332	0.651868	0	1240	1228
ChainingRodShaped	1902	2.24759	0.5	-0.860492	-58.9134	0	0.191951	-0.981404	0	1903	1230
ChainingRodShaped	1233	3.80408	0.5	-41.6902	61.4133	0	-0.984921	-0.173004	0	None	None
ChainingRodShaped	1235	4.76563	0.5	42.1017	-1.35604	0	-0.817332	0.576168	0	1878	1234
ChainingRodShaped	1840	2.54777	0.5	-55.1719	48.6698	0	-0.942689	0.333674	0	None	None
ChainingRodShaped	1239	4.1989	0.5	-45.2834	21.2879	0	-0.717851	0.696197	0	None	None
ChainingRodShaped	1241	4.31651	0.5	80.2078	-14.4535	0	0.934948	0.354786	0	1214	1240
ChainingRodShaped	1243	3.28144	0.5	74.9325	-31.0686	0	-0.415827	0.909444	0	1756	1242
ChainingRodShaped	1245	3.81259	0.5	-28.5266	32.9977	0	-0.97513	-0.221633	0	None	None
ChainingRodShaped	1247	3.61135	0.5	-24.263	50.0743	0	-0.812365	0.58315	0	None	None
ChainingRodShaped	1249	4.49134	0.5	-23.158	30.1022	0	-0.984086	0.177695	0	None	None
ChainingRodShaped	1251	3.44226	0.5	-18.9107	41.9779	0	-0.766339	0.642436	0	None	None
ChainingRodShaped	1253	4.77748	0.5	-23.291	85.1331	0	-0.161257	0.986912	0	1884	1252
ChainingRodShaped	1255	3.67972	0.5	-84.9487	-76.5749	0	-0.318255	0.948005	0	1156	1901
ChainingRodShaped	1257	4.79312	0.5	-33.342	70.3653	0	-0.996936	0.0782223	0	None	None
ChainingRodShaped	1259	3.13347	0.5	-27.516	46.5589	0	-0.814798	0.579745	0	None	None
ChainingRodShaped	1261	3.5452	0.5	-47.8442	-22.8206	0	-0.860138	0.510061	0	1538	1260
ChainingRodShaped	1263	4.21288	0.5	-14.0984	53.9688	0	-0.972606	0.232458	0	None	None
ChainingRodShaped	1265	4.28688	0.5	-20.981	20.8796	0	-0.811663	0.584127	0	None	None
ChainingRodShaped	1267	3.6931	0.5	124.682	139.454	0	-0.612582	0.790407	0	1908	1925
ChainingRodShaped	1269	3.29514	0.5	-47.5859	57.5204	0	-0.798446	0.602066	0	None	None
ChainingRodShaped	1271	3.44293	0.5	21.9013	4.36481	0	-0.979831	-0.199829	0	1200	1270
ChainingRodShaped	1273	4.00457	0.5	-11.0669	39.7522	0	-0.950135	-0.31184	0	None	None
ChainingRodShaped	1275	3.58966	0.5	125.842	98.529	0	0.491901	0.870651	0	1034	1274
ChainingRodShaped	1948	2.11637	0.5	59.8736	147.258	0	-0.998591	-0.0530668	0	1949	1276
ChainingRodShaped	1279	3.73057	0.5	-13.9083	24.1486	0	-0.712533	-0.701639	0	None	None
ChainingRodShaped	1978	2.06481	0.5	-44.6335	54.3953	0	0.997511	-0.070509	0	None	None
ChainingRodShaped	1283	4.33386	0.5	120.724	225.906	0	0.971626	0.236523	0	1166	1282
ChainingRodShaped	1285	4.93663	0.5	-28.1813	66.5833	0	-0.46511	0.885253	0	None	None
ChainingRodShaped	1287	4.21339	0.5	-32.0823	28.3297	0	-0.869108	-0.494623	0	None	None
ChainingRodShaped	1289	4.63696	0.5	-85.8523	-57.6271	0	0.173222	0.984883	0	1624	1288
ChainingRodShaped	1291	4.4053	0.5	-32.4118	52.8002	0	-0.781821	0.623503	0	None	None
ChainingRodShaped	2008	2.05451	0.5	-48.098	48.7033	0	0.970927	-0.239377	0	None	None
ChainingRodShaped	1295	4.83156	0.5	-13.3192	26.1032	0	-0.712722	-0.701446	0	None	None
ChainingRodShaped	1958	2.06439	0.5	28.5933	199.991	0	0.476792	0.879016	0	1959	1296
ChainingRodShaped	1299	4.84145	0.5	-49.3752	35.8733	0	-0.91557	-0.402158	0	None	None
ChainingRodShaped	1301	4.51605	0.5	-45.0736	29.3829	0	-0.944338	0.328976	0	None	None
ChainingRodShaped	1303	3.54862	0.5	-9.5331	31.8794	0	-0.702317	-0.711865	0	None	None
ChainingRodShaped	1305	4.27529	0.5	97.7843	57.8641	0	-0.485192	0.874408	0	1682	1304
ChainingRodShaped	1307	3.40845	0.5	-36.1373	28.1783	0	-0.863708	-0.503992	0	None	None
ChainingRodShaped	1309	3.91356	0.5	-20.7741	-172.325	0	0.271482	0.962443	0	836	1308
ChainingRodShaped	1311	4.67363	0.5	-53.1779	54.1309	0	0.135745	-0.990744	0	None	None
ChainingRodShaped	2016	2.00985	0.5	-27.8065	50.3473	0	-0.785233	0.619201	0	None	None
ChainingRodShaped	1315	3.46987	0.5	130.969	119.731	0	-0.028719	0.999588	0	944	1314
ChainingRodShaped	1317	4.30092	0.5	-38.3672	30.2094	0	-0.859876	-0.510503	0	None	None
ChainingRodShaped	1319	4.43185	0.5	-29.4389	-29.4908	0	-0.967541	0.252713	0	1374	1318
ChainingRodShaped	1321	4.58086	0.5	-54.6202	35.7378	0	-0.995519	0.0945591	0	None	None
ChainingRodShaped	1323	3.17625	0.5	-30.9131	18.6526	0	0.0197522	-0.999805	0	None	None
ChainingRodShaped	1325	3.46005	0.5	-19.5165	51.0568	0	0.706201	-0.708011	0	None	None
ChainingRodShaped	1327	4.64485	0.5	-46.9269	46.3506	0	-0.998931	0.0462368	0	None	None
ChainingRodShaped	1329	3.15967	0.5	-34.0658	37.0076	0	-0.874121	-0.485708	0	None	None
ChainingRodShaped	1331	3.82079	0.5	-57.435	28.9629	0	-0.616323	0.787494	0	None	None
ChainingRodShaped	1333	4.08868	0.5	-12.0826	34.1506	0	-0.827733	-0.561123	0	None	None
ChainingRodShaped	1335	3.33761	0.5	-17.9208	-162.561	0	0.283087	0.959094	0	1308	1334
ChainingRodShaped	1337	4.00507	0.5	-13.2516	55.7155	0	-0.973905	0.226955	0	None	None
ChainingRodShaped	1339	4.02986	0.5	-6.8257	31.7366	0	-0.524133	-0.851637	0	None	None
ChainingRodShaped	1341	4.13343	0.5	69.2319	-64.9234	0	0.531	0.847372	0	1376	1340
ChainingRodShaped	1343	3.60087	0.5	-46.1974	49.2513	0	0.971723	-0.236124	0	None	None
ChainingRodShaped	1345	3.45685	0.5	-15.6526	-127.1	0	-0.346983	0.937871	0	1552	1344
ChainingRodShaped	1347	3.14934	0.5	116.683	146.324	0	-0.878202	0.478291	0	1924	1346
ChainingRodShaped	1349	3.15793	0.5	16.16	55.9582	0	0.872187	0.489173	0	636	1348
ChainingRodShaped	1351	4.89767	0.5	106.647	150.115	0	-0.968935	0.247317	0	1346	1350
ChainingRodShaped	1353	3.79271	0.5	-1.84889	37.7911	0	-0.512019	-0.858974	0	None	None
ChainingRodShaped	1355	3.62576	0.5	24.5406	59.0271	0	0.981723	0.190318	0	1348	1354
ChainingRodShaped	1357	4.38528	0.5	-53.2225	49.0442	0	-0.945819	0.324695	0	None	None
ChainingRodShaped	1359	4.74962	0.5	-37.3927	28.5496	0	-0.863557	-0.504252	0	None	None
ChainingRodShaped	1361	3.67424	0.5	-46.2354	44.3958	0	-0.999341	0.0362871	0	None	None
ChainingRodShaped	1363	3.49221	0.5	70.6122	148.74	0	-0.982696	-0.185226	0	1494	1362
ChainingRodShaped	1365	4.72567	0.5	-48.3939	53.7915	0	0.973205	-0.229937	0	None	None
ChainingRodShaped	1367	3.92334	0.5	-37.7322	66.6491	0	-0.565949	-0.82444	0	None	None
ChainingRodShaped	1369	3.8961	0.5	45.6831	-85.5839	0	0.920606	0.390492	0	847	1368
ChainingRodShaped	1371	3.93822	0.5	-43.5259	11.8089	0	0.807589	0.589746	0	None	None
ChainingRodShaped	1373	4.42803	0.5	-51.6671	41.0824	0	0.212644	0.97713	0	None	None
ChainingRodShaped	1375	3.02316	0.5	-20.7534	-31.0958	0	-0.99757	0.0696697	0	1412	1374
ChainingRodShaped	1377	3.93958	0.5	63.5122	-72.6362	0	0.659217	0.751953	0	974	1376
ChainingRodShaped	1379	4.55335	0.5	-50.6479	55.7814	0	0.681257	0.732044	0	None	None
ChainingRodShaped	1381	4.62318	0.5	-19.9014	54.2433	0	0.309539	-0.950887	0	None	None
ChainingRodShaped	1383	4.2042	0.5	-31.844	-110.095	0	-0.897171	0.441684	0	1428	1382
ChainingRodShaped	1385	3.66078	0.5	25.1883	170.776	0	-0.271082	0.962556	0	1486	1384
ChainingRodShaped	1387	3.40952	0.5	-25.5649	-193.1	0	0.172425	0.985023	0	1566	1386
ChainingRodShaped	1389	3.98498	0.5	-32.6877	22.7835	0	-0.554359	-0.832277	0	None	None
ChainingRodShaped	1391	4.00734	0.5	43.6894	-0.294192	0	0.654795	-0.755807	0	1436	1390
ChainingRodShaped	1393	3.07828	0.5	-3.96076	38.104	0	-0.488806	-0.872392	0	None	None
ChainingRodShaped	1395	4.09043	0.5	23.8692	179.953	0	-0.0201694	0.999797	0	1384	1394
ChainingRodShaped	1397	4.12411	0.5	-80.5019	-41.9524	0	0.505172	0.863019	0	1992	1396
ChainingRodShaped	1399	4.48338	0.5	-17.3126	62.2678	0	-0.808837	0.588032	0	None	None
ChainingRodShaped	1401	4.23142	0.5	-15.5973	65.7753	0	-0.797651	0.603119	0	None	None
ChainingRodShaped	1403	4.23495	0.5	-32.5623	19.5238	0	-0.554522	-0.832169	0	None	None
ChainingRodShaped	1405	3.43349	0.5	-45.7502	-25.5013	0	0.962269	-0.272101	0	1942	1404
ChainingRodShaped	1407	3.47728	0.5	-54.0144	46.3673	0	0.685378	-0.728187	0	None	None
ChainingRodShaped	1409	3.12734	0.5	-37.522	20.6808	0	-0.5567	-0.830713	0	None	None
ChainingRodShaped	1411	3.75323	0.5	3.16708	53.5061	0	-0.984806	-0.173657	0	None	None
ChainingRodShaped	1413	4.26709	0.5	-11.845	-30.1341	0	-0.961874	-0.273492	0	1732	1412
ChainingRodShaped	1415	2.88696	0.5	-21.0528	47.3125	0	-0.713654	0.700499	0	None	None
ChainingRodShaped	1417	3.027	0.5	-27.3287	18.5114	0	0.0316215	-0.9995	0	None	None
ChainingRodShaped	1419	3.25895	0.5	50.1673	-6.43462	0	0.778413	-0.627753	0	1390	1418
ChainingRodShaped	1421	3.26677	0.5	-61.9398	-100.067	0	-0.924669	0.380773	0	1008	1420
ChainingRodShaped	1423	3.13173	0.5	-18.5085	28.7394	0	-0.390964	0.920406	0	None	None
ChainingRodShaped	1425	3.31968	0.5	-17.7505	-34.0657	0	0.916488	-0.400063	0	906	1424
ChainingRodShaped	1427	2.93329	0.5	-11.3661	52.3303	0	-0.975089	0.221814	0	None	None
ChainingRodShaped	1429	3.78185	0.5	-24.1143	-114.989	0	-0.775354	0.631527	0	1960	1428
ChainingRodShaped	1431	3.17849	0.5	-8.64682	43.873	0	-0.800274	-0.599635	0	None	None
ChainingRodShaped	1433	3.14897	0.5	-20.3739	17.1999	0	-0.861022	-0.508567	0	None	None
ChainingRodShaped	1435	3.82221	0.5	37.2265	211.855	0	0.67616	0.736755	0	786	1434
ChainingRodShaped	1437	3.45657	0.5	39.208	6.96306	0	0.361506	-0.93237	0	1610	1436
ChainingRodShaped	1439	3.2607	0.5	-14.2345	51.4535	0	0.813443	-0.581644	0	None	None
ChainingRodShaped	1441	4.33012	0.5	8.08878	138.355	0	0.962948	0.269687	0	1772	1440
ChainingRodShaped	1443	4.05016	0.5	77.9331	74.4824	0	-0.954941	0.296796	0	865	1442
ChainingRodShaped	1445	3.0922	0.5	-32.9718	17.1694	0	-0.708377	-0.705835	0	None	None
ChainingRodShaped	1447	3.37956	0.5	-42.6244	45.3998	0	-0.998461	-0.0554663	0	None	None
ChainingRodShaped	1449	3.67509	0.5	-35.9693	21.3009	0	-0.549155	-0.835721	0	None	None
ChainingRodShaped	1451	3.29603	0.5	34.5813	155.26	0	-0.738502	0.674251	0	1068	1450
ChainingRodShaped	1453	4.0282	0.5	-43.522	18.7886	0	-0.812206	-0.583371	0	None	None
ChainingRodShaped	1455	3.86937	0.5	-26.5108	14.2199	0	-0.934067	-0.357098	0	None	None
ChainingRodShaped	1457	3.12959	0.5	47.9438	117.92	0	0.485714	-0.874118	0	1628	1456
ChainingRodShaped	1459	3.76366	0.5	-51.0163	37.2664	0	-0.921158	-0.389189	0	None	None
ChainingRodShaped	1461	3.48487	0.5	24.6753	188.831	0	0.204269	0.978915	0	1394	1460
ChainingRodShaped	1463	3.25969	0.5	-44.2126	34.0387	0	-0.899142	-0.437658	0	None	None
ChainingRodShaped	1465	3.26816	0.5	-30.8417	-30.0961	0	0.96669	-0.25595	0	1876	1464
ChainingRodShaped	1467	2.84661	0.5	-4.29636	55.9748	0	-0.991021	0.133704	0	None	None
ChainingRodShaped	1469	4.02999	0.5	-2.89388	50.9408	0	-0.993797	0.111206	0	None	None
ChainingRodShaped	1471	2.85182	0.5	-46.7197	21.3314	0	-0.715425	0.69869	0	None	None
ChainingRodShaped	1473	3.18132	0.5	4.83837	52.8044	0	-0.984484	-0.175474	0	None	None
ChainingRodShaped	1475	3.13208	0.5	-10.469	-38.7497	0	0.731268	-0.68209	0	1424	1474
ChainingRodShaped	1477	3.77997	0.5	-52.8234	25.0873	0	-0.669991	0.742369	0	None	None
ChainingRodShaped	1479	3.90482	0.5	-65.8821	-27.4362	0	0.890036	0.455891	0	1038	1478
ChainingRodShaped	1481	3.05832	0.5	-17.3977	50.2773	0	0.673102	-0.73955	0	None	None
ChainingRodShaped	1483	3.15611	0.5	-9.4568	45.971	0	0.984551	-0.175099	0	None	None
ChainingRodShaped	1485	3.31974	0.5	-16.4166	40.5229	0	-0.41417	0.910199	0	None	None
ChainingRodShaped	1487	3.58619	0.5	28.9703	162.085	0	-0.522295	0.852765	0	1450	1486
ChainingRodShaped	1489	3.92428	0.5	-74.7344	-92.2065	0	-0.746258	0.665657	0	874	1488
ChainingRodShaped	1491	2.9219	0.5	129.233	106.286	0	0.296007	0.955186	0	1274	1490
ChainingRodShaped	1493	3.61721	0.5	-41.2963	39.566	0	-0.911988	-0.410216	0	None	None
ChainingRodShaped	1495	2.92615	0.5	79.0355	150.334	0	-0.984549	-0.175108	0	1598	1494
ChainingRodShaped	1497	2.77888	0.5	-26.3079	22.1902	0	0.522621	-0.852565	0	None	None
ChainingRodShaped	1499	3.84812	0.5	54.933	-11.207	0	-0.814526	0.580127	0	981	1498
ChainingRodShaped	1501	3.39301	0.5	-46.3876	26.782	0	-0.95037	0.311122	0	None	None
ChainingRodShaped	1503	3.26581	0.5	56.296	223.938	0	0.968631	0.248503	0	1644	1502
ChainingRodShaped	1505	3.55177	0.5	-20.3689	24.0339	0	-0.820147	0.572152	0	None	None
ChainingRodShaped	1507	3.18559	0.5	-31.0178	60.7789	0	-0.817234	0.576306	0	None	None
ChainingRodShaped	1509	2.87671	0.5	-57.0725	-10.9511	0	-0.139859	0.990171	0	1950	1508
ChainingRodShaped	1511	3.79449	0.5	14.6591	-87.5154	0	0.905381	-0.424601	0	1716	1510
ChainingRodShaped	1513	3.57608	0.5	-46.3505	19.4273	0	-0.99446	0.105113	0	None	None
ChainingRodShaped	1515	2.70504	0.5	-15.101	64.1808	0	-0.791934	0.610607	0	None	None
ChainingRodShaped	1517	3.79606	0.5	-39.4372	21.2615	0	-0.573211	-0.819408	0	None	None
ChainingRodShaped	1519	3.97754	0.5	-13.8968	35.3145	0	-0.997845	-0.0656101	0	None	None
ChainingRodShaped	1521	3.00495	0.5	158.541	241.589	0	0.895485	0.445091	0	759	1520
ChainingRodShaped	1523	2.94888	0.5	-38.0059	21.6642	0	-0.564986	-0.8251	0	None	None
ChainingRodShaped	1525	3.01646	0.5	-39.1212	37.8342	0	-0.589398	-0.807843	0	None	None
ChainingRodShaped	1527	3.101	0.5	-50.3891	51.2803	0	0.971214	-0.23821	0	None	None
ChainingRodShaped	1529	3.24654	0.5	-24.3476	53.2014	0	-0.512482	0.858698	0	None	None
ChainingRodShaped	1531	2.78237	0.5	-4.45351	35.4054	0	-0.546642	-0.837366	0	None	None
ChainingRodShaped	1533	3.56404	0.5	-15.4905	119.809	0	0.575243	0.817982	0	2006	1532
ChainingRodShaped	1535	2.79934	0.5	-34.8609	67.3151	0	-0.256515	-0.96654	0	None	None
ChainingRodShaped	1537	2.71726	0.5	109.855	81.8892	0	0.856731	0.515764	0	1688	1536
ChainingRodShaped	1539	3.77657	0.5	-39.5745	-26.4735	0	-0.94721	0.320614	0	1318	1538
ChainingRodShaped	1541	2.87505	0.5	73.9345	-56.0481	0	0.39183	0.920037	0	1340	1540
ChainingRodShaped	1543	3.17527	0.5	-52.2565	30.7834	0	-0.998831	-0.0483481	0	None	None
ChainingRodShaped	1545	2.87827	0.5	3.05236	-16.2807	0	-0.45698	-0.889477	0	1013	1544
ChainingRodShaped	1547	3.08866	0.5	-20.2261	22.7475	0	-0.818565	0.574414	0	None	None
ChainingRodShaped	1549	3.30721	0.5	-48.5403	61.7965	0	-0.965429	-0.260667	0	None	None
ChainingRodShaped	1551	3.11079	0.5	-6.36324	39.3058	0	-0.602565	-0.79807	0	None	None
ChainingRodShaped	1553	3.04943	0.5	-13.7204	-135.09	0	-0.118852	0.992912	0	1764	1552
ChainingRodShaped	1555	2.92187	0.5	-56.1384	-2.98757	0	0.36107	0.932539	0	1508	1554
ChainingRodShaped	1557	3.2229	0.5	-55.7057	25.3069	0	-0.679473	0.7337	0	None	None
ChainingRodShaped	1559	3.48365	0.5	95.8928	223.403	0	0.998645	-0.0520344	0	1144	1558
ChainingRodShaped	1561	3.74237	0.5	-42.7628	62.2156	0	-0.984047	-0.177909	0	None	None
ChainingRodShaped	1563	3.23139	0.5	-23.6052	20.8666	0	-0.0679315	0.99769	0	None	None
ChainingRodShaped	1565	2.61377	0.5	-49.8894	21.7404	0	-0.695174	0.718842	0	None	None
ChainingRodShaped	1567	3.63977	0.5	-27.0035	-201.989	0	0.149583	0.988749	0	1782	1566
ChainingRodShaped	1569	3.6114	0.5	104.06	36.4068	0	-0.106712	0.99429	0	834	1568
ChainingRodShaped	1571	3.61657	0.5	-41.1211	57.3462	0	-0.841011	0.541018	0	None	None
ChainingRodShaped	1573	3.49264	0.5	-21.6322	58.5623	0	-0.0296151	-0.999561	0	None	None
ChainingRodShaped	1575	2.70351	0.5	-57.9505	31.255	0	-0.601645	0.798764	0	None	None
ChainingRodShaped	1577	3.02007	0.5	-35.8944	17.1863	0	-0.808713	-0.588203	0	None	None
ChainingRodShaped	1579	3.08133	0.5	-27.7587	57.0245	0	-0.288162	0.957582	0	None	None
ChainingRodShaped	1581	3.16398	0.5	-39.5324	28.4113	0	-0.864001	-0.50349	0	None	None
ChainingRodShaped	1583	3.30885	0.5	-7.14738	29.3668	0	-0.56466	-0.825323	0	None	None
ChainingRodShaped	1585	2.9147	0.5	44.8032	46.9826	0	0.157237	-0.987561	0	1720	1584
ChainingRodShaped	1587	2.74929	0.5	-14.6881	34.3206	0	-0.997185	-0.0749837	0	None	None
ChainingRodShaped	1589	3.60564	0.5	102.993	15.2804	0	0.221026	0.975268	0	1668	1588
ChainingRodShaped	1591	2.64146	0.5	-21.7881	36.8342	0	-0.955761	-0.294144	0	None	None
ChainingRodShaped	1593	3.30761	0.5	-17.8645	44.8041	0	-0.829836	0.558007	0	None	None
ChainingRodShaped	1595	3.5302	0.5	3.9667	-76.8764	0	0.439013	-0.898481	0	892	1594
ChainingRodShaped	1597	3.39789	0.5	-34.9532	49.9172	0	-0.797007	0.603969	0	None	None
ChainingRodShaped	1599	2.54706	0.5	86.2388	151.352	0	-0.995512	-0.0946343	0	850	1598
ChainingRodShaped	1601	3.19599	0.5	-8.9281	47.873	0	0.980311	-0.197459	0	None	None
ChainingRodShaped	1603	2.53204	0.5	-24.0215	94.4618	0	0.0242659	0.999706	0	1252	1602
ChainingRodShaped	1605	2.76747	0.5	-23.3316	60.3351	0	0.561606	-0.827405	0	None	None
ChainingRodShaped	1607	3.20758	0.5	17.7867	139.78	0	0.999999	-0.00102456	0	1440	1606
ChainingRodShaped	1609	2.66812	0.5	-35.3913	39.7232	0	-0.885242	0.465131	0	None	None
ChainingRodShaped	1611	3.16095	0.5	37.6689	15.2622	0	-0.00423292	-0.999991	0	1670	1610
ChainingRodShaped	1613	2.9898	0.5	-28.0127	63.9437	0	-0.81005	0.586361	0	None	None
ChainingRodShaped	1615	2.78158	0.5	-52.1365	43.5938	0	-0.206089	-0.978533	0	None	None
ChainingRodShaped	1617	2.98439	0.5	70.0029	-23.3422	0	-0.648982	0.760804	0	1242	1616
ChainingRodShaped	1619	3.43913	0.5	-50.5742	34.2662	0	-0.932337	-0.36159	0	None	None
ChainingRodShaped	1621	2.8529	0.5	-0.705287	57.1138	0	-0.960074	0.279746	0	1182	1620
ChainingRodShaped	1623	2.99738	0.5	-35.963	66.9664	0	-0.257182	-0.966363	0	None	None
ChainingRodShaped	1625	2.89853	0.5	-86.6829	-66.0807	0	0.000201317	1	0	1900	1624
ChainingRodShaped	1627	2.49139	0.5	-16.3317	27.0991	0	-0.863628	-0.50413	0	None	None
ChainingRodShaped	1629	3.18426	0.5	43.6086	124.548	0	0.611951	-0.790896	0	683	1628
ChainingRodShaped	1631	2.61845	0.5	5.56336	48.2813	0	-0.637313	-0.770605	0	None	None
ChainingRodShaped	1633	2.6859	0.5	-38.7863	32.1926	0	-0.862078	-0.506775	0	None	None
ChainingRodShaped	1635	2.63343	0.5	-38.4624	14.097	0	-0.802323	-0.596891	0	None	None
ChainingRodShaped	1637	2.73754	0.5	22.8081	59.7492	0	-0.932021	-0.362405	0	1718	1636
ChainingRodShaped	1639	2.92496	0.5	-48.7082	52.8747	0	0.972769	-0.231779	0	None	None
ChainingRodShaped	1641	3.17628	0.5	-45.6369	7.37459	0	0.917607	0.397488	0	1806	1640
ChainingRodShaped	1643	3.11765	0.5	-35.0045	37.5527	0	-0.871692	-0.490054	0	None	None
ChainingRodShaped	1645	2.48386	0.5	49.1777	221.36	0	0.898246	0.439493	0	2002	1644
ChainingRodShaped	1647	2.82342	0.5	81.2079	77.1985	0	0.975734	-0.218957	0	1174	1646
ChainingRodShaped	1649	3.26862	0.5	-28.8761	37.8903	0	-0.976108	-0.217285	0	None	None
ChainingRodShaped	1651	3.23642	0.5	-25.0604	52.5663	0	-0.518887	0.854843	0	None	None
ChainingRodShaped	1653	2.69699	0.5	-59.3015	36.6668	0	-0.74221	0.670168	0	None	None
ChainingRodShaped	1655	2.96756	0.5	-16.5704	46.2063	0	0.831331	-0.555777	0	None	None
ChainingRodShaped	1657	2.82074	0.5	5.15962	54.8179	0	-0.946726	0.32204	0	None	None
ChainingRodShaped	1659	2.92656	0.5	65.5903	86.0459	0	0.68008	-0.733137	0	999	1658
ChainingRodShaped	1661	2.66502	0.5	53.8502	-81.2746	0	0.834846	0.550484	0	1368	1660
ChainingRodShaped	1663	2.46946	0.5	-11.0422	57.9138	0	-0.664783	0.747036	0	None	None
ChainingRodShaped	1665	2.74171	0.5	-1.83642	56.4501	0	-0.953855	0.300267	0	None	None
ChainingRodShaped	1667	3.16046	0.5	-15.7186	-154.641	0	0.245265	0.969456	0	1334	1666
ChainingRodShaped	1669	3.08608	0.5	100.619	7.62203	0	0.377533	0.925996	0	1032	1668
ChainingRodShaped	1671	2.61205	0.5	38.8055	22.9427	0	-0.27476	-0.961513	0	2012	1670
ChainingRodShaped	1673	2.65798	0.5	-34.7332	52.1495	0	-0.805843	0.59213	0	None	None
ChainingRodShaped	1675	3.0342	0.5	165.828	245.198	0	0.896795	0.442447	0	1520	1674
ChainingRodShaped	1677	2.68591	0.5	-32.5036	11.252	0	0.966461	0.256812	0	1984	1676
ChainingRodShaped	1679	3.1365	0.5	-4.87836	54.0985	0	-0.992368	0.123315	0	None	None
ChainingRodShaped	1681	2.71323	0.5	-25.61	13.4973	0	0.928298	0.371838	0	1676	1680
ChainingRodShaped	1683	2.93162	0.5	101.105	50.4101	0	-0.314852	0.949141	0	728	1682
ChainingRodShaped	1685	2.92086	0.5	-36.0237	60.422	0	-0.995777	0.0918038	0	None	None
ChainingRodShaped	1687	2.99718	0.5	-11.4873	51.3753	0	0.97514	-0.221589	0	None	None
ChainingRodShaped	1689	2.71018	0.5	103.401	78.8771	0	0.945666	0.325141	0	885	1688
ChainingRodShaped	1691	3.03991	0.5	-30.3798	24.0584	0	0.357496	-0.933915	0	None	None
ChainingRodShaped	1693	2.7751	0.5	-41.607	33.2504	0	-0.659303	-0.751878	0	None	None
ChainingRodShaped	1695	2.51195	0.5	-0.386698	41.9067	0	-0.562821	-0.826579	0	None	None
ChainingRodShaped	1697	2.87152	0.5	-20.5641	21.7884	0	-0.815629	0.578576	0	None	None
ChainingRodShaped	1699	2.60806	0.5	-51.5529	27.5285	0	-0.939562	0.34238	0	None	None
ChainingRodShaped	1701	2.52316	0.5	-23.556	56.4189	0	0.292523	-0.956258	0	None	None
ChainingRodShaped	1703	2.97354	0.5	54.14	104.85	0	0.408471	-0.912771	0	1858	1702
ChainingRodShaped	1705	2.52623	0.5	44.8907	148.908	0	-0.941234	0.337755	0	1974	1704
ChainingRodShaped	1707	2.82787	0.5	-34.6539	40.4039	0	-0.886831	0.462095	0	None	None
ChainingRodShaped	1709	2.96631	0.5	-41.0287	63.9229	0	-0.902382	-0.430938	0	None	None
ChainingRodShaped	1711	2.7716	0.5	-33.0711	32.1741	0	-0.86414	-0.503252	0	None	None
ChainingRodShaped	1713	2.48166	0.5	24.9123	138.778	0	0.957187	-0.289471	0	1606	1712
ChainingRodShaped	1715	3.00392	0.5	-55.8974	40.0722	0	-0.795246	-0.606287	0	None	None
ChainingRodShaped	1717	2.59381	0.5	8.43744	-83.2981	0	0.70887	-0.705339	0	1594	1716
ChainingRodShaped	1719	2.77694	0.5	29.4735	62.5627	0	-0.908969	-0.416863	0	1124	1718
ChainingRodShaped	1721	2.50028	0.5	41.8241	53.7834	0	0.642492	-0.766292	0	894	1720
ChainingRodShaped	1723	2.76563	0.5	-29.7832	25.2283	0	0.361043	-0.932549	0	None	None
ChainingRodShaped	1725	2.85499	0.5	-51.4717	18.9937	0	-0.588962	0.808161	0	None	None
ChainingRodShaped	1727	2.41249	0.5	-0.143283	38.6753	0	0.527761	0.849393	0	1118	1726
ChainingRodShaped	1729	2.68954	0.5	63.1431	-14.6462	0	0.936648	-0.350272	0	1784	1728
ChainingRodShaped	1731	2.42015	0.5	-21.5143	108.255	0	0.331016	0.943625	0	1846	1730
ChainingRodShaped	1733	2.74338	0.5	-4.92614	-26.6895	0	-0.774168	-0.63298	0	733	1732
ChainingRodShaped	1735	2.47971	0.5	-29.5199	31.7499	0	-0.966566	-0.256418	0	None	None
ChainingRodShaped	1737	2.86266	0.5	9.17075	-4.27661	0	-0.54603	-0.837765	0	1946	1736
ChainingRodShaped	1739	2.48943	0.5	-35.6034	16.209	0	-0.809344	-0.587335	0	None	None
ChainingRodShaped	1741	2.59317	0.5	-29.9697	57.6489	0	-0.922647	0.385645	0	None	None
ChainingRodShaped	1743	2.33781	0.5	-41.5424	48.1438	0	0.967482	-0.25294	0	None	None
ChainingRodShaped	1745	2.55899	0.5	58.7936	75.281	0	-0.979359	-0.202128	0	1076	1744
ChainingRodShaped	1747	2.87343	0.5	-22.7146	52.8715	0	-0.129582	0.991569	0	None	None
ChainingRodShaped	1749	2.84319	0.5	-5.87808	53.2378	0	-0.993104	0.117238	0	None	None
ChainingRodShaped	1751	2.84828	0.5	-7.78139	43.3278	0	-0.806225	-0.591609	0	None	None
ChainingRodShaped	1753	2.64541	0.5	104.318	23.7085	0	0.0833389	0.996521	0	1588	1752
ChainingRodShaped	1755	2.75596	0.5	-41.0331	50.3909	0	0.859951	-0.510377	0	None	None
ChainingRodShaped	1757	2.51744	0.5	77.0318	-38.0144	0	-0.145007	0.989431	0	2004	1756
ChainingRodShaped	1759	2.30034	0.5	-21.1148	68.2861	0	-0.892623	-0.450803	0	None	None
ChainingRodShaped	1761	2.777	0.5	-31.7129	42.7903	0	-0.988107	0.15377	0	None	None
ChainingRodShaped	1763	2.81165	0.5	-22.442	64.0536	0	-0.999014	-0.044401	0	None	None
ChainingRodShaped	1765	2.44858	0.5	-13.5526	-142.108	0	0.0736711	0.997283	0	971	1764
ChainingRodShaped	1767	2.32159	0.5	-48.1356	21.3509	0	-0.702328	0.711854	0	None	None
ChainingRodShaped	1769	2.77589	0.5	-47.8043	16.2313	0	-0.846321	0.532673	0	None	None
ChainingRodShaped	1771	2.7042	0.5	-21.6672	37.8519	0	-0.957064	-0.289877	0	None	None
ChainingRodShaped	1773	2.76536	0.5	0.819862	135.409	0	0.86846	0.495758	0	1188	1772
ChainingRodShaped	1775	2.45086	0.5	-24.2903	68.1206	0	-0.950221	0.311576	0	None	None
ChainingRodShaped	1777	2.49938	0.5	-39.3323	50.5174	0	0.857842	-0.513913	0	None	None
ChainingRodShaped	1779	2.7598	0.5	-28.9615	25.7599	0	0.370351	-0.928892	0	None	None
ChainingRodShaped	1781	2.5552	0.5	-55.8344	42.4605	0	-0.167197	-0.985924	0	None	None
ChainingRodShaped	1783	2.35409	0.5	-28.0786	-209.32	0	0.141066	0.99	0	1163	1782
ChainingRodShaped	1785	2.55809	0.5	56.8269	-11.3657	0	0.834921	-0.55037	0	1418	1784
ChainingRodShaped	1787	2.36426	0.5	-13.611	61.2312	0	0.0844456	-0.996428	0	None	None
ChainingRodShaped	1789	2.41794	0.5	130.485	228.747	0	0.945555	0.325463	0	1282	1788
ChainingRodShaped	1791	2.3589	0.5	-6.28362	28.8795	0	0.569891	0.82172	0	1898	1790
ChainingRodShaped	1793	2.39869	0.5	-41.5748	21.9148	0	-0.944603	0.328216	0	None	None
ChainingRodShaped	1795	2.51076	0.5	52.0281	73.3453	0	-0.93979	-0.341753	0	1744	1794
ChainingRodShaped	1797	2.27368	0.5	-41.9911	40.2916	0	-0.91604	-0.401086	0	None	None
ChainingRodShaped	1799	2.60582	0.5	147.427	236.086	0	0.899054	0.437838	0	1203	1798
ChainingRodShaped	1801	2.59223	0.5	15.9734	57.3334	0	-0.959083	-0.283124	0	1636	1800
ChainingRodShaped	1803	2.5538	0.5	-34.0208	50.4074	0	-0.794824	0.60684	0	None	None
ChainingRodShaped	1805	2.52845	0.5	-41.6748	14.3218	0	-0.568805	0.822472	0	None	None
ChainingRodShaped	1807	2.66313	0.5	-51.6625	3.56402	0	0.733028	0.680199	0	1554	1806
ChainingRodShaped	1809	2.34946	0.5	-13.3342	46.3739	0	0.897561	-0.44089	0	None	None
ChainingRodShaped	1811	2.28128	0.5	-22.0195	39.73	0	-0.953877	-0.300197	0	None	None
ChainingRodShaped	1813	2.43935	0.5	-40.9089	-106.419	0	-0.950448	0.310883	0	1382	1812
ChainingRodShaped	1815	2.43135	0.5	-41.0118	32.5046	0	-0.653773	-0.756691	0	None	None
ChainingRodShaped	1817	2.35278	0.5	-35.2051	58.2919	0	-0.976915	0.213626	0	None	None
ChainingRodShaped	1819	2.55546	0.5	-34.7041	11.675	0	-0.964069	-0.265654	0	None	None
ChainingRodShaped	1821	2.45254	0.5	-15.3724	67.5317	0	-0.639219	0.769025	0	1015	1820
ChainingRodShaped	1823	2.34937	0.5	-25.0186	42.6688	0	-0.858845	0.512236	0	None	None
ChainingRodShaped	1825	2.55429	0.5	-17.5295	39.5024	0	-0.73856	0.674188	0	None	None
ChainingRodShaped	1827	2.38708	0.5	-6.8185	37.0733	0	-0.573626	-0.819118	0	None	None
ChainingRodShaped	1829	2.4837	0.5	-24.0514	-185.254	0	0.210141	0.977671	0	1386	1828
ChainingRodShaped	1831	2.55638	0.5	-45.0484	40.4081	0	-0.998729	-0.0503987	0	None	None
ChainingRodShaped	1833	2.59065	0.5	-22.0319	40.7096	0	-0.954312	-0.298812	0	None	None
ChainingRodShaped	1835	2.50132	0.5	-28.3825	39.9715	0	-0.976965	-0.213399	0	None	None
ChainingRodShaped	1837	2.46947	0.5	-11.3735	38.6446	0	-0.950151	-0.31179	0	None	None
ChainingRodShaped	1839	2.53867	0.5	-26.7021	34.399	0	-0.97573	-0.218976	0	None	None
ChainingRodShaped	1841	2.23396	0.5	-52.6226	46.9061	0	-0.371168	0.928566	0	None	None
ChainingRodShaped	1843	2.42979	0.5	45.8931	70.7495	0	-0.902757	-0.43015	0	1794	1842
ChainingRodShaped	1845	2.37799	0.5	-14.5826	61.4458	0	0.0831831	-0.996534	0	None	None
ChainingRodShaped	1847	2.26145	0.5	-23.2189	101.967	0	0.1874	0.982284	0	1602	1846
ChainingRodShaped	1849	2.243	0.5	89.2383	68.7843	0	-0.767953	0.640506	0	1171	1848
ChainingRodShaped	1851	2.47389	0.5	-26.1921	47.9759	0	-0.811783	0.583959	0	None	None
ChainingRodShaped	1853	2.29759	0.5	-10.6292	60.9033	0	-0.947986	0.318311	0	None	None
ChainingRodShaped	1855	2.20105	0.5	-52.6187	23.3863	0	-0.66829	0.743901	0	None	None
ChainingRodShaped	1857	2.30301	0.5	-42.1028	21.0665	0	-0.945799	0.324751	0	None	None
ChainingRodShaped	1859	2.44647	0.5	51.3207	111.172	0	0.414665	-0.909974	0	1456	1858
ChainingRodShaped	1861	2.4994	0.5	-13.8554	40.4468	0	0.0619934	0.998077	0	None	None
ChainingRodShaped	1863	2.42511	0.5	0.513647	46.0379	0	-0.692135	-0.721768	0	None	None
ChainingRodShaped	1865	2.2734	0.5	-44.0981	16.1756	0	-0.999972	0.00750882	0	None	None
ChainingRodShaped	1867	2.41323	0.5	-53.5805	43.4831	0	0.14477	-0.989465	0	None	None
ChainingRodShaped	1869	2.37156	0.5	-43.1376	60.1651	0	-0.986162	-0.165785	0	None	None
ChainingRodShaped	1871	2.44001	0.5	-27.1496	37.2782	0	-0.976111	-0.217274	0	None	None
ChainingRodShaped	1873	2.34996	0.5	-54.8162	38.2747	0	-0.831593	0.555385	0	None	None
ChainingRodShaped	1875	2.39358	0.5	-23.2342	33.399	0	-0.946539	-0.322588	0	None	None
ChainingRodShaped	1877	2.39799	0.5	-37.3596	-28.1942	0	0.95159	-0.307369	0	1404	1876
ChainingRodShaped	1879	2.44265	0.5	48.1717	-6.02433	0	-0.772839	0.634602	0	1498	1878
ChainingRodShaped	1881	2.25779	0.5	-19.6766	67.9036	0	-0.859536	-0.511076	0	None	None
ChainingRodShaped	1883	2.34847	0.5	-27.6236	59.8406	0	-0.314338	0.949311	0	None	None
ChainingRodShaped	1885	2.17374	0.5	-21.392	77.7364	0	-0.370686	0.928758	0	867	1884
ChainingRodShaped	1887	2.31994	0.5	-39.8095	54.2146	0	-0.85778	0.514016	0	None	None
ChainingRodShaped	1889	2.32308	0.5	-8.02912	31.7773	0	-0.565669	-0.824632	0	None	None
ChainingRodShaped	1891	2.39604	0.5	-12.4211	24.1671	0	-0.735891	-0.6771	0	None	None
ChainingRodShaped	1893	2.28136	0.5	-17.4978	56.0717	0	-0.723642	0.690175	0	None	None
ChainingRodShaped	1895	2.29153	0.5	-1.82867	54.9395	0	-0.993871	-0.110544	0	None	None
ChainingRodShaped	1897	2.2937	0.5	-23.7228	43.0207	0	-0.863737	0.503944	0	None	None
ChainingRodShaped	1899	2.37573	0.5	-10.3585	23.7367	0	0.675317	0.737527	0	2000	1898
ChainingRodShaped	1901	2.36704	0.5	-86.0227	-72.7811	0	-0.20741	0.978254	0	1255	1900
ChainingRodShaped	1903	2.25027	0.5	-1.53711	-55.8332	0	0.238459	-0.971153	0	1116	1902
ChainingRodShaped	1905	2.308	0.5	-35.7683	34.9986	0	-0.881969	-0.471307	0	None	None
ChainingRodShaped	1907	2.13193	0.5	-7.73733	40.6627	0	-0.608046	-0.793902	0	None	None
ChainingRodShaped	1909	2.21664	0.5	128.33	133.347	0	-0.381494	0.924371	0	1155	1908
ChainingRodShaped	1911	2.13266	0.5	70.9047	81.4375	0	0.831569	-0.555421	0	1658	1910
ChainingRodShaped	1913	2.35125	0.5	-34.8512	59.2037	0	-0.977338	0.211684	0	None	None
ChainingRodShaped	1915	2.26467	0.5	-35.1198	53.6114	0	-0.828531	0.559943	0	None	None
ChainingRodShaped	1917	2.1172	0.5	-36.07	45.5227	0	-0.94934	0.31425	0	None	None
ChainingRodShaped	1919	2.1553	0.5	-5.79796	49.3226	0	0.992868	-0.119215	0	None	None
ChainingRodShaped	1921	2.17463	0.5	-9.57051	48.9855	0	0.978289	-0.207248	0	None	None
ChainingRodShaped	1923	2.13071	0.5	-37.7103	50.6703	0	0.852664	-0.522459	0	None	None
ChainingRodShaped	1925	2.18666	0.5	122.141	142.38	0	-0.715552	0.698559	0	1267	1924
ChainingRodShaped	1927	2.22607	0.5	-55.82	30.0915	0	-0.619864	0.784709	0	None	None
ChainingRodShaped	1929	2.17861	0.5	-44.0992	55.8255	0	0.831104	-0.556118	0	None	None
ChainingRodShaped	1931	2.1772	0.5	-46.831	42.6332	0	-0.699883	-0.714258	0	None	None
ChainingRodShaped	1933	2.11952	0.5	2.29353	47.2705	0	0.138965	-0.990297	0	None	None
ChainingRodShaped	1935	2.09166	0.5	-15.6442	58.6148	0	-0.70392	0.710279	0	None	None
ChainingRodShaped	1937	2.21896	0.5	-35.7864	57.4218	0	-0.974971	0.222334	0	None	None
ChainingRodShaped	1939	2.23886	0.5	-13.4023	56.7392	0	-0.973101	0.23038	0	None	None
ChainingRodShaped	1941	2.12002	0.5	136.887	231.204	0	0.921401	0.388613	0	1788	1940
ChainingRodShaped	1943	2.18536	0.5	-52.3367	-24.3356	0	0.999292	-0.0376261	0	1173	1942
ChainingRodShaped	1945	2.1193	0.5	-16.531	32.6986	0	-0.848349	-0.529437	0	None	None
ChainingRodShaped	1947	2.20983	0.5	13.5287	0.604283	0	-0.792875	-0.609384	0	1270	1946
ChainingRodShaped	1949	2.16981	0.5	62.9352	147.515	0	-0.993578	-0.113151	0	1362	1948
ChainingRodShaped	1951	2.20878	0.5	-54.6644	-17.0013	0	-0.594355	0.804203	0	1260	1950
ChainingRodShaped	1953	2.20112	0.5	-46.093	35.2357	0	-0.902572	-0.430539	0	None	None
ChainingRodShaped	1955	2.126	0.5	-38.4479	31.2782	0	-0.86099	-0.508622	0	None	None
ChainingRodShaped	1957	2.12476	0.5	-21.9109	28.9085	0	-0.982257	0.187539	0	None	None
ChainingRodShaped	1959	2.09669	0.5	27.2843	197.286	0	0.393621	0.919273	0	1460	1958
ChainingRodShaped	1961	2.09113	0.5	-19.3521	-119.892	0	-0.580594	0.814193	0	1344	1960
ChainingRodShaped	1963	2.06863	0.5	-53.5309	34.6548	0	-0.995884	0.0906333	0	None	None
ChainingRodShaped	1965	2.07232	0.5	-17.211	36.6418	0	-0.745056	0.667001	0	None	None
ChainingRodShaped	1967	2.09441	0.5	-25.4009	28.4949	0	-0.991408	0.130803	0	None	None
ChainingRodShaped	1969	2.11245	0.5	43.06	34.3943	0	-0.322906	-0.946431	0	946	1968
ChainingRodShaped	1971	2.09902	0.5	-26.7235	15.1831	0	-0.93478	-0.355228	0	None	None
ChainingRodShaped	1973	2.13518	0.5	-41.0626	42.6427	0	-0.996781	-0.0801762	0	None	None
ChainingRodShaped	1975	2.06822	0.5	50.9759	147.467	0	-0.993159	0.116766	0	1276	1974
ChainingRodShaped	1977	2.06988	0.5	-7.09346	59.9799	0	-0.845636	0.533761	0	1620	1976
ChainingRodShaped	1979	2.07581	0.5	-47.6594	54.6303	0	0.975104	-0.22175	0	None	None
ChainingRodShaped	1981	2.12632	0.5	0.837043	50.0559	0	0.981314	0.192415	0	None	None
ChainingRodShaped	1983	2.09677	0.5	-29.1302	46.5263	0	-0.791581	0.611064	0	None	None
ChainingRodShaped	1985	2.06816	0.5	-38.6544	9.70425	0	0.968674	0.248337	0	1640	1984
ChainingRodShaped	1987	2.12054	0.5	-47.4798	25.0813	0	-0.953693	0.300781	0	None	None
ChainingRodShaped	1989	2.11857	0.5	-29.8241	43.4108	0	0.787071	-0.616862	0	None	None
ChainingRodShaped	1991	2.09074	0.5	-33.256	35.2836	0	-0.876255	-0.481848	0	None	None
ChainingRodShaped	1993	2.06682	0.5	-83.5378	-48.2981	0	0.331737	0.943372	0	1288	1992
ChainingRodShaped	1995	2.05696	0.5	-27.91	31.1519	0	-0.974903	-0.222628	0	None	None
ChainingRodShaped	1997	2.06656	0.5	22.4749	-89.9381	0	0.990433	-0.137991	0	1510	1996
ChainingRodShaped	1999	2.08503	0.5	-9.07471	41.4254	0	-0.947019	-0.321179	0	None	None
ChainingRodShaped	2001	2.0366	0.5	-14.8441	19.6036	0	0.795302	0.606214	0	1062	2000
ChainingRodShaped	2003	2.07619	0.5	43.9241	218.123	0	0.793636	0.608393	0	1434	2002
ChainingRodShaped	2005	2.04469	0.5	77.1598	-44.1725	0	0.108606	0.994085	0	870	2004
ChainingRodShaped	2007	2.02221	0.5	-18.996	114.126	0	0.458782	0.888549	0	1730	2006
ChainingRodShaped	2009	2.05816	0.5	-51.0561	49.4336	0	0.971795	-0.235828	0	None	None
ChainingRodShaped	2011	2.05233	0.5	-25.8976	46.589	0	-0.817407	0.576061	0	None	None
ChainingRodShaped	2013	2.03752	0.5	40.8849	28.794	0	-0.378821	-0.92547	0	1968	2012
ChainingRodShaped	2015	2.01813	0.5	69.7553	76.1607	0	-0.996779	0.0801935	0	1442	2014
ChainingRodShaped	2017	2.00805	0.5	-25.4094	48.5802	0	-0.812838	0.58249	0	None	None
ChainingRodShaped	2019	2.00078	0.5	-17.8367	55.0561	0	-0.71033	0.703869	0	None	None
