cell_type	cell_id	length	radius	pos_x	pos_y	pos_z	ori_x	ori_y	ori_z	lower_link	upper_link
ChainingRodShaped	4530	2.42867	0.5	-13.4671	37.9434	0	-0.759647	-0.650336	0	None	None
ChainingRodShaped	4522	4.10301	0.5	24.0932	40.6331	0	-0.683932	0.729546	0	None	None
ChainingRodShaped	4520	3.74812	0.5	-17.0472	43.0675	0	0.987455	0.157904	0	4521	None
ChainingRodShaped	4518	3.75779	0.5	3.10394	40.4741	0	-0.897116	-0.441796	0	None	None
ChainingRodShaped	4516	3.657	0.5	-14.8701	38.306	0	0.563603	0.826046	0	4517	None
ChainingRodShaped	4514	2.83693	0.5	32.0755	45.4422	0	0.98985	0.142117	0	4515	None
ChainingRodShaped	4512	3.53295	0.5	37.1296	43.8229	0	-0.272413	-0.962181	0	None	None
ChainingRodShaped	4510	3.37693	0.5	13.2639	30.285	0	-0.677967	-0.735092	0	None	None
ChainingRodShaped	4508	4.032	0.5	4.6896	17.4309	0	-0.771585	-0.636126	0	None	None
ChainingRodShaped	4506	4.19046	0.5	24.2938	27.3293	0	0.965535	-0.260273	0	None	None
ChainingRodShaped	4504	3.51575	0.5	21.8972	46.9904	0	-0.81654	0.577288	0	4505	None
ChainingRodShaped	4502	3.64804	0.5	-28.2304	49.7029	0	0.43681	0.899554	0	4503	None
ChainingRodShaped	4500	3.5299	0.5	-23.6325	36.6639	0	0.985107	0.17194	0	None	None
ChainingRodShaped	4498	3.50929	0.5	18.6988	35.147	0	0.049644	-0.998767	0	4499	None
ChainingRodShaped	4496	4.17674	0.5	-10.1084	29.4999	0	0.816579	-0.577233	0	None	None
ChainingRodShaped	4494	3.68765	0.5	-7.24263	36.6087	0	-0.88163	0.471941	0	None	None
ChainingRodShaped	4540	2.34606	0.5	7.23337	48.5305	0	-0.558464	0.829529	0	None	None
ChainingRodShaped	4490	3.40577	0.5	-34.5023	39.1763	0	-0.340677	0.94018	0	4491	None
ChainingRodShaped	4488	3.75769	0.5	-36.2941	48.0366	0	-0.460875	0.887465	0	4489	None
ChainingRodShaped	4486	3.39272	0.5	-14.2366	44.1086	0	0.117103	-0.99312	0	4487	None
ChainingRodShaped	4484	4.52328	0.5	27.4411	48.6949	0	0.639578	-0.768726	0	None	None
ChainingRodShaped	4482	3.07565	0.5	-10.5797	21.2873	0	-0.916351	0.400377	0	4483	None
ChainingRodShaped	4480	3.33732	0.5	-4.83713	44.2715	0	0.461707	-0.887032	0	None	None
ChainingRodShaped	4532	2.42081	0.5	8.15346	37.041	0	-0.992315	0.123735	0	None	None
ChainingRodShaped	4476	2.69079	0.5	-18.7383	31.2177	0	0.790255	-0.612778	0	4477	None
ChainingRodShaped	4474	3.80098	0.5	-22.3616	25.7597	0	0.272967	-0.962023	0	None	None
ChainingRodShaped	4472	3.67588	0.5	33.3125	34.8913	0	-0.777049	-0.62944	0	4473	None
ChainingRodShaped	4470	3.53157	0.5	29.1804	27.4999	0	0.048664	-0.998815	0	None	None
ChainingRodShaped	4468	3.61956	0.5	1.37628	37.2792	0	0.981413	0.191906	0	None	None
ChainingRodShaped	4466	2.99934	0.5	-16.0377	21.1534	0	-0.330885	-0.943671	0	4467	None
ChainingRodShaped	4464	3.35692	0.5	-1.48249	29.0052	0	-0.457034	-0.889449	0	4465	None
ChainingRodShaped	4462	2.63419	0.5	-32.4065	29.3743	0	-0.451087	-0.89248	0	4463	None
ChainingRodShaped	4460	2.92987	0.5	-6.19266	26.0616	0	0.375807	-0.926698	0	4461	None
ChainingRodShaped	4458	3.52091	0.5	6.05137	34.7434	0	0.587608	0.809145	0	4459	None
ChainingRodShaped	4456	3.89204	0.5	10.2673	27.0042	0	0.841576	0.540138	0	None	None
ChainingRodShaped	4454	3.68093	0.5	30.8346	33.5212	0	0.546727	-0.837311	0	4455	None
ChainingRodShaped	4452	3.96523	0.5	1.85995	48.9909	0	0.971918	0.235319	0	None	None
ChainingRodShaped	4450	4.62011	0.5	-29.2784	42.0261	0	-0.204385	0.978891	0	None	None
ChainingRodShaped	4448	4.83239	0.5	12.8511	48.1891	0	-0.776586	-0.630012	0	None	None
ChainingRodShaped	4446	2.84982	0.5	-22.0755	44.5609	0	0.866071	-0.49992	0	4447	None
ChainingRodShaped	4444	4.64529	0.5	1.89089	20.5545	0	-0.138923	-0.990303	0	None	None
ChainingRodShaped	4442	3.74656	0.5	13.9463	26.0855	0	-0.848717	0.528847	0	None	None
ChainingRodShaped	4440	2.86492	0.5	-36.5501	41.5079	0	0.935912	0.352234	0	4441	None
ChainingRodShaped	4438	3.53904	0.5	-38.4889	44.4635	0	0.912192	-0.409764	0	4439	None
ChainingRodShaped	4436	2.80968	0.5	-10.1034	48.6043	0	-0.40595	-0.913895	0	4437	None
ChainingRodShaped	4434	3.4079	0.5	-41.03	48.6256	0	0.714406	-0.699732	0	None	None
ChainingRodShaped	4432	3.50952	0.5	-19.5127	48.1839	0	-0.619374	-0.785096	0	None	None
ChainingRodShaped	4430	4.07068	0.5	21.4833	34.9834	0	-0.521736	0.853107	0	None	None
ChainingRodShaped	4428	4.27124	0.5	14.6899	41.7169	0	0.425492	-0.904962	0	None	None
ChainingRodShaped	4426	3.21793	0.5	17.6809	41.561	0	-0.302037	-0.953296	0	4427	None
ChainingRodShaped	4424	3.47349	0.5	12.0269	32.7077	0	0.91384	0.406075	0	4425	None
ChainingRodShaped	4422	3.79736	0.5	-5.60955	21.205	0	-0.995783	-0.0917407	0	4423	None
ChainingRodShaped	4420	3.73011	0.5	40.5333	39.6523	0	0.940015	-0.341132	0	4421	None
ChainingRodShaped	4418	3.35396	0.5	-19.3544	29.8023	0	-0.572376	0.819991	0	4419	None
ChainingRodShaped	4416	4.50408	0.5	3.9533	45.0253	0	-0.534381	-0.845244	0	None	None
ChainingRodShaped	4414	3.77448	0.5	-2.20592	41.5963	0	-0.653588	-0.756851	0	4415	None
ChainingRodShaped	4412	3.59117	0.5	44.6625	48.6159	0	0.932692	-0.360675	0	4413	None
ChainingRodShaped	4410	3.69007	0.5	17.575	49.0391	0	-0.432441	-0.901662	0	None	None
ChainingRodShaped	4408	2.94669	0.5	36.5828	49.6064	0	0.683379	-0.730064	0	4409	None
ChainingRodShaped	4406	3.92091	0.5	10.715	22.4607	0	0.00192214	0.999998	0	None	None
ChainingRodShaped	4404	4.44361	0.5	-22.7739	49.4129	0	0.230082	-0.973171	0	None	None
ChainingRodShaped	4554	2.00198	0.5	-24.3731	51.6486	0	0.268256	-0.963348	0	None	None
ChainingRodShaped	4407	4.89546	0.5	11.8909	18.4996	0	-0.0732142	0.997316	0	None	None
ChainingRodShaped	4409	3.23524	0.5	33.7872	52.593	0	0.683379	-0.730064	0	None	4408
ChainingRodShaped	4548	2.02589	0.5	19.5083	50.5555	0	-0.509025	-0.860751	0	None	None
ChainingRodShaped	4413	3.40217	0.5	40.4688	50.2376	0	0.932691	-0.360675	0	None	4412
ChainingRodShaped	4415	3.48067	0.5	0.818419	45.0985	0	-0.653588	-0.756851	0	None	4414
ChainingRodShaped	4534	2.20181	0.5	4.26382	47.4662	0	-0.501679	-0.865054	0	None	None
ChainingRodShaped	4419	3.47995	0.5	-16.8266	26.1807	0	-0.572338	0.820017	0	None	4418
ChainingRodShaped	4421	3.09056	0.5	36.3877	41.1567	0	0.940016	-0.34113	0	None	4420
ChainingRodShaped	4423	3.06911	0.5	-1.19542	21.6117	0	-0.995785	-0.0917225	0	None	4422
ChainingRodShaped	4425	3.30573	0.5	8.01575	30.9253	0	0.91384	0.406075	0	None	4424
ChainingRodShaped	4427	3.67007	0.5	19.023	45.7972	0	-0.30201	-0.953305	0	None	4426
ChainingRodShaped	4429	4.72067	0.5	12.6937	44.1561	0	0.150491	-0.988611	0	None	None
ChainingRodShaped	4550	2.01448	0.5	23.6403	33.4908	0	-0.571056	0.820911	0	None	None
ChainingRodShaped	4433	4.92302	0.5	-18.1997	51.8632	0	-0.536953	-0.843612	0	None	None
ChainingRodShaped	4435	4.94497	0.5	-42.7845	52.1099	0	0.636216	-0.771511	0	None	None
ChainingRodShaped	4437	3.50587	0.5	-8.41559	52.4039	0	-0.40595	-0.913895	0	None	4436
ChainingRodShaped	4439	3.46396	0.5	-42.5949	46.308	0	0.912192	-0.409764	0	None	4438
ChainingRodShaped	4441	3.09102	0.5	-40.273	40.1068	0	0.935912	0.352234	0	None	4440
ChainingRodShaped	4526	2.54238	0.5	15.2569	23.9836	0	-0.810799	0.585324	0	None	None
ChainingRodShaped	4445	4.22401	0.5	1.38467	24.4387	0	-0.118341	-0.992973	0	None	None
ChainingRodShaped	4447	2.90294	0.5	-25.4326	46.4987	0	0.866071	-0.49992	0	None	4446
ChainingRodShaped	4449	3.61379	0.5	15.2845	51.1986	0	-0.861862	-0.507142	0	None	None
ChainingRodShaped	4552	2.00642	0.5	-27.7076	40.0024	0	-0.292608	0.956233	0	None	None
ChainingRodShaped	4536	2.34212	0.5	-0.532931	49.5298	0	0.986729	0.162374	0	None	None
ChainingRodShaped	4455	2.80345	0.5	28.5153	37.0731	0	0.546733	-0.837307	0	None	4454
ChainingRodShaped	4457	3.67804	0.5	6.33008	25.576	0	0.833185	0.552994	0	None	None
ChainingRodShaped	4459	3.2745	0.5	3.46739	31.1852	0	0.587605	0.809148	0	None	4458
ChainingRodShaped	4461	3.43395	0.5	-7.76419	29.9368	0	0.375807	-0.926698	0	None	4460
ChainingRodShaped	4463	3.29521	0.5	-30.6182	32.9126	0	-0.451084	-0.892481	0	None	4462
ChainingRodShaped	4465	3.46442	0.5	0.533233	32.9281	0	-0.457034	-0.889449	0	None	4464
ChainingRodShaped	4467	2.91185	0.5	-14.729	24.8861	0	-0.330873	-0.943675	0	None	4466
ChainingRodShaped	4469	4.74706	0.5	-2.26438	35.5739	0	0.986852	0.161629	0	None	None
ChainingRodShaped	4471	3.89217	0.5	27.9358	31.3034	0	0.0844123	-0.996431	0	None	None
ChainingRodShaped	4473	2.7967	0.5	36.604	37.5576	0	-0.777052	-0.629437	0	None	4472
ChainingRodShaped	4475	3.5919	0.5	-24.2983	29.0926	0	0.248425	-0.968651	0	None	None
ChainingRodShaped	4477	3.37958	0.5	-21.9271	33.6902	0	0.790264	-0.612766	0	None	4476
ChainingRodShaped	4479	4.12066	0.5	13.8816	37.7678	0	-0.995226	0.0975979	0	None	None
ChainingRodShaped	4481	3.44684	0.5	-5.85479	48.1325	0	0.453333	-0.891341	0	None	None
ChainingRodShaped	4483	3.36601	0.5	-6.71207	19.5975	0	-0.916355	0.400366	0	None	4482
ChainingRodShaped	4538	2.15972	0.5	26.8027	51.0678	0	0.620401	-0.784285	0	None	None
ChainingRodShaped	4487	3.8325	0.5	-14.7767	48.6892	0	0.117103	-0.99312	0	None	4486
ChainingRodShaped	4489	3.11321	0.5	-34.25	44.1005	0	-0.460875	0.887465	0	None	4488
ChainingRodShaped	4491	3.74802	0.5	-32.9431	34.8735	0	-0.340677	0.94018	0	None	4490
ChainingRodShaped	4493	4.0981	0.5	10.681	45.2714	0	-0.534705	0.845039	0	None	None
ChainingRodShaped	4495	3.89043	0.5	-4.39922	33.9741	0	-0.896317	0.443414	0	None	None
ChainingRodShaped	4544	2.12523	0.5	-12.4976	29.9081	0	0.840858	-0.541256	0	None	None
ChainingRodShaped	4499	2.71603	0.5	18.4946	39.2543	0	0.0496423	-0.998767	0	None	4498
ChainingRodShaped	4542	2.35176	0.5	-25.3106	35.1187	0	0.930899	0.365277	0	None	None
ChainingRodShaped	4503	3.60223	0.5	-30.2506	45.5426	0	0.436817	0.89955	0	None	4502
ChainingRodShaped	4505	2.91327	0.5	25.3383	44.5576	0	-0.816555	0.577267	0	None	4504
ChainingRodShaped	4507	3.52172	0.5	20.2394	27.4842	0	0.951185	-0.308621	0	None	None
ChainingRodShaped	4509	3.69538	0.5	7.09558	20.6488	0	-0.787397	-0.616447	0	None	None
ChainingRodShaped	4511	4.67993	0.5	17.3974	31.7859	0	-0.932213	-0.36191	0	None	None
ChainingRodShaped	4513	4.49265	0.5	39.3212	47.2052	0	-0.351822	-0.936067	0	None	None
ChainingRodShaped	4515	2.83605	0.5	28.2781	44.897	0	0.98985	0.142115	0	None	4514
ChainingRodShaped	4517	3.8121	0.5	-17.5383	34.3953	0	0.563603	0.826046	0	None	4516
ChainingRodShaped	4546	2.05654	0.5	4.81517	42.5403	0	-0.850886	-0.525351	0	None	None
ChainingRodShaped	4521	2.91215	0.5	-21.3228	42.3838	0	0.987455	0.157904	0	None	4520
ChainingRodShaped	4523	4.99606	0.5	25.8334	37.1508	0	-0.650389	0.759602	0	None	None
ChainingRodShaped	4528	2.54633	0.5	-9.79788	39.8061	0	-0.759111	-0.650961	0	None	None
ChainingRodShaped	4527	2.47555	0.5	17.983	21.7951	0	-0.800369	0.599508	0	None	None
ChainingRodShaped	4529	2.21464	0.5	-7.23999	42.0121	0	-0.761177	-0.648544	0	None	None
ChainingRodShaped	4531	2.29212	0.5	-10.9377	40.1506	0	-0.761178	-0.648543	0	None	None
ChainingRodShaped	4533	2.43079	0.5	11.557	36.9331	0	-0.998431	0.0559921	0	None	None
ChainingRodShaped	4535	2.30049	0.5	5.87837	50.2851	0	-0.49732	-0.867567	0	None	None
ChainingRodShaped	4537	2.32978	0.5	-3.82885	49.0531	0	0.98936	0.145487	0	None	None
ChainingRodShaped	4539	2.33487	0.5	24.8111	53.6288	0	0.622389	-0.782708	0	None	None
ChainingRodShaped	4541	2.29595	0.5	9.14641	45.8309	0	-0.53384	0.845585	0	None	None
ChainingRodShaped	4543	2.29624	0.5	-28.3486	33.834	0	0.857058	0.51522	0	None	None
ChainingRodShaped	4545	2.05746	0.5	-15.1034	31.5665	0	0.840047	-0.542513	0	None	None
ChainingRodShaped	4547	2.05616	0.5	7.40907	44.1517	0	-0.849912	-0.526925	0	None	None
ChainingRodShaped	4549	2.02762	0.5	21.0489	53.1579	0	-0.51211	-0.85892	0	None	None
ChainingRodShaped	4551	2.00856	0.5	25.3668	31.0261	0	-0.571061	0.820907	0	None	None
ChainingRodShaped	4553	2.01327	0.5	-26.8218	37.1286	0	-0.294607	0.955619	0	None	None
ChainingRodShaped	4555	2.00196	0.5	-25.186	54.5368	0	0.270103	-0.962832	0	None	None
