cell_type	cell_id	length	radius	pos_x	pos_y	pos_z	ori_x	ori_y	ori_z	lower_link	upper_link
ChainingRodShaped	559	3.7477	0.5	12.6624	0.412268	0	0.843657	-0.536883	0	None	None
ChainingRodShaped	57	4.38756	0.5	-21.5947	40.8776	0	0.977855	-0.209284	0	499	None
ChainingRodShaped	49	4.41674	0.5	-33.8666	43.5041	0	0.977855	-0.209284	0	50	500
ChainingRodShaped	979	2.18607	0.5	29.5551	13.3261	0	0.693474	0.720481	0	None	None
ChainingRodShaped	637	3.58575	0.5	26.585	5.20624	0	-0.882851	-0.469654	0	None	None
ChainingRodShaped	387	4.4575	0.5	19.7945	7.79263	0	0.799258	-0.600987	0	None	None
ChainingRodShaped	959	2.31142	0.5	24.8268	18.255	0	-0.862772	-0.505594	0	None	None
ChainingRodShaped	801	2.80252	0.5	-7.5244	11.8897	0	-0.863624	-0.504136	0	None	None
ChainingRodShaped	719	3.71427	0.5	23.2129	6.43306	0	0.793209	-0.60895	0	None	None
ChainingRodShaped	447	4.68	0.5	30.4947	34.206	0	0.393472	-0.919337	0	None	None
ChainingRodShaped	873	2.74895	0.5	15.5176	2.15711	0	0.879828	-0.475292	0	None	None
ChainingRodShaped	675	3.95096	0.5	-9.88021	15.3974	0	-0.184239	-0.982881	0	None	None
ChainingRodShaped	781	3.14207	0.5	13.3999	9.03639	0	0.167109	-0.985938	0	None	None
ChainingRodShaped	685	4.34309	0.5	24.3618	34.9754	0	0.91048	-0.413552	0	None	None
ChainingRodShaped	853	2.71301	0.5	23.6628	31.9063	0	0.965786	-0.259341	0	None	None
ChainingRodShaped	467	4.63872	0.5	30.9876	28.7429	0	-0.0466413	-0.998912	0	None	None
ChainingRodShaped	927	2.5483	0.5	-7.46544	10.777	0	-0.864645	-0.502384	0	None	None
ChainingRodShaped	711	4.22535	0.5	17.2819	42.2674	0	0.732115	-0.681181	0	None	None
ChainingRodShaped	345	4.87866	0.5	20.4432	19.7518	0	0.170765	-0.985312	0	None	None
ChainingRodShaped	935	2.42211	0.5	25.6987	2.64044	0	0.975698	0.219119	0	None	None
ChainingRodShaped	331	4.79502	0.5	0.40313	44.8682	0	0.789166	-0.61418	0	None	None
ChainingRodShaped	581	4.31736	0.5	-11.3551	18.7379	0	-0.0157989	-0.999875	0	None	None
ChainingRodShaped	783	3.49646	0.5	28.7609	15.3296	0	-0.931276	-0.364315	0	None	None
ChainingRodShaped	943	2.28888	0.5	29.491	28.1402	0	0.38406	-0.923308	0	None	None
ChainingRodShaped	50	3.7619	0.5	-38.8429	44.5691	0	0.977855	-0.209284	0	None	49
ChainingRodShaped	659	4.2742	0.5	23.4807	20.7702	0	0.0469661	-0.998896	0	None	None
ChainingRodShaped	869	2.4333	0.5	30.7149	36.1625	0	0.386369	-0.922344	0	None	None
ChainingRodShaped	507	3.86961	0.5	31.8715	26.54	0	-0.0466059	-0.998913	0	None	None
ChainingRodShaped	499	2.59621	0.5	-25.9868	41.8176	0	0.977855	-0.209284	0	500	57
ChainingRodShaped	933	2.45659	0.5	9.14919	2.47094	0	0.921044	-0.389458	0	None	None
ChainingRodShaped	549	4.75381	0.5	19.1272	31.8191	0	0.999209	-0.0397775	0	None	None
ChainingRodShaped	643	3.39564	0.5	11.6668	19.3912	0	0.270444	-0.962736	0	None	None
ChainingRodShaped	673	4.81155	0.5	9.66422	15.9265	0	0.256876	-0.966444	0	None	None
ChainingRodShaped	599	4.49485	0.5	16.0067	5.3312	0	0.662416	-0.749136	0	None	None
ChainingRodShaped	749	2.98914	0.5	15.2508	47.1793	0	0.297508	-0.954719	0	None	None
ChainingRodShaped	899	2.77913	0.5	1.34051	47.8017	0	0.900778	-0.43428	0	None	None
ChainingRodShaped	515	3.8141	0.5	17.6507	40.6218	0	0.731748	-0.681575	0	None	None
ChainingRodShaped	635	3.66922	0.5	7.56131	7.78829	0	-0.250603	-0.96809	0	None	None
ChainingRodShaped	797	3.10349	0.5	26.2823	12.9787	0	0.0762852	-0.997086	0	None	None
ChainingRodShaped	413	4.99636	0.5	9.7549	41.6042	0	0.915353	-0.402652	0	None	None
ChainingRodShaped	463	4.29489	0.5	21.1501	25.0556	0	0.72939	-0.684098	0	None	None
ChainingRodShaped	1005	2.03575	0.5	-4.89558	22.6607	0	0.562408	-0.82686	0	None	None
ChainingRodShaped	817	3.33365	0.5	35.8125	21.3676	0	-0.26787	-0.963455	0	None	None
ChainingRodShaped	533	3.48617	0.5	30.0344	31.038	0	0.00802611	-0.999968	0	None	None
ChainingRodShaped	767	3.57209	0.5	1.89023	37.2101	0	0.29807	-0.954544	0	None	None
ChainingRodShaped	609	3.94864	0.5	-7.40024	21.7918	0	0.999004	-0.0446138	0	None	None
ChainingRodShaped	915	2.41248	0.5	-8.84141	12.2674	0	-0.865321	-0.501218	0	None	None
ChainingRodShaped	789	3.55958	0.5	13.6523	20.4425	0	-0.492448	-0.870342	0	None	None
ChainingRodShaped	741	3.66881	0.5	29.9746	39.8781	0	0.402069	-0.915609	0	None	None
ChainingRodShaped	451	3.88904	0.5	1.08052	40.482	0	0.749942	-0.661503	0	None	None
ChainingRodShaped	445	4.96803	0.5	21.1252	1.43242	0	0.974126	-0.226004	0	None	None
ChainingRodShaped	575	3.53203	0.5	13.1419	13.3098	0	-0.105275	-0.994443	0	None	None
ChainingRodShaped	649	3.56222	0.5	20.6577	50.6907	0	0.905165	-0.425061	0	None	None
ChainingRodShaped	879	2.77084	0.5	-1.06463	14.6719	0	0.424669	-0.905349	0	None	None
ChainingRodShaped	815	2.95938	0.5	-5.30652	46.4036	0	0.662119	0.749399	0	None	None
ChainingRodShaped	647	3.36648	0.5	5.73772	1.1346	0	0.797856	-0.602849	0	None	None
ChainingRodShaped	671	4.17663	0.5	9.64435	6.63812	0	-0.424687	-0.90534	0	None	None
ChainingRodShaped	891	2.39169	0.5	21.8387	36.7958	0	0.999315	0.037	0	None	None
ChainingRodShaped	541	4.77037	0.5	6.43863	45.7373	0	0.409283	-0.912407	0	None	None
ChainingRodShaped	843	3.15536	0.5	6.4517	31.9798	0	0.485944	-0.87399	0	None	None
ChainingRodShaped	871	2.94643	0.5	23.8086	7.52801	0	0.678282	-0.734802	0	None	None
ChainingRodShaped	695	3.86182	0.5	11.9105	47.7938	0	0.857493	0.514496	0	None	None
ChainingRodShaped	605	3.93367	0.5	3.83236	14.3782	0	0.379879	0.925036	0	None	None
ChainingRodShaped	623	3.56512	0.5	-7.78733	52.2157	0	-0.648497	0.761217	0	None	None
ChainingRodShaped	759	3.03878	0.5	25.3459	21.6287	0	0.0544642	-0.998516	0	None	None
ChainingRodShaped	657	3.62856	0.5	-6.43008	46.6009	0	0.666662	0.74536	0	None	None
ChainingRodShaped	883	2.72415	0.5	8.54039	26.1047	0	0.934661	-0.355539	0	None	None
ChainingRodShaped	707	3.16494	0.5	20.7741	41.6762	0	0.74052	-0.672034	0	None	None
ChainingRodShaped	717	2.97506	0.5	-4.08343	23.1961	0	0.558023	-0.829825	0	None	None
ChainingRodShaped	939	2.32666	0.5	24.2038	38.7945	0	0.995393	-0.0958793	0	None	None
ChainingRodShaped	505	4.41793	0.5	6.82319	34.1787	0	0.298342	-0.954459	0	None	None
ChainingRodShaped	709	3.02888	0.5	-6.63552	18.8412	0	-0.794018	-0.607894	0	None	None
ChainingRodShaped	577	4.21994	0.5	1.16501	35.1455	0	0.840308	-0.542109	0	None	None
ChainingRodShaped	887	2.76216	0.5	-6.95825	30.143	0	-0.0967167	-0.995312	0	None	None
ChainingRodShaped	601	3.86074	0.5	21.0477	14.2029	0	-0.250361	-0.968153	0	None	None
ChainingRodShaped	905	2.69269	0.5	33.8154	25.8107	0	-0.0479201	-0.998851	0	None	None
ChainingRodShaped	917	2.44573	0.5	17.1439	38.4758	0	0.736344	-0.676607	0	None	None
ChainingRodShaped	399	4.77508	0.5	9.77558	49.7569	0	0.944286	-0.329126	0	None	None
ChainingRodShaped	981	2.22914	0.5	-6.76629	23.6192	0	0.582651	-0.812722	0	None	None
ChainingRodShaped	639	4.25468	0.5	27.5715	30.0726	0	0.419301	-0.907847	0	None	None
ChainingRodShaped	449	4.44898	0.5	26.2941	21.8536	0	0.0563616	-0.99841	0	None	None
ChainingRodShaped	851	2.92819	0.5	-11.5779	33.2892	0	0.893167	0.449725	0	None	None
ChainingRodShaped	713	3.59997	0.5	4.57541	22.9777	0	0.323469	-0.946239	0	None	None
ChainingRodShaped	621	4.73464	0.5	29.8455	42.5528	0	0.420161	-0.90745	0	None	None
ChainingRodShaped	627	3.36908	0.5	12.6697	26.6846	0	0.543625	-0.839328	0	None	None
ChainingRodShaped	543	4.45986	0.5	2.91412	18.6157	0	-0.16386	-0.986484	0	None	None
ChainingRodShaped	367	4.55436	0.5	8.27707	13.6633	0	0.248894	-0.968531	0	None	None
ChainingRodShaped	827	2.77909	0.5	27.4542	43.0039	0	0.893663	-0.448738	0	None	None
ChainingRodShaped	793	2.61372	0.5	-10.3277	20.8646	0	0.0277246	-0.999616	0	None	None
ChainingRodShaped	455	4.02893	0.5	-4.63907	45.6993	0	0.658904	0.752227	0	None	None
ChainingRodShaped	975	2.20865	0.5	2.88567	3.85951	0	-0.391096	-0.92035	0	None	None
ChainingRodShaped	681	3.91049	0.5	4.75851	42.3455	0	0.773091	-0.634296	0	None	None
ChainingRodShaped	483	4.27554	0.5	19.6388	6.69033	0	0.803584	-0.595191	0	None	None
ChainingRodShaped	751	3.66945	0.5	17.9147	13.3827	0	-0.131252	-0.991349	0	None	None
ChainingRodShaped	653	3.75502	0.5	32.4458	20.4964	0	0.783305	-0.621638	0	None	None
ChainingRodShaped	999	2.09385	0.5	7.14141	21.1488	0	0.285649	-0.958334	0	None	None
ChainingRodShaped	527	4.76943	0.5	-0.409774	23.081	0	0.218894	-0.975749	0	None	None
ChainingRodShaped	953	2.14575	0.5	10.7104	38.0364	0	0.926527	-0.376227	0	None	None
ChainingRodShaped	403	4.27715	0.5	27.8005	18.1195	0	-0.9369	-0.349596	0	None	None
ChainingRodShaped	407	4.80796	0.5	14.2781	29.79	0	0.489524	-0.87199	0	None	None
ChainingRodShaped	415	4.9449	0.5	16.9781	0.390234	0	0.962901	-0.269855	0	None	None
ChainingRodShaped	501	4.64048	0.5	7.15087	46.5014	0	0.403252	-0.915089	0	None	None
ChainingRodShaped	597	3.4577	0.5	13.5713	18.3503	0	-0.489563	-0.871968	0	None	None
ChainingRodShaped	1003	2.04382	0.5	-4.23398	27.913	0	-0.11424	-0.993453	0	None	None
ChainingRodShaped	697	3.97841	0.5	4.48663	12.8257	0	0.267611	0.963527	0	None	None
ChainingRodShaped	619	3.42505	0.5	2.67371	48.6744	0	0.973622	-0.228167	0	None	None
ChainingRodShaped	813	3.35173	0.5	10.426	16.7984	0	0.266525	-0.963828	0	None	None
ChainingRodShaped	961	2.3696	0.5	3.8986	18.8056	0	0.175738	0.984437	0	None	None
ChainingRodShaped	841	2.55806	0.5	33.4433	20.9723	0	0.785535	-0.618817	0	None	None
ChainingRodShaped	701	3.41796	0.5	2.81482	41.5193	0	0.760248	-0.649633	0	None	None
ChainingRodShaped	375	4.56768	0.5	21.3948	42.4039	0	0.741248	-0.671231	0	None	None
ChainingRodShaped	547	4.51016	0.5	23.5145	10.1286	0	0.46751	-0.883988	0	None	None
ChainingRodShaped	771	2.88998	0.5	12.9102	28.338	0	0.471981	-0.881609	0	None	None
ChainingRodShaped	919	2.38708	0.5	13.4309	39.0115	0	0.926795	-0.375568	0	None	None
ChainingRodShaped	629	4.73605	0.5	26.2984	35.7689	0	0.553545	-0.832819	0	None	None
ChainingRodShaped	791	2.98081	0.5	19.3888	30.8645	0	-0.999362	0.0357037	0	None	None
ChainingRodShaped	565	4.17205	0.5	20.3298	28.4576	0	0.716836	-0.697242	0	None	None
ChainingRodShaped	733	4.12457	0.5	-2.82086	32.5395	0	-0.0966984	-0.995314	0	None	None
ChainingRodShaped	703	4.29081	0.5	20.9898	26.5003	0	0.723773	-0.690038	0	None	None
ChainingRodShaped	521	4.14481	0.5	-8.91258	15.1832	0	-0.184659	-0.982803	0	None	None
ChainingRodShaped	777	2.67463	0.5	11.4759	8.74282	0	0.168589	-0.985686	0	None	None
ChainingRodShaped	727	3.67252	0.5	31.7641	38.6451	0	-0.148687	-0.988884	0	None	None
ChainingRodShaped	769	3.45053	0.5	10.8836	51.4295	0	0.942186	-0.335089	0	None	None
ChainingRodShaped	411	4.37623	0.5	0.427805	54.6027	0	0.975549	-0.219783	0	None	None
ChainingRodShaped	665	4.80144	0.5	4.62234	31.1637	0	0.432842	-0.90147	0	None	None
ChainingRodShaped	945	2.44911	0.5	-11.3033	34.5278	0	0.888628	0.458628	0	None	None
ChainingRodShaped	739	3.56911	0.5	25.6774	33.3271	0	0.952601	-0.304222	0	None	None
ChainingRodShaped	747	3.4243	0.5	14.3386	52.8546	0	0.791744	-0.610853	0	None	None
ChainingRodShaped	669	3.10475	0.5	6.31702	17.2145	0	0.28198	-0.95942	0	None	None
ChainingRodShaped	607	4.46514	0.5	-9.65419	25.4871	0	0.673563	-0.73913	0	None	None
ChainingRodShaped	983	2.21066	0.5	22.1202	48.8674	0	0.889657	-0.45663	0	None	None
ChainingRodShaped	691	2.93685	0.5	13.2316	44.7118	0	0.789659	-0.613546	0	None	None
ChainingRodShaped	921	2.28516	0.5	9.98584	26.7043	0	0.76892	-0.639345	0	None	None
ChainingRodShaped	579	4.52343	0.5	-2.55511	40.6625	0	0.634312	0.773077	0	None	None
ChainingRodShaped	589	4.44035	0.5	32.8921	27.2533	0	-0.0484688	-0.998825	0	None	None
ChainingRodShaped	995	2.11956	0.5	-2.56769	42.1688	0	0.637227	0.770676	0	None	None
ChainingRodShaped	489	4.9901	0.5	-12.7101	43.6268	0	0.0471937	0.998886	0	None	None
ChainingRodShaped	725	3.68006	0.5	22.1222	14.4787	0	-0.253099	-0.96744	0	None	None
ChainingRodShaped	689	4.12746	0.5	-9.23475	33.4502	0	0.840887	0.541211	0	None	None
ChainingRodShaped	757	3.95367	0.5	-12.7498	37.6355	0	0.468359	0.883538	0	None	None
ChainingRodShaped	997	2.15773	0.5	0.411581	15.1927	0	-0.14785	-0.98901	0	None	None
ChainingRodShaped	487	4.38885	0.5	0.726294	22.3915	0	0.22864	-0.973511	0	None	None
ChainingRodShaped	821	2.95454	0.5	21.8387	43.3113	0	0.746819	-0.665028	0	None	None
ChainingRodShaped	1009	2.05405	0.5	1.01861	29.8008	0	0.445853	-0.895106	0	None	None
ChainingRodShaped	877	2.53873	0.5	-1.0266	10.2541	0	0.902636	-0.430404	0	None	None
ChainingRodShaped	475	3.76904	0.5	14.7945	37.6265	0	0.999655	-0.0262596	0	None	None
ChainingRodShaped	863	2.45717	0.5	-3.45102	42.6211	0	0.641151	0.767414	0	None	None
ChainingRodShaped	613	4.19998	0.5	19.3212	4.89778	0	0.973968	-0.226685	0	None	None
ChainingRodShaped	699	2.96518	0.5	-6.02914	29.7318	0	-0.0969161	-0.995293	0	None	None
ChainingRodShaped	761	3.7576	0.5	5.33811	23.6953	0	0.316329	-0.94865	0	None	None
ChainingRodShaped	881	2.44651	0.5	19.5899	41.4474	0	0.733764	-0.679405	0	None	None
ChainingRodShaped	583	4.82681	0.5	1.35584	14.9468	0	-0.153987	-0.988073	0	None	None
ChainingRodShaped	743	3.87109	0.5	14.167	35.7569	0	0.999641	-0.0267964	0	None	None
ChainingRodShaped	308	4.9432	0.5	-1.68836	34.3592	0	-0.0886941	-0.996059	0	None	None
ChainingRodShaped	847	2.57802	0.5	12.525	1.67804	0	0.842855	-0.538141	0	None	None
ChainingRodShaped	857	2.65291	0.5	14.7042	10.7684	0	-0.294419	-0.955676	0	None	None
ChainingRodShaped	957	2.14317	0.5	8.91611	15.0194	0	0.252484	-0.967601	0	None	None
ChainingRodShaped	903	2.67254	0.5	4.41328	9.61279	0	0.433921	0.900951	0	None	None
ChainingRodShaped	537	4.59364	0.5	1.21719	31.4944	0	0.454782	-0.890603	0	None	None
ChainingRodShaped	591	4.32271	0.5	-0.0752611	50.4157	0	0.964411	-0.264409	0	None	None
ChainingRodShaped	779	2.82091	0.5	-1.11715	51.7084	0	0.961719	-0.274039	0	None	None
ChainingRodShaped	987	2.12292	0.5	24.2028	39.7772	0	0.9944	-0.10568	0	None	None
ChainingRodShaped	633	3.57261	0.5	21.5066	28.6334	0	0.714017	-0.700128	0	None	None
ChainingRodShaped	571	4.77875	0.5	17.6282	33.8	0	0.99983	-0.0184538	0	None	None
ChainingRodShaped	519	3.80078	0.5	35.0475	31.5098	0	0.0838958	-0.996475	0	None	None
ChainingRodShaped	807	3.25155	0.5	-3.30494	45.7546	0	0.656286	0.754512	0	None	None
ChainingRodShaped	611	3.89958	0.5	-3.89538	20.8945	0	-0.993936	-0.109964	0	None	None
ChainingRodShaped	655	4.09931	0.5	8.84083	23.1533	0	0.750485	-0.660887	0	None	None
ChainingRodShaped	849	2.66753	0.5	29.3155	20.5193	0	0.773952	-0.633244	0	None	None
ChainingRodShaped	833	2.92324	0.5	-10.1123	40.2656	0	0.542719	0.839915	0	None	None
ChainingRodShaped	831	3.19874	0.5	25.4082	11.3107	0	0.316633	-0.948548	0	None	None
ChainingRodShaped	937	2.18149	0.5	6.07797	5.80223	0	-0.135905	-0.990722	0	None	None
ChainingRodShaped	963	2.29065	0.5	21.6751	21.9693	0	0.741949	-0.670456	0	None	None
ChainingRodShaped	687	3.68493	0.5	14.2671	17.6443	0	-0.482824	-0.875717	0	None	None
ChainingRodShaped	567	3.96317	0.5	-11.6227	24.5244	0	-0.973489	0.228736	0	None	None
ChainingRodShaped	875	2.73596	0.5	27.352	7.97947	0	-0.715929	0.698173	0	None	None
ChainingRodShaped	585	4.33293	0.5	10.8694	18.7373	0	0.27615	-0.961114	0	None	None
ChainingRodShaped	573	4.04822	0.5	12.5	54.8326	0	0.743348	0.668905	0	None	None
ChainingRodShaped	625	4.89642	0.5	6.46788	42.2027	0	0.786872	-0.617117	0	None	None
ChainingRodShaped	595	3.61617	0.5	0.038473	7.35279	0	0.791295	-0.611435	0	None	None
ChainingRodShaped	631	3.44521	0.5	-1.36122	22.9706	0	0.213717	-0.976896	0	None	None
ChainingRodShaped	663	4.57047	0.5	-6.15613	48.3626	0	0.686893	0.726759	0	None	None
ChainingRodShaped	679	3.54127	0.5	29.0679	25.2008	0	0.723451	-0.690376	0	None	None
ChainingRodShaped	368	4.40748	0.5	6.80276	18.888	0	0.291561	-0.956552	0	None	None
ChainingRodShaped	785	3.33115	0.5	5.23185	32.1355	0	0.440535	-0.897735	0	None	None
ChainingRodShaped	587	3.36746	0.5	17.5785	39.3783	0	0.735622	-0.677393	0	None	None
ChainingRodShaped	931	2.54616	0.5	8.03647	46.934	0	0.402684	-0.915339	0	None	None
ChainingRodShaped	829	2.93243	0.5	18.2389	45.9079	0	0.58229	-0.812981	0	None	None
ChainingRodShaped	693	2.9071	0.5	13.8313	28.6385	0	0.480781	-0.876841	0	None	None
ChainingRodShaped	753	3.97659	0.5	19.9062	16.3145	0	0.100916	-0.994895	0	None	None
ChainingRodShaped	593	4.48003	0.5	7.46949	55.2179	0	0.99268	0.120772	0	None	None
ChainingRodShaped	667	3.41901	0.5	-10.7317	47.2644	0	0.226017	0.974123	0	None	None
ChainingRodShaped	735	3.95985	0.5	24.4108	21.1802	0	0.0527118	-0.99861	0	None	None
ChainingRodShaped	661	4.54059	0.5	16.7933	10.7461	0	0.138177	-0.990408	0	None	None
ChainingRodShaped	645	4.72654	0.5	12.3655	9.3406	0	0.168542	-0.985695	0	None	None
ChainingRodShaped	392	4.96127	0.5	11.0437	46.1335	0	0.857042	0.515247	0	None	None
ChainingRodShaped	729	3.34442	0.5	-10.0603	31.7527	0	0.837794	0.545987	0	None	None
ChainingRodShaped	615	4.95312	0.5	16.8074	34.7602	0	0.999931	-0.0117426	0	None	None
ChainingRodShaped	1007	2.04834	0.5	3.92662	21.8926	0	0.330631	-0.94376	0	None	None
ChainingRodShaped	400	4.73344	0.5	5.55156	52.5891	0	0.88821	-0.459437	0	None	None
ChainingRodShaped	967	2.25691	0.5	-7.95714	47.8952	0	0.687644	0.726048	0	None	None
ChainingRodShaped	404	4.37416	0.5	29.8731	21.3288	0	0.770636	-0.637275	0	None	None
ChainingRodShaped	721	3.9895	0.5	24.4904	48.2125	0	0.622491	-0.782627	0	None	None
ChainingRodShaped	765	3.28712	0.5	10.6392	32.4615	0	0.91483	-0.40384	0	None	None
ChainingRodShaped	951	2.31883	0.5	27.4126	11.3445	0	-0.340991	-0.940067	0	None	None
ChainingRodShaped	811	3.06625	0.5	-1.11326	52.7486	0	0.955719	-0.294282	0	None	None
ChainingRodShaped	414	4.24899	0.5	5.5343	45.4112	0	0.412316	-0.911041	0	None	None
ChainingRodShaped	416	4.43469	0.5	11.6547	3.41204	0	0.842888	-0.538089	0	None	None
ChainingRodShaped	418	4.71012	0.5	10.8241	50.418	0	0.943344	-0.331817	0	None	None
ChainingRodShaped	839	2.58312	0.5	-4.805	32.2053	0	-0.0967022	-0.995313	0	None	None
ChainingRodShaped	971	2.1136	0.5	5.58865	8.72042	0	-0.00266372	-0.999996	0	None	None
ChainingRodShaped	683	4.42493	0.5	16.7303	25.1769	0	0.921212	0.389062	0	None	None
ChainingRodShaped	426	4.12293	0.5	-7.71441	36.8219	0	0.828598	0.559843	0	None	None
ChainingRodShaped	428	4.23095	0.5	15.2744	49.8093	0	0.472532	-0.881314	0	None	None
ChainingRodShaped	651	3.10792	0.5	1.82857	46.4823	0	0.896391	-0.443263	0	None	None
ChainingRodShaped	677	3.05101	0.5	21.2636	9.95285	0	0.374806	-0.927103	0	None	None
ChainingRodShaped	434	4.76292	0.5	-3.98549	43.492	0	0.646385	0.763011	0	None	None
ChainingRodShaped	825	3.2303	0.5	26.6228	26.2491	0	0.696683	-0.71738	0	None	None
ChainingRodShaped	929	2.56469	0.5	-4.22324	18.7509	0	-0.984149	-0.177343	0	None	None
ChainingRodShaped	440	4.13118	0.5	-14.8231	37.7191	0	0.800913	0.598781	0	None	None
ChainingRodShaped	835	2.60134	0.5	26.3834	41.3292	0	0.892369	-0.451306	0	None	None
ChainingRodShaped	715	2.84194	0.5	-9.09289	28.3923	0	-0.424062	-0.905633	0	None	None
ChainingRodShaped	755	2.94747	0.5	19.1116	0.881198	0	0.973772	-0.227525	0	None	None
ChainingRodShaped	705	2.88009	0.5	28.4617	38.5028	0	0.395532	-0.918452	0	None	None
ChainingRodShaped	731	3.06496	0.5	25.4848	26.0618	0	0.691914	-0.72198	0	None	None
ChainingRodShaped	805	3.06927	0.5	1.83866	41.0907	0	0.753721	-0.657194	0	None	None
ChainingRodShaped	737	3.86074	0.5	-15.182	35.3127	0	0.509979	0.860187	0	None	None
ChainingRodShaped	973	2.23105	0.5	-7.28942	42.5437	0	0.630994	0.775788	0	None	None
ChainingRodShaped	458	4.376	0.5	-5.15627	9.98305	0	0.992443	0.12271	0	None	None
ChainingRodShaped	745	4.13714	0.5	-7.30452	39.201	0	0.563695	0.825983	0	None	None
ChainingRodShaped	1001	2.05185	0.5	32.8408	41.0444	0	-0.508143	0.861273	0	None	None
ChainingRodShaped	464	4.58913	0.5	16.6699	26.17	0	0.922511	0.385971	0	None	None
ChainingRodShaped	723	3.47484	0.5	22.9893	44.9497	0	0.737094	-0.67579	0	None	None
ChainingRodShaped	468	4.6173	0.5	32.2859	35.7411	0	-0.171176	-0.98524	0	None	None
ChainingRodShaped	977	2.25127	0.5	31.5061	17.6051	0	-0.84663	-0.532182	0	None	None
ChainingRodShaped	893	2.50357	0.5	1.0838	5.11133	0	0.7148	-0.699329	0	None	None
ChainingRodShaped	773	3.47874	0.5	26.655	29.7609	0	-0.424423	0.905464	0	None	None
ChainingRodShaped	923	2.62036	0.5	11.089	38.9292	0	0.92272	-0.385471	0	None	None
ChainingRodShaped	949	2.2825	0.5	17.7001	53.0148	0	0.808795	-0.588091	0	None	None
ChainingRodShaped	775	3.56664	0.5	-3.00107	14.8315	0	-0.757378	0.652977	0	None	None
ChainingRodShaped	897	2.3875	0.5	2.09433	12.6788	0	0.0572112	0.998362	0	None	None
ChainingRodShaped	855	2.43337	0.5	17.9111	6.70126	0	0.820334	-0.571885	0	None	None
ChainingRodShaped	823	2.63487	0.5	-3.53488	13.9965	0	-0.75692	0.653507	0	None	None
ChainingRodShaped	488	4.7562	0.5	-1.16137	28.7402	0	0.0804926	-0.996755	0	None	None
ChainingRodShaped	490	4.01139	0.5	-14.601	40.319	0	0.415151	0.909753	0	None	None
ChainingRodShaped	763	3.21	0.5	11.3697	26.9175	0	0.551997	-0.833846	0	None	None
ChainingRodShaped	494	4.39489	0.5	17.2109	50.7673	0	0.391683	-0.9201	0	None	None
ChainingRodShaped	795	3.04702	0.5	15.4495	16.3116	0	-0.776134	-0.630568	0	None	None
ChainingRodShaped	861	2.72535	0.5	-6.80028	52.5823	0	0.648257	-0.761422	0	None	None
ChainingRodShaped	500	2.55273	0.5	-29.4816	42.5656	0	0.977855	-0.209284	0	49	499
ChainingRodShaped	787	3.42331	0.5	4.46814	50.5484	0	0.815556	-0.578678	0	None	None
ChainingRodShaped	859	2.94493	0.5	14.0321	40.8259	0	0.921964	-0.387275	0	None	None
ChainingRodShaped	799	3.03201	0.5	9.31303	37.1943	0	0.988926	-0.148408	0	None	None
ChainingRodShaped	803	3.18258	0.5	32.2395	31.0154	0	-0.152496	-0.988304	0	None	None
ChainingRodShaped	845	2.62177	0.5	-8.27364	39.5034	0	0.556583	0.830792	0	None	None
ChainingRodShaped	819	2.64911	0.5	-6.39588	16.4479	0	-0.990334	-0.1387	0	None	None
ChainingRodShaped	809	2.74631	0.5	7.66804	5.06097	0	-0.514199	-0.857671	0	None	None
ChainingRodShaped	516	4.33495	0.5	13.3804	43.2087	0	0.919547	-0.392981	0	None	None
ChainingRodShaped	901	2.39459	0.5	27.7272	17.0442	0	-0.934358	-0.356335	0	None	None
ChainingRodShaped	520	3.88375	0.5	34.6856	36.3834	0	0.441228	-0.897395	0	None	None
ChainingRodShaped	889	2.45109	0.5	-5.72749	17.5261	0	-0.990903	-0.134579	0	None	None
ChainingRodShaped	965	2.15224	0.5	6.31145	37.4248	0	0.763968	-0.645255	0	None	None
ChainingRodShaped	526	4.13689	0.5	-3.5337	35.0286	0	-0.106647	-0.994297	0	None	None
ChainingRodShaped	528	4.36753	0.5	-2.05955	27.7898	0	0.0705208	-0.99751	0	None	None
ChainingRodShaped	837	2.84642	0.5	22.4642	47.2143	0	0.991619	0.129193	0	None	None
ChainingRodShaped	532	3.86547	0.5	20.0508	3.22228	0	0.986572	0.163325	0	None	None
ChainingRodShaped	885	2.88391	0.5	29.1119	35.0191	0	0.402645	-0.915356	0	None	None
ChainingRodShaped	911	2.55826	0.5	6.61964	12.3302	0	0.249785	-0.968301	0	None	None
ChainingRodShaped	538	3.81561	0.5	0.974166	34.1384	0	0.841242	-0.540659	0	None	None
ChainingRodShaped	540	4.12409	0.5	2.76346	30.5679	0	0.4457	-0.895183	0	None	None
ChainingRodShaped	542	4.99424	0.5	3.17984	50.27	0	0.819836	-0.572598	0	None	None
ChainingRodShaped	1011	2.04315	0.5	1.44056	23.8446	0	0.321176	-0.947019	0	None	None
ChainingRodShaped	546	3.96013	0.5	14.1413	36.6995	0	0.99961	-0.0279385	0	None	None
ChainingRodShaped	947	2.41242	0.5	23.9207	12.755	0	-0.0541922	-0.998531	0	None	None
ChainingRodShaped	867	2.44506	0.5	16.3625	32.8696	0	0.999728	-0.0233133	0	None	None
ChainingRodShaped	552	4.56792	0.5	-15.4819	29.6637	0	-0.168939	0.985626	0	None	None
ChainingRodShaped	985	2.13128	0.5	26.7395	4.17004	0	0.884892	0.465797	0	None	None
ChainingRodShaped	556	3.79065	0.5	12.061	5.1744	0	0.985599	-0.169101	0	None	None
ChainingRodShaped	909	2.39173	0.5	28.4337	34.2073	0	0.409016	-0.912527	0	None	None
ChainingRodShaped	955	2.41264	0.5	9.03763	1.442	0	0.921332	-0.388777	0	None	None
ChainingRodShaped	562	3.86288	0.5	4.48448	41.3413	0	0.766712	-0.641991	0	None	None
ChainingRodShaped	564	3.76344	0.5	23.2289	14.8779	0	-0.253688	-0.967286	0	None	None
ChainingRodShaped	865	2.83951	0.5	17.3313	28.7535	0	0.998675	-0.0514624	0	None	None
ChainingRodShaped	969	2.12663	0.5	-12.3208	26.7823	0	-0.340084	-0.940395	0	None	None
ChainingRodShaped	570	4.19127	0.5	3.94608	30.3613	0	0.439461	-0.898262	0	None	None
ChainingRodShaped	913	2.5562	0.5	13.0193	33.8076	0	0.992513	-0.122137	0	None	None
ChainingRodShaped	574	3.98022	0.5	9.7533	54.4191	0	0.898353	0.439275	0	None	None
ChainingRodShaped	925	2.33559	0.5	15.6788	18.2473	0	-0.49155	-0.87085	0	None	None
ChainingRodShaped	941	2.29372	0.5	0.216601	36.8702	0	0.845684	-0.533684	0	None	None
ChainingRodShaped	895	2.69671	0.5	-5.44625	37.1304	0	0.615063	0.788478	0	None	None
ChainingRodShaped	582	3.8167	0.5	-9.20223	19.3433	0	-0.619652	-0.784877	0	None	None
ChainingRodShaped	584	3.98244	0.5	2.215	20.2664	0	-0.160361	-0.987058	0	None	None
ChainingRodShaped	586	4.14183	0.5	10.5223	22.9302	0	0.747393	-0.664382	0	None	None
ChainingRodShaped	907	2.49983	0.5	14.4998	41.672	0	0.919873	-0.392217	0	None	None
ChainingRodShaped	590	4.3359	0.5	33.6609	32.5557	0	-0.238576	-0.971124	0	None	None
ChainingRodShaped	993	2.09511	0.5	-4.29128	51.193	0	0.930883	0.365318	0	None	None
ChainingRodShaped	594	4.16569	0.5	2.24461	55.2051	0	0.974985	-0.22227	0	None	None
ChainingRodShaped	596	3.23775	0.5	-3.20598	9.23033	0	0.992126	0.125246	0	None	None
ChainingRodShaped	598	4.38997	0.5	16.1269	22.5238	0	-0.539936	-0.841706	0	None	None
ChainingRodShaped	600	3.55347	0.5	12.3701	6.11136	0	0.985764	-0.168134	0	None	None
ChainingRodShaped	602	4.28833	0.5	21.5291	19.0724	0	0.178971	-0.983854	0	None	None
ChainingRodShaped	604	3.38567	0.5	3.90041	52.1586	0	0.815981	-0.578079	0	None	None
ChainingRodShaped	606	3.61182	0.5	2.37832	9.93476	0	0.418013	0.908441	0	None	None
ChainingRodShaped	608	3.94754	0.5	-9.61337	29.6033	0	-0.416424	-0.909171	0	None	None
ChainingRodShaped	610	4.18581	0.5	-9.44325	23.0408	0	0.990915	-0.134493	0	None	None
ChainingRodShaped	612	4.62438	0.5	-3.43757	23.9763	0	0.555624	-0.831433	0	None	None
ChainingRodShaped	614	3.24915	0.5	15.5539	7.32482	0	0.66481	-0.747012	0	None	None
ChainingRodShaped	616	4.95412	0.5	10.9092	35.0393	0	0.991242	-0.132056	0	None	None
ChainingRodShaped	1013	2.02849	0.5	1.15931	26.9218	0	0.30767	-0.951493	0	None	None
ChainingRodShaped	620	3.87979	0.5	-1.79745	49.8776	0	0.965797	-0.259299	0	None	None
ChainingRodShaped	622	4.83678	0.5	26.2264	45.0973	0	0.822237	-0.569146	0	None	None
ChainingRodShaped	624	4.51084	0.5	-9.10713	49.3342	0	0.280529	0.959845	0	None	None
ChainingRodShaped	626	3.17506	0.5	4.1795	46.0517	0	0.419896	-0.907572	0	None	None
ChainingRodShaped	989	2.13755	0.5	10.4179	29.1957	0	0.987884	-0.155193	0	None	None
ChainingRodShaped	630	4.42437	0.5	21.8069	37.7545	0	0.999465	0.0327008	0	None	None
ChainingRodShaped	991	2.09665	0.5	-3.07175	25.5063	0	0.38275	-0.923852	0	None	None
ChainingRodShaped	634	3.43494	0.5	16.5633	30.8011	0	0.757105	-0.653294	0	None	None
ChainingRodShaped	636	4.36999	0.5	7.54083	12.6635	0	0.246334	-0.969185	0	None	None
ChainingRodShaped	638	4.93184	0.5	25.4716	8.5221	0	0.462685	-0.886523	0	None	None
ChainingRodShaped	640	4.98528	0.5	23.3711	33.0452	0	0.955086	-0.29633	0	None	None
ChainingRodShaped	642	4.01893	0.5	-6.74275	26.8051	0	0.627541	-0.778584	0	None	None
ChainingRodShaped	644	4.42583	0.5	11.6206	23.2114	0	0.74969	-0.661789	0	None	None
ChainingRodShaped	646	3.31616	0.5	12.2566	14.2748	0	-0.0948624	-0.99549	0	None	None
ChainingRodShaped	648	3.8438	0.5	4.44914	4.98665	0	-0.39803	-0.917372	0	None	None
ChainingRodShaped	650	3.93635	0.5	17.7138	54.2601	0	0.850198	-0.526462	0	None	None
ChainingRodShaped	652	4.08302	0.5	-2.46478	48.036	0	0.965885	-0.258972	0	None	None
ChainingRodShaped	654	4.46293	0.5	29.2264	23.3737	0	0.932415	-0.361389	0	None	None
ChainingRodShaped	656	4.17793	0.5	6.45723	25.8529	0	0.937258	-0.348636	0	None	None
ChainingRodShaped	658	3.71881	0.5	-9.39502	43.0044	0	0.615613	0.788049	0	None	None
ChainingRodShaped	660	3.68329	0.5	20.8016	24.0707	0	0.735204	-0.677846	0	None	None
ChainingRodShaped	662	4.25008	0.5	17.346	15.9416	0	-0.205309	-0.978697	0	None	None
ChainingRodShaped	664	3.98586	0.5	-9.56682	44.3705	0	0.613151	0.789966	0	None	None
ChainingRodShaped	666	4.11762	0.5	3.18872	36.2678	0	0.30525	-0.952272	0	None	None
ChainingRodShaped	668	3.0248	0.5	-11.7424	43.2554	0	0.046586	0.998914	0	None	None
ChainingRodShaped	670	3.24838	0.5	4.90939	18.7506	0	-0.231793	-0.972765	0	None	None
ChainingRodShaped	672	3.70678	0.5	9.89136	11.2685	0	0.235061	-0.971981	0	None	None
ChainingRodShaped	674	4.02422	0.5	8.1511	21.0905	0	0.295225	-0.955428	0	None	None
ChainingRodShaped	676	3.39231	0.5	-7.86403	19.454	0	-0.622589	-0.782549	0	None	None
ChainingRodShaped	678	4.74774	0.5	19.5124	12.4117	0	0.194187	-0.980965	0	None	None
ChainingRodShaped	680	3.65759	0.5	25.8236	28.4167	0	0.705882	-0.708329	0	None	None
ChainingRodShaped	682	4.04788	0.5	2.03111	45.3002	0	0.893037	-0.449983	0	None	None
ChainingRodShaped	684	3.22626	0.5	13.9155	23.7372	0	0.767846	-0.640635	0	None	None
ChainingRodShaped	686	4.41318	0.5	19.2457	35.7511	0	0.999893	0.0146425	0	None	None
ChainingRodShaped	688	4.55155	0.5	16.8977	21.9807	0	-0.539651	-0.841889	0	None	None
ChainingRodShaped	690	4.08709	0.5	-12.8999	30.2359	0	0.481728	0.876321	0	None	None
ChainingRodShaped	692	3.3147	0.5	9.80248	44.261	0	0.857737	0.514089	0	None	None
ChainingRodShaped	694	4.43931	0.5	10.4325	31.1097	0	0.987312	-0.158794	0	None	None
ChainingRodShaped	696	3.31411	0.5	8.73377	47.8003	0	0.402957	-0.915219	0	None	None
ChainingRodShaped	698	3.33686	0.5	2.80442	8.52402	0	0.42371	0.905798	0	None	None
ChainingRodShaped	700	3.37954	0.5	-5.60374	33.8773	0	-0.106653	-0.994296	0	None	None
ChainingRodShaped	702	2.92404	0.5	-0.329638	44.2224	0	0.789466	-0.613794	0	None	None
ChainingRodShaped	704	4.32058	0.5	16.1548	26.9672	0	0.925972	0.377593	0	None	None
ChainingRodShaped	706	3.78053	0.5	25.2887	40.7545	0	0.873759	-0.486359	0	None	None
ChainingRodShaped	708	4.42952	0.5	17.5837	45.16	0	0.576227	-0.81729	0	None	None
ChainingRodShaped	710	3.48133	0.5	-2.67412	20.0217	0	-0.985868	-0.167525	0	None	None
ChainingRodShaped	712	3.63761	0.5	14.5523	46.1901	0	0.298107	-0.954533	0	None	None
ChainingRodShaped	714	3.28398	0.5	2.45211	26.4585	0	0.373423	-0.927661	0	None	None
ChainingRodShaped	716	2.83451	0.5	-7.76665	31.8946	0	-0.100382	-0.994949	0	None	None
ChainingRodShaped	718	3.36921	0.5	-5.19298	28.2846	0	-0.0997809	-0.995009	0	None	None
ChainingRodShaped	720	3.99765	0.5	19.3602	9.35912	0	0.790082	-0.613001	0	None	None
ChainingRodShaped	722	4.30366	0.5	21.6333	51.4746	0	0.930557	-0.366147	0	None	None
ChainingRodShaped	724	3.90852	0.5	20.0824	46.6893	0	0.59337	-0.804929	0	None	None
ChainingRodShaped	726	3.1311	0.5	22.5778	18.7316	0	0.181583	-0.983376	0	None	None
ChainingRodShaped	728	3.84112	0.5	30.7057	43.0443	0	0.419521	-0.907746	0	None	None
ChainingRodShaped	730	3.63793	0.5	-12.7155	28.3963	0	0.581994	0.813193	0	None	None
ChainingRodShaped	732	3.16351	0.5	22.5814	28.9268	0	0.707554	-0.70666	0	None	None
ChainingRodShaped	734	4.13883	0.5	-2.31089	37.625	0	-0.0986529	-0.995122	0	None	None
ChainingRodShaped	736	3.22392	0.5	23.6725	25.1897	0	0.681794	-0.731545	0	None	None
ChainingRodShaped	738	3.66463	0.5	-16.8555	31.803	0	-0.169429	0.985542	0	None	None
ChainingRodShaped	740	2.97203	0.5	21.7228	34.6341	0	0.992106	-0.125402	0	None	None
ChainingRodShaped	742	3.39356	0.5	26.5214	42.3683	0	0.893522	-0.44902	0	None	None
ChainingRodShaped	744	3.29303	0.5	9.66755	36.1767	0	0.990361	-0.138511	0	None	None
ChainingRodShaped	746	3.45539	0.5	-10.7551	36.0411	0	0.851934	0.52365	0	None	None
ChainingRodShaped	748	2.72404	0.5	10.5388	52.5977	0	0.942155	-0.335178	0	None	None
ChainingRodShaped	750	4.02606	0.5	13.3967	51.246	0	0.455577	-0.890196	0	None	None
ChainingRodShaped	752	3.6417	0.5	18.7983	17.5143	0	0.107877	-0.994164	0	None	None
ChainingRodShaped	754	4.04874	0.5	19.2145	21.2392	0	0.176953	-0.984219	0	None	None
ChainingRodShaped	756	3.96659	0.5	16.16	3.67009	0	0.657889	-0.753115	0	None	None
ChainingRodShaped	758	3.20244	0.5	-14.3878	33.9396	0	0.737975	0.674828	0	None	None
ChainingRodShaped	760	2.80714	0.5	24.4757	25.7316	0	0.684663	-0.72886	0	None	None
ChainingRodShaped	762	3.17009	0.5	3.22335	27.1031	0	0.36795	-0.929846	0	None	None
ChainingRodShaped	764	2.99291	0.5	8.0685	28.5672	0	0.987961	-0.1547	0	None	None
ChainingRodShaped	766	3.53011	0.5	7.83398	34.0919	0	0.301187	-0.953565	0	None	None
ChainingRodShaped	768	3.01151	0.5	0.208545	39.0665	0	0.360889	-0.932609	0	None	None
ChainingRodShaped	770	3.80125	0.5	6.62555	53.1341	0	0.88778	-0.460268	0	None	None
ChainingRodShaped	772	3.05686	0.5	9.80769	30.2525	0	0.988083	-0.153922	0	None	None
ChainingRodShaped	774	3.36434	0.5	29.5976	26.0334	0	-0.72709	0.686542	0	None	None
ChainingRodShaped	776	2.96268	0.5	-0.295608	12.0746	0	-0.906397	0.422427	0	None	None
ChainingRodShaped	778	3.3622	0.5	11.127	12.6626	0	-0.109531	-0.993983	0	None	None
ChainingRodShaped	780	2.82671	0.5	-4.70815	52.9086	0	0.969936	-0.243359	0	None	None
ChainingRodShaped	782	3.48565	0.5	14.3644	12.9235	0	-0.294051	-0.95579	0	None	None
ChainingRodShaped	784	2.73749	0.5	32.5995	16.7854	0	-0.939168	-0.343459	0	None	None
ChainingRodShaped	786	2.88008	0.5	4.2728	35.9452	0	0.312607	-0.949883	0	None	None
ChainingRodShaped	788	2.6739	0.5	1.18291	52.8907	0	0.810646	-0.585536	0	None	None
ChainingRodShaped	790	3.6683	0.5	12.3782	23.807	0	0.753877	-0.657016	0	None	None
ChainingRodShaped	792	2.9509	0.5	23.7866	30.8814	0	-0.968333	0.249663	0	None	None
ChainingRodShaped	794	3.44163	0.5	-12.6665	22.9883	0	0.768576	-0.639758	0	None	None
ChainingRodShaped	796	2.75713	0.5	17.566	19.4671	0	-0.541611	-0.840629	0	None	None
ChainingRodShaped	798	3.43568	0.5	28.0145	16.0996	0	-0.932119	-0.362152	0	None	None
ChainingRodShaped	800	2.77013	0.5	5.95461	38.9223	0	0.822423	-0.568877	0	None	None
ChainingRodShaped	802	2.65241	0.5	-6.06512	14.5475	0	-0.609252	-0.792977	0	None	None
ChainingRodShaped	804	3.29514	0.5	33.1607	35.0974	0	-0.169188	-0.985584	0	None	None
ChainingRodShaped	806	2.5529	0.5	-1.01833	43.54	0	0.791875	-0.610683	0	None	None
ChainingRodShaped	808	3.13297	0.5	-6.00063	42.5944	0	0.63872	0.76944	0	None	None
ChainingRodShaped	810	3.44103	0.5	8.93299	8.81844	0	-0.0838837	-0.996476	0	None	None
ChainingRodShaped	812	2.96495	0.5	-4.9049	53.9818	0	0.970622	-0.24061	0	None	None
ChainingRodShaped	814	2.66315	0.5	9.29822	20.5966	0	0.302895	-0.953024	0	None	None
ChainingRodShaped	816	2.89106	0.5	-7.83244	43.4192	0	0.623461	0.781854	0	None	None
ChainingRodShaped	818	3.00766	0.5	33.8273	23.2071	0	0.821851	-0.569703	0	None	None
ChainingRodShaped	820	2.66206	0.5	-2.62729	16.8985	0	-0.999951	-0.00987827	0	None	None
ChainingRodShaped	822	3.43147	0.5	19.0842	46.3931	0	0.588641	-0.808394	0	None	None
ChainingRodShaped	824	3.14154	0.5	-0.906108	11.2827	0	-0.90478	0.425879	0	None	None
ChainingRodShaped	826	2.89685	0.5	23.7575	29.1165	0	0.704256	-0.709946	0	None	None
ChainingRodShaped	828	3.22139	0.5	24.1691	45.2013	0	0.738167	-0.674618	0	None	None
ChainingRodShaped	830	2.60278	0.5	16.6342	49.4213	0	0.444758	-0.895651	0	None	None
ChainingRodShaped	832	2.7064	0.5	25.3054	15.1037	0	-0.254438	-0.967089	0	None	None
ChainingRodShaped	834	2.84903	0.5	-12.3812	40.2425	0	0.952906	0.303267	0	None	None
ChainingRodShaped	836	3.18096	0.5	23.1789	43.4397	0	0.745925	-0.66603	0	None	None
ChainingRodShaped	838	2.93021	0.5	20.1975	48.7197	0	0.898582	-0.438806	0	None	None
ChainingRodShaped	840	2.79759	0.5	-4.3909	35.8147	0	-0.116587	-0.993181	0	None	None
ChainingRodShaped	842	3.08971	0.5	32.5748	22.8728	0	0.821668	-0.569966	0	None	None
ChainingRodShaped	844	2.54276	0.5	5.41482	35.5056	0	0.303089	-0.952962	0	None	None
ChainingRodShaped	846	3.17438	0.5	-11.1071	36.9724	0	0.848366	0.529409	0	None	None
ChainingRodShaped	848	2.67782	0.5	9.3826	3.4339	0	0.922299	-0.386477	0	None	None
ChainingRodShaped	850	2.98699	0.5	27.2831	21.6087	0	0.0610762	-0.998133	0	None	None
ChainingRodShaped	852	2.67858	0.5	-14.0293	30.7053	0	0.316059	0.948739	0	None	None
ChainingRodShaped	854	2.95425	0.5	20.0047	32.735	0	0.998761	-0.0497672	0	None	None
ChainingRodShaped	856	3.08758	0.5	15.9895	9.59279	0	0.128268	-0.99174	0	None	None
ChainingRodShaped	858	3.01654	0.5	15.8794	14.3818	0	-0.308368	-0.951267	0	None	None
ChainingRodShaped	860	2.6495	0.5	10.5507	42.3028	0	0.916295	-0.400503	0	None	None
ChainingRodShaped	862	3.08765	0.5	-7.05346	55.2733	0	-0.818877	-0.573969	0	None	None
ChainingRodShaped	864	2.57588	0.5	-5.6479	39.9001	0	0.587244	0.80941	0	None	None
ChainingRodShaped	866	2.37283	0.5	14.8644	30.7061	0	0.498221	-0.86705	0	None	None
ChainingRodShaped	868	2.38064	0.5	13.0352	32.8413	0	0.99289	-0.119039	0	None	None
ChainingRodShaped	870	2.9179	0.5	29.1146	39.427	0	0.399574	-0.916701	0	None	None
ChainingRodShaped	872	2.36565	0.5	22.0355	10.6354	0	0.385155	-0.922852	0	None	None
ChainingRodShaped	874	2.4415	0.5	13.5892	3.92035	0	0.987237	-0.159257	0	None	None
ChainingRodShaped	876	2.99619	0.5	29.3209	6.98613	0	0.145982	0.989287	0	None	None
ChainingRodShaped	878	2.45483	0.5	-3.67246	12.2957	0	0.500588	-0.865686	0	None	None
ChainingRodShaped	880	2.85553	0.5	-0.261439	17.2013	0	-0.166724	-0.986004	0	None	None
ChainingRodShaped	882	2.72828	0.5	16.9875	43.8835	0	0.721264	-0.692661	0	None	None
ChainingRodShaped	884	2.52881	0.5	5.16226	27.3438	0	0.937425	-0.348188	0	None	None
ChainingRodShaped	886	2.47761	0.5	27.1611	38.0944	0	0.647028	-0.762466	0	None	None
ChainingRodShaped	888	2.64609	0.5	-6.59002	33.806	0	-0.1006	-0.994927	0	None	None
ChainingRodShaped	890	2.39025	0.5	-2.34041	17.8806	0	-0.999963	-0.00857809	0	None	None
ChainingRodShaped	892	2.54281	0.5	18.3817	36.6985	0	0.99993	0.0118435	0	None	None
ChainingRodShaped	894	2.82107	0.5	-1.71494	7.43644	0	0.799	-0.601332	0	None	None
ChainingRodShaped	896	2.68816	0.5	-8.34059	35.2171	0	0.828597	0.559845	0	None	None
ChainingRodShaped	898	2.63632	0.5	1.06002	9.4153	0	0.412783	0.910829	0	None	None
ChainingRodShaped	900	2.46876	0.5	-2.0684	48.9388	0	0.965832	-0.25917	0	None	None
ChainingRodShaped	902	2.47517	0.5	30.8534	18.361	0	-0.848189	-0.529693	0	None	None
ChainingRodShaped	904	2.29759	0.5	2.93426	6.46739	0	0.414027	0.910264	0	None	None
ChainingRodShaped	906	2.2962	0.5	34.0388	29.2869	0	-0.0963844	-0.995344	0	None	None
ChainingRodShaped	908	2.35534	0.5	11.3746	42.9965	0	0.920133	-0.391605	0	None	None
ChainingRodShaped	910	2.28593	0.5	26.6606	36.9948	0	0.561769	-0.827294	0	None	None
ChainingRodShaped	912	2.4936	0.5	5.75461	15.7064	0	0.259772	-0.96567	0	None	None
ChainingRodShaped	914	2.46944	0.5	9.86038	33.8721	0	0.913812	-0.406136	0	None	None
ChainingRodShaped	916	2.25444	0.5	-7.39586	14.6085	0	-0.685456	-0.728114	0	None	None
ChainingRodShaped	918	2.5588	0.5	14.1106	39.7549	0	0.922995	-0.384813	0	None	None
ChainingRodShaped	920	2.26744	0.5	10.3921	40.268	0	0.918818	-0.394682	0	None	None
ChainingRodShaped	922	2.41233	0.5	7.00263	27.6869	0	0.949214	-0.314631	0	None	None
ChainingRodShaped	924	2.28462	0.5	7.97051	39.858	0	0.843196	-0.537606	0	None	None
ChainingRodShaped	926	2.40776	0.5	17.4472	21.0717	0	-0.538	-0.842945	0	None	None
ChainingRodShaped	928	2.43431	0.5	-5.30263	12.8321	0	-0.0724559	-0.997372	0	None	None
ChainingRodShaped	930	2.53036	0.5	-0.835982	19.3336	0	-0.92356	-0.383453	0	None	None
ChainingRodShaped	932	2.28208	0.5	6.69524	50.05	0	0.382757	-0.923849	0	None	None
ChainingRodShaped	934	2.55866	0.5	6.13413	3.30309	0	0.787154	-0.616756	0	None	None
ChainingRodShaped	936	2.45327	0.5	22.4224	2.62023	0	0.986197	0.165575	0	None	None
ChainingRodShaped	938	2.4242	0.5	6.85995	8.97851	0	-0.248635	-0.968597	0	None	None
ChainingRodShaped	940	2.28815	0.5	20.9284	38.6857	0	0.999742	0.0227172	0	None	None
ChainingRodShaped	942	2.31148	0.5	-0.987539	39.4949	0	0.352919	-0.935654	0	None	None
ChainingRodShaped	944	2.32173	0.5	28.46	31.2369	0	0.16377	-0.986498	0	None	None
ChainingRodShaped	946	2.16973	0.5	-14.1007	32.861	0	0.735774	0.677227	0	None	None
ChainingRodShaped	948	2.351	0.5	24.5414	16.0214	0	-0.258506	-0.96601	0	None	None
ChainingRodShaped	950	2.24841	0.5	14.5898	53.9095	0	0.791234	-0.611514	0	None	None
ChainingRodShaped	952	2.15099	0.5	28.2977	14.0206	0	-0.909629	-0.415421	0	None	None
ChainingRodShaped	954	2.35948	0.5	7.74357	38.8785	0	0.842306	-0.539	0	None	None
ChainingRodShaped	956	2.3145	0.5	5.64856	2.43972	0	0.791787	-0.610797	0	None	None
ChainingRodShaped	958	2.35256	0.5	8.05081	18.0944	0	0.290194	-0.956968	0	None	None
ChainingRodShaped	960	2.17736	0.5	27.8012	19.2169	0	-0.909944	-0.414731	0	None	None
ChainingRodShaped	962	2.30496	0.5	3.27608	15.6014	0	0.371873	0.928284	0	None	None
ChainingRodShaped	964	2.25089	0.5	19.284	24.14	0	0.741669	-0.670766	0	None	None
ChainingRodShaped	966	2.12874	0.5	4.2352	38.5582	0	0.448456	-0.893805	0	None	None
ChainingRodShaped	968	2.23031	0.5	-10.0118	45.3986	0	0.614269	0.789097	0	None	None
ChainingRodShaped	970	2.22263	0.5	-10.7594	29.4438	0	-0.423506	-0.905893	0	None	None
ChainingRodShaped	972	2.2205	0.5	5.76907	11.7247	0	0.250553	-0.968103	0	None	None
ChainingRodShaped	974	2.17286	0.5	-9.1502	39.95	0	0.549906	0.835227	0	None	None
ChainingRodShaped	976	2.22186	0.5	4.16114	6.79714	0	-0.404903	-0.91436	0	None	None
ChainingRodShaped	978	2.22591	0.5	34.5094	18.4719	0	-0.959329	-0.28229	0	None	None
ChainingRodShaped	980	2.12419	0.5	28.1889	10.5739	0	0.343247	0.939245	0	None	None
ChainingRodShaped	982	2.24348	0.5	-8.30081	26.3191	0	0.165603	-0.986193	0	None	None
ChainingRodShaped	984	2.12496	0.5	19.2782	50.2506	0	0.903828	-0.427897	0	None	None
ChainingRodShaped	986	2.18591	0.5	23.6063	3.9458	0	0.896669	-0.442701	0	None	None
ChainingRodShaped	988	2.23169	0.5	21.0819	39.6483	0	0.999919	0.0127015	0	None	None
ChainingRodShaped	990	2.0918	0.5	7.38979	29.6235	0	0.989458	-0.144818	0	None	None
ChainingRodShaped	992	2.18396	0.5	-3.08585	28.4235	0	0.0670509	-0.99775	0	None	None
ChainingRodShaped	994	2.09668	0.5	-6.98917	49.7689	0	0.975707	0.219081	0	None	None
ChainingRodShaped	996	2.13953	0.5	-4.5553	39.794	0	0.595328	0.803483	0	None	None
ChainingRodShaped	998	2.07853	0.5	0.908661	18.2386	0	-0.176575	-0.984287	0	None	None
ChainingRodShaped	1000	2.13666	0.5	6.22648	24.066	0	0.325802	-0.945438	0	None	None
ChainingRodShaped	1002	2.09575	0.5	34.6759	38.6259	0	-0.525348	0.850888	0	None	None
ChainingRodShaped	1004	2.0898	0.5	-3.94757	30.9542	0	-0.0941271	-0.99556	0	None	None
ChainingRodShaped	1006	2.06519	0.5	-6.63086	25.1279	0	0.619721	-0.784822	0	None	None
ChainingRodShaped	1008	2.05309	0.5	2.3258	24.1643	0	0.330665	-0.943748	0	None	None
ChainingRodShaped	1010	2.0359	0.5	-0.429756	32.434	0	0.367048	-0.930202	0	None	None
ChainingRodShaped	1012	2.0225	0.5	0.228634	26.5922	0	0.303593	-0.952802	0	None	None
ChainingRodShaped	1014	2.03941	0.5	-0.107056	29.5597	0	0.251457	-0.967868	0	None	None
