cell_type	cell_id	length	radius	pos_x	pos_y	pos_z	ori_x	ori_y	ori_z	lower_link	upper_link
ChainingRodShaped	154	4.55453	0.5	-18.4891	34.3683	0	0.210982	-0.97749	0	None	None
ChainingRodShaped	86	4.66886	0.5	-42.8338	-28.9114	0	-0.521072	-0.853512	0	168	None
ChainingRodShaped	84	4.7253	0.5	10.3743	61.965	0	-0.437793	-0.899076	0	206	245
ChainingRodShaped	178	4.85689	0.5	-14.8084	32.654	0	-0.520218	-0.854034	0	None	None
ChainingRodShaped	188	3.32291	0.5	-9.79482	32.4641	0	-0.480947	-0.87675	0	None	None
ChainingRodShaped	192	3.46599	0.5	-19.4068	9.20644	0	-0.527514	-0.849546	0	193	221
ChainingRodShaped	194	3.54552	0.5	-6.85301	33.232	0	-0.375595	-0.926784	0	None	None
ChainingRodShaped	222	2.62424	0.5	-16.504	35.4541	0	0.125896	-0.992043	0	None	None
ChainingRodShaped	180	3.74145	0.5	-27.5862	-4.00738	0	-0.52457	-0.851368	0	181	141
ChainingRodShaped	124	4.45559	0.5	-5.14491	32.6583	0	-0.5021	-0.864809	0	125	251
ChainingRodShaped	254	2.09322	0.5	15.5564	72.676	0	-0.433774	-0.901022	0	255	207
ChainingRodShaped	190	3.05133	0.5	-9.10642	37.3155	0	0.246025	-0.969264	0	None	None
ChainingRodShaped	226	2.97614	0.5	-7.04096	38.0164	0	-0.296663	-0.954982	0	None	None
ChainingRodShaped	130	4.38194	0.5	-10.0202	45.8336	0	-0.355752	-0.934581	0	None	None
ChainingRodShaped	202	3.66956	0.5	-1.7442	41.2492	0	-0.329263	-0.944238	0	None	None
ChainingRodShaped	224	2.46097	0.5	-18.4435	40.4874	0	-0.584152	-0.811644	0	None	None
ChainingRodShaped	102	3.96355	0.5	5.19391	51.5348	0	-0.453862	-0.891072	0	244	241
ChainingRodShaped	260	2.08307	0.5	-8.51771	31.6402	0	-0.114342	-0.993441	0	None	None
ChainingRodShaped	80	4.80466	0.5	-34.9368	-15.9853	0	-0.52182	-0.853056	0	140	169
ChainingRodShaped	252	2.22492	0.5	-11.6874	52.418	0	-0.668157	-0.74402	0	None	None
ChainingRodShaped	232	2.72733	0.5	-16.0775	32.5392	0	-0.503007	-0.864282	0	None	None
ChainingRodShaped	236	2.67757	0.5	-11.8537	44.3403	0	0.0214335	-0.99977	0	None	None
ChainingRodShaped	152	3.60558	0.5	-20.164	39.5954	0	-0.04227	-0.999106	0	None	None
ChainingRodShaped	212	3.44631	0.5	-6.16226	45.6266	0	-0.71747	-0.696589	0	None	None
ChainingRodShaped	210	3.30316	0.5	-7.69598	39.2379	0	-0.294838	-0.955547	0	None	None
ChainingRodShaped	164	3.84718	0.5	-15.4592	44.1081	0	-0.694834	-0.71917	0	None	None
ChainingRodShaped	200	2.96575	0.5	-12.8624	19.7824	0	-0.523618	-0.851953	0	201	121
ChainingRodShaped	256	2.08274	0.5	-5.12429	37.2497	0	-0.347106	-0.937826	0	None	None
ChainingRodShaped	182	2.97556	0.5	2.60706	48.662	0	-0.464012	-0.885829	0	None	None
ChainingRodShaped	156	4.3955	0.5	20.7639	83.5027	0	-0.433413	-0.901196	0	157	151
ChainingRodShaped	122	4.24782	0.5	-0.10158	41.5539	0	-0.483592	-0.875294	0	240	125
ChainingRodShaped	176	3.13186	0.5	-1.35557	45.1406	0	-0.339544	-0.94059	0	None	None
ChainingRodShaped	144	3.93436	0.5	-7.67138	50.0403	0	-0.805923	-0.59202	0	None	None
ChainingRodShaped	140	3.44324	0.5	-32.2756	-11.6386	0	-0.522568	-0.852598	0	141	80
ChainingRodShaped	230	2.639	0.5	-6.02841	47.9724	0	-0.36474	-0.931109	0	None	None
ChainingRodShaped	206	2.61578	0.5	12.4007	66.1362	0	-0.435691	-0.900096	0	207	84
ChainingRodShaped	168	3.01066	0.5	-40.3166	-24.7887	0	-0.521151	-0.853464	0	169	86
ChainingRodShaped	172	4.2427	0.5	-8.02188	41.4595	0	-0.350633	-0.936513	0	None	None
ChainingRodShaped	134	4.1213	0.5	-15.7917	37.6726	0	0.128281	-0.991738	0	None	None
ChainingRodShaped	214	2.76737	0.5	-18.2852	42.3995	0	-0.587027	-0.809568	0	None	None
ChainingRodShaped	196	3.06168	0.5	-4.51071	45.1732	0	-0.35622	-0.934402	0	None	None
ChainingRodShaped	216	2.53302	0.5	-14.568	47.6279	0	-0.0330399	-0.999454	0	None	None
ChainingRodShaped	184	3.4977	0.5	-7.10506	54.4504	0	-0.711693	-0.702491	0	None	None
ChainingRodShaped	264	2.04585	0.5	-11.5144	34.7711	0	0.241396	-0.970427	0	None	None
ChainingRodShaped	244	2.29029	0.5	7.03745	55.1816	0	-0.447092	-0.894488	0	245	102
ChainingRodShaped	220	2.68131	0.5	-23.3909	2.78423	0	-0.526562	-0.850137	0	221	181
ChainingRodShaped	107	4.87315	0.5	0.703498	48.3632	0	0.19377	-0.981047	0	None	None
ChainingRodShaped	250	2.09294	0.5	-8.86106	26.3544	0	-0.515163	-0.857092	0	251	201
ChainingRodShaped	111	4.8621	0.5	-1.74897	51.0829	0	-0.53827	-0.842772	0	None	None
ChainingRodShaped	266	2.01411	0.5	-13.4717	44.6544	0	-0.539686	-0.841866	0	None	None
ChainingRodShaped	115	4.37886	0.5	-3.01787	40.6951	0	-0.344424	-0.938814	0	None	None
ChainingRodShaped	166	4.93444	0.5	1.26912	51.3075	0	0.134973	-0.990849	0	None	None
ChainingRodShaped	186	4.47449	0.5	-10.028	36.9594	0	0.245482	-0.969401	0	None	None
ChainingRodShaped	121	3.77924	0.5	-15.1322	16.1019	0	-0.525958	-0.850511	0	200	193
ChainingRodShaped	240	2.21824	0.5	1.90386	45.2222	0	-0.473285	-0.880909	0	241	122
ChainingRodShaped	125	3.98443	0.5	-2.5735	37.1368	0	-0.493337	-0.869838	0	122	124
ChainingRodShaped	208	3.02424	0.5	-2.18398	54.1591	0	-0.524653	-0.851316	0	None	None
ChainingRodShaped	198	3.61693	0.5	-1.96356	52.6341	0	-0.523602	-0.851963	0	None	None
ChainingRodShaped	242	2.40536	0.5	-8.90817	50.4015	0	-0.822261	-0.56911	0	None	None
ChainingRodShaped	258	2.15	0.5	-7.90114	45.8227	0	-0.369782	-0.929119	0	None	None
ChainingRodShaped	204	3.44142	0.5	-13.7547	41.1505	0	-0.817753	-0.575569	0	None	None
ChainingRodShaped	248	2.39639	0.5	-3.11513	43.2875	0	-0.353751	-0.93534	0	None	None
ChainingRodShaped	139	4.8131	0.5	-13.1879	39.4057	0	-0.670207	-0.742174	0	None	None
ChainingRodShaped	141	3.43126	0.5	-29.9712	-7.88352	0	-0.523508	-0.85202	0	180	140
ChainingRodShaped	262	2.05324	0.5	-15.6162	46.4268	0	-0.0454445	-0.998967	0	None	None
ChainingRodShaped	228	2.44713	0.5	-4.46364	52.3626	0	-0.528764	-0.848769	0	None	None
ChainingRodShaped	238	2.2478	0.5	-10.8199	50.1093	0	-0.335669	-0.94198	0	None	None
ChainingRodShaped	149	4.31334	0.5	-14.4567	42.1143	0	-0.757058	-0.653347	0	None	None
ChainingRodShaped	151	3.73636	0.5	18.5752	78.9516	0	-0.433369	-0.901217	0	156	255
ChainingRodShaped	153	4.34947	0.5	-18.6207	44.21	0	-0.452737	-0.891644	0	None	None
ChainingRodShaped	218	2.8637	0.5	-17.4173	34.1267	0	0.210051	-0.977691	0	None	None
ChainingRodShaped	157	3.68183	0.5	22.9443	88.0364	0	-0.433443	-0.901181	0	None	156
ChainingRodShaped	159	4.89924	0.5	-11.4842	54.3919	0	-0.727584	-0.686019	0	None	None
ChainingRodShaped	161	4.72567	0.5	-3.60612	44.7907	0	-0.352165	-0.935938	0	None	None
ChainingRodShaped	234	2.88024	0.5	-6.27117	37.022	0	-0.346111	-0.938193	0	None	None
ChainingRodShaped	246	2.14489	0.5	-13.5742	47.4101	0	-0.024342	-0.999704	0	None	None
ChainingRodShaped	167	3.8345	0.5	1.26343	55.5548	0	0.379049	-0.925377	0	None	None
ChainingRodShaped	169	4.44493	0.5	-37.8596	-20.7664	0	-0.521363	-0.853335	0	80	168
ChainingRodShaped	171	4.96797	0.5	-7.43828	52.6641	0	-0.813294	-0.581852	0	None	None
ChainingRodShaped	173	4.74505	0.5	-8.73192	46.441	0	-0.356764	-0.934194	0	None	None
ChainingRodShaped	175	3.14046	0.5	-12.0311	49.6699	0	-0.339036	-0.940773	0	None	None
ChainingRodShaped	177	3.5768	0.5	-0.430921	49.0193	0	0.193807	-0.98104	0	None	None
ChainingRodShaped	179	4.24984	0.5	-12.7791	35.7523	0	0.239334	-0.970937	0	None	None
ChainingRodShaped	181	2.85156	0.5	-25.3507	-0.383786	0	-0.525631	-0.850712	0	220	180
ChainingRodShaped	183	4.6352	0.5	2.79829	52.6717	0	-0.175116	-0.984548	0	None	None
ChainingRodShaped	185	2.92935	0.5	-4.40634	56.3394	0	-0.452631	-0.891698	0	None	None
ChainingRodShaped	187	2.94924	0.5	-10.8551	40.4938	0	-0.554143	-0.832422	0	None	None
ChainingRodShaped	189	3.7822	0.5	-10.7358	35.7448	0	0.243346	-0.96994	0	None	None
ChainingRodShaped	191	2.86466	0.5	-9.21665	41.098	0	-0.353802	-0.93532	0	None	None
ChainingRodShaped	193	2.5839	0.5	-17.3088	12.5869	0	-0.527097	-0.849805	0	121	192
ChainingRodShaped	195	4.06501	0.5	-4.38261	35.9724	0	-0.496411	-0.868087	0	None	None
ChainingRodShaped	197	2.85136	0.5	-2.6882	48.1239	0	-0.925693	-0.378275	0	None	None
ChainingRodShaped	199	3.26102	0.5	-0.234634	55.6491	0	0.137741	-0.990468	0	None	None
ChainingRodShaped	201	3.26317	0.5	-10.741	23.2505	0	-0.5201	-0.854105	0	250	200
ChainingRodShaped	203	2.94695	0.5	-0.0619862	44.827	0	-0.114894	-0.993378	0	None	None
ChainingRodShaped	205	3.60252	0.5	-9.77073	42.9921	0	-0.881403	-0.472365	0	None	None
ChainingRodShaped	207	2.96459	0.5	14.0362	69.5215	0	-0.434413	-0.900714	0	254	206
ChainingRodShaped	209	3.30821	0.5	-1.37768	57.6483	0	-0.42742	-0.904053	0	None	None
ChainingRodShaped	211	3.07807	0.5	-6.32236	43.1805	0	-0.349847	-0.936807	0	None	None
ChainingRodShaped	213	2.96203	0.5	-4.24557	49.0317	0	-0.54475	-0.838599	0	None	None
ChainingRodShaped	215	3.30193	0.5	-16.6567	45.8511	0	-0.0560761	-0.998426	0	None	None
ChainingRodShaped	217	3.22964	0.5	-14.4192	51.4759	0	0.0683037	-0.997665	0	None	None
ChainingRodShaped	219	2.54085	0.5	-18.4245	37.5062	0	0.622873	-0.782323	0	None	None
ChainingRodShaped	221	2.57193	0.5	-21.5028	5.82987	0	-0.527233	-0.849721	0	192	220
ChainingRodShaped	223	2.84993	0.5	-16.9848	39.1533	0	0.126241	-0.992	0	None	None
ChainingRodShaped	225	2.61282	0.5	-15.7493	42.3132	0	-0.75601	-0.65456	0	None	None
ChainingRodShaped	227	2.61619	0.5	-5.85386	41.5988	0	-0.345947	-0.938254	0	None	None
ChainingRodShaped	229	2.69825	0.5	-3.14679	55.5849	0	-0.113217	-0.99357	0	None	None
ChainingRodShaped	231	2.51693	0.5	-4.1748	50.968	0	-0.538481	-0.842638	0	None	None
ChainingRodShaped	233	2.52315	0.5	-14.4558	35.7347	0	-0.293614	-0.955924	0	None	None
ChainingRodShaped	235	2.44857	0.5	-5.19778	40.503	0	-0.342189	-0.939631	0	None	None
ChainingRodShaped	237	2.81511	0.5	-10.608	47.4332	0	-0.264095	-0.964497	0	None	None
ChainingRodShaped	239	2.62214	0.5	-9.71743	53.1444	0	-0.652906	-0.757439	0	None	None
ChainingRodShaped	241	2.12851	0.5	3.36596	47.981	0	-0.463127	-0.886292	0	102	240
ChainingRodShaped	243	2.38931	0.5	-6.15435	52.3692	0	-0.811997	-0.583662	0	None	None
ChainingRodShaped	245	2.12812	0.5	8.44656	58.0215	0	-0.441793	-0.897117	0	84	244
ChainingRodShaped	247	2.34731	0.5	-13.3126	50.5698	0	0.111406	-0.993775	0	None	None
ChainingRodShaped	249	2.34219	0.5	-1.9358	46.4329	0	-0.346559	-0.938028	0	None	None
ChainingRodShaped	251	2.14173	0.5	-7.28968	28.9896	0	-0.509158	-0.860673	0	124	250
ChainingRodShaped	253	2.12138	0.5	-9.6105	54.7912	0	-0.727424	-0.686188	0	None	None
ChainingRodShaped	255	2.09547	0.5	16.8874	75.4421	0	-0.433464	-0.901171	0	151	254
ChainingRodShaped	257	2.1651	0.5	-4.246	40.225	0	-0.343604	-0.939115	0	None	None
ChainingRodShaped	259	2.15895	0.5	-6.77742	48.7609	0	-0.365876	-0.930664	0	None	None
ChainingRodShaped	261	2.08022	0.5	-7.89488	34.6223	0	-0.129092	-0.991633	0	None	None
ChainingRodShaped	263	2.05781	0.5	-15.4682	49.4721	0	-0.0985023	-0.995137	0	None	None
ChainingRodShaped	265	2.03078	0.5	-12.2453	37.7152	0	0.237893	-0.971291	0	None	None
ChainingRodShaped	267	2.01002	0.5	-11.9961	47.256	0	-0.54747	-0.836825	0	None	None
