cell_type	cell_id	length	radius	pos_x	pos_y	pos_z	ori_x	ori_y	ori_z	lower_link	upper_link
ChainingRodShaped	1846	2.42679	0.5	-26.7424	16.0837	0	0.545818	-0.837904	0	None	None
ChainingRodShaped	1280	3.69165	0.5	-105.905	-131.26	0	-0.774582	-0.632474	0	1281	None
ChainingRodShaped	1770	2.3033	0.5	-4.2319	83.4533	0	0.79436	-0.607447	0	1771	1113
ChainingRodShaped	1394	3.80699	0.5	-18.2989	10.1964	0	-0.995011	0.0997665	0	None	None
ChainingRodShaped	1494	3.7003	0.5	-17.3753	7.88001	0	-0.68294	0.730475	0	None	None
ChainingRodShaped	806	4.17854	0.5	-61.1072	34.5647	0	-0.98264	-0.18552	0	1838	867
ChainingRodShaped	944	4.61281	0.5	-4.77185	8.39915	0	-0.655074	-0.755564	0	None	None
ChainingRodShaped	1728	3.01702	0.5	-21.6814	14.0718	0	0.613131	-0.789981	0	None	None
ChainingRodShaped	766	4.26926	0.5	-65.9163	-23.6703	0	0.759547	-0.650453	0	767	951
ChainingRodShaped	1336	3.85409	0.5	45.2095	-7.72096	0	-0.855295	-0.518142	0	1337	1079
ChainingRodShaped	1540	2.82851	0.5	9.50978	131.341	0	-0.911829	-0.410571	0	1541	1703
ChainingRodShaped	1276	3.25858	0.5	-8.56998	14.796	0	-0.144208	-0.989547	0	None	None
ChainingRodShaped	976	3.95214	0.5	-5.41171	20.7429	0	-0.377519	-0.926002	0	None	None
ChainingRodShaped	1772	2.81941	0.5	-17.6294	36.1742	0	-0.225573	-0.974226	0	None	None
ChainingRodShaped	1518	3.05671	0.5	4.83824	28.4995	0	-0.506049	0.862504	0	None	None
ChainingRodShaped	1912	2.16046	0.5	-36.5173	45.4569	0	-0.758181	-0.652044	0	None	None
ChainingRodShaped	1006	4.96907	0.5	33.9774	62.2293	0	0.854292	-0.519793	0	1007	1307
ChainingRodShaped	1950	2.06778	0.5	-10.3185	7.50279	0	-0.935954	-0.352122	0	None	None
ChainingRodShaped	1612	2.93961	0.5	-51.6701	-85.6999	0	-0.596942	-0.802284	0	1613	1095
ChainingRodShaped	1014	4.41918	0.5	-23.9494	57.4808	0	0.164378	-0.986397	0	None	None
ChainingRodShaped	776	4.5778	0.5	-23.652	13.3408	0	-0.635009	0.772505	0	None	None
ChainingRodShaped	1136	3.71954	0.5	-26.8	38.4544	0	-0.855789	0.517326	0	None	None
ChainingRodShaped	1190	4.064	0.5	-37.5586	32.7886	0	0.83085	-0.556496	0	None	None
ChainingRodShaped	1096	4.97426	0.5	-4.28545	41.2149	0	0.319883	-0.947457	0	None	None
ChainingRodShaped	1304	3.53416	0.5	-7.26818	17.469	0	-0.0899707	-0.995944	0	None	None
ChainingRodShaped	1186	3.56911	0.5	-32.3915	34.3753	0	0.473935	-0.88056	0	None	None
ChainingRodShaped	1432	2.9033	0.5	-14.8272	4.00566	0	-0.779275	0.626682	0	1433	877
ChainingRodShaped	1224	3.84743	0.5	6.39839	20.1471	0	0.45225	-0.891891	0	None	None
ChainingRodShaped	1104	4.08512	0.5	21.8624	41.3113	0	-0.8667	-0.49883	0	None	None
ChainingRodShaped	608	4.32941	0.5	56.4604	154.547	0	-0.767707	-0.640801	0	1098	1687
ChainingRodShaped	1680	2.35762	0.5	61.1006	28.911	0	0.171285	-0.985222	0	1681	931
ChainingRodShaped	1596	3.56677	0.5	15.9925	32.2605	0	0.713449	-0.700707	0	None	None
ChainingRodShaped	912	3.94812	0.5	-14.5909	60.7409	0	-0.125791	-0.992057	0	None	None
ChainingRodShaped	1058	4.62733	0.5	-44.2896	-54.8043	0	0.179647	-0.983731	0	1059	985
ChainingRodShaped	836	4.13222	0.5	-5.43655	41.7462	0	0.324591	-0.945854	0	None	None
ChainingRodShaped	1954	2.03742	0.5	-14.2044	105.267	0	-0.0601652	-0.998188	0	1955	673
ChainingRodShaped	1626	2.38319	0.5	-84.8166	-114.339	0	-0.790125	-0.612946	0	1627	991
ChainingRodShaped	1546	3.00935	0.5	-9.69577	25.6874	0	-0.264995	-0.96425	0	None	None
ChainingRodShaped	1600	3.07627	0.5	-23.6011	22.0505	0	0.968862	0.2476	0	None	None
ChainingRodShaped	1342	3.43955	0.5	-39.8807	44.5682	0	-0.456875	-0.889531	0	None	None
ChainingRodShaped	722	4.65288	0.5	5.70384	47.2111	0	-0.686321	-0.727299	0	None	None
ChainingRodShaped	1658	2.47249	0.5	-26.4784	53.9368	0	0.954956	-0.296747	0	None	None
ChainingRodShaped	1512	3.35053	0.5	-19.5742	54.0449	0	-0.523981	-0.85173	0	None	None
ChainingRodShaped	1826	2.51052	0.5	-10.6021	10.7259	0	0.787425	-0.61641	0	None	None
ChainingRodShaped	1154	3.29707	0.5	17.4571	71.452	0	0.886077	-0.463537	0	1155	1323
ChainingRodShaped	1074	4.67851	0.5	-83.6538	8.57846	0	-0.0962354	-0.995359	0	1075	1309
ChainingRodShaped	1700	3.19378	0.5	20.6942	36.2281	0	-0.104632	-0.994511	0	None	None
ChainingRodShaped	1710	2.37234	0.5	16.362	-12.2312	0	-0.975631	0.219419	0	1711	371
ChainingRodShaped	1026	3.70085	0.5	-4.45639	50.1477	0	-0.606608	-0.795001	0	None	None
ChainingRodShaped	1856	2.40128	0.5	-22.1247	45.8138	0	-0.812322	-0.58321	0	None	None
ChainingRodShaped	790	4.40091	0.5	3.51603	23.8256	0	0.0677656	-0.997701	0	None	None
ChainingRodShaped	1142	4.66713	0.5	18.7447	39.4471	0	0.995254	-0.0973078	0	None	None
ChainingRodShaped	1558	2.97736	0.5	-9.37825	11.57	0	0.480841	-0.876808	0	None	None
ChainingRodShaped	1640	2.81801	0.5	-28.9178	16.3895	0	-0.726123	0.687565	0	1641	1575
ChainingRodShaped	668	3.9975	0.5	50.7098	48.9274	0	0.656431	-0.754386	0	1814	1157
ChainingRodShaped	752	3.63858	0.5	58.562	7.46406	0	-0.421761	-0.906707	0	1754	833
ChainingRodShaped	1086	4.84353	0.5	-3.06968	58.8518	0	-0.972852	-0.23143	0	None	None
ChainingRodShaped	966	4.60983	0.5	-4.13609	53.6195	0	-0.733464	-0.679728	0	None	None
ChainingRodShaped	1824	2.38586	0.5	-20.5505	49.4881	0	-0.628066	-0.77816	0	None	None
ChainingRodShaped	626	4.95797	0.5	-11.8072	38.6821	0	0.990001	0.141058	0	None	None
ChainingRodShaped	1056	3.76153	0.5	-30.6051	28.061	0	-0.994872	-0.101141	0	None	None
ChainingRodShaped	1858	2.27213	0.5	3.43034	32.8784	0	-0.808342	0.588713	0	None	None
ChainingRodShaped	1742	2.84822	0.5	-31.6467	26.9744	0	-0.999429	-0.0338025	0	None	None
ChainingRodShaped	1722	2.337	0.5	-52.4426	-36.5822	0	0.611733	-0.791064	0	1723	1175
ChainingRodShaped	1620	2.70164	0.5	-27.6656	45.2805	0	-0.531291	0.847189	0	None	None
ChainingRodShaped	1802	2.44651	0.5	-3.26382	73.8587	0	-0.875812	0.482653	0	None	None
ChainingRodShaped	1354	3.68432	0.5	-22.2349	49.8349	0	0.00132555	-0.999999	0	None	None
ChainingRodShaped	1228	3.25343	0.5	-31.0825	35.9707	0	0.471365	-0.881938	0	None	None
ChainingRodShaped	800	4.54588	0.5	36.9083	142.115	0	-0.901839	-0.432073	0	801	1415
ChainingRodShaped	1916	2.14255	0.5	-41.9765	41.4495	0	-0.667815	-0.744328	0	None	None
ChainingRodShaped	1608	2.84477	0.5	-22.314	13.2912	0	0.619604	-0.784914	0	None	None
ChainingRodShaped	1214	4.04365	0.5	80.4653	178.166	0	-0.683596	-0.729861	0	1215	1207
ChainingRodShaped	1632	3.10626	0.5	-23.7106	66.5992	0	0.389866	-0.920872	0	None	None
ChainingRodShaped	1636	2.52226	0.5	11.201	30.7149	0	0.727658	-0.68594	0	None	None
ChainingRodShaped	1220	3.74812	0.5	-0.439855	15.8665	0	0.0883709	-0.996088	0	None	None
ChainingRodShaped	1552	3.13948	0.5	-24.0976	48.2755	0	0.00995201	-0.99995	0	None	None
ChainingRodShaped	1256	4.70208	0.5	21.3957	63.0755	0	0.437926	-0.899011	0	None	None
ChainingRodShaped	1484	2.68336	0.5	-74.0421	-106.163	0	-0.799449	-0.600734	0	1485	1903
ChainingRodShaped	1292	3.84464	0.5	-20.039	51.6408	0	-0.630273	-0.776374	0	None	None
ChainingRodShaped	1172	4.72681	0.5	-14.6343	35.4171	0	-0.981761	-0.190117	0	None	None
ChainingRodShaped	1412	2.83099	0.5	-22.5061	54.0282	0	0.111941	-0.993715	0	None	None
ChainingRodShaped	1666	3.19076	0.5	14.1967	40.5388	0	0.147474	-0.989066	0	None	None
ChainingRodShaped	852	4.41207	0.5	-13.3689	10.8489	0	0.917927	-0.396749	0	None	None
ChainingRodShaped	1434	3.23592	0.5	-80.3635	-7.48611	0	0.478166	-0.878269	0	1435	755
ChainingRodShaped	1704	2.44126	0.5	19.9014	45.3266	0	0.308829	-0.951118	0	None	None
ChainingRodShaped	1422	3.19288	0.5	6.1262	70.8223	0	0.890197	-0.455576	0	None	None
ChainingRodShaped	902	4.65595	0.5	-15.2656	31.5401	0	-0.988054	-0.154109	0	None	None
ChainingRodShaped	1594	3.49922	0.5	-10.3844	16.8158	0	-0.0454164	-0.998968	0	None	None
ChainingRodShaped	1152	4.90936	0.5	1.00845	38.6479	0	-0.546902	-0.837197	0	None	None
ChainingRodShaped	870	4.73085	0.5	-37.9891	25.1048	0	-0.725801	0.687905	0	1574	1697
ChainingRodShaped	1762	2.48683	0.5	6.68324	17.0547	0	0.378515	-0.925595	0	None	None
ChainingRodShaped	1402	3.48593	0.5	-5.73969	46.9783	0	-0.631289	-0.775547	0	None	None
ChainingRodShaped	1388	3.03333	0.5	21.1634	61.0772	0	0.55815	-0.82974	0	None	None
ChainingRodShaped	1046	4.23669	0.5	2.89859	-7.35913	0	-0.8989	0.438153	0	1047	821
ChainingRodShaped	1222	4.11193	0.5	19.6625	28.8591	0	-0.305425	-0.952216	0	None	None
ChainingRodShaped	1904	2.23884	0.5	-27.2685	37.6376	0	-0.856538	0.516084	0	None	None
ChainingRodShaped	1000	3.53212	0.5	-8.57401	117.911	0	-0.640532	-0.767932	0	1001	1465
ChainingRodShaped	1694	2.69359	0.5	15.9628	66.174	0	0.792769	-0.609522	0	None	None
ChainingRodShaped	1638	2.50169	0.5	5.46342	35.9187	0	0.183334	-0.983051	0	None	None
ChainingRodShaped	1712	2.54391	0.5	-4.95832	46.4675	0	-0.634262	-0.773119	0	None	None
ChainingRodShaped	1942	2.04708	0.5	-35.2465	42.3864	0	-0.552348	-0.833613	0	None	None
ChainingRodShaped	1744	2.86036	0.5	-28.0233	58.8769	0	0.0228168	-0.99974	0	None	None
ChainingRodShaped	928	4.50096	0.5	-35.3787	33.6474	0	0.821106	-0.570776	0	None	None
ChainingRodShaped	1072	4.67005	0.5	-77.9934	23.6759	0	-0.578697	-0.815542	0	1073	435
ChainingRodShaped	1470	3.26587	0.5	-36.128	28.8114	0	-0.999116	-0.0420287	0	None	None
ChainingRodShaped	1400	2.88432	0.5	-32.1864	36.0347	0	0.465113	-0.885251	0	None	None
ChainingRodShaped	1338	4.06575	0.5	4.32357	34.5446	0	-0.800191	0.599746	0	None	None
ChainingRodShaped	822	4.41416	0.5	9.7696	69.9871	0	0.882334	-0.470624	0	None	None
ChainingRodShaped	1330	3.62308	0.5	-6.31585	57.9371	0	-0.421145	0.906993	0	None	None
ChainingRodShaped	1160	4.86833	0.5	-22.2295	18.9548	0	0.0302408	-0.999543	0	None	None
ChainingRodShaped	1538	3.41953	0.5	4.21565	33.4742	0	-0.80498	0.593303	0	None	None
ChainingRodShaped	1498	3.7861	0.5	-18.5461	36.3195	0	-0.223586	-0.974684	0	None	None
ChainingRodShaped	1882	2.18553	0.5	-19.4516	56.485	0	-0.320524	-0.94724	0	None	None
ChainingRodShaped	1306	3.63959	0.5	42.371	56.6383	0	0.801449	-0.598063	0	1307	1815
ChainingRodShaped	1298	3.36785	0.5	-5.73489	65.1012	0	-0.939595	-0.34229	0	None	None
ChainingRodShaped	1112	4.28385	0.5	3.55497	78.6619	0	0.880324	-0.474373	0	1113	479
ChainingRodShaped	1598	3.50799	0.5	-23.161	49.1036	0	-5.06332e-05	-1	0	None	None
ChainingRodShaped	1260	3.65783	0.5	11.0942	36.5279	0	0.260772	-0.9654	0	None	None
ChainingRodShaped	1526	3.17298	0.5	29.0132	-13.0289	0	-0.99692	-0.0784277	0	1527	769
ChainingRodShaped	1548	3.12003	0.5	-19.57	59.6292	0	-0.193698	-0.981061	0	None	None
ChainingRodShaped	578	4.59823	0.5	23.8734	136.792	0	-0.94183	-0.336089	0	1414	1699
ChainingRodShaped	1268	3.311	0.5	8.57762	16.4514	0	0.481572	0.876406	0	None	None
ChainingRodShaped	1200	4.6369	0.5	-11.8091	41.4267	0	-0.882143	-0.470981	0	None	None
ChainingRodShaped	1810	2.48303	0.5	-4.91723	10.0266	0	-0.524348	-0.851504	0	None	None
ChainingRodShaped	1124	3.57358	0.5	-32.1702	62.6606	0	0.711781	0.702402	0	None	None
ChainingRodShaped	886	4.68239	0.5	-26.4017	25.8046	0	-0.943666	-0.3309	0	None	None
ChainingRodShaped	1510	3.03617	0.5	-22.3776	46.7451	0	-0.818107	-0.575066	0	None	None
ChainingRodShaped	1294	3.08384	0.5	-13.6843	67.4184	0	-0.943866	-0.330329	0	None	None
ChainingRodShaped	1070	4.07222	0.5	14.7143	62.1975	0	-0.792803	0.609478	0	None	None
ChainingRodShaped	1708	2.77395	0.5	-15.9535	10.9245	0	0.751874	-0.659307	0	None	None
ChainingRodShaped	1062	4.74607	0.5	-18.3244	69.0573	0	-0.464756	-0.885439	0	None	None
ChainingRodShaped	1488	3.20526	0.5	-7.31994	61.5189	0	-0.947805	-0.318849	0	None	None
ChainingRodShaped	1162	4.19252	0.5	16.4053	45.8073	0	0.466694	-0.884419	0	None	None
ChainingRodShaped	1194	4.51873	0.5	1.23979	57.5123	0	-0.680259	-0.732971	0	None	None
ChainingRodShaped	1576	3.44431	0.5	-23.2627	34.4209	0	-0.891655	0.452715	0	None	None
ChainingRodShaped	1240	3.24979	0.5	19.8894	48.0267	0	0.419471	-0.907769	0	None	None
ChainingRodShaped	1790	2.41237	0.5	10.3579	44.9733	0	-0.0476687	-0.998863	0	None	None
ChainingRodShaped	1370	3.12053	0.5	-12.3199	21.4408	0	0.429897	-0.902878	0	None	None
ChainingRodShaped	1580	2.50112	0.5	-45.4026	-74.0911	0	-0.331372	-0.9435	0	1581	517
ChainingRodShaped	1242	3.37959	0.5	-39.5401	30.6422	0	-0.999961	-0.00879301	0	None	None
ChainingRodShaped	1586	2.78008	0.5	-62.9853	-97.4551	0	-0.759422	-0.650599	0	1587	1585
ChainingRodShaped	672	4.0726	0.5	-12.9892	96.4013	0	0.28949	-0.957181	0	673	1267
ChainingRodShaped	1446	2.83878	0.5	7.84735	20.7247	0	0.0516004	-0.998668	0	None	None
ChainingRodShaped	1490	3.70174	0.5	-19.0705	21.9789	0	0.690976	-0.722878	0	None	None
ChainingRodShaped	1324	2.74282	0.5	-99.5881	-126.111	0	-0.776051	-0.630671	0	1325	1281
ChainingRodShaped	1410	2.96215	0.5	67.7146	164.885	0	-0.709848	-0.704355	0	1411	1099
ChainingRodShaped	1204	3.38268	0.5	1.16003	37.1934	0	-0.55525	-0.831683	0	None	None
ChainingRodShaped	646	4.7987	0.5	-30.2233	52.0804	0	0.956372	-0.292153	0	None	None
ChainingRodShaped	1662	2.50266	0.5	51.6851	-2.73286	0	-0.705222	-0.708987	0	1663	1337
ChainingRodShaped	1392	3.55193	0.5	17.6119	33.3854	0	0.721151	-0.692778	0	None	None
ChainingRodShaped	1284	3.78343	0.5	-20.299	41.3149	0	-0.216246	-0.976339	0	None	None
ChainingRodShaped	1130	4.77233	0.5	-3.37169	41.3587	0	0.321502	-0.946909	0	None	None
ChainingRodShaped	1578	2.86795	0.5	-8.20996	57.5332	0	0.409668	-0.912235	0	None	None
ChainingRodShaped	1752	2.63758	0.5	2.6834	47.4742	0	-0.303304	-0.952894	0	None	None
ChainingRodShaped	958	4.43616	0.5	-14.0567	24.7949	0	0.0451042	-0.998982	0	None	None
ChainingRodShaped	868	4.88648	0.5	9.35964	68.0334	0	-0.881977	0.471292	0	None	None
ChainingRodShaped	1930	2.11725	0.5	-29.723	41.0858	0	-0.971373	0.23756	0	None	None
ChainingRodShaped	1848	2.26715	0.5	-28.989	52.7064	0	0.954851	-0.297085	0	None	None
ChainingRodShaped	674	4.88297	0.5	16.676	32.9364	0	0.719106	-0.694901	0	None	None
ChainingRodShaped	1316	4.41144	0.5	-1.89443	80.3099	0	-0.740462	0.672098	0	None	None
ChainingRodShaped	764	4.88256	0.5	-5.12829	28.8206	0	-0.662054	-0.749456	0	None	None
ChainingRodShaped	1566	2.5889	0.5	-2.26685	9.47004	0	-0.763836	-0.64541	0	None	None
ChainingRodShaped	1332	3.49793	0.5	-27.4502	70.5869	0	-0.633282	-0.773921	0	None	None
ChainingRodShaped	1426	2.96978	0.5	-72.757	-17.463	0	0.706788	-0.707425	0	1427	767
ChainingRodShaped	1156	4.05265	0.5	56.2684	41.3397	0	0.520002	-0.854165	0	1157	1923
ChainingRodShaped	1164	4.89283	0.5	-5.10965	24.2914	0	-0.338937	-0.940809	0	None	None
ChainingRodShaped	1466	3.76871	0.5	1.75513	21.2797	0	0.0768349	-0.997044	0	None	None
ChainingRodShaped	1796	2.63094	0.5	-34.6713	27.8445	0	-0.966019	-0.258472	0	None	None
ChainingRodShaped	1360	2.71894	0.5	-50.6143	33.8017	0	-0.937341	0.348413	0	1361	1839
ChainingRodShaped	1896	2.27342	0.5	16.8124	67.995	0	0.796325	-0.604869	0	None	None
ChainingRodShaped	1150	3.94275	0.5	-10.9656	58.0726	0	-0.288928	-0.957351	0	None	None
ChainingRodShaped	1570	3.63326	0.5	-21.919	41.9211	0	-0.0366238	-0.999329	0	None	None
ChainingRodShaped	738	4.35274	0.5	13.3314	30.9969	0	0.913947	-0.405833	0	None	None
ChainingRodShaped	1158	4.82178	0.5	-34.9625	37.8115	0	0.273674	-0.961822	0	None	None
ChainingRodShaped	874	4.57082	0.5	-6.45055	63.8329	0	-0.942971	-0.332874	0	None	None
ChainingRodShaped	1614	2.56325	0.5	4.21983	49.1083	0	-0.325753	-0.945455	0	None	None
ChainingRodShaped	1442	3.38104	0.5	13.1255	53.9064	0	0.266633	-0.963798	0	None	None
ChainingRodShaped	1532	2.90226	0.5	-12.7552	69.7579	0	-0.942397	-0.334496	0	None	None
ChainingRodShaped	371	4.99853	0.5	11.9155	-10.9633	0	-0.952598	0.304232	0	1710	1047
ChainingRodShaped	1128	4.24712	0.5	-12.8329	70.752	0	-0.940349	-0.340212	0	None	None
ChainingRodShaped	1760	2.62993	0.5	10.8479	71.5782	0	0.888749	-0.458395	0	None	None
ChainingRodShaped	1248	4.02161	0.5	-21.1689	62.7769	0	-0.195703	-0.980663	0	None	None
ChainingRodShaped	1970	2.01332	0.5	2.62086	22.6648	0	0.0729678	-0.997334	0	None	None
ChainingRodShaped	1850	2.38137	0.5	-19.8787	15.6397	0	-0.683414	-0.730031	0	None	None
ChainingRodShaped	1302	4.40827	0.5	-2.2782	58.1132	0	-0.974975	-0.222316	0	None	None
ChainingRodShaped	920	3.97134	0.5	-7.53494	58.3317	0	0.413953	-0.910298	0	None	None
ChainingRodShaped	1794	2.75152	0.5	-32.0164	22.075	0	0.717673	-0.69638	0	None	None
ChainingRodShaped	1834	2.53629	0.5	-16.1587	44.4192	0	-0.8243	-0.566153	0	None	None
ChainingRodShaped	1706	2.52458	0.5	11.3294	56.7771	0	0.309931	-0.950759	0	None	None
ChainingRodShaped	1244	3.47321	0.5	-7.6281	13.3864	0	-0.448189	-0.893939	0	None	None
ChainingRodShaped	1140	3.85245	0.5	-6.50935	49.4526	0	0.00385345	-0.999993	0	None	None
ChainingRodShaped	1478	2.9034	0.5	-7.08555	39.1217	0	-0.952841	-0.303471	0	None	None
ChainingRodShaped	1736	2.86728	0.5	-24.9665	57.7548	0	0.170417	-0.985372	0	None	None
ChainingRodShaped	1944	2.0288	0.5	61.5538	17.5037	0	-0.120123	-0.992759	0	1945	1755
ChainingRodShaped	1144	4.1971	0.5	-1.25553	74.9394	0	0.876556	-0.481301	0	None	None
ChainingRodShaped	1436	3.74202	0.5	-5.94348	12.3707	0	-0.456844	-0.889547	0	None	None
ChainingRodShaped	1514	3.55326	0.5	-12.8347	68.7153	0	-0.944675	-0.328009	0	None	None
ChainingRodShaped	1758	2.48245	0.5	-16.2996	73.6244	0	-0.934932	-0.354827	0	None	None
ChainingRodShaped	1782	2.34515	0.5	-15.5831	60.4856	0	-0.126772	-0.991932	0	None	None
ChainingRodShaped	778	4.95263	0.5	46.3074	147.24	0	-0.852225	-0.523175	0	1686	801
ChainingRodShaped	1296	4.17164	0.5	-2.30144	12.9711	0	-0.468057	-0.883698	0	None	None
ChainingRodShaped	838	4.7537	0.5	-0.533433	125.383	0	-0.798546	-0.601934	0	1702	1001
ChainingRodShaped	1148	4.43738	0.5	-29.9611	62.1259	0	-0.0226335	-0.999744	0	None	None
ChainingRodShaped	1314	4.69397	0.5	-5.64664	66.8495	0	-0.803304	-0.59557	0	None	None
ChainingRodShaped	1714	2.48865	0.5	86.1357	184.235	0	-0.682092	-0.731266	0	1715	1215
ChainingRodShaped	960	4.9589	0.5	-29.0118	26.2665	0	-0.983249	-0.182267	0	None	None
ChainingRodShaped	1872	2.25983	0.5	-8.36848	48.1027	0	-0.00368256	-0.999993	0	None	None
ChainingRodShaped	1340	4.6232	0.5	-8.27524	33.6713	0	-0.705567	-0.708643	0	None	None
ChainingRodShaped	1886	2.28891	0.5	-13.1301	41.9254	0	-0.834212	-0.551443	0	None	None
ChainingRodShaped	1372	4.46457	0.5	16.6947	59.4705	0	-0.798026	0.602623	0	None	None
ChainingRodShaped	435	4.94572	0.5	-80.8722	18.7082	0	-0.423847	-0.905734	0	1072	1075
ChainingRodShaped	1836	2.36757	0.5	8.64993	53.1619	0	-0.255294	-0.966864	0	None	None
ChainingRodShaped	1408	2.84442	0.5	-12.8932	20.4587	0	0.438909	-0.898531	0	None	None
ChainingRodShaped	1948	2.07841	0.5	18.7869	37.4838	0	0.995542	-0.0943234	0	None	None
ChainingRodShaped	788	4.79581	0.5	-29.3047	53.8133	0	0.953505	-0.301377	0	None	None
ChainingRodShaped	1472	3.61981	0.5	17.2157	49.355	0	0.185851	-0.982578	0	None	None
ChainingRodShaped	1788	2.60762	0.5	6.4908	44.2999	0	-0.077604	-0.996984	0	None	None
ChainingRodShaped	1134	3.80334	0.5	-24.4088	30.1915	0	0.360433	-0.932785	0	None	None
ChainingRodShaped	1328	3.64325	0.5	-39.9767	40.7223	0	0.665126	0.746732	0	None	None
ChainingRodShaped	1556	3.48417	0.5	-25.7757	19.8596	0	0.918016	-0.396544	0	None	None
ChainingRodShaped	746	4.9374	0.5	-36.802	50.2062	0	-0.991349	0.131251	0	None	None
ChainingRodShaped	1906	2.21979	0.5	-24.6361	40.487	0	-0.853713	0.520743	0	None	None
ChainingRodShaped	1038	3.94373	0.5	17.0068	58.0274	0	-0.795563	0.605871	0	None	None
ChainingRodShaped	1322	3.17065	0.5	24.8503	67.4987	0	0.876546	-0.481319	0	1323	1007
ChainingRodShaped	1300	4.74138	0.5	-15.2719	21.1868	0	0.750159	-0.661258	0	None	None
ChainingRodShaped	1050	3.99878	0.5	-36.3984	33.1782	0	0.825534	-0.564352	0	None	None
ChainingRodShaped	1418	3.15806	0.5	7.22022	68.0853	0	-0.877358	0.479837	0	None	None
ChainingRodShaped	1618	2.37963	0.5	-8.5167	-0.740701	0	-0.821833	0.569728	0	1619	1433
ChainingRodShaped	1452	3.24154	0.5	-40.7184	48.9694	0	0.899193	-0.437553	0	None	None
ChainingRodShaped	1506	2.82116	0.5	-24.2808	23.1309	0	0.996845	0.079376	0	None	None
ChainingRodShaped	1382	4.15252	0.5	-7.03686	31.0008	0	-0.686504	-0.727126	0	None	None
ChainingRodShaped	714	4.94401	0.5	-14.5936	33.5048	0	-0.985019	-0.172445	0	None	None
ChainingRodShaped	479	4.72565	0.5	8.3698	76.1372	0	0.89023	-0.455511	0	1112	1155
ChainingRodShaped	876	4.67347	0.5	-22.6611	10.6702	0	-0.748301	0.663359	0	877	1641
ChainingRodShaped	1250	4.51844	0.5	-3.62241	59.6464	0	-0.972591	-0.232523	0	None	None
ChainingRodShaped	866	3.76067	0.5	-70.7815	30.7322	0	-0.838897	-0.54429	0	867	1073
ChainingRodShaped	1114	4.18763	0.5	-17.63	13.2047	0	-0.268502	-0.963279	0	None	None
ChainingRodShaped	1212	4.8522	0.5	-5.94289	29.3476	0	-0.669515	-0.742798	0	None	None
ChainingRodShaped	1358	3.07507	0.5	-1.29555	57.4477	0	-0.977158	-0.212515	0	None	None
ChainingRodShaped	1480	3.65163	0.5	-11.5429	45.2623	0	-0.138641	-0.990343	0	None	None
ChainingRodShaped	1572	3.32665	0.5	-16.6455	34.0751	0	-0.983246	-0.182283	0	None	None
ChainingRodShaped	1254	3.69342	0.5	9.401	45.0343	0	-0.0576479	-0.998337	0	None	None
ChainingRodShaped	954	4.53746	0.5	12.2614	44.6733	0	-0.0396462	-0.999214	0	None	None
ChainingRodShaped	1310	3.80543	0.5	5.22478	29.6307	0	-0.514662	0.857393	0	None	None
ChainingRodShaped	1348	3.01505	0.5	4.03399	14.3554	0	0.932367	0.361513	0	None	None
ChainingRodShaped	1678	3.23934	0.5	-3.50743	46.7672	0	-0.614127	-0.789207	0	None	None
ChainingRodShaped	1106	4.56606	0.5	-32.4675	21.1644	0	0.718894	-0.69512	0	None	None
ChainingRodShaped	1508	3.23715	0.5	9.84447	30.6825	0	0.698257	-0.715847	0	None	None
ChainingRodShaped	1438	3.84882	0.5	-0.845611	39.8266	0	0.141988	-0.989868	0	None	None
ChainingRodShaped	1346	3.65653	0.5	5.43443	60.7298	0	-0.00102474	-0.999999	0	None	None
ChainingRodShaped	1784	2.71297	0.5	0.693008	22.5286	0	0.066856	-0.997763	0	None	None
ChainingRodShaped	517	4.65667	0.5	-47.197	-78.2314	0	-0.437207	-0.899361	0	1580	1613
ChainingRodShaped	1670	3.26993	0.5	-2.23655	79.1944	0	-0.767678	0.640836	0	None	None
ChainingRodShaped	1078	3.70124	0.5	36.9652	-11.459	0	-0.953642	-0.300944	0	1079	1527
ChainingRodShaped	1174	4.11524	0.5	-47.4969	-44.7573	0	0.426563	-0.904458	0	1175	1059
ChainingRodShaped	1094	3.93478	0.5	-57.1946	-92.0472	0	-0.701754	-0.712419	0	1095	1587
ChainingRodShaped	1290	4.26703	0.5	15.9346	24.8546	0	-0.532246	-0.84659	0	None	None
ChainingRodShaped	854	4.40732	0.5	-22.6242	62.0437	0	0.0635339	-0.99798	0	None	None
ChainingRodShaped	1168	4.08028	0.5	-17.7149	68.1863	0	-0.465039	-0.88529	0	None	None
ChainingRodShaped	950	4.42786	0.5	-57.8899	-30.7564	0	0.728346	-0.685209	0	951	1723
ChainingRodShaped	990	4.71288	0.5	-92.7473	-120.598	0	-0.781142	-0.624353	0	991	1325
ChainingRodShaped	1972	2.00677	0.5	-5.95475	24.7273	0	-0.329493	-0.944158	0	None	None
ChainingRodShaped	1768	2.73247	0.5	-6.81096	36.2068	0	-0.93936	-0.342934	0	None	None
ChainingRodShaped	1448	3.60798	0.5	-36.6428	37.643	0	0.631465	-0.775404	0	None	None
ChainingRodShaped	1064	4.65751	0.5	17.7119	38.572	0	0.995338	-0.096447	0	None	None
ChainingRodShaped	1588	2.61384	0.5	7.83685	24.0874	0	-0.995523	0.094519	0	None	None
ChainingRodShaped	984	4.50207	0.5	-43.7631	-65.9437	0	-0.0865976	-0.996243	0	985	1581
ChainingRodShaped	1076	3.59979	0.5	2.22504	67.5395	0	-0.387377	-0.921921	0	None	None
ChainingRodShaped	1272	3.11432	0.5	-23.34	30.0027	0	0.351093	-0.936341	0	None	None
ChainingRodShaped	1312	3.40084	0.5	-10.9009	23.678	0	0.221119	-0.975247	0	None	None
ChainingRodShaped	1416	2.75433	0.5	19.6909	41.1875	0	-0.848196	-0.529682	0	None	None
ChainingRodShaped	1334	3.6525	0.5	-38.9408	49.3374	0	-0.925368	0.37907	0	None	None
ChainingRodShaped	1502	3.86968	0.5	-30.5906	42.2704	0	-0.982612	0.185671	0	None	None
ChainingRodShaped	1554	3.13214	0.5	15.6372	51.9179	0	0.254378	-0.967105	0	None	None
ChainingRodShaped	1650	2.65994	0.5	-13.3569	50.8582	0	-0.259484	-0.965747	0	None	None
ChainingRodShaped	1520	3.57702	0.5	9.08779	19.3736	0	-0.503038	-0.864264	0	None	None
ChainingRodShaped	1008	4.54118	0.5	6.52952	26.1491	0	-0.995418	0.0956142	0	None	None
ChainingRodShaped	1644	3.36485	0.5	18.7108	61.6001	0	0.805635	-0.592412	0	None	None
ChainingRodShaped	1656	3.19439	0.5	-17.2975	50.5114	0	-0.643496	-0.76545	0	None	None
ChainingRodShaped	1868	2.29277	0.5	-1.53977	38.1256	0	0.138704	-0.990334	0	None	None
ChainingRodShaped	1606	2.7433	0.5	-4.87917	60.364	0	-0.953995	-0.299822	0	None	None
ChainingRodShaped	974	4.2808	0.5	-15.2101	27.72	0	-0.973471	-0.228812	0	None	None
ChainingRodShaped	1414	3.51783	0.5	28.5546	138.517	0	-0.933734	-0.357968	0	1415	578
ChainingRodShaped	1842	2.23786	0.5	-8.32964	70.4501	0	0.24969	-0.968326	0	None	None
ChainingRodShaped	1492	3.65509	0.5	-22.5135	66.2165	0	0.380639	-0.924724	0	None	None
ChainingRodShaped	1430	4.15279	0.5	-1.96164	74.2521	0	0.880054	-0.474874	0	None	None
ChainingRodShaped	1672	2.98706	0.5	-33.3866	43.0196	0	-0.693323	-0.720627	0	None	None
ChainingRodShaped	1282	3.47402	0.5	-17.0831	21.5327	0	0.757823	-0.65246	0	None	None
ChainingRodShaped	1698	2.66674	0.5	16.4993	134.156	0	-0.93897	-0.343999	0	1699	1541
ChainingRodShaped	1368	2.9031	0.5	-26.7129	45.5494	0	0.522796	-0.852458	0	None	None
ChainingRodShaped	1830	2.47787	0.5	-15.91	47.8656	0	-0.176807	-0.984245	0	None	None
ChainingRodShaped	1590	3.57361	0.5	-1.55826	66.2832	0	-0.457512	-0.889203	0	None	None
ChainingRodShaped	1428	2.95217	0.5	-34.9213	44.2996	0	-0.744989	-0.667077	0	None	None
ChainingRodShaped	1464	2.51942	0.5	-12.7549	111.244	0	-0.388282	-0.921541	0	1465	1955
ChainingRodShaped	918	4.5701	0.5	-6.54009	71.176	0	0.238008	-0.971263	0	None	None
ChainingRodShaped	1210	4.47116	0.5	-3.42802	78.9031	0	0.769037	-0.639204	0	None	None
ChainingRodShaped	1002	3.71819	0.5	13.0375	50.1228	0	0.181116	-0.983462	0	None	None
ChainingRodShaped	1098	4.01013	0.5	60.3236	157.889	0	-0.743806	-0.668395	0	1099	608
ChainingRodShaped	1044	4.1965	0.5	-12.2573	76.0326	0	0.495681	-0.868505	0	None	None
ChainingRodShaped	926	4.72499	0.5	-32.8077	59.638	0	0.780411	-0.625267	0	None	None
ChainingRodShaped	1844	2.40993	0.5	-40.8738	29.1818	0	-0.821492	0.57022	0	None	None
ChainingRodShaped	1274	4.173	0.5	-10.2887	63.5431	0	-0.671653	0.740866	0	None	None
ChainingRodShaped	1962	2.03965	0.5	4.91586	53.8978	0	-0.333286	-0.942826	0	None	None
ChainingRodShaped	1960	2.04023	0.5	-25.9427	57.7202	0	0.160565	-0.987025	0	None	None
ChainingRodShaped	1808	2.62161	0.5	1.62802	56.5325	0	-0.684053	-0.729433	0	None	None
ChainingRodShaped	1928	2.1298	0.5	-24.8181	64.5334	0	0.123706	-0.992319	0	None	None
ChainingRodShaped	956	4.5618	0.5	-15.2211	38.4056	0	-0.206029	-0.978546	0	None	None
ChainingRodShaped	1804	2.52541	0.5	-30.0356	31.2136	0	0.480296	-0.877107	0	None	None
ChainingRodShaped	1952	2.07477	0.5	10.2876	57.0088	0	0.300371	-0.953823	0	None	None
ChainingRodShaped	1866	2.28307	0.5	-35.0616	54.5879	0	0.705049	-0.709158	0	None	None
ChainingRodShaped	1778	2.32334	0.5	-7.31003	11.8471	0	-0.453325	-0.891345	0	None	None
ChainingRodShaped	1192	3.45509	0.5	-25.9055	35.1153	0	0.660683	-0.750665	0	None	None
ChainingRodShaped	1356	2.92497	0.5	-29.0112	60.5609	0	-0.0150492	-0.999887	0	None	None
ChainingRodShaped	1068	4.66402	0.5	11.356	45.9676	0	-0.0376778	-0.99929	0	None	None
ChainingRodShaped	1592	2.75748	0.5	-30.5068	36.8858	0	0.476163	-0.879357	0	None	None
ChainingRodShaped	1206	3.8253	0.5	73.803	171.113	0	-0.690912	-0.722939	0	1207	1411
ChainingRodShaped	1390	3.39579	0.5	-35.1775	52.916	0	0.992007	-0.126183	0	None	None
ChainingRodShaped	1746	2.6857	0.5	9.56819	69.0061	0	-0.88201	0.471231	0	None	None
ChainingRodShaped	1750	2.74426	0.5	0.355845	49.9999	0	-0.664241	-0.747518	0	None	None
ChainingRodShaped	1616	2.91123	0.5	-19.9347	38.5548	0	-0.211979	-0.977274	0	None	None
ChainingRodShaped	1584	2.54087	0.5	-68.3617	-101.833	0	-0.788918	-0.614498	0	1585	1485
ChainingRodShaped	1664	2.56386	0.5	-12.8875	55.2488	0	-0.342859	-0.939387	0	None	None
ChainingRodShaped	1958	2.0556	0.5	12.0189	72.0664	0	0.88834	-0.459187	0	None	None
ChainingRodShaped	1090	4.73208	0.5	-25.7164	45.746	0	0.514855	-0.857278	0	None	None
ChainingRodShaped	1424	3.11238	0.5	17.8432	51.2812	0	0.263325	-0.964707	0	None	None
ChainingRodShaped	1624	2.5748	0.5	-18.6254	71.9542	0	0.0400989	-0.999196	0	None	None
ChainingRodShaped	1786	2.44912	0.5	-10.5062	46.0068	0	-0.12873	-0.99168	0	None	None
ChainingRodShaped	1814	2.43177	0.5	47.8913	51.9691	0	0.71244	-0.701733	0	1815	668
ChainingRodShaped	1630	3.26694	0.5	0.1318	42.117	0	-0.0831665	-0.996536	0	None	None
ChainingRodShaped	673	4.07022	0.5	-14.0044	101.289	0	0.115611	-0.993295	0	1954	672
ChainingRodShaped	1020	4.53103	0.5	13.9634	31.7552	0	0.915387	-0.402574	0	None	None
ChainingRodShaped	1266	3.15687	0.5	-9.01138	88.3461	0	0.594481	-0.80411	0	1267	1771
ChainingRodShaped	1308	3.2333	0.5	-83.2275	0.0611807	0	0.218605	-0.975813	0	1309	1435
ChainingRodShaped	1792	2.35097	0.5	-16.4436	37.1343	0	-0.215793	-0.976439	0	None	None
ChainingRodShaped	1864	2.3632	0.5	13.7891	37.6425	0	0.27337	-0.961909	0	None	None
ChainingRodShaped	1018	4.13896	0.5	-1.29252	23.3961	0	0.0266637	-0.999644	0	None	None
ChainingRodShaped	1232	4.83311	0.5	-15.4156	72.902	0	-0.935004	-0.354636	0	None	None
ChainingRodShaped	1902	2.16811	0.5	-79.2461	-110.077	0	-0.797774	-0.602956	0	1903	1627
ChainingRodShaped	691	4.91339	0.5	0.458073	52.7964	0	-0.725291	-0.688442	0	None	None
ChainingRodShaped	1376	3.28142	0.5	23.0679	56.0306	0	0.210093	-0.977681	0	None	None
ChainingRodShaped	695	4.89437	0.5	-21.1673	32.3823	0	-0.925183	0.379521	0	None	None
ChainingRodShaped	1066	4.13801	0.5	-23.8767	44.4772	0	0.511789	-0.859111	0	None	None
ChainingRodShaped	1820	2.55768	0.5	-27.0509	58.3103	0	0.0328203	-0.999461	0	None	None
ChainingRodShaped	1774	2.56818	0.5	-21.0075	43.0711	0	-0.04666	-0.998911	0	None	None
ChainingRodShaped	1088	3.95746	0.5	4.20582	73.9143	0	0.900292	-0.435287	0	None	None
ChainingRodShaped	1938	2.07587	0.5	-15.701	24.0992	0	0.748645	-0.662971	0	None	None
ChainingRodShaped	1122	4.49415	0.5	-6.88252	79.2096	0	0.783494	-0.621399	0	None	None
ChainingRodShaped	1690	2.88175	0.5	-9.46901	46.7564	0	-0.122819	-0.992429	0	None	None
ChainingRodShaped	1806	2.36454	0.5	-19.5432	21.0528	0	0.698172	-0.71593	0	None	None
ChainingRodShaped	1238	4.85768	0.5	-26.1472	29.5155	0	0.368084	-0.929793	0	None	None
ChainingRodShaped	1398	3.12617	0.5	-9.8279	36.3136	0	-0.982441	-0.186572	0	None	None
ChainingRodShaped	1738	2.67807	0.5	-39.4207	43.3178	0	0.45596	0.89	0	None	None
ChainingRodShaped	1188	4.30164	0.5	-37.0849	51.2207	0	-0.990848	0.134985	0	None	None
ChainingRodShaped	1176	3.86435	0.5	22.1198	51.6294	0	-0.486985	-0.87341	0	None	None
ChainingRodShaped	1108	4.98041	0.5	6.02559	51.3773	0	-0.329444	-0.944175	0	None	None
ChainingRodShaped	1450	3.30311	0.5	-10.667	29.8938	0	-0.65224	-0.758012	0	None	None
ChainingRodShaped	1202	3.5913	0.5	-19.4404	36.5629	0	-0.222582	-0.974914	0	None	None
ChainingRodShaped	1270	3.13528	0.5	14.7469	63.3984	0	-0.789955	0.613165	0	None	None
ChainingRodShaped	1362	3.56254	0.5	-3.97415	21.7116	0	-0.375714	-0.926736	0	None	None
ChainingRodShaped	1380	4.32491	0.5	18.276	45.1199	0	0.61468	-0.788777	0	None	None
ChainingRodShaped	1350	3.83072	0.5	-20.1556	16.7875	0	-0.698513	-0.715597	0	None	None
ChainingRodShaped	1920	2.12115	0.5	0.834723	66.7185	0	-0.402777	-0.915298	0	None	None
ChainingRodShaped	1318	4.74172	0.5	9.52251	34.819	0	0.20704	-0.978332	0	None	None
ChainingRodShaped	1696	2.43248	0.5	-43.9981	30.2383	0	-0.813991	0.580878	0	1697	1361
ChainingRodShaped	743	4.5666	0.5	-27.517	55.2614	0	0.951941	-0.306282	0	None	None
ChainingRodShaped	1208	4.75436	0.5	-21.3071	56.7029	0	0.364768	-0.931099	0	None	None
ChainingRodShaped	1766	2.73875	0.5	-32.6278	50.6162	0	-0.990772	0.135541	0	None	None
ChainingRodShaped	749	4.39145	0.5	3.79324	18.5016	0	-0.0562053	-0.998419	0	None	None
ChainingRodShaped	1922	2.06605	0.5	59.4215	35.1013	0	0.353961	-0.93526	0	1923	1681
ChainingRodShaped	1754	2.54034	0.5	60.0927	11.1984	0	-0.322225	-0.946663	0	1755	752
ChainingRodShaped	755	3.73864	0.5	-78.0095	-11.2385	0	0.576909	-0.816809	0	1434	1427
ChainingRodShaped	1890	2.28775	0.5	16.2931	69.7925	0	0.722543	-0.691325	0	None	None
ChainingRodShaped	1180	4.94505	0.5	-17.2502	26.2042	0	0.898455	-0.439066	0	None	None
ChainingRodShaped	1252	3.33194	0.5	4.2949	37.1462	0	0.173493	-0.984835	0	None	None
ChainingRodShaped	1288	3.1187	0.5	-13.1665	66.6097	0	-0.94328	-0.331998	0	None	None
ChainingRodShaped	1258	4.60066	0.5	-1.3989	33.0924	0	-0.652506	-0.757784	0	None	None
ChainingRodShaped	767	3.72906	0.5	-69.6345	-20.4116	0	0.743197	-0.669073	0	1426	766
ChainingRodShaped	769	4.59327	0.5	24.1923	-13.1128	0	-0.999611	0.0279012	0	1526	1711
ChainingRodShaped	771	4.52578	0.5	91.6448	190.143	0	-0.681931	-0.731416	0	None	1715
ChainingRodShaped	1278	4.52181	0.5	-9.40112	40.8099	0	-0.992632	-0.121168	0	None	None
ChainingRodShaped	1366	3.47776	0.5	-0.10321	53.5398	0	-0.729187	-0.684314	0	None	None
ChainingRodShaped	1264	4.8127	0.5	-19.7171	12.6248	0	-0.609106	-0.793089	0	None	None
ChainingRodShaped	1686	2.39686	0.5	50.1883	149.723	0	-0.824175	-0.566335	0	1687	778
ChainingRodShaped	781	4.43845	0.5	7.16895	56.887	0	-0.0701055	-0.99754	0	None	None
ChainingRodShaped	1196	4.41463	0.5	-18.1844	50.9018	0	-0.635819	-0.771838	0	None	None
ChainingRodShaped	1230	4.43998	0.5	-14.4364	43.3454	0	-0.826683	-0.562668	0	None	None
ChainingRodShaped	1218	3.87713	0.5	-17.1588	62.9692	0	-0.169761	-0.985485	0	None	None
ChainingRodShaped	1530	3.63485	0.5	-33.1806	56.9388	0	0.635032	-0.772485	0	None	None
ChainingRodShaped	791	4.95403	0.5	3.18912	29.4634	0	0.0372722	-0.999305	0	None	None
ChainingRodShaped	1674	2.7011	0.5	0.467697	16.4824	0	0.0983211	-0.995155	0	None	None
ChainingRodShaped	1326	3.22202	0.5	6.55316	35.1394	0	0.193171	-0.981165	0	None	None
ChainingRodShaped	1344	3.03611	0.5	6.79624	67.231	0	-0.874191	0.485582	0	None	None
ChainingRodShaped	1236	4.70499	0.5	8.40875	44.3737	0	-0.0613488	-0.998116	0	None	None
ChainingRodShaped	801	4.10089	0.5	41.5887	144.499	0	-0.878668	-0.477432	0	778	800
ChainingRodShaped	1234	3.72373	0.5	19.6811	33.6011	0	0.135514	-0.990775	0	None	None
ChainingRodShaped	1676	3.18189	0.5	-16.5728	60.2616	0	-0.127402	-0.991851	0	None	None
ChainingRodShaped	1838	2.19972	0.5	-57.0164	35.0342	0	-0.999994	0.003505	0	1839	806
ChainingRodShaped	1468	2.9618	0.5	1.79035	77.4984	0	-0.872557	0.488512	0	None	None
ChainingRodShaped	811	4.58892	0.5	-8.99664	24.7372	0	-0.274623	-0.961552	0	None	None
ChainingRodShaped	1668	2.52469	0.5	-6.85143	21.344	0	0.130169	-0.991492	0	None	None
ChainingRodShaped	1642	2.52214	0.5	-25.2689	18.5737	0	0.914787	-0.403937	0	None	None
ChainingRodShaped	1582	2.59187	0.5	1.30456	29.6459	0	0.0329075	-0.999458	0	None	None
ChainingRodShaped	1396	3.83333	0.5	13.3133	35.7497	0	0.272702	-0.962099	0	None	None
ChainingRodShaped	821	4.60131	0.5	-1.84108	-4.86794	0	-0.871689	0.490059	0	1046	1619
ChainingRodShaped	1776	2.38833	0.5	5.88678	72.0117	0	0.892068	-0.4519	0	None	None
ChainingRodShaped	825	4.91369	0.5	8.14395	38.6194	0	-0.0238128	-0.999716	0	None	None
ChainingRodShaped	1474	3.31104	0.5	-18.0757	63.3333	0	-0.175883	-0.984411	0	None	None
ChainingRodShaped	1562	3.20288	0.5	2.85499	63.8958	0	-0.350244	-0.936658	0	None	None
ChainingRodShaped	1516	3.73829	0.5	-4.2859	18.4476	0	-0.393486	-0.919331	0	None	None
ChainingRodShaped	833	3.72146	0.5	56.3797	3.38642	0	-0.519731	-0.85433	0	752	1663
ChainingRodShaped	1534	3.50902	0.5	-5.0269	31.7635	0	-0.676915	-0.736062	0	None	None
ChainingRodShaped	1496	3.14139	0.5	-5.31506	44.575	0	0.999432	-0.0337077	0	None	None
ChainingRodShaped	1702	2.4972	0.5	3.19607	128.007	0	-0.847695	-0.530484	0	1703	838
ChainingRodShaped	1816	2.24274	0.5	-30.9573	23.898	0	0.786469	-0.617629	0	None	None
ChainingRodShaped	1924	2.09486	0.5	-21.5328	71.9025	0	0.0412098	-0.999151	0	None	None
ChainingRodShaped	1286	3.66668	0.5	-5.71501	67.9824	0	-0.802854	-0.596175	0	None	None
ChainingRodShaped	1404	3.86081	0.5	12.7055	26.5829	0	-0.997029	0.0770216	0	None	None
ChainingRodShaped	849	4.83557	0.5	-14.5819	32.5818	0	-0.986465	-0.163972	0	None	None
ChainingRodShaped	1716	2.78964	0.5	15.252	57.0844	0	0.262425	-0.964952	0	None	None
ChainingRodShaped	1652	2.89325	0.5	-12.9063	13.555	0	0.563272	-0.826272	0	None	None
ChainingRodShaped	1692	2.80066	0.5	-20.3554	61.2163	0	-0.104527	-0.994522	0	None	None
ChainingRodShaped	857	4.31111	0.5	9.20755	22.9758	0	-0.995282	0.0970293	0	None	None
ChainingRodShaped	859	4.8851	0.5	-6.6012	32.8308	0	-0.691231	-0.722634	0	None	None
ChainingRodShaped	1800	2.43548	0.5	13.7519	28.1287	0	-0.894074	-0.447919	0	None	None
ChainingRodShaped	1486	3.83361	0.5	12.6141	58.787	0	0.352576	-0.935783	0	None	None
ChainingRodShaped	1460	3.15612	0.5	7.1833	38.3569	0	-0.00694289	-0.999976	0	None	None
ChainingRodShaped	867	4.62694	0.5	-66.2149	33.0523	0	-0.928293	-0.371849	0	806	866
ChainingRodShaped	1914	2.18646	0.5	13.2513	65.7519	0	-0.822881	0.568214	0	None	None
ChainingRodShaped	1574	2.8944	0.5	-34.555	21.8185	0	-0.717891	0.696155	0	1575	870
ChainingRodShaped	873	4.68952	0.5	-33.4541	24.7564	0	0.739492	-0.673165	0	None	None
ChainingRodShaped	1524	3.60023	0.5	-2.56639	66.4352	0	-0.462994	-0.886361	0	None	None
ChainingRodShaped	877	4.62926	0.5	-18.4426	7.00921	0	-0.7622	0.647342	0	1432	876
ChainingRodShaped	1622	2.98146	0.5	1.89414	12.3885	0	-0.975131	-0.221629	0	None	None
ChainingRodShaped	1522	3.27193	0.5	-15.731	43.5865	0	-0.82992	-0.557883	0	None	None
ChainingRodShaped	1482	3.67624	0.5	8.61032	28.8128	0	-0.998025	0.0628118	0	None	None
ChainingRodShaped	1832	2.37217	0.5	2.15994	16.4989	0	-0.515811	-0.856702	0	None	None
ChainingRodShaped	1544	3.41817	0.5	-20.4164	29.5343	0	-0.999161	-0.0409666	0	None	None
ChainingRodShaped	1560	3.13801	0.5	6.91701	25.1466	0	-0.995626	0.0934293	0	None	None
ChainingRodShaped	1364	4.29414	0.5	-11.9746	13.8982	0	0.554981	-0.831863	0	None	None
ChainingRodShaped	1406	3.82896	0.5	-19.6185	72.7896	0	0.0369875	-0.999316	0	None	None
ChainingRodShaped	1320	4.47374	0.5	-12.2128	25.6223	0	0.0251256	-0.999684	0	None	None
ChainingRodShaped	1444	3.77864	0.5	-25.6086	25.0805	0	0.941884	0.335938	0	None	None
ChainingRodShaped	1756	2.53807	0.5	-32.1372	49.5484	0	-0.988527	0.151047	0	None	None
ChainingRodShaped	901	4.02362	0.5	-22.8834	38.4498	0	-0.890373	0.455232	0	None	None
ChainingRodShaped	1384	3.94261	0.5	-12.6417	30.653	0	-0.561223	-0.827665	0	None	None
ChainingRodShaped	1374	3.16372	0.5	20.6708	48.6934	0	0.423703	-0.905801	0	None	None
ChainingRodShaped	1454	3.40376	0.5	-10.4431	37.0994	0	-0.984257	-0.176742	0	None	None
ChainingRodShaped	1386	2.86651	0.5	-35.5436	45.0166	0	-0.751621	-0.659595	0	None	None
ChainingRodShaped	911	4.05173	0.5	-28.1357	42.6672	0	-0.851001	0.525164	0	None	None
ChainingRodShaped	1798	2.36497	0.5	-12.7647	65.7521	0	-0.942159	-0.335167	0	None	None
ChainingRodShaped	1352	3.26768	0.5	-1.49955	44.5091	0	-0.54678	-0.837276	0	None	None
ChainingRodShaped	917	4.2837	0.5	-13.9973	58.2461	0	-0.232586	-0.972576	0	None	None
ChainingRodShaped	1542	3.58092	0.5	-7.7667	76.9936	0	0.98594	0.1671	0	None	None
ChainingRodShaped	921	4.43755	0.5	-5.29945	61.1932	0	-0.950945	-0.309361	0	None	None
ChainingRodShaped	1504	3.52271	0.5	-20.5853	72.5929	0	0.038783	-0.999248	0	None	None
ChainingRodShaped	1378	3.67026	0.5	8.1072	56.995	0	-0.066269	-0.997802	0	None	None
ChainingRodShaped	1564	3.30674	0.5	-34.8908	62.0931	0	-0.896071	-0.44391	0	None	None
ChainingRodShaped	1956	2.05933	0.5	-38.3858	36.2933	0	0.133452	-0.991055	0	None	None
ChainingRodShaped	931	4.35368	0.5	61.5884	24.6388	0	0.0771805	-0.997017	0	1680	1945
ChainingRodShaped	1604	3.49449	0.5	-9.4448	15.4874	0	-0.13946	-0.990228	0	None	None
ChainingRodShaped	935	4.92811	0.5	14.9368	25.1122	0	-0.533307	-0.845922	0	None	None
ChainingRodShaped	1500	3.40005	0.5	16.6712	66.8703	0	0.797347	-0.603521	0	None	None
ChainingRodShaped	939	4.99915	0.5	2.2412	30.095	0	0.031536	-0.999503	0	None	None
ChainingRodShaped	1476	2.83514	0.5	-11.7279	52.9361	0	-0.344326	-0.93885	0	None	None
ChainingRodShaped	1420	3.25945	0.5	1.31593	45.9042	0	-0.174378	-0.984679	0	None	None
ChainingRodShaped	1876	2.22708	0.5	-1.89745	11.6313	0	-0.46182	-0.886974	0	None	None
ChainingRodShaped	1462	3.84334	0.5	-0.763234	65.7252	0	-0.454771	-0.890608	0	None	None
ChainingRodShaped	1456	3.91206	0.5	4.24137	56.5355	0	-0.67816	-0.734915	0	None	None
ChainingRodShaped	951	4.46714	0.5	-61.8875	-27.1441	0	0.754872	-0.655872	0	766	950
ChainingRodShaped	1610	3.12946	0.5	-25.7618	64.1636	0	0.119805	-0.992797	0	None	None
ChainingRodShaped	1688	2.85608	0.5	12.216	49.2919	0	0.190947	-0.9816	0	None	None
ChainingRodShaped	1528	3.24627	0.5	-12.4585	39.5136	0	-0.991362	-0.131152	0	None	None
ChainingRodShaped	959	4.46399	0.5	-16.2932	28.7727	0	-0.886681	-0.462382	0	None	None
ChainingRodShaped	1536	3.06584	0.5	-25.1776	29.5973	0	0.364227	-0.93131	0	None	None
ChainingRodShaped	1682	3.01903	0.5	-5.84603	72.3486	0	0.219284	-0.975661	0	None	None
ChainingRodShaped	1852	2.37366	0.5	-11.258	8.49993	0	-0.740655	-0.671885	0	None	None
ChainingRodShaped	1568	3.26624	0.5	-4.60649	51.5083	0	-0.603661	-0.797241	0	None	None
ChainingRodShaped	969	4.66607	0.5	-2.48416	17.3869	0	0.0803957	-0.996763	0	None	None
ChainingRodShaped	1946	2.04518	0.5	-10.4945	75.9718	0	-0.0122456	-0.999925	0	None	None
ChainingRodShaped	1458	3.91447	0.5	12.1561	36.2909	0	0.27041	-0.962745	0	None	None
ChainingRodShaped	1550	3.25141	0.5	-11.708	30.3356	0	-0.569468	-0.822013	0	None	None
ChainingRodShaped	1440	2.7251	0.5	-3.91068	24.7917	0	-0.342567	-0.939493	0	None	None
ChainingRodShaped	979	3.69414	0.5	-37.5123	27.2745	0	0.748101	-0.663585	0	None	None
ChainingRodShaped	1780	2.31007	0.5	-10.7375	52.9197	0	-0.341476	-0.939891	0	None	None
ChainingRodShaped	1628	3.40956	0.5	-27.7429	43.5302	0	-0.846523	0.532353	0	None	None
ChainingRodShaped	985	4.76119	0.5	-43.6586	-60.3874	0	0.0460271	-0.99894	0	1058	984
ChainingRodShaped	1734	2.88841	0.5	1.64559	52.6499	0	-0.728063	-0.68551	0	None	None
ChainingRodShaped	989	3.68808	0.5	-23.1956	19.2867	0	0.0315398	-0.999502	0	None	None
ChainingRodShaped	991	4.61724	0.5	-88.3325	-117.093	0	-0.785427	-0.618955	0	1626	990
ChainingRodShaped	1660	2.63757	0.5	-17.0594	44.9346	0	-0.819407	-0.573213	0	None	None
ChainingRodShaped	995	3.85548	0.5	-7.28837	70.2449	0	0.244435	-0.969666	0	None	None
ChainingRodShaped	997	3.65113	0.5	-6.52526	54.0481	0	-0.707703	-0.70651	0	None	None
ChainingRodShaped	1932	2.10208	0.5	13.3006	59.6772	0	0.361037	-0.932552	0	None	None
ChainingRodShaped	1001	4.97974	0.5	-4.97314	121.65	0	-0.731255	-0.682104	0	838	1000
ChainingRodShaped	1003	4.99872	0.5	14.1725	53.6594	0	0.260818	-0.965388	0	None	None
ChainingRodShaped	1005	3.74553	0.5	-24.1839	69.9307	0	-0.943948	-0.330093	0	None	None
ChainingRodShaped	1007	4.61377	0.5	29.0523	65.1372	0	0.86812	-0.496355	0	1322	1006
ChainingRodShaped	1009	3.83214	0.5	11.6753	25.6856	0	-0.996826	0.0796123	0	None	None
ChainingRodShaped	1878	2.3481	0.5	-39.8381	46.8142	0	-0.875068	-0.483999	0	None	None
ChainingRodShaped	1013	3.90547	0.5	4.60179	70.5436	0	-0.893252	0.449556	0	None	None
ChainingRodShaped	1015	4.4036	0.5	-23.6166	62.3	0	0.0735106	-0.997294	0	None	None
ChainingRodShaped	1884	2.13338	0.5	10.481	61.3164	0	0.46434	-0.885657	0	None	None
ChainingRodShaped	1019	4.15488	0.5	-0.451596	26.1985	0	0.0492118	-0.998788	0	None	None
ChainingRodShaped	1021	4.85946	0.5	10.4042	35.1521	0	0.215434	-0.976518	0	None	None
ChainingRodShaped	1023	4.62521	0.5	3.66821	46.3849	0	-0.681186	-0.732111	0	None	None
ChainingRodShaped	1654	2.54881	0.5	-25.7665	55.6926	0	0.952956	-0.30311	0	None	None
ChainingRodShaped	1027	3.78214	0.5	-1.36162	53.6495	0	-0.732371	-0.680905	0	None	None
ChainingRodShaped	1684	3.03932	0.5	-28.3188	29.8536	0	0.364921	-0.931039	0	None	None
ChainingRodShaped	1031	3.74025	0.5	-27.0677	65.9343	0	0.180692	-0.98354	0	None	None
ChainingRodShaped	1602	2.63347	0.5	0.349907	29.6061	0	0.0391267	-0.999234	0	None	None
ChainingRodShaped	1724	2.40459	0.5	-13.7419	42.6671	0	-0.828656	-0.559759	0	None	None
ChainingRodShaped	1037	4.33778	0.5	5.50756	43.6974	0	-0.0875763	-0.996158	0	None	None
ChainingRodShaped	1039	3.77846	0.5	20.717	54.9247	0	-0.742562	0.669777	0	None	None
ChainingRodShaped	1720	2.6048	0.5	4.22226	74.9817	0	0.897796	-0.440412	0	None	None
ChainingRodShaped	1648	3.23278	0.5	-12.5393	60.4977	0	-0.0991189	-0.995076	0	None	None
ChainingRodShaped	1940	2.04426	0.5	-11.4432	77.55	0	-0.00224363	-0.999997	0	None	None
ChainingRodShaped	1047	3.22752	0.5	7.15553	-9.2764	0	-0.926706	0.375787	0	371	1046
ChainingRodShaped	1646	3.08885	0.5	-9.10702	54.6136	0	-0.33206	-0.943258	0	None	None
ChainingRodShaped	1051	4.60506	0.5	-39.4934	37.1743	0	0.130565	-0.99144	0	None	None
ChainingRodShaped	1880	2.19972	0.5	10.7471	70.5504	0	0.885953	-0.463774	0	None	None
ChainingRodShaped	1862	2.30672	0.5	8.28839	62.6856	0	0.191413	-0.98151	0	None	None
ChainingRodShaped	1634	2.79001	0.5	-27.315	29.8905	0	0.367833	-0.929892	0	None	None
ChainingRodShaped	1059	4.34729	0.5	-45.6044	-49.5545	0	0.308452	-0.95124	0	1174	1058
ChainingRodShaped	1730	2.35743	0.5	-31.5745	56.958	0	0.796323	-0.604872	0	None	None
ChainingRodShaped	1063	3.8654	0.5	-14.4982	72.2164	0	-0.936111	-0.351705	0	None	None
ChainingRodShaped	1732	2.56303	0.5	15.988	40.8954	0	-0.497118	-0.867683	0	None	None
ChainingRodShaped	1874	2.2966	0.5	-25.0408	48.3317	0	0.0186765	-0.999826	0	None	None
ChainingRodShaped	1718	2.37272	0.5	10.986	50.3609	0	0.135365	-0.990796	0	None	None
ChainingRodShaped	1726	2.37332	0.5	18.0582	59.6605	0	-0.800207	0.599724	0	None	None
ChainingRodShaped	1073	4.05552	0.5	-74.5622	27.7098	0	-0.719764	-0.694219	0	866	1072
ChainingRodShaped	1075	3.8642	0.5	-82.7529	13.7087	0	-0.261415	-0.965227	0	435	1074
ChainingRodShaped	1077	4.3028	0.5	3.00552	66.9775	0	-0.378433	-0.925629	0	None	None
ChainingRodShaped	1079	3.41174	0.5	41.1687	-9.86241	0	-0.911383	-0.411559	0	1336	1078
ChainingRodShaped	1740	2.77128	0.5	-5.37513	11.342	0	-0.459522	-0.888166	0	None	None
ChainingRodShaped	1083	3.59526	0.5	-28.1061	18.728	0	0.836849	-0.547434	0	None	None
ChainingRodShaped	1085	4.86693	0.5	15.1274	43.6435	0	-0.0242786	-0.999705	0	None	None
ChainingRodShaped	1087	4.89115	0.5	0.378828	62.65	0	-0.34358	-0.939123	0	None	None
ChainingRodShaped	1089	4.47559	0.5	-0.936977	75.8263	0	0.872863	-0.487966	0	None	None
ChainingRodShaped	1091	4.72308	0.5	-26.0099	50.407	0	0.0295984	-0.999562	0	None	None
ChainingRodShaped	1093	3.78799	0.5	-14.1725	51.3426	0	-0.269112	-0.963109	0	None	None
ChainingRodShaped	1095	3.10126	0.5	-54.1557	-88.7832	0	-0.655891	-0.754856	0	1612	1094
ChainingRodShaped	1097	3.60682	0.5	-2.26799	46.8198	0	-0.602948	-0.79778	0	None	None
ChainingRodShaped	1099	4.80231	0.5	64.2456	161.526	0	-0.724224	-0.689564	0	1410	1098
ChainingRodShaped	1764	2.70656	0.5	3.99035	61.5023	0	-0.360848	-0.932625	0	None	None
ChainingRodShaped	1103	4.98111	0.5	-15.0301	17.1086	0	-0.048261	-0.998835	0	None	None
ChainingRodShaped	1105	3.86062	0.5	22.5393	45.9686	0	0.10559	-0.99441	0	None	None
ChainingRodShaped	1860	2.15875	0.5	-35.6063	24.1692	0	0.725897	-0.687803	0	None	None
ChainingRodShaped	1892	2.12638	0.5	6.6245	50.2081	0	-0.327273	-0.94493	0	None	None
ChainingRodShaped	1894	2.15231	0.5	-24.358	38.1491	0	-0.885779	0.464108	0	None	None
ChainingRodShaped	1113	3.99333	0.5	-0.843445	81.1843	0	0.852719	-0.52237	0	1770	1112
ChainingRodShaped	1910	2.15901	0.5	-16.1052	15.2023	0	-0.051537	-0.998671	0	None	None
ChainingRodShaped	1117	4.02169	0.5	16.3585	64.6206	0	-0.784688	0.619891	0	None	None
ChainingRodShaped	1119	4.25039	0.5	-41.5352	36.6299	0	-0.185347	0.982673	0	None	None
ChainingRodShaped	1968	2.01391	0.5	-14.2701	54.2278	0	-0.326249	-0.945284	0	None	None
ChainingRodShaped	1123	4.24995	0.5	-6.1201	81.6841	0	0.947592	-0.319482	0	None	None
ChainingRodShaped	1125	4.74055	0.5	-30.8195	59.3	0	-0.777314	0.629113	0	None	None
ChainingRodShaped	1127	4.6385	0.5	-35.5577	56.4813	0	0.703592	-0.710605	0	None	None
ChainingRodShaped	1129	3.86524	0.5	-9.76725	72.1273	0	0.259359	-0.965781	0	None	None
ChainingRodShaped	1898	2.27696	0.5	-2.54556	44.6366	0	-0.538373	-0.842707	0	None	None
ChainingRodShaped	1133	3.86442	0.5	-24.9745	24.297	0	0.938478	0.345338	0	None	None
ChainingRodShaped	1135	4.69741	0.5	-23.1875	32.2119	0	-0.928933	0.370248	0	None	None
ChainingRodShaped	1137	3.95399	0.5	-22.5418	36.1632	0	-0.896511	0.443021	0	None	None
ChainingRodShaped	1139	4.6682	0.5	9.8961	53.0223	0	-0.0045143	-0.99999	0	None	None
ChainingRodShaped	1748	2.6894	0.5	-7.05897	52.1961	0	-0.714737	-0.699393	0	None	None
ChainingRodShaped	1143	4.6414	0.5	18.8998	41.8415	0	-0.846756	-0.531982	0	None	None
ChainingRodShaped	1145	3.67407	0.5	-6.01734	76.1904	0	0.870758	0.491713	0	None	None
ChainingRodShaped	1888	2.18824	0.5	-34.0225	56.4296	0	0.642727	-0.766095	0	None	None
ChainingRodShaped	1812	2.42681	0.5	-28.9202	64.2062	0	0.0402894	-0.999188	0	None	None
ChainingRodShaped	1151	4.41208	0.5	-11.688	62.8184	0	0.411058	-0.911609	0	None	None
ChainingRodShaped	1153	4.41594	0.5	1.40437	40.9778	0	-0.538503	-0.842624	0	None	None
ChainingRodShaped	1155	4.33231	0.5	13.2364	73.6403	0	0.889116	-0.457683	0	479	1154
ChainingRodShaped	1157	3.52038	0.5	53.6496	45.2695	0	0.592047	-0.805903	0	668	1156
ChainingRodShaped	1159	4.26203	0.5	-36.7066	41.0399	0	0.12401	-0.992281	0	None	None
ChainingRodShaped	1926	2.08461	0.5	-21.2586	18.1624	0	0.0402357	-0.99919	0	None	None
ChainingRodShaped	1163	4.37244	0.5	14.2068	49.0199	0	0.173172	-0.984892	0	None	None
ChainingRodShaped	1165	4.73241	0.5	-2.22908	29.2218	0	-0.648724	-0.761024	0	None	None
ChainingRodShaped	1167	3.9357	0.5	-35.9326	35.367	0	0.773504	-0.633792	0	None	None
ChainingRodShaped	1840	2.38353	0.5	-14.9316	71.0214	0	-0.937578	-0.347774	0	None	None
ChainingRodShaped	1171	4.50656	0.5	13.2402	45.0891	0	-0.0368722	-0.99932	0	None	None
ChainingRodShaped	1818	2.51986	0.5	-13.5813	37.0237	0	-0.865969	-0.500098	0	None	None
ChainingRodShaped	1175	4.47974	0.5	-50.0076	-40.175	0	0.529075	-0.848575	0	1722	1174
ChainingRodShaped	1822	2.21766	0.5	20.6073	53.1325	0	0.43901	-0.898482	0	None	None
ChainingRodShaped	1900	2.14512	0.5	-30.8766	45.4648	0	-0.736825	-0.676084	0	None	None
ChainingRodShaped	1918	2.10184	0.5	-17.8736	28.9745	0	0.891264	0.453484	0	None	None
ChainingRodShaped	1183	4.20466	0.5	-2.31271	30.5876	0	-0.649132	-0.760675	0	None	None
ChainingRodShaped	1185	4.6814	0.5	-16.5482	56.1583	0	-0.302452	-0.953165	0	None	None
ChainingRodShaped	1187	4.48823	0.5	-34.2968	38.9558	0	0.270809	-0.962633	0	None	None
ChainingRodShaped	1189	4.66047	0.5	-33.7897	51.757	0	-0.991143	0.132798	0	None	None
ChainingRodShaped	1870	2.33688	0.5	-37.1845	31.3638	0	0.828528	-0.559948	0	None	None
ChainingRodShaped	1828	2.36232	0.5	-27.9597	36.1889	0	0.46871	-0.883352	0	None	None
ChainingRodShaped	1195	4.40133	0.5	3.20316	62.1072	0	-0.351501	-0.936187	0	None	None
ChainingRodShaped	1197	4.54446	0.5	-15.7497	55.6731	0	-0.307302	-0.951612	0	None	None
ChainingRodShaped	1966	2.0189	0.5	-34.894	30.0196	0	-0.97307	-0.230508	0	None	None
ChainingRodShaped	1201	3.91002	0.5	-8.75899	43.849	0	-0.0478915	-0.998853	0	None	None
ChainingRodShaped	1203	4.15881	0.5	-18.4146	41.2208	0	-0.202533	-0.979275	0	None	None
ChainingRodShaped	1205	4.65126	0.5	3.33392	41.0042	0	-0.123401	-0.992357	0	None	None
ChainingRodShaped	1207	3.83478	0.5	77.1039	174.59	0	-0.686141	-0.727468	0	1214	1206
ChainingRodShaped	1209	3.29202	0.5	-20.9357	58.304	0	0.356836	-0.934167	0	None	None
ChainingRodShaped	1854	2.27767	0.5	-4.36462	78.4204	0	0.767801	-0.640688	0	None	None
ChainingRodShaped	1213	3.96822	0.5	-2.33898	33.3673	0	-0.660037	-0.751233	0	None	None
ChainingRodShaped	1215	3.08409	0.5	83.5658	181.481	0	-0.682517	-0.730869	0	1714	1214
ChainingRodShaped	1217	3.98123	0.5	-20.985	34.3632	0	-0.903566	0.428449	0	None	None
ChainingRodShaped	1219	3.64916	0.5	-15.9368	67.4646	0	-0.461445	-0.887169	0	None	None
ChainingRodShaped	1221	4.51699	0.5	-0.2697	20.8962	0	0.0189229	-0.999821	0	None	None
ChainingRodShaped	1223	3.98262	0.5	21.3086	33.5449	0	-0.199776	-0.979842	0	None	None
ChainingRodShaped	1225	3.26407	0.5	4.48099	23.77	0	0.0697304	-0.997566	0	None	None
ChainingRodShaped	1227	3.46475	0.5	-22.0914	27.56	0	0.998408	0.0563987	0	None	None
ChainingRodShaped	1229	3.26139	0.5	-32.4294	40.3782	0	0.446386	-0.894841	0	None	None
ChainingRodShaped	1908	2.10394	0.5	-13.2212	46.3478	0	-0.118806	-0.992917	0	None	None
ChainingRodShaped	1233	4.04991	0.5	-12.9106	75.2456	0	0.498431	-0.866929	0	None	None
ChainingRodShaped	1235	4.69997	0.5	17.3724	36.6302	0	0.995755	-0.0920388	0	None	None
ChainingRodShaped	1237	3.51645	0.5	8.1872	49.4113	0	0.152673	-0.988277	0	None	None
ChainingRodShaped	1964	2.03464	0.5	-27.6872	33.6396	0	0.458734	-0.888574	0	None	None
ChainingRodShaped	1241	4.56606	0.5	18.472	52.672	0	0.268492	-0.963282	0	None	None
ChainingRodShaped	1243	3.90072	0.5	-33.3691	31.3844	0	-0.97142	-0.237368	0	None	None
ChainingRodShaped	1245	3.61618	0.5	-5.7366	17.5059	0	-0.394434	-0.918924	0	None	None
ChainingRodShaped	1247	3.26678	0.5	10.8372	73.7794	0	0.88822	-0.459418	0	None	None
ChainingRodShaped	1249	4.73612	0.5	-20.1094	67.7069	0	-0.462046	-0.886856	0	None	None
ChainingRodShaped	1251	4.0346	0.5	-0.496976	62.9551	0	-0.3444	-0.938823	0	None	None
ChainingRodShaped	1253	4.00178	0.5	4.39113	41.7055	0	-0.0975404	-0.995232	0	None	None
ChainingRodShaped	1255	3.43765	0.5	9.12538	49.5221	0	0.150923	-0.988546	0	None	None
ChainingRodShaped	1934	2.13151	0.5	21.0491	65.8951	0	0.716463	-0.697625	0	None	None
ChainingRodShaped	1259	3.38196	0.5	2.08637	36.5061	0	-0.661192	-0.750217	0	None	None
ChainingRodShaped	1261	3.58197	0.5	10.1994	40.9944	0	0.00863107	-0.999963	0	None	None
ChainingRodShaped	1263	4.12758	0.5	5.73205	75.3184	0	0.893347	-0.449368	0	None	None
ChainingRodShaped	1265	4.9443	0.5	-18.5679	15.6092	0	-0.676719	-0.736242	0	None	None
ChainingRodShaped	1267	3.56445	0.5	-11.2456	91.9966	0	0.452407	-0.891811	0	672	1266
ChainingRodShaped	1269	4.11656	0.5	5.56859	17.1595	0	0.381875	-0.924214	0	None	None
ChainingRodShaped	1271	3.37349	0.5	18.1151	60.8356	0	-0.802307	0.596912	0	None	None
ChainingRodShaped	1273	3.47494	0.5	-20.7001	30.4494	0	-0.99936	-0.0357668	0	None	None
ChainingRodShaped	1936	2.07334	0.5	-6.96089	62.6437	0	-0.945603	-0.325323	0	None	None
ChainingRodShaped	1277	4.69245	0.5	-8.52725	19.7012	0	0.130212	-0.991486	0	None	None
ChainingRodShaped	1279	4.32741	0.5	-7.84504	44.0545	0	-0.0379003	-0.999282	0	None	None
ChainingRodShaped	1281	2.95343	0.5	-102.562	-128.532	0	-0.774943	-0.632031	0	1324	1280
ChainingRodShaped	1283	4.38418	0.5	-20.5716	24.9787	0	0.683713	-0.729751	0	None	None
ChainingRodShaped	1285	3.48051	0.5	-18.3823	45.1201	0	-0.813651	-0.581354	0	None	None
ChainingRodShaped	1287	4.38206	0.5	-4.85137	72.1887	0	0.20951	-0.977806	0	None	None
ChainingRodShaped	1289	3.18668	0.5	-9.53915	65.7383	0	-0.804027	0.594593	0	None	None
ChainingRodShaped	1291	3.85178	0.5	18.6039	28.7837	0	-0.306982	-0.951715	0	None	None
ChainingRodShaped	1293	4.01855	0.5	-17.6189	55.8173	0	-0.297469	-0.954732	0	None	None
ChainingRodShaped	1295	3.68282	0.5	-9.80772	67.1117	0	-0.806266	0.591554	0	None	None
ChainingRodShaped	1297	4.73891	0.5	-1.58283	18.1547	0	0.0784031	-0.996922	0	None	None
ChainingRodShaped	1299	3.70055	0.5	-2.76453	68.1379	0	-0.454111	-0.890945	0	None	None
ChainingRodShaped	1301	4.59881	0.5	-19.3506	25.0333	0	0.690977	-0.722876	0	None	None
ChainingRodShaped	1303	4.78006	0.5	1.05994	61.8042	0	-0.343819	-0.939036	0	None	None
ChainingRodShaped	1305	3.92219	0.5	-7.91764	22.0205	0	0.140129	-0.990133	0	None	None
ChainingRodShaped	1307	3.92577	0.5	38.518	59.3509	0	0.832282	-0.554352	0	1006	1306
ChainingRodShaped	1309	2.72584	0.5	-83.805	3.93928	0	0.0649387	-0.997889	0	1074	1308
ChainingRodShaped	1311	4.53705	0.5	9.4308	27.8083	0	-0.997347	0.0727903	0	None	None
ChainingRodShaped	1313	3.31962	0.5	-10.1889	27.547	0	-0.652463	-0.757821	0	None	None
ChainingRodShaped	1315	4.09178	0.5	-3.67359	71.2206	0	0.199724	-0.979852	0	None	None
ChainingRodShaped	1317	4.5007	0.5	2.74366	78.0401	0	-0.875538	0.483148	0	None	None
ChainingRodShaped	1319	4.14035	0.5	9.16772	40.1701	0	-0.0315848	-0.999501	0	None	None
ChainingRodShaped	1321	3.5293	0.5	-10.1411	29.053	0	-0.654663	-0.755921	0	None	None
ChainingRodShaped	1323	3.28295	0.5	21.1963	69.4763	0	0.882211	-0.470855	0	1154	1322
ChainingRodShaped	1325	3.09797	0.5	-96.5553	-123.654	0	-0.77807	-0.628177	0	990	1324
ChainingRodShaped	1327	4.35141	0.5	6.19708	39.8526	0	-0.0573608	-0.998354	0	None	None
ChainingRodShaped	1329	4.23243	0.5	-40.3924	36.4361	0	-0.12639	0.991981	0	None	None
ChainingRodShaped	1331	3.119	0.5	-3.15359	56.3395	0	-0.974735	0.223364	0	None	None
ChainingRodShaped	1333	4.62727	0.5	-24.576	71.1013	0	-0.890071	-0.455821	0	None	None
ChainingRodShaped	1335	4.68365	0.5	-34.1118	48.8612	0	-0.989987	0.141156	0	None	None
ChainingRodShaped	1337	3.12612	0.5	48.8656	-5.21683	0	-0.786046	-0.618168	0	1662	1336
ChainingRodShaped	1339	3.74777	0.5	7.95525	31.2514	0	-0.693068	0.720872	0	None	None
ChainingRodShaped	1341	3.84188	0.5	-4.02512	36.2214	0	-0.860343	-0.509716	0	None	None
ChainingRodShaped	1343	4.39616	0.5	-36.6032	46.6887	0	-0.800551	-0.599264	0	None	None
ChainingRodShaped	1345	3.92283	0.5	10.6865	65.0852	0	-0.85595	0.517059	0	None	None
ChainingRodShaped	1347	4.50285	0.5	5.72516	64.9066	0	0.283857	-0.958867	0	None	None
ChainingRodShaped	1349	4.49159	0.5	2.80861	14.9348	0	0.932959	0.359984	0	None	None
ChainingRodShaped	1351	3.93398	0.5	-18.5175	19.2702	0	-0.935384	-0.353633	0	None	None
ChainingRodShaped	1353	3.79857	0.5	0.870886	48.1943	0	-0.353804	-0.935319	0	None	None
ChainingRodShaped	1355	3.77294	0.5	-21.5114	53.4691	0	0.121883	-0.992545	0	None	None
ChainingRodShaped	1357	3.34027	0.5	-28.1847	66.5996	0	0.181029	-0.983478	0	None	None
ChainingRodShaped	1359	3.26427	0.5	1.39755	59.9812	0	-0.343281	-0.939233	0	None	None
ChainingRodShaped	1361	3.08092	0.5	-47.1345	32.1912	0	-0.876012	0.482289	0	1696	1360
ChainingRodShaped	1363	3.35609	0.5	-2.27704	25.7738	0	-0.491389	-0.87094	0	None	None
ChainingRodShaped	1365	3.04619	0.5	-12.1635	17.8271	0	-0.645307	-0.763924	0	None	None
ChainingRodShaped	1367	3.98912	0.5	3.25461	56.8575	0	-0.681496	-0.731822	0	None	None
ChainingRodShaped	1369	3.37559	0.5	-26.9244	50.4363	0	0.0368568	-0.999321	0	None	None
ChainingRodShaped	1371	3.35966	0.5	-13.1489	25.5105	0	0.0351212	-0.999383	0	None	None
ChainingRodShaped	1373	4.08672	0.5	20.7861	56.1777	0	-0.745281	0.66675	0	None	None
ChainingRodShaped	1375	3.28745	0.5	19.8673	52.3906	0	0.437592	-0.899174	0	None	None
ChainingRodShaped	1377	2.84985	0.5	21.6427	58.9051	0	-0.972248	0.233951	0	None	None
ChainingRodShaped	1379	4.40571	0.5	7.43022	62.0732	0	0.186029	-0.982544	0	None	None
ChainingRodShaped	1381	3.05373	0.5	15.749	48.997	0	0.518483	-0.855088	0	None	None
ChainingRodShaped	1383	4.22001	0.5	-3.53223	34.774	0	-0.680872	-0.732402	0	None	None
ChainingRodShaped	1385	3.03714	0.5	-10.1897	34.3934	0	-0.716024	-0.698076	0	None	None
ChainingRodShaped	1387	4.46946	0.5	-31.5002	47.4974	0	-0.7476	-0.66415	0	None	None
ChainingRodShaped	1389	4.00555	0.5	19.3432	65.1535	0	0.34618	-0.938168	0	None	None
ChainingRodShaped	1391	3.7146	0.5	-37.1468	55.2741	0	0.713955	-0.700191	0	None	None
ChainingRodShaped	1393	4.07917	0.5	16.4179	35.5775	0	0.999949	-0.0101336	0	None	None
ChainingRodShaped	1395	3.58016	0.5	-14.7816	9.00132	0	-0.923908	-0.382615	0	None	None
ChainingRodShaped	1397	2.96548	0.5	12.3148	39.9821	0	0.139663	-0.990199	0	None	None
ChainingRodShaped	1399	2.86881	0.5	-6.07368	37.4897	0	-0.951645	-0.307201	0	None	None
ChainingRodShaped	1401	3.29692	0.5	-33.1595	39.6601	0	0.445278	-0.895392	0	None	None
ChainingRodShaped	1403	3.26421	0.5	-3.07968	50.4003	0	-0.614516	-0.788904	0	None	None
ChainingRodShaped	1405	3.53184	0.5	16.0781	28.2202	0	-0.88955	-0.456837	0	None	None
ChainingRodShaped	1407	3.04074	0.5	-17.3964	75.5595	0	-0.854024	-0.520234	0	None	None
ChainingRodShaped	1409	3.62967	0.5	-15.8741	22.99	0	0.748196	-0.663478	0	None	None
ChainingRodShaped	1411	3.41204	0.5	70.6268	167.823	0	-0.698702	-0.715413	0	1206	1410
ChainingRodShaped	1413	3.13356	0.5	-22.7123	57.6933	0	0.3566	-0.934257	0	None	None
ChainingRodShaped	1415	3.20708	0.5	32.5352	140.122	0	-0.920185	-0.391484	0	800	1414
ChainingRodShaped	1417	3.85346	0.5	21.7113	44.3803	0	0.101365	-0.994849	0	None	None
ChainingRodShaped	1419	3.79661	0.5	11.1091	65.9297	0	-0.857635	0.514259	0	None	None
ChainingRodShaped	1421	3.00899	0.5	2.4552	49.8255	0	-0.319869	-0.947462	0	None	None
ChainingRodShaped	1423	3.04485	0.5	2.46727	72.5743	0	0.93485	-0.355042	0	None	None
ChainingRodShaped	1425	3.81223	0.5	16.6694	55.5797	0	0.258847	-0.965918	0	None	None
ChainingRodShaped	1427	2.91001	0.5	-75.3994	-14.6153	0	0.651724	-0.758456	0	755	1426
ChainingRodShaped	1429	4.00596	0.5	-30.278	47.3056	0	-0.74355	-0.668681	0	None	None
ChainingRodShaped	1431	3.9132	0.5	-5.6808	75.2798	0	0.867561	0.497331	0	None	None
ChainingRodShaped	1433	3.38726	0.5	-11.6054	1.50343	0	-0.799006	0.601323	0	1618	1432
ChainingRodShaped	1435	2.97556	0.5	-82.0673	-3.81447	0	0.357604	-0.933873	0	1308	1434
ChainingRodShaped	1437	3.21393	0.5	-4.09757	16.4188	0	-0.384342	-0.923191	0	None	None
ChainingRodShaped	1439	3.62684	0.5	-0.731142	43.9534	0	-0.551241	-0.834346	0	None	None
ChainingRodShaped	1441	3.60633	0.5	-1.78671	28.2944	0	-0.64676	-0.762694	0	None	None
ChainingRodShaped	1443	3.18274	0.5	11.9059	57.9849	0	0.348721	-0.937226	0	None	None
ChainingRodShaped	1445	3.35027	0.5	-29.2576	24.2567	0	0.904919	-0.425584	0	None	None
ChainingRodShaped	1447	3.19885	0.5	6.12357	22.8671	0	0.445413	-0.895325	0	None	None
ChainingRodShaped	1449	3.97753	0.5	-37.7835	41.9676	0	0.114081	-0.993471	0	None	None
ChainingRodShaped	1451	3.75632	0.5	-7.55973	33.1224	0	-0.698424	-0.715684	0	None	None
ChainingRodShaped	1453	3.81253	0.5	-39.2091	52.698	0	-0.830121	-0.557584	0	None	None
ChainingRodShaped	1455	3.56552	0.5	-6.22753	38.3868	0	-0.954674	-0.297654	0	None	None
ChainingRodShaped	1457	3.33221	0.5	6.42343	60.1317	0	-0.0367738	-0.999324	0	None	None
ChainingRodShaped	1459	3.67838	0.5	11.1699	40.876	0	0.0186309	-0.999826	0	None	None
ChainingRodShaped	1461	3.36656	0.5	7.33252	42.5818	0	-0.0655295	-0.997851	0	None	None
ChainingRodShaped	1463	3.74778	0.5	1.21123	70.0327	0	-0.376887	-0.926259	0	None	None
ChainingRodShaped	1465	2.99283	0.5	-11.0451	114.516	0	-0.52602	-0.850472	0	1000	1464
ChainingRodShaped	1467	3.27558	0.5	1.4682	25.7572	0	0.0553528	-0.998467	0	None	None
ChainingRodShaped	1469	3.28963	0.5	7.04221	75.7324	0	-0.890527	0.45493	0	None	None
ChainingRodShaped	1471	3.249	0.5	-32.0856	29.7206	0	-0.970086	-0.24276	0	None	None
ChainingRodShaped	1473	2.8327	0.5	16.2423	53.4278	0	0.257852	-0.966184	0	None	None
ChainingRodShaped	1475	3.91156	0.5	-16.9035	67.6748	0	-0.463287	-0.886208	0	None	None
ChainingRodShaped	1477	3.86509	0.5	-10.3097	56.9945	0	-0.296111	-0.955154	0	None	None
ChainingRodShaped	1479	2.92191	0.5	-6.45841	41.896	0	0.327633	-0.944805	0	None	None
ChainingRodShaped	1481	2.98581	0.5	-11.3787	49.4484	0	0.155851	-0.987781	0	None	None
ChainingRodShaped	1483	3.07165	0.5	12.8773	29.0659	0	-0.959109	-0.283035	0	None	None
ChainingRodShaped	1485	2.62478	0.5	-71.161	-103.986	0	-0.796154	-0.605093	0	1584	1484
ChainingRodShaped	1487	3.45958	0.5	10.6959	62.9529	0	0.473171	-0.880971	0	None	None
ChainingRodShaped	1489	2.82265	0.5	-3.61708	62.8134	0	-0.937358	-0.348367	0	None	None
ChainingRodShaped	1491	2.98458	0.5	-22.019	25.1521	0	0.677865	-0.735186	0	None	None
ChainingRodShaped	1493	3.72372	0.5	-20.8404	68.3656	0	-0.461214	-0.887289	0	None	None
ChainingRodShaped	1495	3.73951	0.5	-13.6451	8.33908	0	-0.895063	-0.445939	0	None	None
ChainingRodShaped	1497	3.54688	0.5	-7.416	48.8197	0	0.00398627	-0.999992	0	None	None
ChainingRodShaped	1499	2.71986	0.5	-17.6411	40.4298	0	-0.211994	-0.977271	0	None	None
ChainingRodShaped	1501	2.67401	0.5	13.7481	69.5689	0	0.621813	-0.783166	0	None	None
ChainingRodShaped	1503	2.90752	0.5	-26.6828	40.6285	0	-0.848462	0.529257	0	None	None
ChainingRodShaped	1505	3.6182	0.5	-18.8159	76.1504	0	-0.917505	-0.397725	0	None	None
ChainingRodShaped	1507	3.31825	0.5	-27.5505	22.5145	0	0.968058	-0.250727	0	None	None
ChainingRodShaped	1509	2.94834	0.5	7.74629	34.0029	0	0.199452	-0.979908	0	None	None
ChainingRodShaped	1511	2.65647	0.5	-19.0457	48.2914	0	-0.995672	-0.0929344	0	None	None
ChainingRodShaped	1513	3.78895	0.5	-17.9688	58.2403	0	-0.227277	-0.97383	0	None	None
ChainingRodShaped	1515	2.77594	0.5	-9.26042	67.8827	0	-0.80264	0.596464	0	None	None
ChainingRodShaped	1517	3.31425	0.5	-2.48135	22.3145	0	-0.149928	-0.988697	0	None	None
ChainingRodShaped	1519	3.25461	0.5	8.1885	26.9523	0	-0.996569	0.0827608	0	None	None
ChainingRodShaped	1521	3.35842	0.5	10.4367	21.8673	0	-0.995388	0.0959319	0	None	None
ChainingRodShaped	1523	3.26108	0.5	-14.0703	47.0565	0	-0.10891	-0.994052	0	None	None
ChainingRodShaped	1525	2.79657	0.5	-0.788092	70.1236	0	-0.358304	-0.933605	0	None	None
ChainingRodShaped	1527	2.80371	0.5	32.9074	-12.513	0	-0.981945	-0.189166	0	1078	1526
ChainingRodShaped	1529	3.05968	0.5	-8.39145	40.0213	0	-0.993796	-0.111223	0	None	None
ChainingRodShaped	1531	2.96413	0.5	-36.2292	59.911	0	0.750141	-0.661278	0	None	None
ChainingRodShaped	1533	3.55679	0.5	-9.01972	68.8891	0	-0.799794	0.600274	0	None	None
ChainingRodShaped	1535	3.08442	0.5	-2.16301	34.9173	0	-0.673506	-0.739182	0	None	None
ChainingRodShaped	1537	2.58697	0.5	-26.368	33.2241	0	0.230154	-0.973154	0	None	None
ChainingRodShaped	1539	2.70907	0.5	7.123	30.7487	0	-0.696724	0.71734	0	None	None
ChainingRodShaped	1541	2.92058	0.5	13.0175	132.825	0	-0.929251	-0.369449	0	1698	1540
ChainingRodShaped	1543	2.70439	0.5	-8.13292	78.9369	0	0.786493	-0.617599	0	None	None
ChainingRodShaped	1545	3.55064	0.5	-16.1886	30.4731	0	-0.989204	-0.146548	0	None	None
ChainingRodShaped	1547	2.62459	0.5	-7.76457	28.8083	0	-0.683421	-0.730025	0	None	None
ChainingRodShaped	1549	3.39745	0.5	-18.9797	63.7686	0	-0.180322	-0.983608	0	None	None
ChainingRodShaped	1551	3.21469	0.5	-9.51106	33.7404	0	-0.712608	-0.701562	0	None	None
ChainingRodShaped	1553	3.59939	0.5	-24.2402	52.5816	0	0.081417	-0.99668	0	None	None
ChainingRodShaped	1555	3.53475	0.5	14.5196	56.0911	0	0.257611	-0.966249	0	None	None
ChainingRodShaped	1557	3.33023	0.5	-29.4365	21.9954	0	0.956162	-0.292839	0	None	None
ChainingRodShaped	1559	2.99602	0.5	-11.4882	14.9139	0	0.546637	-0.83737	0	None	None
ChainingRodShaped	1561	2.918	0.5	10.9138	24.7745	0	-0.996559	0.0828808	0	None	None
ChainingRodShaped	1563	3.32298	0.5	4.34871	67.795	0	-0.381071	-0.924546	0	None	None
ChainingRodShaped	1565	3.64959	0.5	-31.4075	64.7875	0	-0.746149	-0.665779	0	None	None
ChainingRodShaped	1567	3.38348	0.5	0.714381	11.029	0	-0.991564	0.129618	0	None	None
ChainingRodShaped	1569	2.60122	0.5	-1.97548	54.3485	0	-0.728979	-0.684536	0	None	None
ChainingRodShaped	1571	3.30561	0.5	-21.3018	45.2928	0	-0.806486	-0.591254	0	None	None
ChainingRodShaped	1573	3.4449	0.5	-12.3729	34.8724	0	-0.983246	-0.182286	0	None	None
ChainingRodShaped	1575	3.08597	0.5	-31.7267	19.0788	0	-0.718853	0.695162	0	1640	1574
ChainingRodShaped	1577	3.17766	0.5	-19.3963	32.6571	0	-0.92588	0.377817	0	None	None
ChainingRodShaped	1579	2.8228	0.5	-9.84027	61.0118	0	0.410797	-0.911727	0	None	None
ChainingRodShaped	1581	2.96503	0.5	-44.4155	-70.5608	0	-0.213409	-0.976963	0	984	1580
ChainingRodShaped	1583	3.42075	0.5	1.46948	33.4281	0	-0.336854	-0.941557	0	None	None
ChainingRodShaped	1585	2.37994	0.5	-65.6928	-99.7141	0	-0.776904	-0.629619	0	1586	1584
ChainingRodShaped	1587	2.67956	0.5	-60.2385	-95.0141	0	-0.734732	-0.678358	0	1094	1586
ChainingRodShaped	1589	2.72934	0.5	11.4783	23.7469	0	-0.996202	0.0870716	0	None	None
ChainingRodShaped	1591	2.57359	0.5	0.161757	69.9599	0	-0.367599	-0.929984	0	None	None
ChainingRodShaped	1593	3.0662	0.5	-31.2458	40.1825	0	0.453748	-0.89113	0	None	None
ChainingRodShaped	1595	3.32956	0.5	-11.0823	21.0249	0	0.42088	-0.907116	0	None	None
ChainingRodShaped	1597	2.75417	0.5	12.9527	33.2376	0	0.913656	-0.406488	0	None	None
ChainingRodShaped	1599	2.55527	0.5	-23.3422	53.0799	0	0.0954852	-0.995431	0	None	None
ChainingRodShaped	1601	2.92017	0.5	-25.5361	20.8008	0	0.921933	-0.387349	0	None	None
ChainingRodShaped	1603	2.66715	0.5	0.353067	33.0339	0	-0.346236	-0.938147	0	None	None
ChainingRodShaped	1605	3.38906	0.5	-9.49127	19.859	0	0.127807	-0.991799	0	None	None
ChainingRodShaped	1607	2.55396	0.5	-1.99941	61.9768	0	-0.479194	-0.877709	0	None	None
ChainingRodShaped	1609	2.88819	0.5	-24.8193	16.0707	0	0.856152	-0.516724	0	None	None
ChainingRodShaped	1611	2.63413	0.5	-26.3983	67.8979	0	0.406148	-0.913807	0	None	None
ChainingRodShaped	1613	3.04496	0.5	-49.466	-82.4457	0	-0.52423	-0.851577	0	517	1612
ChainingRodShaped	1615	3.31424	0.5	5.52056	52.7861	0	-0.338856	-0.940838	0	None	None
ChainingRodShaped	1617	2.69934	0.5	-19.1541	42.2487	0	-0.206468	-0.978453	0	None	None
ChainingRodShaped	1619	2.49089	0.5	-5.70464	-2.59802	0	-0.846313	0.532685	0	821	1618
ChainingRodShaped	1621	3.26201	0.5	-24.2912	42.4983	0	-0.84777	0.530365	0	None	None
ChainingRodShaped	1623	2.91286	0.5	5.49085	13.8587	0	-0.932244	-0.361829	0	None	None
ChainingRodShaped	1625	3.16533	0.5	-16.7204	74.8106	0	-0.855315	-0.518108	0	None	None
ChainingRodShaped	1627	2.8135	0.5	-81.9938	-112.166	0	-0.794473	-0.607299	0	1902	1626
ChainingRodShaped	1629	3.02738	0.5	-24.1936	41.3184	0	-0.849646	0.527353	0	None	None
ChainingRodShaped	1631	3.35073	0.5	3.04866	44.0773	0	-0.923265	-0.384164	0	None	None
ChainingRodShaped	1633	3.0698	0.5	-22.5576	69.4504	0	-0.945444	-0.325784	0	None	None
ChainingRodShaped	1635	3.04983	0.5	-28.6814	33.4793	0	0.465374	-0.885114	0	None	None
ChainingRodShaped	1637	2.53217	0.5	8.71666	34.0228	0	0.203796	-0.979013	0	None	None
ChainingRodShaped	1639	2.50799	0.5	5.18701	39.3417	0	-0.0592897	-0.998241	0	None	None
ChainingRodShaped	1641	2.8609	0.5	-26.1572	13.8145	0	-0.736419	0.676526	0	876	1640
ChainingRodShaped	1643	3.27244	0.5	-28.7024	20.2793	0	0.834846	-0.550484	0	None	None
ChainingRodShaped	1645	2.76336	0.5	18.858	63.642	0	0.348852	-0.937178	0	None	None
ChainingRodShaped	1647	3.31301	0.5	-7.43189	54.4732	0	-0.700606	-0.713549	0	None	None
ChainingRodShaped	1649	3.18442	0.5	-13.4328	62.8722	0	0.0188389	-0.999823	0	None	None
ChainingRodShaped	1651	2.47013	0.5	-12.2776	54.166	0	-0.351541	-0.936173	0	None	None
ChainingRodShaped	1653	3.20401	0.5	-14.0724	17.2084	0	-0.0514052	-0.998678	0	None	None
ChainingRodShaped	1655	2.76279	0.5	-29.1823	56.8555	0	0.939997	-0.341182	0	None	None
ChainingRodShaped	1657	2.90363	0.5	-15.3465	53.9298	0	-0.316802	-0.948492	0	None	None
ChainingRodShaped	1659	2.61315	0.5	-29.833	54.9846	0	0.95353	-0.301299	0	None	None
ChainingRodShaped	1661	3.0696	0.5	-16.7384	48.5822	0	-0.186652	-0.982426	0	None	None
ChainingRodShaped	1663	2.72618	0.5	54.034	-0.0593193	0	-0.615347	-0.788256	0	833	1662
ChainingRodShaped	1665	2.8367	0.5	-11.7786	58.7171	0	-0.28142	-0.959585	0	None	None
ChainingRodShaped	1667	2.86057	0.5	14.183	44.515	0	-0.0302449	-0.999543	0	None	None
ChainingRodShaped	1669	3.0017	0.5	-7.36155	25.0082	0	0.113137	-0.993579	0	None	None
ChainingRodShaped	1671	2.87618	0.5	1.03957	76.8511	0	-0.870513	0.492146	0	None	None
ChainingRodShaped	1673	2.56227	0.5	-30.0759	44.894	0	-0.730032	-0.683413	0	None	None
ChainingRodShaped	1675	3.10435	0.5	1.08856	18.7091	0	0.241616	-0.970372	0	None	None
ChainingRodShaped	1677	3.07851	0.5	-15.9546	64.3265	0	-0.179605	-0.983739	0	None	None
ChainingRodShaped	1679	2.84755	0.5	-1.01413	49.8923	0	-0.656737	-0.754119	0	None	None
ChainingRodShaped	1681	2.32269	0.5	60.386	32.1163	0	0.263929	-0.964542	0	1922	1680
ChainingRodShaped	1683	2.8952	0.5	-8.40343	74.4402	0	0.269658	-0.962956	0	None	None
ChainingRodShaped	1685	2.59537	0.5	-30.0661	33.0638	0	0.754996	-0.655729	0	None	None
ChainingRodShaped	1687	2.68227	0.5	52.9999	151.763	0	-0.795448	-0.606022	0	608	1686
ChainingRodShaped	1689	2.98671	0.5	11.8313	53.1343	0	-0.0461584	-0.998934	0	None	None
ChainingRodShaped	1691	3.20185	0.5	-9.71585	50.6879	0	0.171727	-0.985145	0	None	None
ChainingRodShaped	1693	2.47289	0.5	-19.7903	64.7741	0	-0.177193	-0.984176	0	None	None
ChainingRodShaped	1695	2.4858	0.5	13.3146	68.5378	0	0.627845	-0.778338	0	None	None
ChainingRodShaped	1697	2.44334	0.5	-41.3359	28.157	0	-0.761057	0.648685	0	870	1696
ChainingRodShaped	1699	2.32329	0.5	19.7246	135.317	0	-0.942745	-0.333513	0	578	1698
ChainingRodShaped	1701	3.12138	0.5	22.0722	38.9099	0	-0.169246	-0.985574	0	None	None
ChainingRodShaped	1703	2.61152	0.5	6.22286	129.744	0	-0.88509	-0.465421	0	1540	1702
ChainingRodShaped	1705	2.41404	0.5	18.5088	47.582	0	0.037802	-0.999285	0	None	None
ChainingRodShaped	1707	2.65538	0.5	9.97826	60.0579	0	0.408618	-0.912705	0	None	None
ChainingRodShaped	1709	2.61178	0.5	-15.5254	13.3558	0	-0.902128	-0.431469	0	None	None
ChainingRodShaped	1711	2.5303	0.5	19.7019	-12.8153	0	-0.991944	0.126675	0	769	1710
ChainingRodShaped	1713	2.80616	0.5	-2.75574	49.2917	0	-0.622377	-0.782718	0	None	None
ChainingRodShaped	1715	2.5973	0.5	88.5413	186.814	0	-0.681952	-0.731397	0	771	1714
ChainingRodShaped	1717	2.86531	0.5	13.9461	60.6523	0	0.368475	-0.929638	0	None	None
ChainingRodShaped	1719	2.63175	0.5	10.8626	53.7941	0	-0.0128091	-0.999918	0	None	None
ChainingRodShaped	1721	3.02414	0.5	0.383729	76.1528	0	0.870523	-0.492127	0	None	None
ChainingRodShaped	1723	2.72834	0.5	-54.6895	-33.9412	0	0.678791	-0.734331	0	950	1722
ChainingRodShaped	1725	2.38626	0.5	-12.256	46.7343	0	-0.128717	-0.991681	0	None	None
ChainingRodShaped	1727	2.9301	0.5	20.8913	57.396	0	-0.745653	0.666335	0	None	None
ChainingRodShaped	1729	2.99395	0.5	-24.3344	16.9143	0	0.858897	-0.512148	0	None	None
ChainingRodShaped	1731	2.51213	0.5	-33.9747	59.3147	0	0.779922	-0.625877	0	None	None
ChainingRodShaped	1733	2.64092	0.5	17.4168	42.9654	0	-0.999152	0.041166	0	None	None
ChainingRodShaped	1735	2.37448	0.5	4.25457	55.1452	0	-0.675361	-0.737488	0	None	None
ChainingRodShaped	1737	2.49238	0.5	-24.8747	61.3237	0	-0.227041	-0.973885	0	None	None
ChainingRodShaped	1739	2.33747	0.5	-41.4707	40.5292	0	0.666744	0.745287	0	None	None
ChainingRodShaped	1741	2.51672	0.5	-3.79503	14.6034	0	-0.378682	-0.925527	0	None	None
ChainingRodShaped	1743	2.91431	0.5	-27.8653	27.436	0	-0.985022	-0.172428	0	None	None
ChainingRodShaped	1745	2.71586	0.5	-27.9096	62.6297	0	-0.0783465	-0.996926	0	None	None
ChainingRodShaped	1747	2.84345	0.5	12.8269	67.22	0	-0.846076	0.533062	0	None	None
ChainingRodShaped	1749	2.72539	0.5	-4.41594	54.6051	0	-0.74024	-0.672343	0	None	None
ChainingRodShaped	1751	2.41551	0.5	2.85096	52.4924	0	-0.721172	-0.692756	0	None	None
ChainingRodShaped	1753	2.59338	0.5	3.79961	50.8435	0	-0.31628	-0.948666	0	None	None
ChainingRodShaped	1755	2.30155	0.5	61.0151	14.4379	0	-0.22125	-0.975217	0	1944	1754
ChainingRodShaped	1757	2.66089	0.5	-29.091	49.7461	0	-0.951628	0.307252	0	None	None
ChainingRodShaped	1759	2.51809	0.5	-14.303	75.7071	0	0.491981	-0.870606	0	None	None
ChainingRodShaped	1761	2.89244	0.5	7.54386	73.3271	0	0.888804	-0.458287	0	None	None
ChainingRodShaped	1763	2.34536	0.5	5.30365	20.1491	0	0.459311	-0.888275	0	None	None
ChainingRodShaped	1765	2.36616	0.5	4.82915	64.6043	0	0.278474	-0.960444	0	None	None
ChainingRodShaped	1767	2.77414	0.5	-29.2139	50.7761	0	-0.954655	0.297715	0	None	None
ChainingRodShaped	1769	2.43905	0.5	-3.57457	37.5528	0	-0.860102	-0.510122	0	None	None
ChainingRodShaped	1771	2.27987	0.5	-6.65678	85.5689	0	0.708519	-0.705692	0	1266	1770
ChainingRodShaped	1773	2.75216	0.5	-16.8311	39.842	0	-0.218241	-0.975895	0	None	None
ChainingRodShaped	1775	2.67677	0.5	-19.1092	45.7294	0	-0.811069	-0.584951	0	None	None
ChainingRodShaped	1777	2.56065	0.5	2.7628	73.4688	0	0.931255	-0.364367	0	None	None
ChainingRodShaped	1779	2.27974	0.5	-5.85935	14.789	0	-0.411037	-0.911619	0	None	None
ChainingRodShaped	1781	2.50523	0.5	-9.58701	56.1175	0	-0.312926	-0.949777	0	None	None
ChainingRodShaped	1783	2.61014	0.5	-15.0706	63.868	0	-0.189431	-0.981894	0	None	None
ChainingRodShaped	1785	2.49326	0.5	0.501523	26.0876	0	0.0525103	-0.99862	0	None	None
ChainingRodShaped	1787	2.7579	0.5	-10.4699	49.5925	0	0.161884	-0.98681	0	None	None
ChainingRodShaped	1789	2.48089	0.5	7.50451	46.4639	0	0.0167146	-0.99986	0	None	None
ChainingRodShaped	1791	2.59443	0.5	10.2603	48.4486	0	0.141029	-0.990005	0	None	None
ChainingRodShaped	1793	2.25666	0.5	-15.7652	40.337	0	-0.214945	-0.976626	0	None	None
ChainingRodShaped	1795	2.38921	0.5	-34.5893	24.5135	0	0.732734	-0.680515	0	None	None
ChainingRodShaped	1797	2.66253	0.5	-30.4155	29.0129	0	-0.993809	-0.111099	0	None	None
ChainingRodShaped	1799	2.60923	0.5	-9.83787	64.7881	0	-0.798043	0.602601	0	None	None
ChainingRodShaped	1801	2.63805	0.5	16.8668	29.7477	0	-0.905516	-0.424312	0	None	None
ChainingRodShaped	1803	2.53109	0.5	-0.251121	72.3446	0	-0.981588	0.19101	0	None	None
ChainingRodShaped	1805	2.42833	0.5	-33.1024	33.6701	0	0.465117	-0.885249	0	None	None
ChainingRodShaped	1807	2.26196	0.5	-21.756	23.4438	0	0.676743	-0.73622	0	None	None
ChainingRodShaped	1809	2.31781	0.5	3.85699	59.108	0	-0.567503	-0.823372	0	None	None
ChainingRodShaped	1811	2.48989	0.5	-3.34445	13.1043	0	-0.463458	-0.886119	0	None	None
ChainingRodShaped	1813	2.51922	0.5	-29.3814	67.6252	0	0.189178	-0.981943	0	None	None
ChainingRodShaped	1815	2.33729	0.5	45.4477	54.2107	0	0.760952	-0.648808	0	1306	1814
ChainingRodShaped	1817	2.52721	0.5	-33.4954	26.0725	0	0.746184	-0.665739	0	None	None
ChainingRodShaped	1819	2.2261	0.5	-10.4253	38.0026	0	-0.988526	-0.15105	0	None	None
ChainingRodShaped	1821	2.5995	0.5	-26.9836	61.8442	0	-0.0801697	-0.996781	0	None	None
ChainingRodShaped	1823	2.59536	0.5	18.4153	55.6555	0	0.760644	-0.64917	0	None	None
ChainingRodShaped	1825	2.47177	0.5	-18.4151	52.1172	0	-0.63403	-0.773309	0	None	None
ChainingRodShaped	1827	2.56967	0.5	-13.7422	12.0588	0	0.913942	-0.405844	0	None	None
ChainingRodShaped	1829	2.41094	0.5	-29.6554	39.1268	0	0.421132	-0.906999	0	None	None
ChainingRodShaped	1831	2.41563	0.5	-15.1932	51.1958	0	-0.266345	-0.963878	0	None	None
ChainingRodShaped	1833	2.24255	0.5	2.87795	19.6069	0	-0.0571713	-0.998364	0	None	None
ChainingRodShaped	1835	2.52874	0.5	-14.983	47.3435	0	-0.116194	-0.993227	0	None	None
ChainingRodShaped	1837	2.42535	0.5	9.01852	56.4745	0	-0.0602026	-0.998186	0	None	None
ChainingRodShaped	1839	2.2224	0.5	-53.8876	34.7345	0	-0.982686	0.18528	0	1360	1838
ChainingRodShaped	1841	2.18992	0.5	-11.8819	72.1521	0	-0.934238	-0.356651	0	None	None
ChainingRodShaped	1843	2.50013	0.5	-9.19024	73.6852	0	0.269003	-0.963139	0	None	None
ChainingRodShaped	1845	2.2218	0.5	-37.9722	29.6888	0	-0.998355	-0.0573395	0	None	None
ChainingRodShaped	1847	2.42806	0.5	-29.2473	18.0588	0	0.726611	-0.687049	0	None	None
ChainingRodShaped	1849	2.44074	0.5	-32.1642	53.6971	0	0.953403	-0.3017	0	None	None
ChainingRodShaped	1851	2.19788	0.5	-17.6392	18.0378	0	-0.680854	-0.732419	0	None	None
ChainingRodShaped	1853	2.46642	0.5	-8.36531	9.33468	0	-0.917798	-0.397047	0	None	None
ChainingRodShaped	1855	2.29483	0.5	-6.89792	80.4893	0	0.784462	-0.620177	0	None	None
ChainingRodShaped	1857	2.21486	0.5	-19.0657	47.3407	0	-0.994695	-0.102867	0	None	None
ChainingRodShaped	1859	2.2181	0.5	5.69901	30.6867	0	-0.523211	0.852203	0	None	None
ChainingRodShaped	1861	2.41892	0.5	-37.9804	26.4238	0	0.741413	-0.671049	0	None	None
ChainingRodShaped	1863	2.40938	0.5	7.0522	65.6172	0	0.690576	-0.72326	0	None	None
ChainingRodShaped	1865	2.2068	0.5	13.1746	40.8075	0	0.147318	-0.989089	0	None	None
ChainingRodShaped	1867	2.21448	0.5	-37.3486	56.8779	0	0.706034	-0.708178	0	None	None
ChainingRodShaped	1869	2.15168	0.5	-2.29465	41.2083	0	0.34591	-0.938268	0	None	None
ChainingRodShaped	1871	2.32054	0.5	-40.0229	33.0511	0	0.900823	-0.434186	0	None	None
ChainingRodShaped	1873	2.23568	0.5	-8.88782	51.2499	0	0.162715	-0.986673	0	None	None
ChainingRodShaped	1875	2.23859	0.5	-25.0808	51.5262	0	0.0714383	-0.997445	0	None	None
ChainingRodShaped	1877	2.25619	0.5	0.658662	13.1179	0	-0.975869	-0.218359	0	None	None
ChainingRodShaped	1879	2.12922	0.5	-37.0956	47.539	0	-0.802464	-0.5967	0	None	None
ChainingRodShaped	1881	2.3328	0.5	7.88168	72.076	0	0.887726	-0.460372	0	None	None
ChainingRodShaped	1883	2.33517	0.5	-18.6269	59.5899	0	-0.203518	-0.979071	0	None	None
ChainingRodShaped	1885	2.29375	0.5	9.00991	63.994	0	0.20121	-0.979548	0	None	None
ChainingRodShaped	1887	2.30827	0.5	-10.4576	43.5591	0	-0.688622	-0.725121	0	None	None
ChainingRodShaped	1889	2.22887	0.5	-36.3066	58.6609	0	0.749498	-0.662006	0	None	None
ChainingRodShaped	1891	2.26206	0.5	14.1713	72.0516	0	0.885298	-0.465024	0	None	None
ChainingRodShaped	1893	2.15194	0.5	7.6544	53.1482	0	-0.263282	-0.964719	0	None	None
ChainingRodShaped	1895	2.25086	0.5	-21.5288	36.7066	0	-0.894884	0.446299	0	None	None
ChainingRodShaped	1897	2.28765	0.5	14.4867	70.2346	0	0.614174	-0.78917	0	None	None
ChainingRodShaped	1899	2.12262	0.5	-0.779463	47.2476	0	-0.594935	-0.803774	0	None	None
ChainingRodShaped	1901	2.25113	0.5	-28.5414	47.5914	0	-0.736819	-0.67609	0	None	None
ChainingRodShaped	1903	2.16827	0.5	-76.7479	-108.195	0	-0.799619	-0.600508	0	1484	1902
ChainingRodShaped	1905	2.08854	0.5	-24.5657	36.1021	0	-0.897723	0.440561	0	None	None
ChainingRodShaped	1907	2.09131	0.5	-21.8768	38.9965	0	-0.890305	0.455365	0	None	None
ChainingRodShaped	1909	2.10222	0.5	-12.723	49.3929	0	-0.221033	-0.975266	0	None	None
ChainingRodShaped	1911	2.19652	0.5	-15.9212	18.3366	0	-0.0389476	-0.999241	0	None	None
ChainingRodShaped	1913	2.21693	0.5	-33.7746	47.269	0	-0.9262	-0.377033	0	None	None
ChainingRodShaped	1915	2.11807	0.5	15.746	63.8575	0	-0.787453	0.616374	0	None	None
ChainingRodShaped	1917	2.14392	0.5	-41.1151	44.3276	0	-0.457084	-0.889424	0	None	None
ChainingRodShaped	1919	2.10572	0.5	-20.7987	28.5716	0	0.998922	0.0464189	0	None	None
ChainingRodShaped	1921	2.19577	0.5	2.04169	69.561	0	-0.386133	-0.922443	0	None	None
ChainingRodShaped	1923	2.05908	0.5	58.2279	37.858	0	0.439891	-0.898051	0	1156	1922
ChainingRodShaped	1925	2.10558	0.5	-21.561	74.9581	0	-0.168732	-0.985662	0	None	None
ChainingRodShaped	1927	2.12173	0.5	-20.9305	20.7446	0	0.418192	-0.908359	0	None	None
ChainingRodShaped	1929	2.10018	0.5	-25.1314	67.4706	0	0.399054	-0.916927	0	None	None
ChainingRodShaped	1931	2.06539	0.5	-27.0227	39.71	0	-0.852281	0.523084	0	None	None
ChainingRodShaped	1933	2.1275	0.5	12.0409	62.4986	0	0.469993	-0.88267	0	None	None
ChainingRodShaped	1935	2.10371	0.5	18.8947	68.1107	0	0.773627	-0.633641	0	None	None
ChainingRodShaped	1937	2.10443	0.5	-4.05121	63.6339	0	-0.940798	-0.338968	0	None	None
ChainingRodShaped	1939	2.04525	0.5	-18.2424	25.6741	0	0.893999	-0.448069	0	None	None
ChainingRodShaped	1941	2.071	0.5	-11.0761	80.5514	0	-0.234476	-0.972122	0	None	None
ChainingRodShaped	1943	2.06771	0.5	-33.199	44.5759	0	-0.700504	-0.713648	0	None	None
ChainingRodShaped	1945	2.06109	0.5	61.763	20.4889	0	-0.0201534	-0.999797	0	931	1944
ChainingRodShaped	1947	2.06376	0.5	-10.1255	78.9119	0	0.0749854	-0.997185	0	None	None
ChainingRodShaped	1949	2.04165	0.5	15.7527	37.7744	0	0.995064	-0.0992352	0	None	None
ChainingRodShaped	1951	2.0577	0.5	-7.48851	8.63956	0	-0.915172	-0.403063	0	None	None
ChainingRodShaped	1953	2.05401	0.5	8.97847	59.6383	0	0.290853	-0.956768	0	None	None
ChainingRodShaped	1955	2.02741	0.5	-13.7714	108.201	0	-0.230767	-0.973009	0	1464	1954
ChainingRodShaped	1957	2.05046	0.5	-38.7865	39.3153	0	0.127106	-0.991889	0	None	None
ChainingRodShaped	1959	2.0512	0.5	9.33771	73.4741	0	0.884173	-0.467159	0	None	None
ChainingRodShaped	1961	2.03592	0.5	-26.0751	60.7221	0	-0.0624647	-0.998047	0	None	None
ChainingRodShaped	1963	2.01964	0.5	6.17107	56.3218	0	-0.0769371	-0.997036	0	None	None
ChainingRodShaped	1965	2.03474	0.5	-29.099	36.2921	0	0.476628	-0.879105	0	None	None
ChainingRodShaped	1967	2.00835	0.5	-31.9904	30.733	0	-0.970469	-0.241225	0	None	None
ChainingRodShaped	1969	2.01563	0.5	-13.3257	57.0392	0	-0.242327	-0.970195	0	None	None
ChainingRodShaped	1971	2.00638	0.5	2.43199	25.6315	0	0.0577941	-0.998329	0	None	None
ChainingRodShaped	1973	2.00783	0.5	-4.913	27.4541	0	-0.58122	-0.813746	0	None	None
