cell_type	cell_id	length	radius	pos_x	pos_y	pos_z	ori_x	ori_y	ori_z	lower_link	upper_link
ChainingRodShaped	572	3.75044	0.5	-2.86027	14.1141	0	-0.877592	-0.479409	0	None	None
ChainingRodShaped	394	4.76398	0.5	-163.704	-33.9233	0	-0.999405	-0.0344889	0	395	None
ChainingRodShaped	614	3.04484	0.5	47.4665	77.2978	0	-0.475771	0.879569	0	615	653
ChainingRodShaped	632	4.90151	0.5	-8.1065	27.3258	0	-0.184764	-0.982783	0	None	None
ChainingRodShaped	1012	2.08	0.5	0.990171	17.4261	0	0.999802	0.0199141	0	None	None
ChainingRodShaped	766	2.96656	0.5	21.0757	30.9392	0	-0.439827	-0.898083	0	767	563
ChainingRodShaped	862	2.60277	0.5	-3.72617	15.5154	0	0.999321	-0.0368409	0	None	None
ChainingRodShaped	692	4.4328	0.5	-6.97953	34.8209	0	0.181853	-0.983326	0	None	None
ChainingRodShaped	826	2.58319	0.5	-31.0941	33.5391	0	0.994412	-0.105573	0	None	None
ChainingRodShaped	864	2.81522	0.5	-87.278	-5.004	0	-0.361627	-0.932323	0	865	951
ChainingRodShaped	626	3.59259	0.5	-12.7765	48.8089	0	0.668554	-0.743663	0	None	None
ChainingRodShaped	1004	2.15397	0.5	118.511	96.2981	0	-0.388099	-0.921618	0	1005	345
ChainingRodShaped	1034	2.01579	0.5	-47.7949	20.9374	0	-0.998109	0.0614657	0	None	None
ChainingRodShaped	468	4.97129	0.5	-16.3647	29.346	0	0.827573	-0.561357	0	None	None
ChainingRodShaped	800	3.3612	0.5	3.01359	65.6174	0	0.709091	-0.705117	0	801	1015
ChainingRodShaped	1018	2.1318	0.5	-9.94717	25.6399	0	0.400801	-0.916165	0	None	None
ChainingRodShaped	946	2.36608	0.5	-14.227	48.0779	0	0.946941	-0.321407	0	None	None
ChainingRodShaped	1038	2.0152	0.5	-62.9074	19.663	0	-0.980296	-0.197535	0	1039	751
ChainingRodShaped	656	4.08537	0.5	-31.6393	45.5394	0	0.765763	-0.643123	0	None	None
ChainingRodShaped	640	4.61701	0.5	-15.4378	13.9748	0	0.887621	0.460574	0	None	None
ChainingRodShaped	992	2.23238	0.5	-31.4273	32.6044	0	0.993756	-0.111578	0	None	None
ChainingRodShaped	646	3.40856	0.5	-23.4467	36.1723	0	0.923352	-0.383954	0	None	None
ChainingRodShaped	666	4.43838	0.5	-18.3341	28.3356	0	0.828646	-0.559773	0	None	None
ChainingRodShaped	934	2.57826	0.5	-18.036	20.9678	0	-0.999787	0.0206628	0	None	None
ChainingRodShaped	994	2.20546	0.5	79.4552	52.8458	0	-0.999989	0.00469077	0	995	679
ChainingRodShaped	644	3.48143	0.5	-37.7434	33.6905	0	0.784908	-0.619612	0	None	None
ChainingRodShaped	558	3.75742	0.5	-125.525	-32.2288	0	-0.993602	-0.11294	0	559	937
ChainingRodShaped	722	2.816	0.5	4.29078	105.952	0	-0.869579	-0.493794	0	723	593
ChainingRodShaped	902	2.82082	0.5	-29.2252	34.6885	0	0.986232	0.165365	0	None	None
ChainingRodShaped	852	3.34041	0.5	-27.9519	46.0841	0	-0.297675	-0.954667	0	None	None
ChainingRodShaped	478	3.84698	0.5	127.562	116.905	0	-0.417329	-0.908756	0	848	579
ChainingRodShaped	1030	2.03642	0.5	-10.8312	12.6159	0	0.922068	0.387027	0	None	None
ChainingRodShaped	588	4.69592	0.5	-15.6439	19.9229	0	-0.999745	0.0225969	0	589	933
ChainingRodShaped	704	3.98167	0.5	-13.8458	34.9972	0	0.799228	-0.601028	0	None	None
ChainingRodShaped	808	2.81668	0.5	-25.6459	36.0824	0	0.914747	-0.404028	0	None	None
ChainingRodShaped	954	2.48945	0.5	-28.2153	22.5701	0	-0.575183	-0.818025	0	None	None
ChainingRodShaped	606	4.34478	0.5	-44.7825	21.7515	0	-0.998944	0.0459516	0	None	None
ChainingRodShaped	904	2.70992	0.5	-37.7414	20.5768	0	-0.999978	0.00657695	0	None	None
ChainingRodShaped	532	4.26215	0.5	-26.7866	27.7418	0	0.871661	0.490109	0	None	None
ChainingRodShaped	778	3.90088	0.5	-48.5729	41.4102	0	-0.96596	-0.258692	0	None	None
ChainingRodShaped	560	4.7546	0.5	-40.4727	29.4219	0	0.729594	-0.68388	0	None	None
ChainingRodShaped	388	4.45342	0.5	-44.368	29.3529	0	0.93027	-0.366876	0	None	None
ChainingRodShaped	854	2.92213	0.5	-12.8935	46.6685	0	0.988604	-0.150541	0	None	None
ChainingRodShaped	630	3.13703	0.5	57.2074	63.0155	0	-0.689131	0.724637	0	631	737
ChainingRodShaped	988	2.29648	0.5	-17.329	34.7282	0	0.912252	-0.409629	0	None	None
ChainingRodShaped	928	2.59493	0.5	-40.145	44.0668	0	0.21618	-0.976354	0	None	None
ChainingRodShaped	760	3.36508	0.5	-13.9124	26.9722	0	0.687449	0.726233	0	None	None
ChainingRodShaped	420	4.01285	0.5	19.7514	48.1199	0	0.490567	-0.871403	0	706	591
ChainingRodShaped	834	2.94831	0.5	-40.3784	31.5925	0	0.975166	-0.221474	0	None	None
ChainingRodShaped	832	2.89628	0.5	-6.15838	80.0448	0	0.292067	-0.956398	0	833	675
ChainingRodShaped	828	3.13455	0.5	-30.5386	45.8784	0	0.76332	-0.646021	0	None	None
ChainingRodShaped	556	3.54699	0.5	104.177	67.4277	0	-0.5961	-0.80291	0	940	861
ChainingRodShaped	748	3.49897	0.5	-26.3482	17.8806	0	0.999116	0.0420319	0	None	None
ChainingRodShaped	514	3.99151	0.5	-99.8082	-23.4016	0	-0.77752	-0.628858	0	515	839
ChainingRodShaped	802	2.69562	0.5	-19.3816	11.1569	0	0.990888	-0.134688	0	None	None
ChainingRodShaped	370	4.80742	0.5	-74.3963	14.4476	0	-0.806902	-0.590685	0	750	759
ChainingRodShaped	452	4.85804	0.5	29.8447	101.944	0	-0.782	0.623278	0	453	377
ChainingRodShaped	446	3.69469	0.5	-34.3338	19.6258	0	-0.999941	-0.010895	0	814	689
ChainingRodShaped	536	4.04534	0.5	-48.2756	43.6233	0	-0.677009	-0.735975	0	None	None
ChainingRodShaped	986	2.23768	0.5	7.04809	19.2541	0	0.976794	0.214179	0	None	None
ChainingRodShaped	926	2.33714	0.5	-144.59	-33.3038	0	-0.999531	-0.0306146	0	927	639
ChainingRodShaped	634	3.19972	0.5	6.20312	20.0792	0	-0.976912	-0.213641	0	635	983
ChainingRodShaped	682	4.2876	0.5	-25.4937	21.7987	0	-0.999261	-0.0384357	0	None	None
ChainingRodShaped	952	2.46298	0.5	-37.4617	34.6848	0	0.782328	-0.622866	0	None	None
ChainingRodShaped	962	2.46193	0.5	-41.0903	35.6897	0	0.960766	-0.277359	0	None	None
ChainingRodShaped	690	3.4124	0.5	-33.0962	43.8518	0	0.991167	0.132621	0	None	None
ChainingRodShaped	628	3.81253	0.5	-51.1428	22.0765	0	-0.878564	-0.477624	0	None	None
ChainingRodShaped	866	3.15102	0.5	-21.7716	46.2903	0	0.602815	0.797881	0	None	None
ChainingRodShaped	568	4.36345	0.5	-35.6871	27.5623	0	0.971696	-0.236235	0	None	None
ChainingRodShaped	754	3.76046	0.5	-23.5007	41.6772	0	0.73723	0.675642	0	None	None
ChainingRodShaped	650	3.55825	0.5	-27.3584	33.8354	0	0.506094	0.862478	0	None	None
ChainingRodShaped	576	4.05449	0.5	-11.3695	30.3975	0	0.566315	-0.824189	0	None	None
ChainingRodShaped	806	2.7738	0.5	-41.2862	27.5678	0	0.999963	-0.00854416	0	None	None
ChainingRodShaped	786	3.29056	0.5	63.5882	57.7282	0	-0.842286	0.539031	0	787	631
ChainingRodShaped	794	3.52401	0.5	-19.7543	49.2714	0	0.0605539	0.998165	0	None	None
ChainingRodShaped	578	4.24058	0.5	123.219	107.247	0	-0.4028	-0.915288	0	579	439
ChainingRodShaped	774	4.02488	0.5	-35.17	21.5481	0	-0.999997	-0.0023767	0	None	None
ChainingRodShaped	892	2.7769	0.5	-41.6477	42.0076	0	0.230531	-0.973065	0	None	None
ChainingRodShaped	724	3.96585	0.5	-41.5168	17.3697	0	0.753831	0.657068	0	None	None
ChainingRodShaped	622	3.92069	0.5	-10.7844	31.2704	0	0.564102	-0.825705	0	None	None
ChainingRodShaped	612	4.23526	0.5	-37.4199	26.0738	0	0.979475	0.201565	0	None	None
ChainingRodShaped	602	3.93387	0.5	-22.3883	50.1715	0	0.896388	0.443269	0	None	None
ChainingRodShaped	842	3.50311	0.5	-29.3597	47.6163	0	0.186282	-0.982496	0	None	None
ChainingRodShaped	798	3.35286	0.5	-10.3203	34.8706	0	0.355528	-0.934665	0	None	None
ChainingRodShaped	580	4.85616	0.5	-24.7264	23.6668	0	-0.917118	-0.398616	0	None	None
ChainingRodShaped	698	3.60146	0.5	-24.9194	9.86178	0	0.881333	-0.472495	0	None	None
ChainingRodShaped	662	4.59101	0.5	-20.1127	18.9905	0	0.999961	0.00886211	0	None	None
ChainingRodShaped	1020	2.06149	0.5	-6.4629	92.9634	0	-0.248869	-0.968537	0	1021	401
ChainingRodShaped	344	4.58531	0.5	114.587	87.0499	0	-0.396524	-0.918024	0	345	621
ChainingRodShaped	1042	2.01377	0.5	-42.1936	40.1335	0	0.24025	-0.970711	0	None	None
ChainingRodShaped	792	2.66805	0.5	-14.204	30.2704	0	0.808228	-0.58887	0	None	None
ChainingRodShaped	738	3.78165	0.5	-49.0774	44.2082	0	-0.676494	-0.736448	0	None	None
ChainingRodShaped	432	4.38062	0.5	-37.7913	39.7429	0	0.790429	-0.612554	0	None	None
ChainingRodShaped	924	2.75471	0.5	-22.7234	11.8981	0	0.771943	-0.635692	0	None	None
ChainingRodShaped	596	3.48242	0.5	10.7601	58.572	0	0.745217	-0.666822	0	1014	707
ChainingRodShaped	756	2.87878	0.5	-26.9047	30.9968	0	0.657286	0.753641	0	None	None
ChainingRodShaped	430	4.64153	0.5	-35.5457	46.1638	0	0.793745	-0.608251	0	None	None
ChainingRodShaped	702	4.1498	0.5	-115.323	-30.5068	0	-0.973563	-0.228419	0	703	559
ChainingRodShaped	516	3.93752	0.5	-6.35821	14.6512	0	0.998471	-0.0552721	0	None	None
ChainingRodShaped	918	2.8101	0.5	-11.1938	15.9077	0	0.999034	-0.0439469	0	None	None
ChainingRodShaped	534	3.8965	0.5	-33.0151	51.7235	0	0.546332	-0.837569	0	None	None
ChainingRodShaped	638	3.63543	0.5	-153.565	-33.582	0	-0.99948	-0.0322298	0	639	395
ChainingRodShaped	616	4.21458	0.5	37.6673	93.8224	0	-0.60033	0.799752	0	617	453
ChainingRodShaped	936	2.42654	0.5	-132.704	-32.8412	0	-0.998434	-0.055939	0	937	491
ChainingRodShaped	726	3.44934	0.5	-51.4778	20.1295	0	-0.999135	0.0415896	0	727	505
ChainingRodShaped	812	2.81873	0.5	92.6485	56.7299	0	-0.859603	-0.510962	0	813	777
ChainingRodShaped	552	4.9096	0.5	-45.5438	34.8969	0	0.96229	-0.272025	0	None	None
ChainingRodShaped	382	4.8545	0.5	-16.0091	30.2688	0	0.828179	-0.560464	0	None	None
ChainingRodShaped	376	4.91019	0.5	20.2666	107.176	0	-0.949672	0.313246	0	377	875
ChainingRodShaped	920	2.58054	0.5	132.697	127.877	0	-0.429185	-0.903217	0	921	849
ChainingRodShaped	1044	2.0067	0.5	-31.5939	41.0839	0	0.979204	0.202876	0	None	None
ChainingRodShaped	850	2.83062	0.5	-44.8187	23.6706	0	-0.999321	0.0368488	0	None	None
ChainingRodShaped	460	4.84507	0.5	-27.838	31.3857	0	0.660817	0.750547	0	None	None
ChainingRodShaped	912	2.77708	0.5	-15.4286	38.8872	0	0.688003	-0.725708	0	None	None
ChainingRodShaped	648	4.98253	0.5	-9.46753	18.728	0	0.9986	-0.0528995	0	None	None
ChainingRodShaped	436	4.42736	0.5	-4.85513	19.4744	0	-0.998909	0.0467048	0	982	589
ChainingRodShaped	770	3.87054	0.5	-2.06238	16.439	0	0.999452	-0.0331143	0	None	None
ChainingRodShaped	680	4.4948	0.5	-34.1382	46.3539	0	0.772156	-0.635433	0	None	None
ChainingRodShaped	932	2.2433	0.5	-23.3422	19.9224	0	-0.99965	-0.0264726	0	933	815
ChainingRodShaped	824	2.42718	0.5	-93.3535	-16.8244	0	-0.602005	-0.798492	0	825	515
ChainingRodShaped	574	4.54175	0.5	-33.7228	31.0499	0	0.969886	-0.243558	0	None	None
ChainingRodShaped	528	4.4448	0.5	-50.3854	28.5494	0	-0.954746	-0.297422	0	None	None
ChainingRodShaped	818	3.53337	0.5	-40.7018	13.6102	0	0.880523	-0.474004	0	None	None
ChainingRodShaped	1032	2.01713	0.5	-28.7655	23.459	0	-0.579177	-0.815202	0	None	None
ChainingRodShaped	820	2.62511	0.5	-84.4415	1.90115	0	-0.419149	-0.907917	0	821	865
ChainingRodShaped	484	4.57501	0.5	-22.5847	20.9178	0	-0.999613	-0.0278012	0	None	None
ChainingRodShaped	642	3.45166	0.5	-24.7017	29.7276	0	0.977655	-0.210216	0	None	None
ChainingRodShaped	710	3.11906	0.5	-50.5779	29.5119	0	0.954523	0.298137	0	None	None
ChainingRodShaped	610	4.60521	0.5	-15.8839	41.0626	0	0.961073	0.276293	0	None	None
ChainingRodShaped	868	3.04797	0.5	-16.503	32.9495	0	0.807688	-0.58961	0	None	None
ChainingRodShaped	674	3.52617	0.5	-2.0306	71.6526	0	0.559669	-0.828716	0	675	801
ChainingRodShaped	488	4.69098	0.5	-42.4617	52.1081	0	-0.456948	-0.889493	0	None	None
ChainingRodShaped	968	2.3415	0.5	-28.4441	9.96838	0	0.61967	-0.784862	0	None	None
ChainingRodShaped	462	4.04393	0.5	-18.3538	51.493	0	0.904456	-0.426567	0	None	None
ChainingRodShaped	604	3.61163	0.5	-43.7276	33.3789	0	0.961567	-0.274572	0	None	None
ChainingRodShaped	712	4.70446	0.5	-30.4911	18.7242	0	0.999611	0.0278979	0	None	None
ChainingRodShaped	744	3.95033	0.5	-20.0741	25.4826	0	-0.999934	0.0114741	0	None	None
ChainingRodShaped	510	4.67769	0.5	-27.7786	51.0828	0	-0.939158	-0.343486	0	None	None
ChainingRodShaped	664	4.03281	0.5	-16.9959	45.8955	0	0.835491	0.549505	0	None	None
ChainingRodShaped	890	2.58143	0.5	-28.2448	43.5221	0	0.996802	0.0799102	0	None	None
ChainingRodShaped	996	2.11013	0.5	-34.364	13.7036	0	0.987275	-0.159023	0	None	None
ChainingRodShaped	900	2.4212	0.5	-17.2873	42.6679	0	-0.964862	-0.262756	0	None	None
ChainingRodShaped	894	2.93323	0.5	-17.2076	46.9193	0	0.837356	0.546658	0	None	None
ChainingRodShaped	816	3.36587	0.5	-27.9334	53.5002	0	0.847563	-0.530695	0	None	None
ChainingRodShaped	620	4.64627	0.5	110.201	77.5103	0	-0.444113	-0.895971	0	621	941
ChainingRodShaped	458	4.7569	0.5	-23.2614	50.8376	0	0.897653	0.440702	0	None	None
ChainingRodShaped	530	4.13256	0.5	-16.8412	28.496	0	0.827218	-0.561881	0	None	None
ChainingRodShaped	908	2.45502	0.5	-24.9653	12.1398	0	0.886887	-0.461987	0	None	None
ChainingRodShaped	584	4.45501	0.5	-8.74936	33.1466	0	-0.301798	-0.953372	0	None	None
ChainingRodShaped	972	2.19134	0.5	-34.8916	22.7175	0	-0.977359	-0.211589	0	None	None
ChainingRodShaped	570	3.51042	0.5	-17.4442	15.9813	0	0.756653	-0.653816	0	None	None
ChainingRodShaped	524	4.99385	0.5	-19.7649	15.4256	0	0.763278	-0.64607	0	None	None
ChainingRodShaped	844	2.69838	0.5	-35.0833	41.3483	0	0.981165	0.19317	0	None	None
ChainingRodShaped	796	3.10003	0.5	-10.859	14.9169	0	0.998941	-0.0460091	0	None	None
ChainingRodShaped	562	3.96448	0.5	14.492	23.6236	0	-0.82566	-0.564169	0	563	635
ChainingRodShaped	730	3.69253	0.5	-38.0172	36.3407	0	0.809961	-0.586484	0	None	None
ChainingRodShaped	686	3.23143	0.5	-36.7058	45.8242	0	0.798699	-0.60173	0	None	None
ChainingRodShaped	886	2.64682	0.5	-41.8478	29.4092	0	0.736397	-0.67655	0	None	None
ChainingRodShaped	540	4.67394	0.5	-46.2488	26.49	0	0.983854	0.178973	0	None	None
ChainingRodShaped	618	4.71536	0.5	-44.2675	22.6709	0	-0.998902	0.0468418	0	None	None
ChainingRodShaped	880	2.98881	0.5	-47.8345	25.2296	0	0.984074	0.177757	0	None	None
ChainingRodShaped	846	2.63058	0.5	-9.72842	36.0727	0	0.36477	-0.931098	0	None	None
ChainingRodShaped	718	3.05119	0.5	-27.9273	14.5412	0	0.540018	-0.841653	0	None	None
ChainingRodShaped	546	3.82832	0.5	-48.9287	22.1952	0	-0.801374	-0.598163	0	None	None
ChainingRodShaped	590	3.87632	0.5	22.5285	39.3083	0	0.0773418	-0.997005	0	591	767
ChainingRodShaped	668	4.97939	0.5	-16.8773	10.1923	0	0.736158	0.67681	0	None	None
ChainingRodShaped	732	3.83593	0.5	0.00383554	18.3949	0	0.999951	0.00991504	0	None	None
ChainingRodShaped	1036	2.03115	0.5	-19.079	37.5697	0	0.935434	-0.3535	0	None	None
ChainingRodShaped	1026	2.04985	0.5	-24.8624	39.4438	0	0.987955	-0.154739	0	None	None
ChainingRodShaped	906	2.3815	0.5	-33.3934	25.0356	0	-0.987067	-0.160305	0	None	None
ChainingRodShaped	343	4.7707	0.5	-42.8572	49.2366	0	-0.497899	-0.867235	0	None	None
ChainingRodShaped	345	4.75962	0.5	116.796	92.2286	0	-0.388428	-0.921479	0	1004	344
ChainingRodShaped	1010	2.18338	0.5	-44.0317	39.4942	0	0.976163	-0.217041	0	None	None
ChainingRodShaped	780	2.84017	0.5	-45.5224	35.8922	0	0.960826	-0.277151	0	None	None
ChainingRodShaped	736	3.85988	0.5	51.8527	69.8861	0	-0.549054	0.835787	0	737	615
ChainingRodShaped	678	3.44589	0.5	71.3538	54.1536	0	-0.957342	0.288956	0	679	787
ChainingRodShaped	592	3.94461	0.5	-3.29475	99.1193	0	-0.602517	-0.798106	0	593	1021
ChainingRodShaped	548	4.10333	0.5	-33.4135	31.9656	0	0.970046	-0.242921	0	None	None
ChainingRodShaped	922	2.55817	0.5	-30.561	35.647	0	0.999808	-0.0195795	0	None	None
ChainingRodShaped	658	4.97177	0.5	-22.2233	14.5255	0	0.989515	-0.144427	0	None	None
ChainingRodShaped	694	4.39631	0.5	-33.6089	29.0072	0	0.96599	-0.258578	0	None	None
ChainingRodShaped	938	2.59797	0.5	-31.1755	47.7009	0	0.755597	-0.655036	0	None	None
ChainingRodShaped	652	4.18606	0.5	43.2626	85.0623	0	-0.487434	0.87316	0	653	617
ChainingRodShaped	696	3.11541	0.5	-29.2662	37.6674	0	0.915525	-0.40226	0	None	None
ChainingRodShaped	750	3.04822	0.5	-70.3322	17.0386	0	-0.889465	-0.457003	0	751	370
ChainingRodShaped	1000	2.22064	0.5	-36.6987	51.1287	0	0.792401	-0.610001	0	None	None
ChainingRodShaped	714	3.06807	0.5	-51.4784	40.8059	0	-0.175864	-0.984414	0	None	None
ChainingRodShaped	377	4.20228	0.5	25.3126	105.007	0	-0.875108	0.483928	0	452	376
ChainingRodShaped	700	3.98963	0.5	-42.5351	13.4726	0	0.881345	-0.472473	0	None	None
ChainingRodShaped	720	3.52562	0.5	-36.4322	36.3766	0	0.815781	-0.578361	0	None	None
ChainingRodShaped	810	2.62499	0.5	-20.0296	32.6876	0	0.930845	-0.365413	0	None	None
ChainingRodShaped	784	3.28755	0.5	-19.9684	24.0346	0	-0.954813	0.297206	0	None	None
ChainingRodShaped	1008	2.1217	0.5	-14.0135	23.6531	0	-0.559157	-0.829062	0	None	None
ChainingRodShaped	872	2.98695	0.5	-51.179	31.8866	0	0.121508	-0.99259	0	None	None
ChainingRodShaped	391	4.75777	0.5	-32.3448	39.9234	0	0.977126	0.21266	0	None	None
ChainingRodShaped	860	2.88105	0.5	99.0585	61.5981	0	-0.727844	-0.685743	0	861	813
ChainingRodShaped	395	3.97525	0.5	-158.349	-33.7402	0	-0.999428	-0.0338092	0	638	394
ChainingRodShaped	688	3.82026	0.5	-43.2417	19.7538	0	-0.99924	0.0389717	0	689	727
ChainingRodShaped	708	4.73197	0.5	-16.4085	52.2348	0	0.619554	-0.784954	0	None	None
ChainingRodShaped	401	4.89692	0.5	-7.01273	88.5712	0	-0.0592092	-0.998246	0	1020	833
ChainingRodShaped	822	2.77561	0.5	-46.5708	28.4549	0	0.990246	0.139333	0	None	None
ChainingRodShaped	910	2.89099	0.5	-43.8315	42.7899	0	0.202997	-0.979179	0	None	None
ChainingRodShaped	740	4.02424	0.5	-37.4254	17.6473	0	0.991375	-0.131055	0	None	None
ChainingRodShaped	409	4.8806	0.5	-13.5274	38.1694	0	0.314781	-0.949164	0	None	None
ChainingRodShaped	838	3.015	0.5	-106.423	-27.5655	0	-0.908729	-0.417386	0	839	703
ChainingRodShaped	1016	2.06897	0.5	-53.3832	33.7325	0	0.114115	-0.993468	0	None	None
ChainingRodShaped	746	3.11911	0.5	-29.8652	14.1673	0	0.914833	-0.403832	0	None	None
ChainingRodShaped	676	3.42724	0.5	-22.7632	43.6821	0	0.739104	0.673591	0	None	None
ChainingRodShaped	836	3.10073	0.5	-33.4285	27.9685	0	0.965631	-0.259917	0	None	None
ChainingRodShaped	706	3.09156	0.5	17.2801	51.8692	0	0.619195	-0.785237	0	707	420
ChainingRodShaped	998	2.13523	0.5	-47.4113	49.897	0	-0.699213	-0.714913	0	None	None
ChainingRodShaped	964	2.36467	0.5	-23.2849	37.127	0	0.927143	-0.374708	0	None	None
ChainingRodShaped	874	2.44095	0.5	11.8826	108.39	0	-0.995568	-0.0940482	0	875	723
ChainingRodShaped	660	4.74208	0.5	-36.2614	52.2871	0	0.706205	-0.708007	0	None	None
ChainingRodShaped	948	2.51765	0.5	-38.5189	49.5029	0	0.504738	-0.863273	0	None	None
ChainingRodShaped	830	3.01884	0.5	-40.82	42.691	0	0.225938	-0.974142	0	None	None
ChainingRodShaped	716	4.02184	0.5	-33.4167	11.2243	0	0.949086	-0.315017	0	None	None
ChainingRodShaped	982	2.30111	0.5	-0.563592	19.3529	0	-0.999993	-0.00366986	0	983	436
ChainingRodShaped	439	3.76136	0.5	121.236	102.696	0	-0.395745	-0.918361	0	578	1005
ChainingRodShaped	758	2.93825	0.5	-80.6239	8.4277	0	-0.59688	-0.802331	0	759	821
ChainingRodShaped	980	2.39101	0.5	-19.5047	38.7763	0	0.93732	-0.348469	0	None	None
ChainingRodShaped	884	2.88686	0.5	-16.1279	45.3012	0	0.836349	0.548198	0	None	None
ChainingRodShaped	814	2.67912	0.5	-30.2341	19.7035	0	-0.999584	-0.0288466	0	815	446
ChainingRodShaped	449	4.20052	0.5	136.098	135.009	0	-0.431122	-0.902294	0	None	921
ChainingRodShaped	684	3.86294	0.5	-35.2317	16.1921	0	0.68852	0.725218	0	None	None
ChainingRodShaped	453	4.87401	0.5	34.1174	98.0104	0	-0.686042	0.727562	0	616	452
ChainingRodShaped	728	3.68403	0.5	-22.3003	47.6185	0	0.78828	0.615316	0	None	None
ChainingRodShaped	882	3.02024	0.5	-37.9517	13.2841	0	0.890542	-0.454901	0	None	None
ChainingRodShaped	459	4.66496	0.5	-26.7199	46.7963	0	0.300422	0.953806	0	None	None
ChainingRodShaped	762	3.0593	0.5	-31.74	29.4971	0	0.963356	-0.268226	0	None	None
ChainingRodShaped	856	2.73494	0.5	-22.0215	49.2507	0	0.893484	0.449095	0	None	None
ChainingRodShaped	950	2.19259	0.5	-89.924	-11.2032	0	-0.441708	-0.897159	0	951	825
ChainingRodShaped	930	2.43412	0.5	-25.0401	51.0577	0	-0.89677	-0.442497	0	None	None
ChainingRodShaped	790	3.43055	0.5	-20.7851	31.936	0	0.932426	-0.361361	0	None	None
ChainingRodShaped	870	2.87043	0.5	-25.0388	25.5024	0	-0.508559	-0.861027	0	None	None
ChainingRodShaped	1040	2.01591	0.5	-28.6539	52.268	0	0.995217	-0.0976868	0	None	None
ChainingRodShaped	776	2.73407	0.5	85.8459	53.7704	0	-0.961457	-0.274957	0	777	995
ChainingRodShaped	477	4.73249	0.5	-23.2131	28.2131	0	-0.940407	-0.340051	0	None	None
ChainingRodShaped	848	3.11373	0.5	129.432	120.948	0	-0.42273	-0.906256	0	849	478
ChainingRodShaped	1002	2.07408	0.5	-35.3682	42.8007	0	0.946427	-0.322918	0	None	None
ChainingRodShaped	483	4.78779	0.5	-11.9565	42.5551	0	-0.549545	-0.835464	0	None	None
ChainingRodShaped	485	4.80876	0.5	-19.9745	21.9679	0	-0.99966	-0.0260814	0	None	None
ChainingRodShaped	742	3.24746	0.5	-46.069	44.4425	0	-0.24592	-0.96929	0	None	None
ChainingRodShaped	974	2.30404	0.5	-42.7694	53.6798	0	-0.456859	-0.889539	0	None	None
ChainingRodShaped	491	4.11874	0.5	-136.922	-33.0365	0	-0.9992	-0.0399888	0	936	927
ChainingRodShaped	840	2.92879	0.5	-31.5984	12.5482	0	0.527806	-0.849365	0	None	None
ChainingRodShaped	914	2.48511	0.5	-30.1177	55.1611	0	0.91424	0.405173	0	None	None
ChainingRodShaped	1024	2.04804	0.5	-14.596	24.5612	0	-0.552816	-0.833304	0	None	None
ChainingRodShaped	788	3.85277	0.5	-35.2229	23.6175	0	-0.975195	-0.221346	0	None	None
ChainingRodShaped	734	3.55595	0.5	-11.7922	17.8755	0	0.998955	-0.0457052	0	None	None
ChainingRodShaped	752	3.35938	0.5	-48.3685	31.9904	0	0.730635	-0.682769	0	None	None
ChainingRodShaped	505	3.99758	0.5	-56.1098	20.2156	0	-0.999997	-0.00260593	0	726	1039
ChainingRodShaped	507	4.33331	0.5	-21.4552	34.3062	0	0.927145	-0.374702	0	None	None
ChainingRodShaped	764	3.14586	0.5	-13.9829	44.3288	0	-0.767767	-0.640729	0	None	None
ChainingRodShaped	782	3.08039	0.5	-26.6814	53.883	0	-0.845821	0.533466	0	None	None
ChainingRodShaped	984	2.28725	0.5	-44.3383	40.5612	0	0.974272	-0.225374	0	None	None
ChainingRodShaped	515	4.20436	0.5	-96.1291	-20.0081	0	-0.691511	-0.722366	0	824	514
ChainingRodShaped	768	3.94689	0.5	-7.3794	13.723	0	0.998317	-0.0579894	0	None	None
ChainingRodShaped	858	2.70412	0.5	-23.0297	10.3506	0	0.971525	-0.236936	0	None	None
ChainingRodShaped	978	2.14225	0.5	-17.609	11.938	0	0.994402	-0.105666	0	None	None
ChainingRodShaped	772	2.93451	0.5	-11.1311	16.8769	0	0.999053	-0.043499	0	None	None
ChainingRodShaped	525	3.7205	0.5	-22.8247	16.1738	0	0.89592	-0.444215	0	None	None
ChainingRodShaped	878	2.55744	0.5	-27.8537	42.5818	0	0.997013	0.0772299	0	None	None
ChainingRodShaped	529	4.44611	0.5	-48.6285	30.892	0	0.73038	-0.683041	0	None	None
ChainingRodShaped	804	3.04748	0.5	-20.7079	30.862	0	0.929968	-0.367641	0	None	None
ChainingRodShaped	533	4.87986	0.5	-31.9766	26.1927	0	0.998464	0.0554105	0	None	None
ChainingRodShaped	896	2.68118	0.5	-34.6905	55.2565	0	0.9317	0.363227	0	None	None
ChainingRodShaped	888	2.96326	0.5	-46.825	47.6554	0	-0.692773	-0.721156	0	None	None
ChainingRodShaped	898	2.89402	0.5	-30.7895	21.0253	0	-0.973209	0.22992	0	None	None
ChainingRodShaped	958	2.47602	0.5	-48.3412	27.0966	0	0.971324	0.237759	0	None	None
ChainingRodShaped	966	2.46256	0.5	-43.64	37.357	0	0.963122	-0.269066	0	None	None
ChainingRodShaped	545	3.99307	0.5	-18.6315	15.7306	0	0.759549	-0.65045	0	None	None
ChainingRodShaped	547	4.18972	0.5	-43.7731	24.7122	0	-0.999834	-0.0182245	0	None	None
ChainingRodShaped	549	3.80831	0.5	-40.3911	33.5441	0	0.97417	-0.225815	0	None	None
ChainingRodShaped	1006	2.19543	0.5	-11.0398	42.1545	0	-0.550158	-0.835061	0	None	None
ChainingRodShaped	553	3.82703	0.5	-50.1038	37.3457	0	0.865464	-0.500971	0	None	None
ChainingRodShaped	1022	2.10845	0.5	-36.9693	37.9147	0	0.809957	-0.586489	0	None	None
ChainingRodShaped	940	2.2954	0.5	106.39	70.5995	0	-0.538792	-0.842439	0	941	556
ChainingRodShaped	559	4.52712	0.5	-120.494	-31.5253	0	-0.987014	-0.160636	0	702	558
ChainingRodShaped	876	2.74638	0.5	-44.5044	31.5937	0	0.95813	-0.286334	0	None	None
ChainingRodShaped	563	4.65582	0.5	18.3654	27.0956	0	-0.66278	-0.748814	0	766	562
ChainingRodShaped	565	3.67275	0.5	-37.0322	25.1825	0	-0.97906	-0.203573	0	None	None
ChainingRodShaped	916	2.7547	0.5	-18.8875	36.4428	0	0.931898	-0.362721	0	None	None
ChainingRodShaped	976	2.23988	0.5	-38.6816	26.804	0	0.980018	0.198907	0	None	None
ChainingRodShaped	571	4.47113	0.5	-21.4161	18.0004	0	0.999906	0.0136949	0	None	None
ChainingRodShaped	573	4.64525	0.5	1.82869	16.2559	0	-0.892525	-0.450998	0	None	None
ChainingRodShaped	575	4.18397	0.5	-38.9698	32.2577	0	0.97638	-0.216063	0	None	None
ChainingRodShaped	944	2.64756	0.5	-14.1191	33.7296	0	0.691174	-0.722689	0	None	None
ChainingRodShaped	579	4.60909	0.5	125.412	112.173	0	-0.41047	-0.911874	0	478	578
ChainingRodShaped	942	2.38135	0.5	-23.3437	25.6859	0	-0.769676	-0.638434	0	None	None
ChainingRodShaped	583	4.8787	0.5	-48.539	38.6885	0	0.862075	-0.50678	0	None	None
ChainingRodShaped	585	3.87954	0.5	-9.87478	38.5418	0	0.563634	-0.826025	0	None	None
ChainingRodShaped	587	3.86264	0.5	-30.1616	16.7851	0	0.99978	0.020995	0	None	None
ChainingRodShaped	589	4.37841	0.5	-10.1891	19.7301	0	-0.998822	0.0485343	0	436	588
ChainingRodShaped	591	3.5188	0.5	21.6557	43.8338	0	0.307034	-0.951698	0	420	590
ChainingRodShaped	593	4.98295	0.5	0.415609	103.049	0	-0.749699	-0.661779	0	722	592
ChainingRodShaped	595	4.4616	0.5	-39.9102	48.0382	0	0.522403	-0.852699	0	None	None
ChainingRodShaped	1014	2.10855	0.5	7.94895	61.0582	0	0.753624	-0.657306	0	1015	596
ChainingRodShaped	970	2.27406	0.5	-30.9774	39.2278	0	0.977429	0.211264	0	None	None
ChainingRodShaped	601	4.73242	0.5	-36.2651	53.6937	0	0.70664	-0.707573	0	None	None
ChainingRodShaped	603	4.64082	0.5	-25.7454	46.6753	0	0.305966	0.952043	0	None	None
ChainingRodShaped	605	4.41828	0.5	-48.32	34.6222	0	0.729744	-0.683721	0	None	None
ChainingRodShaped	607	3.83913	0.5	-39.844	22.3387	0	-0.930419	-0.366498	0	None	None
ChainingRodShaped	609	4.34571	0.5	-12.2915	23.2256	0	-0.810828	-0.585284	0	None	None
ChainingRodShaped	990	2.22387	0.5	-17.4472	41.6204	0	0.963213	0.268738	0	None	None
ChainingRodShaped	613	4.92674	0.5	-42.9298	25.661	0	0.999967	0.00817848	0	None	None
ChainingRodShaped	615	3.26744	0.5	49.4748	73.7182	0	-0.502522	0.864564	0	736	614
ChainingRodShaped	617	4.30168	0.5	40.6147	89.5303	0	-0.531847	0.84684	0	652	616
ChainingRodShaped	956	2.58638	0.5	-39.8165	23.3904	0	-0.933412	-0.358806	0	None	None
ChainingRodShaped	621	3.98684	0.5	112.466	82.2629	0	-0.414838	-0.909895	0	344	620
ChainingRodShaped	623	3.5347	0.5	-11.0395	33.6414	0	0.49473	-0.869047	0	None	None
ChainingRodShaped	1028	2.06772	0.5	-41.7564	20.6645	0	-0.999495	0.0317849	0	None	None
ChainingRodShaped	627	4.19264	0.5	-16.6437	49.6519	0	0.987676	-0.156512	0	None	None
ChainingRodShaped	629	4.90779	0.5	-49.3442	23.985	0	-0.984985	-0.17264	0	None	None
ChainingRodShaped	631	3.21045	0.5	60.209	60.203	0	-0.767471	0.641083	0	786	630
ChainingRodShaped	960	2.22515	0.5	-8.84977	28.809	0	-0.199737	-0.97985	0	None	None
ChainingRodShaped	635	3.65624	0.5	10.3457	21.3813	0	-0.926479	-0.376347	0	562	634
ChainingRodShaped	637	4.98989	0.5	-6.55538	17.6051	0	0.998893	-0.0470372	0	None	None
ChainingRodShaped	639	4.05086	0.5	-148.75	-33.4309	0	-0.999533	-0.0305541	0	926	638
ChainingRodShaped	641	4.97944	0.5	-20.9389	13.365	0	0.990394	-0.138275	0	None	None
ChainingRodShaped	643	3.78035	0.5	-27.9866	28.1768	0	0.874358	0.485281	0	None	None
ChainingRodShaped	645	3.29243	0.5	-41.6132	34.8335	0	0.966882	-0.255225	0	None	None
ChainingRodShaped	647	3.65379	0.5	-27.5737	37.9828	0	0.918741	-0.39486	0	None	None
ChainingRodShaped	649	3.96277	0.5	-14.8863	18.9497	0	0.999813	-0.0193388	0	None	None
ChainingRodShaped	651	4.25856	0.5	-29.4968	32.0095	0	0.497442	0.867497	0	None	None
ChainingRodShaped	653	3.30718	0.5	45.5138	80.94	0	-0.469998	0.882667	0	614	652
ChainingRodShaped	655	4.00415	0.5	-52.4929	40.736	0	-0.174959	-0.984576	0	None	None
ChainingRodShaped	657	3.24129	0.5	-35.1622	48.5562	0	0.745188	-0.666854	0	None	None
ChainingRodShaped	659	3.17676	0.5	-25.7304	16.3354	0	0.941577	-0.336798	0	None	None
ChainingRodShaped	661	3.98445	0.5	-40.0378	56.0811	0	0.703253	-0.71094	0	None	None
ChainingRodShaped	663	3.80932	0.5	-25.2638	18.8898	0	0.999429	0.0338032	0	None	None
ChainingRodShaped	665	4.58355	0.5	-21.0832	42.5724	0	0.736263	0.676696	0	None	None
ChainingRodShaped	667	4.75716	0.5	-23.3873	30.4473	0	0.979708	-0.200429	0	None	None
ChainingRodShaped	669	3.65598	0.5	-19.9483	8.9177	0	0.788693	0.614787	0	None	None
ChainingRodShaped	671	4.60573	0.5	-37.4122	40.6419	0	0.784263	-0.620428	0	None	None
ChainingRodShaped	673	4.96142	0.5	-13.8582	31.8619	0	0.647816	-0.761797	0	None	None
ChainingRodShaped	675	4.27169	0.5	-4.44009	75.8551	0	0.441457	-0.897283	0	832	674
ChainingRodShaped	677	4.98258	0.5	-27.1987	41.6598	0	0.997311	0.0732799	0	None	None
ChainingRodShaped	679	3.52332	0.5	75.6675	53.186	0	-0.988862	0.148836	0	994	678
ChainingRodShaped	681	4.39958	0.5	-37.7997	50.2062	0	0.496079	-0.868277	0	None	None
ChainingRodShaped	683	4.51142	0.5	-21.9935	22.8903	0	-0.999609	-0.0279754	0	None	None
ChainingRodShaped	685	3.20197	0.5	-38.7271	15.8613	0	0.98863	-0.150367	0	None	None
ChainingRodShaped	687	4.13853	0.5	-39.6052	49.3955	0	0.520478	-0.853875	0	None	None
ChainingRodShaped	689	3.32882	0.5	-38.7578	19.6311	0	-0.999897	0.0143435	0	446	688
ChainingRodShaped	691	3.92538	0.5	-37.5537	44.6351	0	0.935259	-0.353965	0	None	None
ChainingRodShaped	693	4.37125	0.5	-9.21753	39.5578	0	0.513752	-0.857939	0	None	None
ChainingRodShaped	695	3.63513	0.5	-38.4765	30.1753	0	0.976226	-0.216755	0	None	None
ChainingRodShaped	697	4.64696	0.5	-33.0472	37.2179	0	0.966236	-0.257658	0	None	None
ChainingRodShaped	699	4.76891	0.5	-28.0404	11.0594	0	0.619865	-0.784708	0	None	None
ChainingRodShaped	701	3.14636	0.5	-45.4242	13.6666	0	0.934158	-0.356859	0	None	None
ChainingRodShaped	703	3.9573	0.5	-110.531	-29.157	0	-0.948987	-0.315315	0	838	702
ChainingRodShaped	705	3.83508	0.5	-15.7128	37.393	0	0.896095	-0.443862	0	None	None
ChainingRodShaped	707	4.16885	0.5	14.221	55.2747	0	0.7044	-0.709804	0	596	706
ChainingRodShaped	709	3.96344	0.5	-19.241	53.476	0	0.788296	-0.615296	0	None	None
ChainingRodShaped	711	4.49649	0.5	-52.2241	32.344	0	0.115348	-0.993325	0	None	None
ChainingRodShaped	713	3.95308	0.5	-35.7844	18.6138	0	0.999834	-0.0182128	0	None	None
ChainingRodShaped	715	3.7725	0.5	-49.9772	44.6987	0	-0.675875	-0.737016	0	None	None
ChainingRodShaped	717	4.35063	0.5	-38.4614	11.5839	0	0.999888	0.0149673	0	None	None
ChainingRodShaped	719	4.4783	0.5	-31.9759	15.7777	0	0.999944	-0.0105579	0	None	None
ChainingRodShaped	721	3.00342	0.5	-39.8717	38.8486	0	0.820641	-0.571444	0	None	None
ChainingRodShaped	723	3.49456	0.5	8.06172	107.558	0	-0.953522	-0.301325	0	874	722
ChainingRodShaped	725	3.99601	0.5	-43.2119	17.7344	0	0.873129	0.487489	0	None	None
ChainingRodShaped	727	2.77601	0.5	-47.4454	19.9419	0	-0.998674	0.0514813	0	688	726
ChainingRodShaped	729	3.06814	0.5	-24.7792	44.563	0	0.786176	0.618002	0	None	None
ChainingRodShaped	731	3.26882	0.5	-41.9626	38.1674	0	0.993423	-0.114498	0	None	None
ChainingRodShaped	733	3.13421	0.5	-4.44215	18.4866	0	0.998955	-0.0456997	0	None	None
ChainingRodShaped	735	3.71463	0.5	-16.375	18.0063	0	0.999862	-0.0166261	0	None	None
ChainingRodShaped	737	3.33607	0.5	54.4863	66.1861	0	-0.613916	0.789372	0	630	736
ChainingRodShaped	739	3.11458	0.5	-47.644	48.2299	0	-0.6946	-0.719397	0	None	None
ChainingRodShaped	741	3.94916	0.5	-38.254	16.781	0	0.990015	-0.140963	0	None	None
ChainingRodShaped	743	4.24206	0.5	-45.4838	47.6322	0	-0.690337	-0.723488	0	None	None
ChainingRodShaped	745	3.88163	0.5	-16.1885	23.5659	0	-0.49005	0.871694	0	None	None
ChainingRodShaped	747	2.90882	0.5	-33.7232	14.8061	0	0.999887	-0.0150055	0	None	None
ChainingRodShaped	749	3.90306	0.5	-30.9976	17.7392	0	0.999665	0.0258887	0	None	None
ChainingRodShaped	751	3.55984	0.5	-66.4571	18.6584	0	-0.947137	-0.32083	0	1038	750
ChainingRodShaped	753	3.60601	0.5	-50.9235	35.7943	0	0.670219	-0.742164	0	None	None
ChainingRodShaped	755	3.31745	0.5	-27.4139	40.6879	0	0.997232	0.0743558	0	None	None
ChainingRodShaped	757	3.04814	0.5	-29.6509	28.3334	0	0.869465	0.493995	0	None	None
ChainingRodShaped	759	3.02861	0.5	-78.089	11.3656	0	-0.70544	-0.70877	0	370	758
ChainingRodShaped	761	3.08543	0.5	-17.6542	26.3608	0	0.977261	-0.212042	0	None	None
ChainingRodShaped	763	3.97647	0.5	-36.0582	30.6218	0	0.974059	-0.226293	0	None	None
ChainingRodShaped	765	4.07925	0.5	-11.4393	45.1723	0	-0.764478	-0.644649	0	None	None
ChainingRodShaped	767	3.35153	0.5	22.3244	34.7987	0	-0.18237	-0.98323	0	590	766
ChainingRodShaped	769	4.16261	0.5	-12.2419	13.1001	0	0.920936	0.389713	0	None	None
ChainingRodShaped	771	3.71602	0.5	-6.82988	16.6444	0	0.998821	-0.048553	0	None	None
ChainingRodShaped	773	3.6636	0.5	-15.3978	17.0219	0	0.999711	-0.0240268	0	None	None
ChainingRodShaped	775	3.16675	0.5	-31.4152	22.154	0	-0.975461	0.220173	0	None	None
ChainingRodShaped	777	2.77336	0.5	89.3228	55.0219	0	-0.916504	-0.400025	0	812	776
ChainingRodShaped	779	3.55859	0.5	-45.3005	43.4756	0	-0.237065	-0.971494	0	None	None
ChainingRodShaped	781	3.77456	0.5	-49.2006	37.949	0	0.863267	-0.504748	0	None	None
ChainingRodShaped	783	3.63119	0.5	-23.076	53.1353	0	-0.896785	-0.442466	0	None	None
ChainingRodShaped	785	3.06966	0.5	-17.0865	23.1766	0	-0.488686	0.87246	0	None	None
ChainingRodShaped	787	3.32819	0.5	67.3116	55.6872	0	-0.907305	0.420472	0	678	786
ChainingRodShaped	789	3.16032	0.5	-30.8215	24.3316	0	-0.998049	-0.0624359	0	None	None
ChainingRodShaped	791	3.0582	0.5	-24.6601	33.5492	0	0.913321	-0.407241	0	None	None
ChainingRodShaped	793	2.8922	0.5	-17.3352	32.3609	0	0.813242	-0.581925	0	None	None
ChainingRodShaped	795	3.80365	0.5	-19.3739	46.6867	0	0.840906	0.541182	0	None	None
ChainingRodShaped	797	3.65107	0.5	-14.2636	13.3171	0	0.921125	0.389267	0	None	None
ChainingRodShaped	799	3.63893	0.5	-12.407	37.8899	0	0.309456	-0.950914	0	None	None
ChainingRodShaped	801	2.53008	0.5	0.353013	68.4675	0	0.647203	-0.762317	0	674	800
ChainingRodShaped	803	3.08072	0.5	-21.095	9.27817	0	0.789182	0.614159	0	None	None
ChainingRodShaped	805	2.67565	0.5	-24.2173	32.0959	0	0.844229	-0.535983	0	None	None
ChainingRodShaped	807	2.6444	0.5	-44.8648	27.7343	0	0.983457	0.181142	0	None	None
ChainingRodShaped	809	2.80664	0.5	-28.6185	36.3461	0	0.911455	-0.4114	0	None	None
ChainingRodShaped	811	3.71933	0.5	-23.8659	34.248	0	0.917347	-0.398089	0	None	None
ChainingRodShaped	813	3.32296	0.5	95.9664	58.9888	0	-0.795104	-0.606473	0	860	812
ChainingRodShaped	815	2.5771	0.5	-26.6796	19.8179	0	-0.999382	-0.0351432	0	932	814
ChainingRodShaped	817	3.1613	0.5	-31.1773	53.6361	0	0.986423	-0.164227	0	None	None
ChainingRodShaped	819	2.98063	0.5	-44.5331	15.5548	0	0.94099	-0.338436	0	None	None
ChainingRodShaped	821	2.97928	0.5	-82.7361	5.19599	0	-0.496534	-0.868017	0	758	820
ChainingRodShaped	823	3.29519	0.5	-50.4625	27.5083	0	0.953164	0.302455	0	None	None
ChainingRodShaped	825	2.46006	0.5	-91.4787	-14.0437	0	-0.515461	-0.856913	0	950	824
ChainingRodShaped	827	2.57895	0.5	-34.5514	34.2747	0	0.972341	-0.233566	0	None	None
ChainingRodShaped	829	3.47604	0.5	-33.7862	48.6553	0	0.756218	-0.65432	0	None	None
ChainingRodShaped	831	3.4676	0.5	-41.789	46.772	0	0.244499	-0.96965	0	None	None
ChainingRodShaped	833	2.82582	0.5	-6.95391	83.7674	0	0.122442	-0.992476	0	401	832
ChainingRodShaped	835	3.12153	0.5	-44.2567	32.5266	0	0.959749	-0.280859	0	None	None
ChainingRodShaped	837	3.23971	0.5	-37.4321	28.9707	0	0.97401	-0.226507	0	None	None
ChainingRodShaped	839	2.50454	0.5	-103.175	-25.8447	0	-0.851176	-0.524881	0	514	838
ChainingRodShaped	841	2.8302	0.5	-34.1929	12.6725	0	0.986834	-0.161738	0	None	None
ChainingRodShaped	843	3.31849	0.5	-30.9264	50.042	0	0.245316	-0.969443	0	None	None
ChainingRodShaped	845	2.80322	0.5	-37.5941	42.5524	0	0.943137	-0.332404	0	None	None
ChainingRodShaped	847	3.20701	0.5	-11.693	38.8974	0	0.308873	-0.951103	0	None	None
ChainingRodShaped	849	2.8523	0.5	131.114	124.535	0	-0.426649	-0.904417	0	920	848
ChainingRodShaped	851	2.87317	0.5	-41.0746	23.986	0	-0.945934	-0.32436	0	None	None
ChainingRodShaped	853	2.73714	0.5	-27.7599	49.1022	0	-0.492693	-0.870203	0	None	None
ChainingRodShaped	855	2.63794	0.5	-15.4304	44.5954	0	0.837884	0.545848	0	None	None
ChainingRodShaped	857	2.91605	0.5	-24.6374	46.9305	0	0.313294	0.949656	0	None	None
ChainingRodShaped	859	3.21886	0.5	-26.6227	11.892	0	0.884837	-0.465901	0	None	None
ChainingRodShaped	861	2.66137	0.5	101.645	64.2671	0	-0.660614	-0.750726	0	556	860
ChainingRodShaped	863	2.8095	0.5	-7.40693	15.6926	0	0.998743	-0.05012	0	None	None
ChainingRodShaped	865	2.91888	0.5	-85.8932	-1.48494	0	-0.371665	-0.928367	0	820	864
ChainingRodShaped	867	2.72999	0.5	-24.5134	43.5531	0	0.792314	0.610113	0	None	None
ChainingRodShaped	869	2.50848	0.5	-19.8009	34.6922	0	0.929277	-0.369383	0	None	None
ChainingRodShaped	871	3.1012	0.5	-21.9448	27.6442	0	-0.940088	-0.340932	0	None	None
ChainingRodShaped	873	3.23042	0.5	-51.4585	34.9262	0	0.672141	-0.740423	0	None	None
ChainingRodShaped	875	2.96459	0.5	15.5279	108.323	0	-0.993312	0.115465	0	376	874
ChainingRodShaped	877	2.93915	0.5	-47.8641	32.8555	0	0.730164	-0.683272	0	None	None
ChainingRodShaped	879	2.75115	0.5	-31.4522	42.1054	0	0.981184	0.193073	0	None	None
ChainingRodShaped	881	2.97904	0.5	-51.7452	24.5772	0	0.9821	0.188358	0	None	None
ChainingRodShaped	883	3.03052	0.5	-40.7275	15.1938	0	0.986786	-0.162029	0	None	None
ChainingRodShaped	885	3.13969	0.5	-19.2993	42.888	0	0.735801	0.677198	0	None	None
ChainingRodShaped	887	2.54607	0.5	-44.9806	30.6361	0	0.933892	-0.357555	0	None	None
ChainingRodShaped	889	2.7193	0.5	-44.4313	50.6056	0	-0.509428	-0.860513	0	None	None
ChainingRodShaped	891	3.00271	0.5	-31.9699	42.9975	0	0.982542	0.18604	0	None	None
ChainingRodShaped	893	2.92368	0.5	-42.5349	45.7348	0	0.254184	-0.967156	0	None	None
ChainingRodShaped	895	2.94094	0.5	-20.3234	44.6042	0	0.732332	0.680948	0	None	None
ChainingRodShaped	897	2.70944	0.5	-37.3477	56.2168	0	0.952182	-0.305533	0	None	None
ChainingRodShaped	899	2.56248	0.5	-27.1304	20.7673	0	-0.999306	-0.0372525	0	None	None
ChainingRodShaped	901	2.44206	0.5	-14.2587	42.5531	0	-0.964396	-0.264462	0	None	None
ChainingRodShaped	903	2.61467	0.5	-32.8071	34.9977	0	0.941563	-0.336838	0	None	None
ChainingRodShaped	905	2.66458	0.5	-34.0755	20.5821	0	-0.999999	-0.00159407	0	None	None
ChainingRodShaped	907	2.82603	0.5	-29.8444	25.3578	0	-0.99786	-0.065389	0	None	None
ChainingRodShaped	909	2.75224	0.5	-26.9588	14.8376	0	0.536834	-0.843688	0	None	None
ChainingRodShaped	911	2.37791	0.5	-44.1636	45.8595	0	0.681575	-0.731748	0	None	None
ChainingRodShaped	913	2.87286	0.5	-18.3957	39.5159	0	0.962634	-0.270807	0	None	None
ChainingRodShaped	915	2.93817	0.5	-33.4583	54.6698	0	0.930669	0.365863	0	None	None
ChainingRodShaped	917	2.83138	0.5	-22.4059	37.8152	0	0.929803	-0.368057	0	None	None
ChainingRodShaped	919	2.50888	0.5	-14.8238	16.0362	0	0.999596	-0.0284295	0	None	None
ChainingRodShaped	921	2.53366	0.5	134.22	131.076	0	-0.430585	-0.90255	0	449	920
ChainingRodShaped	923	2.70008	0.5	-33.998	36.4464	0	0.968274	-0.249893	0	None	None
ChainingRodShaped	925	2.80499	0.5	-25.4603	14.2983	0	0.538552	-0.842593	0	None	None
ChainingRodShaped	927	2.51954	0.5	-141.199	-33.1956	0	-0.999447	-0.0332435	0	491	926
ChainingRodShaped	929	2.4834	0.5	-40.5487	47.2278	0	0.51458	-0.857443	0	None	None
ChainingRodShaped	931	2.7751	0.5	-21.8185	52.6498	0	-0.896891	-0.442251	0	None	None
ChainingRodShaped	933	2.39569	0.5	-20.1068	19.9754	0	-0.99998	-0.00636162	0	588	932
ChainingRodShaped	935	2.56174	0.5	-14.4777	20.8862	0	-0.999868	0.0162387	0	None	None
ChainingRodShaped	937	2.2242	0.5	-129.439	-32.6205	0	-0.996788	-0.0800888	0	558	936
ChainingRodShaped	939	2.30469	0.5	-33.2844	50.354	0	0.537927	-0.842991	0	None	None
ChainingRodShaped	941	2.52933	0.5	108.111	73.4849	0	-0.487416	-0.87317	0	620	940
ChainingRodShaped	943	2.53939	0.5	-20.3469	27.1265	0	-0.863519	-0.504317	0	None	None
ChainingRodShaped	945	2.24187	0.5	-16.5321	36.0875	0	0.558989	-0.829175	0	None	None
ChainingRodShaped	947	2.43313	0.5	-17.5891	48.6933	0	0.998	-0.0632156	0	None	None
ChainingRodShaped	949	2.53711	0.5	-40.0879	52.6133	0	0.315454	-0.948941	0	None	None
ChainingRodShaped	951	2.40932	0.5	-88.5949	-8.27612	0	-0.387653	-0.921805	0	864	950
ChainingRodShaped	953	2.55682	0.5	-40.3419	36.5894	0	0.90183	-0.432091	0	None	None
ChainingRodShaped	955	2.49886	0.5	-26.2273	25.3839	0	-0.507834	-0.861455	0	None	None
ChainingRodShaped	957	2.23715	0.5	-36.5755	24.296	0	-0.977117	-0.212703	0	None	None
ChainingRodShaped	959	2.47173	0.5	-50.9668	25.9316	0	0.997361	-0.0726021	0	None	None
ChainingRodShaped	961	2.47596	0.5	-8.06007	32.0528	0	-0.299114	-0.954217	0	None	None
ChainingRodShaped	963	2.48793	0.5	-44.428	36.5797	0	0.960842	-0.277099	0	None	None
ChainingRodShaped	965	2.43404	0.5	-25.9119	38.6308	0	0.989453	-0.144856	0	None	None
ChainingRodShaped	967	2.23236	0.5	-45.659	38.7268	0	0.995803	-0.0915172	0	None	None
ChainingRodShaped	969	2.41277	0.5	-30.4891	12.63	0	0.530565	-0.847644	0	None	None
ChainingRodShaped	971	2.29989	0.5	-32.9657	38.2158	0	0.964906	-0.262597	0	None	None
ChainingRodShaped	973	2.24587	0.5	-31.1041	23.3596	0	-0.998623	-0.0524627	0	None	None
ChainingRodShaped	975	2.16155	0.5	-42.0152	56.3907	0	0.432657	-0.901559	0	None	None
ChainingRodShaped	977	2.25241	0.5	-41.8858	26.6204	0	1	-0.000627253	0	None	None
ChainingRodShaped	979	2.36872	0.5	-20.8111	12.3627	0	0.989203	-0.146551	0	None	None
ChainingRodShaped	981	2.3209	0.5	-22.5434	39.9834	0	0.978173	-0.207793	0	None	None
ChainingRodShaped	983	2.21523	0.5	2.61917	19.4984	0	-0.995907	-0.0903889	0	634	982
ChainingRodShaped	985	2.28205	0.5	-47.5348	40.6763	0	0.968498	0.249022	0	None	None
ChainingRodShaped	987	2.12708	0.5	3.94674	18.6352	0	0.990405	0.138192	0	None	None
ChainingRodShaped	989	2.17879	0.5	-20.2858	35.934	0	0.932264	-0.361779	0	None	None
ChainingRodShaped	991	2.18794	0.5	-20.4974	40.8426	0	0.99833	0.0577617	0	None	None
ChainingRodShaped	993	2.23687	0.5	-34.5399	33.2584	0	0.972427	-0.233209	0	None	None
ChainingRodShaped	995	2.12367	0.5	82.5536	53.0511	0	-0.990384	-0.138343	0	776	994
ChainingRodShaped	997	2.23364	0.5	-37.3209	14.0972	0	0.877273	-0.479993	0	None	None
ChainingRodShaped	999	2.21283	0.5	-44.9742	51.6354	0	-0.51041	-0.859931	0	None	None
ChainingRodShaped	1001	2.1931	0.5	-38.8171	53.4446	0	0.706562	-0.707652	0	None	None
ChainingRodShaped	1003	2.07407	0.5	-38.2225	43.8419	0	0.93419	-0.356777	0	None	None
ChainingRodShaped	1005	2.07556	0.5	119.708	99.1302	0	-0.390802	-0.920475	0	439	1004
ChainingRodShaped	1007	2.19323	0.5	-9.44764	44.8704	0	-0.336901	-0.94154	0	None	None
ChainingRodShaped	1009	2.11271	0.5	-12.0609	26.0597	0	-0.682436	-0.730945	0	None	None
ChainingRodShaped	1011	2.14907	0.5	-47.0618	39.7819	0	0.973688	0.227887	0	None	None
ChainingRodShaped	1013	2.0749	0.5	-2.06041	17.4137	0	0.999577	-0.0290863	0	None	None
ChainingRodShaped	1015	2.07192	0.5	5.66897	63.0804	0	0.741508	-0.670944	0	800	1014
ChainingRodShaped	1017	2.13939	0.5	-53.3651	36.7732	0	-0.321419	-0.946937	0	None	None
ChainingRodShaped	1019	2.09733	0.5	-11.222	28.3169	0	0.734763	-0.678324	0	None	None
ChainingRodShaped	1021	2.06189	0.5	-5.43042	95.7944	0	-0.433217	-0.90129	0	592	1020
ChainingRodShaped	1023	2.04616	0.5	-39.4166	39.71	0	0.821806	-0.569767	0	None	None
ChainingRodShaped	1025	2.09972	0.5	-12.6449	26.8815	0	-0.684764	-0.728765	0	None	None
ChainingRodShaped	1027	2.05374	0.5	-27.8618	39.6928	0	0.996522	0.0833281	0	None	None
ChainingRodShaped	1029	2.0549	0.5	-39.0069	21.6339	0	-0.93299	-0.359902	0	None	None
ChainingRodShaped	1031	2.05532	0.5	-13.6178	11.4087	0	0.909635	0.415409	0	None	None
ChainingRodShaped	1033	2.0279	0.5	-27.0417	25.9103	0	-0.508691	-0.860949	0	None	None
ChainingRodShaped	1035	2.01635	0.5	-44.7895	20.784	0	-0.999188	0.0402874	0	None	None
ChainingRodShaped	1037	2.03812	0.5	-21.8991	38.6628	0	0.927474	-0.373889	0	None	None
ChainingRodShaped	1039	2.0091	0.5	-60.0192	20.0807	0	-0.996015	-0.0891912	0	505	1038
ChainingRodShaped	1041	2.01974	0.5	-31.6146	52.707	0	0.985024	-0.172416	0	None	None
ChainingRodShaped	1043	2.0083	0.5	-42.8892	43.0483	0	0.209999	-0.977702	0	None	None
ChainingRodShaped	1045	2.00408	0.5	-34.485	40.4845	0	0.983046	0.183358	0	None	None
