cell_type	cell_id	length	radius	pos_x	pos_y	pos_z	ori_x	ori_y	ori_z	lower_link	upper_link
ChainingRodShaped	5577	4.45435	0.5	-11.2874	10.8042	0	-0.978525	-0.20613	0	None	None
ChainingRodShaped	5641	4.50293	0.5	26.7066	34.3876	0	-0.453022	-0.891499	0	None	None
ChainingRodShaped	6379	2.48517	0.5	-18.5601	19.2676	0	-0.0989857	-0.995089	0	None	None
ChainingRodShaped	5985	3.84385	0.5	-18.7061	12.0502	0	-0.283564	-0.958953	0	None	None
ChainingRodShaped	5571	3.21227	0.5	45.2652	27.7856	0	0.573171	-0.819436	0	5572	None
ChainingRodShaped	5333	4.62763	0.5	24.4045	40.7946	0	0.333631	0.942704	0	6149	None
ChainingRodShaped	6543	2.08047	0.5	-0.54154	28.3007	0	-0.267586	0.963534	0	6544	None
ChainingRodShaped	5551	4.53258	0.5	38.8878	29.4046	0	0.379675	-0.92512	0	5552	None
ChainingRodShaped	6393	2.17964	0.5	-3.90014	39.6541	0	-0.358577	0.9335	0	6394	None
ChainingRodShaped	6411	2.7339	0.5	9.13048	15.3019	0	-0.556541	-0.83082	0	None	None
ChainingRodShaped	6423	2.2142	0.5	38.3145	28.1063	0	0.410325	-0.911939	0	6424	None
ChainingRodShaped	5259	4.7672	0.5	14.5277	45.8989	0	0.154271	-0.988029	0	5260	None
ChainingRodShaped	6589	2.03968	0.5	12.8314	44.4506	0	-0.153879	0.98809	0	None	None
ChainingRodShaped	5677	4.34546	0.5	18.2619	28.4512	0	-0.531569	-0.847015	0	None	None
ChainingRodShaped	5511	4.70523	0.5	-2.39126	17.4524	0	0.978459	0.206441	0	None	None
ChainingRodShaped	6247	3.01327	0.5	-1.55028	28.4012	0	0.257936	-0.966162	0	None	None
ChainingRodShaped	6199	3.74608	0.5	-41.1595	21.2754	0	-0.883569	0.468302	0	None	None
ChainingRodShaped	6111	2.4163	0.5	1.13892	28.9264	0	-0.182729	0.983163	0	6112	None
ChainingRodShaped	5643	4.47489	0.5	23.589	26.1612	0	-0.45295	-0.891536	0	5644	None
ChainingRodShaped	5061	4.6446	0.5	4.55027	50.6843	0	0.429683	-0.90298	0	5783	None
ChainingRodShaped	6563	2.01979	0.5	35.4635	60.873	0	0.762737	0.646709	0	6564	None
ChainingRodShaped	5057	4.73775	0.5	-36.3437	61.5908	0	-0.800104	0.599861	0	6187	None
ChainingRodShaped	6075	4.33257	0.5	-37.0669	55.9515	0	-0.974125	-0.22601	0	None	None
ChainingRodShaped	5567	3.17619	0.5	4.37736	22.6792	0	0.0176339	0.999845	0	5568	None
ChainingRodShaped	6599	2.00007	0.5	-37.9068	20.6741	0	0.886336	-0.463043	0	None	None
ChainingRodShaped	5431	4.24159	0.5	36.9117	58.9	0	0.439324	0.898329	0	5432	None
ChainingRodShaped	5817	4.51833	0.5	10.5903	22.6515	0	0.865992	0.500058	0	None	None
ChainingRodShaped	6471	2.50289	0.5	4.65908	47.4372	0	-0.152019	0.988378	0	None	None
ChainingRodShaped	5671	2.80926	0.5	-3.38972	48.8445	0	-0.807127	0.590378	0	5672	None
ChainingRodShaped	5921	4.67202	0.5	-17.7111	34.6972	0	0.454308	-0.890845	0	None	None
ChainingRodShaped	6041	3.55953	0.5	-35.1115	21.6606	0	0.366814	-0.930294	0	None	None
ChainingRodShaped	5539	4.72212	0.5	12.7515	33.0669	0	0.993924	-0.110069	0	None	None
ChainingRodShaped	5717	3.73485	0.5	0.813073	13.0211	0	0.963865	0.266391	0	5718	None
ChainingRodShaped	6015	3.02906	0.5	5.05854	9.97897	0	-0.0262679	-0.999655	0	6016	None
ChainingRodShaped	6475	2.29641	0.5	-16.3304	66.054	0	-0.439944	0.898025	0	None	None
ChainingRodShaped	6157	3.55484	0.5	47.3381	36.5982	0	0.40199	-0.915644	0	None	None
ChainingRodShaped	6097	3.69232	0.5	-49.9146	48.6519	0	-0.908629	0.417605	0	None	None
ChainingRodShaped	5503	3.87879	0.5	-35.2994	55.3551	0	0.973254	0.22973	0	5504	None
ChainingRodShaped	6137	3.18779	0.5	-18.8039	43.0522	0	0.735112	0.677946	0	None	None
ChainingRodShaped	6509	2.1407	0.5	-37.6128	31.5464	0	-0.724297	-0.689489	0	6510	None
ChainingRodShaped	5909	3.98386	0.5	24.295	21.2885	0	-0.996801	0.0799275	0	None	None
ChainingRodShaped	6333	2.46251	0.5	15.5761	52.9201	0	-0.915692	-0.401881	0	6334	None
ChainingRodShaped	6121	4.36537	0.5	-23.0522	11.4999	0	0.407253	-0.913315	0	None	None
ChainingRodShaped	6501	2.18142	0.5	-0.845079	34.4887	0	-0.519484	0.85448	0	6502	None
ChainingRodShaped	6383	2.33985	0.5	14.9194	23.3768	0	-0.353358	-0.935488	0	6384	None
ChainingRodShaped	5517	3.83024	0.5	20.7265	17.5806	0	-0.15111	-0.988517	0	5518	None
ChainingRodShaped	5409	3.47736	0.5	36.1405	48.8445	0	0.672241	0.740333	0	5410	None
ChainingRodShaped	5005	4.9405	0.5	31.3145	49.6752	0	-0.437806	-0.899069	0	5561	None
ChainingRodShaped	5313	4.98497	0.5	51.6781	51.9458	0	0.998369	0.0570902	0	5314	None
ChainingRodShaped	5693	3.63713	0.5	7.09055	14.0344	0	-0.556123	-0.8311	0	5694	None
ChainingRodShaped	6275	3.24001	0.5	-14.9156	49.0853	0	-0.187409	-0.982282	0	None	None
ChainingRodShaped	5565	4.48225	0.5	1.36832	16.4892	0	-0.184733	0.982789	0	None	None
ChainingRodShaped	6029	4.54672	0.5	-13.9206	66.2121	0	-0.858914	0.512121	0	None	None
ChainingRodShaped	5509	4.92035	0.5	-29.4675	41.9204	0	-0.730871	-0.682516	0	None	None
ChainingRodShaped	6515	2.38594	0.5	-35.5459	46.1137	0	-0.638087	-0.769965	0	None	None
ChainingRodShaped	5949	3.76315	0.5	-1.83179	18.5685	0	0.979425	0.201811	0	None	None
ChainingRodShaped	5963	2.61526	0.5	6.30951	46.4988	0	-0.545425	0.83816	0	5964	None
ChainingRodShaped	5311	3.73275	0.5	10.3218	53.9327	0	0.738819	-0.673904	0	5312	None
ChainingRodShaped	6427	2.41178	0.5	3.95131	45.7294	0	0.142133	-0.989848	0	None	None
ChainingRodShaped	6533	2.25441	0.5	1.15729	48.7538	0	0.502156	-0.864777	0	None	None
ChainingRodShaped	5673	4.15505	0.5	2.60763	60.9146	0	0.744709	-0.66739	0	5674	5312
ChainingRodShaped	5847	2.80681	0.5	10.7253	39.8116	0	-0.557825	0.829958	0	5848	5964
ChainingRodShaped	5655	4.07498	0.5	-0.394392	24.0517	0	0.259921	-0.96563	0	None	None
ChainingRodShaped	6343	2.49326	0.5	-33.1266	42.2495	0	-0.988039	-0.154202	0	None	None
ChainingRodShaped	6313	3.31887	0.5	-23.0324	43.5877	0	0.370103	0.928991	0	None	None
ChainingRodShaped	6349	2.5518	0.5	-12.5387	60.1993	0	-0.42919	0.903214	0	None	None
ChainingRodShaped	5507	4.5906	0.5	-1.96292	16.5394	0	0.977836	0.209371	0	None	None
ChainingRodShaped	6171	3.09028	0.5	-18.9078	60.6022	0	0.644482	0.76462	0	None	None
ChainingRodShaped	6045	2.42498	0.5	12.0138	21.3069	0	-0.566074	-0.824354	0	6046	5694
ChainingRodShaped	5403	4.05622	0.5	40.7402	51.3189	0	0.998342	0.0575649	0	5404	5314
ChainingRodShaped	5561	3.57066	0.5	33.6132	54.3998	0	-0.437121	-0.899403	0	5562	5005
ChainingRodShaped	5917	2.51443	0.5	30.1578	42.2699	0	0.674282	0.738474	0	5918	5410
ChainingRodShaped	5383	3.46153	0.5	22.0611	26.522	0	-0.141351	-0.98996	0	6369	5518
ChainingRodShaped	5467	4.50166	0.5	17.5498	30.4571	0	-0.343273	-0.939236	0	5468	6384
ChainingRodShaped	5601	3.03842	0.5	6.13298	23.3585	0	-0.537404	0.843325	0	5602	6388
ChainingRodShaped	5905	3.46286	0.5	-29.0584	16.7019	0	0.121737	-0.992562	0	None	None
ChainingRodShaped	5439	4.25568	0.5	27.4536	58.1578	0	-0.913605	-0.406603	0	5440	5288
ChainingRodShaped	6361	2.45483	0.5	23.2169	23.3941	0	-0.620839	-0.783938	0	None	None
ChainingRodShaped	6093	2.39517	0.5	-28.7285	39.9795	0	-0.725936	-0.687762	0	6094	5252
ChainingRodShaped	6229	3.62912	0.5	-18.0605	39.3981	0	-0.969405	0.245468	0	None	None
ChainingRodShaped	5891	3.03409	0.5	-44.8391	53.0887	0	0.972438	0.233161	0	5892	5504
ChainingRodShaped	5875	4.04893	0.5	-45.4802	47.3789	0	-0.904581	0.426301	0	None	None
ChainingRodShaped	6099	3.02709	0.5	42.4927	35.7586	0	-0.0793314	-0.996848	0	None	None
ChainingRodShaped	6205	3.70244	0.5	-16.7399	62.2372	0	-0.441995	0.897018	0	None	None
ChainingRodShaped	6037	3.01026	0.5	5.26129	17.8758	0	-0.0232262	-0.99973	0	6038	6016
ChainingRodShaped	5451	4.65395	0.5	-9.03881	10.2587	0	0.961799	0.273756	0	5452	5718
ChainingRodShaped	5855	4.56124	0.5	12.2911	35.8233	0	0.558806	-0.829299	0	None	None
ChainingRodShaped	6451	2.51291	0.5	-37.7659	23.0255	0	0.398896	-0.916996	0	None	None
ChainingRodShaped	6057	3.9866	0.5	-15.9848	48.5095	0	-0.181388	-0.983412	0	None	None
ChainingRodShaped	5387	4.3255	0.5	4.15955	43.2965	0	-0.802412	0.59677	0	5388	5672
ChainingRodShaped	6251	3.02788	0.5	7.24588	46.7766	0	-0.536999	0.843583	0	None	None
ChainingRodShaped	6507	2.25553	0.5	10.4674	28.8701	0	0.986648	0.162867	0	None	None
ChainingRodShaped	5355	4.14039	0.5	32.7456	50.3614	0	0.436886	0.899517	0	6583	5432
ChainingRodShaped	5625	4.4993	0.5	-42.4901	32.2162	0	-0.24304	-0.970016	0	None	None
ChainingRodShaped	5291	4.08331	0.5	4.18752	14.0134	0	0.0284516	0.999595	0	5292	5568
ChainingRodShaped	5807	4.62376	0.5	-34.3873	58.3653	0	-0.898962	0.438026	0	None	None
ChainingRodShaped	6187	2.73086	0.5	-32.5598	58.7511	0	-0.799336	0.600884	0	6188	5057
ChainingRodShaped	5297	4.97858	0.5	25.5201	52.3739	0	0.756378	0.654135	0	6213	5398
ChainingRodShaped	5783	2.83508	0.5	2.51474	54.9643	0	0.429177	-0.90322	0	5784	5061
ChainingRodShaped	6351	2.39491	0.5	27.959	34.6942	0	-0.456788	-0.889575	0	6352	5644
ChainingRodShaped	5893	2.68689	0.5	2.40007	22.0683	0	-0.179615	0.983737	0	5894	6112
ChainingRodShaped	6039	4.23198	0.5	-33.0282	31.1516	0	-0.124854	0.992175	0	None	None
ChainingRodShaped	6261	2.82566	0.5	-2.94653	26.3531	0	0.81659	-0.577218	0	None	None
ChainingRodShaped	5605	4.72808	0.5	-11.6095	22.0438	0	0.866473	-0.499224	0	None	None
ChainingRodShaped	6071	3.89596	0.5	17.3566	39.2068	0	-0.000867526	-1	0	None	None
ChainingRodShaped	6021	3.37258	0.5	15.4882	45.8151	0	-0.150249	0.988648	0	None	None
ChainingRodShaped	5549	3.15784	0.5	12.9598	55.7991	0	0.158668	-0.987332	0	5550	5260
ChainingRodShaped	5319	3.93245	0.5	35.3242	34.7315	0	0.41247	-0.910971	0	5320	6424
ChainingRodShaped	6113	3.55962	0.5	10.6099	14.6858	0	-0.798271	-0.602298	0	None	None
ChainingRodShaped	6237	2.50571	0.5	-1.52686	33.5505	0	-0.367398	0.930064	0	6238	6394
ChainingRodShaped	5859	3.59754	0.5	35.2084	38.3956	0	0.377642	-0.925952	0	5860	5552
ChainingRodShaped	6545	2.03213	0.5	2.01997	18.4147	0	-0.229977	0.973196	0	6546	5502
ChainingRodShaped	6211	2.60875	0.5	20.3934	29.7946	0	0.353364	0.935486	0	6212	6150
ChainingRodShaped	5913	3.28065	0.5	40.3676	34.802	0	0.570881	-0.821033	0	5914	5572
ChainingRodShaped	6173	3.16189	0.5	-23.1461	23.9907	0	0.597414	-0.801933	0	None	None
ChainingRodShaped	6115	2.97924	0.5	-16.4334	22.5827	0	0.0782059	-0.996937	0	None	None
ChainingRodShaped	6381	2.64047	0.5	23.9597	33.2941	0	-0.139561	-0.990213	0	None	None
ChainingRodShaped	6417	2.35585	0.5	-16.9385	9.03067	0	0.930223	0.366996	0	None	None
ChainingRodShaped	6243	2.79123	0.5	28.375	33.354	0	-0.453802	-0.891103	0	None	None
ChainingRodShaped	6227	3.74659	0.5	19.459	32.848	0	-0.341521	-0.939874	0	None	None
ChainingRodShaped	6191	3.71072	0.5	-46.1886	31.8265	0	0.0641574	-0.99794	0	None	None
ChainingRodShaped	6241	2.80127	0.5	-22.4377	18.6879	0	0.504496	-0.863414	0	None	None
ChainingRodShaped	6575	2.06313	0.5	-21.9902	39.5055	0	-0.655517	0.75518	0	None	None
ChainingRodShaped	6435	2.25429	0.5	2.58725	41.0819	0	0.910052	-0.414494	0	None	None
ChainingRodShaped	6269	3.0381	0.5	-18.0585	28.1684	0	0.532169	-0.846638	0	None	None
ChainingRodShaped	6175	2.88863	0.5	23.2318	43.5165	0	0.453956	-0.891024	0	None	None
ChainingRodShaped	6239	2.88931	0.5	-10.3781	59.7714	0	-0.872109	0.489312	0	None	None
ChainingRodShaped	6177	3.15702	0.5	-42.0583	51.7542	0	-0.978022	-0.2085	0	None	None
ChainingRodShaped	5895	3.92387	0.5	7.44639	37.9865	0	0.920353	-0.391089	0	None	None
ChainingRodShaped	6007	4.17232	0.5	-35.652	30.7009	0	-0.728035	-0.68554	0	None	None
ChainingRodShaped	6165	3.4015	0.5	10.1322	26.3011	0	-0.302739	-0.953074	0	None	None
ChainingRodShaped	5635	4.12075	0.5	-11.5476	29.6211	0	-0.516209	-0.856463	0	None	None
ChainingRodShaped	6185	2.78983	0.5	-41.4321	52.89	0	-0.97711	-0.212734	0	None	None
ChainingRodShaped	6591	2.01636	0.5	24.2523	23.1157	0	-0.624391	-0.781112	0	None	None
ChainingRodShaped	5747	4.53783	0.5	-33.9527	45.5807	0	-0.842681	-0.538413	0	None	None
ChainingRodShaped	6489	2.43887	0.5	-6.11406	16.8555	0	0.772657	-0.634824	0	None	None
ChainingRodShaped	5735	4.63061	0.5	43.6161	38.6402	0	-0.0128856	-0.999917	0	None	None
ChainingRodShaped	5923	4.55539	0.5	2.5349	48.8917	0	0.135441	-0.990785	0	None	None
ChainingRodShaped	5833	3.71605	0.5	-14.9095	60.7014	0	-0.423624	0.905838	0	None	None
ChainingRodShaped	5955	3.69539	0.5	-19.1025	40.6264	0	-0.966899	0.255161	0	None	None
ChainingRodShaped	5981	4.63498	0.5	-30.5029	14.948	0	0.734368	-0.678751	0	None	None
ChainingRodShaped	6263	2.59552	0.5	19.7839	38.6157	0	0.321801	0.946807	0	None	None
ChainingRodShaped	6425	2.44484	0.5	-18.3131	55.8231	0	0.834176	0.551499	0	None	None
ChainingRodShaped	5429	4.97981	0.5	6.80754	35.1284	0	0.918258	-0.395982	0	None	None
ChainingRodShaped	6055	4.23104	0.5	16.7621	14.4224	0	-0.454198	0.890901	0	None	None
ChainingRodShaped	6065	4.5858	0.5	-10.2701	61.897	0	-0.874902	0.4843	0	None	None
ChainingRodShaped	6201	3.0209	0.5	-1.00664	21.6075	0	0.899179	-0.43758	0	None	None
ChainingRodShaped	5785	3.78331	0.5	-19.6159	61.3286	0	0.661128	0.750273	0	None	None
ChainingRodShaped	6577	2.07059	0.5	39.0604	38.7319	0	0.416389	-0.909187	0	None	None
ChainingRodShaped	5869	3.72948	0.5	-17.1266	14.0528	0	-0.236836	-0.97155	0	None	None
ChainingRodShaped	5789	4.41534	0.5	-20.3824	45.9156	0	0.633094	0.774075	0	None	None
ChainingRodShaped	6105	4.39366	0.5	-41.7125	27.3101	0	0.240033	-0.970765	0	None	None
ChainingRodShaped	5863	3.98111	0.5	-19.6744	57.2424	0	0.83879	0.544455	0	None	None
ChainingRodShaped	5839	3.98142	0.5	16.4721	52.2433	0	-0.917279	-0.398245	0	None	None
ChainingRodShaped	6553	2.13108	0.5	3.65213	58.6618	0	-0.751297	0.659964	0	None	None
ChainingRodShaped	6043	4.85227	0.5	15.4658	40.3441	0	0.00190643	0.999998	0	None	None
ChainingRodShaped	6147	3.64228	0.5	-3.84059	29.5792	0	0.25348	-0.967341	0	None	None
ChainingRodShaped	6087	4.59563	0.5	-31.2709	32.4443	0	-0.133401	0.991062	0	None	None
ChainingRodShaped	6523	2.16111	0.5	-40.6204	23.5096	0	0.751424	-0.659819	0	None	None
ChainingRodShaped	6283	3.26044	0.5	-13.7236	39.3815	0	-0.988423	-0.151722	0	None	None
ChainingRodShaped	5613	4.22709	0.5	-17.4307	43.0448	0	-0.72887	-0.684653	0	None	None
ChainingRodShaped	6537	2.12678	0.5	-0.0692757	20.0956	0	0.903509	-0.428569	0	None	None
ChainingRodShaped	5779	4.89228	0.5	-16.6198	10.2101	0	0.929219	0.36953	0	None	None
ChainingRodShaped	6403	2.44033	0.5	-26.8696	14.5081	0	0.03698	-0.999316	0	None	None
ChainingRodShaped	6519	2.13716	0.5	-29.3004	32.0781	0	0.149012	-0.988835	0	None	None
ChainingRodShaped	6033	3.57874	0.5	13.4034	37.5362	0	0.570138	-0.821549	0	None	None
ChainingRodShaped	5883	4.98631	0.5	-7.96255	13.441	0	0.991732	-0.128324	0	None	None
ChainingRodShaped	5683	3.96393	0.5	-10.5257	60.9446	0	-0.875592	0.483051	0	None	None
ChainingRodShaped	6341	2.6669	0.5	26.6613	30.053	0	-0.448076	-0.893996	0	None	None
ChainingRodShaped	5877	4.3252	0.5	14.4085	17.7381	0	-0.583228	-0.812308	0	None	None
ChainingRodShaped	6223	2.59699	0.5	-40.4149	35.9705	0	-0.854108	-0.520096	0	None	None
ChainingRodShaped	6371	2.91009	0.5	23.442	47.0604	0	-0.292016	-0.956413	0	None	None
ChainingRodShaped	5991	3.88593	0.5	-47.6475	33.6289	0	0.243887	-0.969804	0	None	None
ChainingRodShaped	6429	2.34939	0.5	-33.1601	18.3203	0	0.713621	-0.700532	0	None	None
ChainingRodShaped	6259	3.43472	0.5	-46.0821	44.1967	0	-0.941574	0.336806	0	None	None
ChainingRodShaped	6443	2.60813	0.5	12.5537	31.1978	0	0.99391	-0.110193	0	None	None
ChainingRodShaped	6153	4.08419	0.5	-22.32	35.5149	0	-0.201686	0.97945	0	None	None
ChainingRodShaped	6433	2.64652	0.5	-20.405	10.5785	0	0.318398	-0.947957	0	None	None
ChainingRodShaped	6405	2.66663	0.5	-2.1358	53.4889	0	0.416112	-0.909313	0	None	None
ChainingRodShaped	5585	4.77381	0.5	-33.0527	26.1629	0	-0.932456	0.361284	0	None	None
ChainingRodShaped	6329	3.1737	0.5	-11.9096	46.5715	0	-0.782463	-0.622698	0	None	None
ChainingRodShaped	5943	3.49341	0.5	-43.9819	50.3936	0	-0.678581	0.734526	0	None	None
ChainingRodShaped	5769	4.89026	0.5	6.77081	39.3106	0	0.9239	-0.382634	0	None	None
ChainingRodShaped	6031	3.88706	0.5	-20.3045	14.944	0	0.487807	-0.872952	0	None	None
ChainingRodShaped	6023	4.79048	0.5	-32.3131	45.4945	0	-0.842464	-0.538753	0	None	None
ChainingRodShaped	5935	4.71752	0.5	45.766	42.2386	0	0.475556	-0.879685	0	None	None
ChainingRodShaped	5529	4.55027	0.5	-43.7228	42.1384	0	0.912023	-0.41014	0	None	None
ChainingRodShaped	6525	2.20987	0.5	-15.024	42.7267	0	-0.735477	-0.677549	0	None	None
ChainingRodShaped	6035	3.4975	0.5	42.0822	44.8377	0	0.90996	-0.414696	0	None	None
ChainingRodShaped	5761	4.84595	0.5	22.5122	40.8107	0	0.071589	-0.997434	0	None	None
ChainingRodShaped	6207	3.7195	0.5	-9.0777	37.8461	0	-0.627516	-0.778604	0	None	None
ChainingRodShaped	6453	2.2254	0.5	-16.7518	60.0652	0	-0.450942	0.892553	0	None	None
ChainingRodShaped	6127	2.3898	0.5	36.1774	40.8833	0	0.563065	-0.826413	0	6128	5914
ChainingRodShaped	5252	4.87695	0.5	-32.0953	36.7898	0	-0.726202	-0.687481	0	6093	6510
ChainingRodShaped	5887	3.43372	0.5	-38.8094	40.3339	0	-0.507973	-0.861373	0	None	None
ChainingRodShaped	6301	2.75289	0.5	-3.74608	54.5678	0	0.460931	-0.887436	0	None	None
ChainingRodShaped	5258	3.64139	0.5	-53.267	51.0626	0	0.972241	0.23398	0	None	5892
ChainingRodShaped	5260	4.06146	0.5	13.6861	51.2489	0	0.15683	-0.987626	0	5549	5259
ChainingRodShaped	6407	2.63757	0.5	-11.6418	19.5497	0	0.803192	0.59572	0	None	None
ChainingRodShaped	6539	2.18702	0.5	25.0046	33.8708	0	-0.149456	-0.988768	0	None	None
ChainingRodShaped	6409	2.58039	0.5	-37.5933	30.2276	0	-0.731157	-0.68221	0	None	None
ChainingRodShaped	6593	2.02847	0.5	24.7614	44.4071	0	-0.40792	-0.913018	0	None	None
ChainingRodShaped	5871	3.91414	0.5	-36.3252	54.1118	0	0.970909	0.23945	0	None	None
ChainingRodShaped	5597	4.88208	0.5	-26.0826	38.3042	0	-0.218071	0.975933	0	None	None
ChainingRodShaped	6089	3.11585	0.5	33.0488	34.7169	0	-0.932458	0.361278	0	None	None
ChainingRodShaped	6389	2.79712	0.5	-31.3939	44.9637	0	-0.847811	-0.530299	0	None	None
ChainingRodShaped	5907	4.02854	0.5	2.22778	57.8521	0	-0.427048	0.904229	0	None	None
ChainingRodShaped	6135	3.82513	0.5	-29.5436	40.5344	0	-0.730047	-0.683397	0	None	None
ChainingRodShaped	5483	4.76909	0.5	30.2154	27.3119	0	-0.878152	-0.478382	0	None	None
ChainingRodShaped	6231	2.87758	0.5	-12.3335	64.1302	0	-0.891915	0.452204	0	None	None
ChainingRodShaped	6395	2.40264	0.5	-14.5574	22.7473	0	0.0981265	-0.995174	0	None	None
ChainingRodShaped	5288	4.1764	0.5	22.6917	56.0479	0	-0.914951	-0.403565	0	5439	6334
ChainingRodShaped	6517	2.17198	0.5	-12.205	30.3734	0	-0.516163	-0.85649	0	None	None
ChainingRodShaped	5292	4.151	0.5	4.03809	8.89989	0	0.029876	0.999554	0	None	5291
ChainingRodShaped	6083	3.06974	0.5	-38.4974	33.3856	0	-0.720695	-0.693253	0	None	None
ChainingRodShaped	5857	4.13762	0.5	-44.1612	34.7309	0	-0.0503421	-0.998732	0	None	None
ChainingRodShaped	6213	2.4902	0.5	21.9503	49.2761	0	0.75343	0.657529	0	6214	5297
ChainingRodShaped	5773	4.33275	0.5	-5.2419	31.3396	0	0.243783	-0.96983	0	None	None
ChainingRodShaped	6103	2.85781	0.5	25.8171	23.2485	0	-0.705357	-0.708852	0	None	None
ChainingRodShaped	6479	2.23804	0.5	36.345	44.2682	0	0.547958	-0.836506	0	None	None
ChainingRodShaped	5697	4.89976	0.5	-3.93818	46.8809	0	-0.803689	0.595049	0	None	None
ChainingRodShaped	5775	3.64944	0.5	22.8918	18.0348	0	-0.709712	-0.704492	0	None	None
ChainingRodShaped	6091	4.35861	0.5	-9.27629	29.7278	0	-0.498979	-0.866614	0	None	None
ChainingRodShaped	5312	4.47116	0.5	6.55108	57.3604	0	0.740998	-0.671507	0	5673	5311
ChainingRodShaped	5314	4.441	0.5	45.9766	51.6197	0	0.998366	0.057151	0	5403	5313
ChainingRodShaped	6235	3.67499	0.5	12.5766	32.1497	0	0.994492	-0.10481	0	None	None
ChainingRodShaped	6027	4.95931	0.5	16.7717	33.9976	0	0.346249	0.938143	0	None	None
ChainingRodShaped	5320	4.14599	0.5	33.2443	39.3209	0	0.41305	-0.910708	0	None	5319
ChainingRodShaped	5999	4.39912	0.5	-8.44974	15.9953	0	0.93011	-0.36728	0	None	None
ChainingRodShaped	6107	3.89833	0.5	-19.1631	56.4269	0	0.839649	0.543129	0	None	None
ChainingRodShaped	6565	2.04084	0.5	-27.1158	54.6269	0	-0.795903	0.605424	0	6566	6188
ChainingRodShaped	6159	3.89532	0.5	-3.2075	20.2438	0	0.949628	-0.31338	0	None	None
ChainingRodShaped	6109	3.19866	0.5	18.4992	47.5319	0	-0.749115	-0.662439	0	None	None
ChainingRodShaped	6285	3.10232	0.5	-12.91	32.3839	0	-0.0655495	-0.997849	0	None	None
ChainingRodShaped	6149	2.59941	0.5	22.8548	36.4488	0	0.339533	0.940594	0	6150	5333
ChainingRodShaped	5841	3.98252	0.5	-19.5889	52.058	0	0.764202	0.644977	0	None	None
ChainingRodShaped	6081	2.93206	0.5	-2.73563	25.0521	0	0.810777	-0.585355	0	None	None
ChainingRodShaped	6061	3.74344	0.5	14.1467	21.054	0	-0.902216	-0.431284	0	None	None
ChainingRodShaped	5959	4.09763	0.5	4.27433	55.7902	0	-0.43607	0.899913	0	None	None
ChainingRodShaped	6017	3.63487	0.5	-32.1752	32.0188	0	-0.13106	0.991374	0	None	None
ChainingRodShaped	5969	3.88572	0.5	12.1369	42.8218	0	-0.205689	0.978617	0	None	None
ChainingRodShaped	5811	3.62802	0.5	11.7661	25.9688	0	0.639762	0.768573	0	None	None
ChainingRodShaped	6325	3.23902	0.5	-24.2924	53.6939	0	0.792429	-0.609964	0	None	None
ChainingRodShaped	6221	2.65203	0.5	26.7058	26.6367	0	-0.805439	-0.592679	0	None	None
ChainingRodShaped	6145	3.62831	0.5	16.7295	48.8532	0	-0.999998	0.00202706	0	None	None
ChainingRodShaped	6583	2.02181	0.5	30.9674	46.6913	0	0.434676	0.900587	0	6584	5355
ChainingRodShaped	6011	4.69846	0.5	-5.41105	52.7223	0	-0.800049	0.599935	0	None	None
ChainingRodShaped	6209	3.46845	0.5	-40.3113	48.9087	0	-0.335462	0.942054	0	None	None
ChainingRodShaped	6085	4.05782	0.5	8.99383	35.2491	0	0.921581	-0.388186	0	None	None
ChainingRodShaped	5987	3.11383	0.5	-32.7274	47.7776	0	-0.741864	-0.67055	0	None	None
ChainingRodShaped	5669	4.17861	0.5	-45.1491	34.5964	0	-0.0471684	-0.998887	0	None	None
ChainingRodShaped	5897	3.74791	0.5	-27.1737	30.6402	0	0.03354	-0.999437	0	None	None
ChainingRodShaped	6455	2.32233	0.5	-38.6333	35.9434	0	-0.743703	-0.66851	0	None	None
ChainingRodShaped	6359	2.53312	0.5	12.7643	50.9943	0	0.164976	-0.986298	0	None	None
ChainingRodShaped	5967	3.64909	0.5	-47.0957	37.3578	0	-0.00527163	-0.999986	0	None	None
ChainingRodShaped	6215	3.13558	0.5	8.61934	24.5922	0	0.312263	-0.949996	0	None	None
ChainingRodShaped	5753	4.65615	0.5	-10.1257	40.9905	0	0.522674	0.852533	0	None	None
ChainingRodShaped	6217	3.32644	0.5	-24.4394	29.0918	0	0.57295	-0.81959	0	None	None
ChainingRodShaped	5745	4.51904	0.5	-3.20341	59.4751	0	0.230934	-0.972969	0	None	None
ChainingRodShaped	6369	2.34137	0.5	22.5996	30.3802	0	-0.13434	-0.990935	0	6370	5383
ChainingRodShaped	6167	3.34744	0.5	28.3944	48.9585	0	-0.217904	-0.97597	0	None	None
ChainingRodShaped	5388	4.78223	0.5	8.58083	39.958	0	-0.794121	0.60776	0	None	5387
ChainingRodShaped	5767	4.15116	0.5	-27.842	47.3659	0	-0.686239	-0.727376	0	None	None
ChainingRodShaped	6473	2.19916	0.5	-19.3439	23.774	0	-0.0207669	0.999784	0	None	None
ChainingRodShaped	6131	3.24967	0.5	-1.49895	46.2579	0	-0.804955	0.593336	0	None	None
ChainingRodShaped	5396	3.95386	0.5	31.3502	41.3584	0	-0.450821	-0.892614	0	None	6352
ChainingRodShaped	5398	4.54604	0.5	29.8857	56.1274	0	0.760275	0.649601	0	5297	6564
ChainingRodShaped	5941	4.58158	0.5	-37.8682	32.6509	0	-0.722511	-0.69136	0	None	None
ChainingRodShaped	6387	2.3226	0.5	2.48226	29.1225	0	-0.530886	0.847443	0	6388	6502
ChainingRodShaped	5404	3.63338	0.5	35.908	51.0375	0	0.998271	0.0587826	0	None	5403
ChainingRodShaped	6265	2.85148	0.5	40.0342	39.0109	0	0.397923	-0.917419	0	None	None
ChainingRodShaped	5821	3.6489	0.5	17.4295	18.5971	0	-0.573441	-0.819247	0	None	None
ChainingRodShaped	5410	3.89991	0.5	32.989	45.3772	0	0.672971	0.739669	0	5917	5409
ChainingRodShaped	6183	3.45127	0.5	-25.9255	15.6872	0	0.0295805	-0.999562	0	None	None
ChainingRodShaped	6587	2.05439	0.5	-37.6948	47.1333	0	-0.213686	0.976902	0	None	None
ChainingRodShaped	6203	3.23732	0.5	-17.4778	20.353	0	-0.0890326	-0.996029	0	None	None
ChainingRodShaped	5983	4.9676	0.5	-48.4795	45.9084	0	-0.98472	0.174146	0	None	None
ChainingRodShaped	6547	2.07674	0.5	-40.1201	37.3665	0	-0.809652	-0.58691	0	None	None
ChainingRodShaped	6355	3.03237	0.5	5.38473	33.5433	0	0.935784	-0.352573	0	None	None
ChainingRodShaped	5759	4.69517	0.5	-4.23311	50.6535	0	-0.804332	0.59418	0	None	None
ChainingRodShaped	6441	2.71081	0.5	-33.9275	50.0156	0	0.879925	0.475112	0	None	None
ChainingRodShaped	6281	3.15724	0.5	-23.2373	35.2214	0	-0.182914	0.983129	0	None	None
ChainingRodShaped	5827	3.85115	0.5	1.59681	36.8125	0	0.989366	-0.14545	0	None	None
ChainingRodShaped	5432	3.31336	0.5	34.8143	54.6091	0	0.438925	0.898524	0	5355	5431
ChainingRodShaped	6101	3.87644	0.5	-21.853	11.2847	0	0.396902	-0.917861	0	None	None
ChainingRodShaped	5939	4.35466	0.5	-11.4282	42.3858	0	-0.529061	-0.848584	0	None	None
ChainingRodShaped	5975	4.90646	0.5	-29.7688	49.6847	0	-0.583834	-0.811873	0	None	None
ChainingRodShaped	5440	4.51842	0.5	32.368	60.3527	0	-0.912569	-0.408923	0	None	5439
ChainingRodShaped	6067	3.84957	0.5	-19.8693	53.0496	0	0.757987	0.65227	0	None	None
ChainingRodShaped	6019	4.93624	0.5	-6.28786	24.2043	0	0.792844	-0.609425	0	None	None
ChainingRodShaped	6549	2.07356	0.5	-12.7392	58.3782	0	-0.438198	0.898878	0	None	None
ChainingRodShaped	6521	2.22827	0.5	-13.0842	47.9859	0	0.773941	0.633258	0	None	None
ChainingRodShaped	5801	4.34534	0.5	-11.4986	50.5611	0	-0.159507	0.987197	0	None	None
ChainingRodShaped	5452	4.86194	0.5	-14.5728	8.67277	0	0.960832	0.277131	0	None	5451
ChainingRodShaped	5901	3.78048	0.5	-30.1598	17.633	0	0.1228	-0.992431	0	None	None
ChainingRodShaped	6559	2.10005	0.5	24.0392	45.5872	0	-0.253656	-0.967294	0	None	None
ChainingRodShaped	6499	2.40914	0.5	30.7643	33.837	0	-0.977389	-0.211449	0	None	None
ChainingRodShaped	6005	3.66509	0.5	-23.9173	47.7455	0	-0.85823	-0.513265	0	None	None
ChainingRodShaped	6595	2.01527	0.5	-21.9818	42.6815	0	-0.697711	-0.71638	0	None	None
ChainingRodShaped	6025	3.65873	0.5	-21.2766	37.046	0	-0.577897	0.81611	0	None	None
ChainingRodShaped	6437	2.66601	0.5	7.19742	37.0617	0	0.919688	-0.392651	0	None	None
ChainingRodShaped	5468	3.10655	0.5	19.1837	34.9699	0	-0.336858	-0.941555	0	None	5467
ChainingRodShaped	5995	3.51501	0.5	30.5398	28.9603	0	-0.773483	-0.633817	0	None	None
ChainingRodShaped	6327	3.03673	0.5	27.0283	42.8766	0	-0.197682	-0.980266	0	None	None
ChainingRodShaped	6321	3.16485	0.5	-41.7096	46.8361	0	-0.294737	0.955578	0	None	None
ChainingRodShaped	5965	4.52415	0.5	44.5985	37.881	0	-0.0141253	-0.9999	0	None	None
ChainingRodShaped	5979	3.99668	0.5	20.358	53.3468	0	-0.803173	-0.595746	0	None	None
ChainingRodShaped	6049	3.45397	0.5	-19.148	28.1495	0	0.527578	-0.849507	0	None	None
ChainingRodShaped	6357	2.47165	0.5	7.5976	48.7939	0	-0.977266	0.212018	0	None	None
ChainingRodShaped	6117	3.09761	0.5	33.8082	28.4184	0	-0.737189	0.675686	0	None	None
ChainingRodShaped	6467	2.53759	0.5	-0.49726	52.2304	0	0.407078	-0.913393	0	None	None
ChainingRodShaped	6541	2.09464	0.5	-19.5726	62.8764	0	0.662943	0.748669	0	None	None
ChainingRodShaped	5873	3.68017	0.5	4.97504	28.74	0	-0.0344184	0.999408	0	None	None
ChainingRodShaped	5492	4.76715	0.5	-5.71276	57.2718	0	0.226076	-0.97411	0	None	None
ChainingRodShaped	5494	4.63157	0.5	-8.68705	65.0449	0	-0.997934	-0.064254	0	None	None
ChainingRodShaped	5843	4.52404	0.5	-33.7718	27.4546	0	-0.928797	0.370589	0	None	None
ChainingRodShaped	5853	3.89166	0.5	-25.4014	39.4835	0	-0.220722	0.975337	0	None	None
ChainingRodShaped	5500	4.77414	0.5	-7.18844	51.6516	0	-0.79835	0.602193	0	None	None
ChainingRodShaped	5502	3.1122	0.5	1.166	21.8878	0	-0.245331	0.969439	0	6545	6544
ChainingRodShaped	5504	4.36033	0.5	-40.2749	54.1771	0	0.972951	0.23101	0	5891	5503
ChainingRodShaped	5787	4.45114	0.5	27.2785	40.5596	0	-0.674344	-0.738418	0	None	None
ChainingRodShaped	6271	2.54635	0.5	-8.36917	16.9964	0	0.926391	-0.376564	0	None	None
ChainingRodShaped	6511	2.33159	0.5	-27.8799	44.5282	0	-0.909703	-0.415259	0	None	None
ChainingRodShaped	6337	2.7272	0.5	-6.18894	18.88	0	0.462796	-0.886465	0	None	None
ChainingRodShaped	5865	4.80397	0.5	-24.1899	58.7024	0	0.969998	-0.243113	0	None	None
ChainingRodShaped	6051	3.68574	0.5	-42.6421	26.9714	0	0.24102	-0.97052	0	None	None
ChainingRodShaped	5518	3.40137	0.5	21.4184	22.1403	0	-0.148816	-0.988865	0	5383	5517
ChainingRodShaped	5520	4.8432	0.5	-6.85716	57.9364	0	-0.227616	0.973751	0	None	None
ChainingRodShaped	5867	4.86706	0.5	-49.6243	42.7654	0	0.155557	-0.987827	0	None	None
ChainingRodShaped	6053	3.63576	0.5	18.1844	22.4775	0	-0.37983	-0.925056	0	None	None
ChainingRodShaped	6003	3.50546	0.5	-20.5895	20.4886	0	-0.234542	-0.972106	0	None	None
ChainingRodShaped	5997	3.38645	0.5	-15.5255	23.0028	0	0.0881611	-0.996106	0	None	None
ChainingRodShaped	5929	3.89532	0.5	-44.1413	38.5397	0	0.597966	-0.801521	0	None	None
ChainingRodShaped	5989	3.21498	0.5	-22.5123	46.0981	0	-0.932952	-0.36	0	None	None
ChainingRodShaped	6377	2.83528	0.5	-4.94443	44.4873	0	-0.954696	0.297581	0	None	None
ChainingRodShaped	5861	4.29915	0.5	18.2655	17.0699	0	-0.328776	-0.944408	0	None	None
ChainingRodShaped	6485	2.34869	0.5	-7.02752	11.8647	0	0.962502	0.271273	0	None	None
ChainingRodShaped	5889	3.39039	0.5	8.37827	33.1403	0	0.846728	-0.532026	0	None	None
ChainingRodShaped	5947	3.63755	0.5	-47.6293	50.3326	0	-0.872389	-0.488812	0	None	None
ChainingRodShaped	6143	2.8407	0.5	-11.5681	35.9574	0	-0.516314	-0.856399	0	None	None
ChainingRodShaped	6279	2.73656	0.5	-34.4067	40.9183	0	-0.836133	0.548527	0	None	None
ChainingRodShaped	6073	3.57367	0.5	-8.4107	63.0933	0	-0.998228	-0.0595008	0	None	None
ChainingRodShaped	5550	4.34985	0.5	12.2035	60.4911	0	0.159487	-0.9872	0	None	5549
ChainingRodShaped	5552	3.65411	0.5	36.9568	34.1159	0	0.378739	-0.925504	0	5859	5551
ChainingRodShaped	5951	4.15782	0.5	42.4176	48.0317	0	0.908826	-0.417175	0	None	None
ChainingRodShaped	6295	2.68589	0.5	-28.1556	59.2279	0	0.826326	-0.563192	0	None	None
ChainingRodShaped	6469	2.45137	0.5	1.25342	53.1076	0	0.423913	-0.905703	0	None	None
ChainingRodShaped	5560	4.80838	0.5	30.8346	24.2801	0	-0.879141	-0.476561	0	None	None
ChainingRodShaped	5562	3.2709	0.5	35.5452	58.3744	0	-0.437219	-0.899355	0	None	5561
ChainingRodShaped	5953	4.04571	0.5	-2.68568	28.9583	0	0.250884	-0.968017	0	None	None
ChainingRodShaped	6477	2.28612	0.5	-1.04309	15.7256	0	0.978099	0.208141	0	None	None
ChainingRodShaped	5568	3.03487	0.5	4.30038	18.5746	0	0.0200607	0.999799	0	5291	5567
ChainingRodShaped	6557	2.16836	0.5	-17.0693	11.0972	0	-0.930372	-0.366616	0	None	None
ChainingRodShaped	5572	3.31411	0.5	42.8234	31.2786	0	0.572683	-0.819777	0	5913	5571
ChainingRodShaped	6047	4.34385	0.5	-27.2556	27.5424	0	-0.708675	0.705535	0	None	None
ChainingRodShaped	6331	2.89842	0.5	6.6203	54.8102	0	-0.827968	0.560776	0	None	None
ChainingRodShaped	5578	4.51459	0.5	-13.2193	13.8021	0	0.701985	-0.712192	0	None	None
ChainingRodShaped	6255	3.16608	0.5	-8.69191	28.8034	0	-0.498708	-0.86677	0	None	None
ChainingRodShaped	5961	3.5569	0.5	34.3676	49.1789	0	0.869304	0.494278	0	None	None
ChainingRodShaped	6013	4.80732	0.5	-30.3914	32.9807	0	0.1391	-0.990278	0	None	None
ChainingRodShaped	5911	4.09572	0.5	-26.4238	23.3692	0	-0.937066	0.349151	0	None	None
ChainingRodShaped	6315	3.07617	0.5	8.30184	49.6335	0	-0.979207	0.202863	0	None	None
ChainingRodShaped	6373	2.47393	0.5	17.0334	31.7628	0	0.328389	0.944543	0	None	None
ChainingRodShaped	6531	2.22616	0.5	24.7987	53.061	0	-0.755191	-0.655505	0	None	None
ChainingRodShaped	6225	2.62302	0.5	-37.4787	24.8108	0	0.414266	-0.910156	0	None	None
ChainingRodShaped	5973	4.6423	0.5	29.6891	25.907	0	-0.88013	-0.474733	0	None	None
ChainingRodShaped	5971	4.47478	0.5	-24.7336	32.8768	0	-0.161982	0.986794	0	None	None
ChainingRodShaped	5927	4.32816	0.5	12.0651	17.8283	0	-0.583942	-0.811795	0	None	None
ChainingRodShaped	5602	2.96061	0.5	8.27958	19.9873	0	-0.536835	0.843687	0	None	5601
ChainingRodShaped	6009	3.67458	0.5	-11.7943	44.314	0	-0.81549	-0.578771	0	None	None
ChainingRodShaped	5606	4.59386	0.5	-14.2742	20.6082	0	0.970875	0.239585	0	None	None
ChainingRodShaped	5608	4.66871	0.5	16.4077	40.1156	0	0.000619147	1	0	None	None
ChainingRodShaped	6129	3.00756	0.5	7.6514	53.018	0	-0.923832	0.382799	0	None	None
ChainingRodShaped	6581	2.03874	0.5	-18.0733	37.5287	0	-0.4533	0.891358	0	None	None
ChainingRodShaped	5977	4.35472	0.5	-17.1588	47.2627	0	-0.183708	-0.982981	0	None	None
ChainingRodShaped	6307	2.91505	0.5	-29.0278	20.9642	0	0.563731	-0.825958	0	None	None
ChainingRodShaped	6561	2.05649	0.5	-43.0134	34.207	0	-0.233343	-0.972394	0	None	None
ChainingRodShaped	6095	2.91947	0.5	-4.452	60.472	0	0.233126	-0.972447	0	None	None
ChainingRodShaped	5622	4.27944	0.5	-33.8549	23.7542	0	0.37677	-0.926307	0	None	None
ChainingRodShaped	6123	4.04739	0.5	21.8808	51.821	0	-0.749015	-0.662553	0	None	None
ChainingRodShaped	5626	4.51565	0.5	-40.7612	40.7728	0	-0.521646	-0.853162	0	None	None
ChainingRodShaped	5628	4.92781	0.5	-15.119	31.525	0	-0.527253	-0.849708	0	None	None
ChainingRodShaped	6305	3.28407	0.5	-29.2524	55.0352	0	-0.789809	0.613353	0	None	None
ChainingRodShaped	6179	2.91758	0.5	18.3097	43.1054	0	0.576751	-0.81692	0	None	None
ChainingRodShaped	6353	2.74612	0.5	-4.31689	37.6473	0	0.219276	-0.975663	0	None	None
ChainingRodShaped	6161	3.54629	0.5	-10.3119	29.8355	0	-0.507612	-0.861586	0	None	None
ChainingRodShaped	6195	3.81995	0.5	-33.756	52.9009	0	0.180553	0.983565	0	None	None
ChainingRodShaped	5640	4.66749	0.5	-23.4443	18.5257	0	0.499512	-0.866307	0	None	None
ChainingRodShaped	6069	3.04782	0.5	26.7878	36.6969	0	-0.488506	-0.87256	0	None	None
ChainingRodShaped	5644	4.16303	0.5	26.0063	30.8932	0	-0.456993	-0.88947	0	6351	5643
ChainingRodShaped	6245	3.57781	0.5	-6.28596	31.6448	0	0.238945	-0.971033	0	None	None
ChainingRodShaped	5648	4.72216	0.5	-0.649969	39.1848	0	0.961781	-0.273821	0	None	None
ChainingRodShaped	5650	4.48165	0.5	-10.9194	24.9528	0	0.873458	-0.486899	0	None	None
ChainingRodShaped	6059	4.67289	0.5	20.6082	41.1801	0	0.459815	-0.888015	0	None	None
ChainingRodShaped	6273	3.11883	0.5	-7.14195	35.7937	0	-0.0428423	-0.999082	0	None	None
ChainingRodShaped	6197	2.92223	0.5	-3.29166	24.2922	0	0.80488	-0.593438	0	None	None
ChainingRodShaped	6125	3.49537	0.5	-22.6012	24.8179	0	0.58936	-0.807871	0	None	None
ChainingRodShaped	6303	3.09714	0.5	16.1426	35.102	0	0.349294	0.937013	0	None	None
ChainingRodShaped	6219	3.65658	0.5	-31.542	51.5091	0	-0.21262	-0.977135	0	None	None
ChainingRodShaped	6297	2.87601	0.5	-4.08865	43.2006	0	0.951673	-0.307112	0	None	None
ChainingRodShaped	6133	2.89582	0.5	30.5609	52.0787	0	-0.894969	-0.446129	0	None	None
ChainingRodShaped	6299	3.02861	0.5	10.6867	45.6882	0	-0.473735	-0.880667	0	None	None
ChainingRodShaped	5670	4.54024	0.5	-46.0145	39.4002	0	0.60103	-0.799226	0	None	None
ChainingRodShaped	5672	3.82704	0.5	0.0850787	46.3028	0	-0.807132	0.590371	0	5387	5671
ChainingRodShaped	5674	3.47834	0.5	-0.979812	64.1254	0	0.745591	-0.666403	0	None	5673
ChainingRodShaped	6151	3.15743	0.5	-39.1596	34.0972	0	-0.721506	-0.692408	0	None	None
ChainingRodShaped	6169	3.3565	0.5	20.4422	32.7229	0	-0.345726	-0.938335	0	None	None
ChainingRodShaped	6317	2.87022	0.5	-30.4969	59.6665	0	0.802282	-0.596945	0	None	None
ChainingRodShaped	6193	3.89364	0.5	25.3449	40.6013	0	-0.327464	-0.944864	0	None	None
ChainingRodShaped	5684	4.24362	0.5	-7.66893	57.1692	0	-0.229405	0.973331	0	None	None
ChainingRodShaped	6063	3.07476	0.5	-27.2495	57.5067	0	0.913949	-0.405828	0	None	None
ChainingRodShaped	6141	3.06543	0.5	-14.2291	37.3928	0	0.985207	0.171368	0	None	None
ChainingRodShaped	6079	3.0366	0.5	-8.43621	37.1871	0	-0.630512	-0.776179	0	None	None
ChainingRodShaped	6323	2.49509	0.5	42.0569	39.3993	0	0.413713	-0.910407	0	None	None
ChainingRodShaped	5694	3.76291	0.5	9.71224	17.9286	0	-0.560827	-0.827933	0	6045	5693
ChainingRodShaped	6311	2.68671	0.5	-26.7378	34.7468	0	-0.116064	-0.993242	0	None	None
ChainingRodShaped	6495	2.16856	0.5	-3.91833	45.1771	0	-0.957625	0.288017	0	None	None
ChainingRodShaped	5700	4.05602	0.5	-20.9224	27.3977	0	-0.545824	0.8379	0	None	None
ChainingRodShaped	6077	3.60915	0.5	-16.688	30.7531	0	-0.523571	-0.851982	0	None	None
ChainingRodShaped	6457	2.41105	0.5	-35.0394	24.1027	0	0.376593	-0.926379	0	None	None
ChainingRodShaped	6415	2.70351	0.5	0.728446	33.6497	0	0.537177	-0.843469	0	None	None
ChainingRodShaped	6347	2.88047	0.5	-32.5718	35.0872	0	-0.733033	-0.680193	0	None	None
ChainingRodShaped	6569	2.08903	0.5	-22.4382	53.4563	0	0.798493	-0.602003	0	None	None
ChainingRodShaped	6249	3.13056	0.5	-7.23342	26.2321	0	0.873753	-0.48637	0	None	None
ChainingRodShaped	5714	3.91939	0.5	15.9956	18.2756	0	-0.579843	-0.814728	0	None	None
ChainingRodShaped	6267	3.24881	0.5	38.8952	44.1323	0	0.395725	-0.918369	0	None	None
ChainingRodShaped	5718	4.03955	0.5	-3.89452	11.7116	0	0.962977	0.269583	0	5451	5717
ChainingRodShaped	6181	2.87528	0.5	6.4575	44.509	0	-0.545569	0.838066	0	None	None
ChainingRodShaped	5722	4.63108	0.5	5.97309	27.6163	0	-0.0298723	0.999554	0	None	None
ChainingRodShaped	6189	2.99193	0.5	-27.8145	13.4144	0	0.0347905	-0.999395	0	None	None
ChainingRodShaped	6567	2.12342	0.5	-16.1279	56.3006	0	0.404165	-0.914686	0	None	None
ChainingRodShaped	6413	2.7465	0.5	2.18049	42.469	0	-0.834892	0.550414	0	None	None
ChainingRodShaped	6419	2.25766	0.5	-13.2857	54.261	0	-0.345928	0.938261	0	None	None
ChainingRodShaped	6287	3.29823	0.5	7.01391	31.5523	0	0.852961	-0.521975	0	None	None
ChainingRodShaped	6139	4.01017	0.5	-39.4185	49.3069	0	-0.334748	0.942308	0	None	None
ChainingRodShaped	6119	4.08151	0.5	41.8169	42.3769	0	0.405658	-0.914025	0	None	None
ChainingRodShaped	5738	4.05078	0.5	-34.4648	39.8135	0	-0.841573	0.540143	0	None	None
ChainingRodShaped	6155	2.89074	0.5	-7.8241	50.8169	0	-0.759028	0.651058	0	None	None
ChainingRodShaped	6163	2.87469	0.5	-23.7284	17.1039	0	0.490824	-0.871259	0	None	None
ChainingRodShaped	5744	4.48458	0.5	-35.7494	20.6213	0	0.361379	-0.932419	0	None	None
ChainingRodShaped	6289	3.44178	0.5	-2.92865	62.5829	0	0.233025	-0.972471	0	None	None
ChainingRodShaped	5748	3.99205	0.5	-28.8525	49.3437	0	-0.591919	-0.805998	0	None	None
ChainingRodShaped	6253	3.60217	0.5	-10.73	56.5867	0	-0.457275	0.889326	0	None	None
ChainingRodShaped	6397	2.71569	0.5	10.2132	55.3634	0	0.73373	-0.679441	0	None	None
ChainingRodShaped	5754	4.04124	0.5	-14.2174	38.3391	0	0.986868	0.161526	0	None	None
ChainingRodShaped	5756	4.4793	0.5	31.2587	36.5227	0	-0.565025	-0.825074	0	None	None
ChainingRodShaped	6309	2.96277	0.5	-44.5411	26.8044	0	0.779762	-0.626076	0	None	None
ChainingRodShaped	6449	2.23618	0.5	-0.657939	48.0258	0	-0.804325	0.594189	0	None	None
ChainingRodShaped	6257	2.78795	0.5	21.4104	43.3219	0	-0.069825	-0.997559	0	None	None
ChainingRodShaped	6401	2.31363	0.5	-9.53012	21.9656	0	0.86622	-0.499662	0	None	None
ChainingRodShaped	5766	4.89299	0.5	-28.8882	22.4845	0	0.560548	-0.828122	0	None	None
ChainingRodShaped	5768	4.53791	0.5	-24.1849	50.9219	0	-0.862943	-0.505301	0	None	None
ChainingRodShaped	6335	2.43914	0.5	-0.303366	41.0513	0	0.958767	-0.284195	0	None	None
ChainingRodShaped	6363	2.98554	0.5	13.8039	44.4226	0	-0.161799	0.986824	0	None	None
ChainingRodShaped	6293	3.39335	0.5	-5.30358	35.9826	0	-0.0228204	-0.99974	0	None	None
ChainingRodShaped	5776	4.55198	0.5	24.4293	20.2888	0	-0.996754	0.0805018	0	None	None
ChainingRodShaped	5778	4.19977	0.5	31.8252	31.4023	0	-0.782276	0.622932	0	None	None
ChainingRodShaped	5780	4.09134	0.5	-20.8089	13.8509	0	0.485364	-0.874312	0	None	None
ChainingRodShaped	6375	2.49143	0.5	28.7125	46.5127	0	-0.43574	-0.900073	0	None	None
ChainingRodShaped	5784	2.68282	0.5	0.903746	58.3601	0	0.428136	-0.903714	0	None	5783
ChainingRodShaped	6497	2.44646	0.5	-21.9126	59.1535	0	0.971914	-0.235338	0	None	None
ChainingRodShaped	5788	4.2362	0.5	28.8954	44.6543	0	-0.434262	-0.900786	0	None	None
ChainingRodShaped	6233	3.47294	0.5	-24.2494	43.0395	0	0.360789	0.932647	0	None	None
ChainingRodShaped	5792	4.33117	0.5	35.5423	43.6069	0	0.545778	-0.83793	0	None	None
ChainingRodShaped	5794	4.39069	0.5	27.2167	51.8168	0	-0.521316	-0.853363	0	None	None
ChainingRodShaped	6535	2.13145	0.5	-10.0082	53.0027	0	-0.15099	0.988535	0	None	None
ChainingRodShaped	6291	3.26724	0.5	-21.8526	47.8263	0	-0.811803	-0.583932	0	None	None
ChainingRodShaped	5800	3.87315	0.5	-11.0801	18.7525	0	0.807607	0.589721	0	None	None
ChainingRodShaped	5802	3.95379	0.5	-13.4077	46.517	0	0.776186	0.630504	0	None	None
ChainingRodShaped	5804	4.41685	0.5	-16.2936	42.8257	0	0.728666	0.684869	0	None	None
ChainingRodShaped	6277	2.74127	0.5	-14.1038	53.6576	0	-0.339897	0.940463	0	None	None
ChainingRodShaped	5808	4.61354	0.5	-32.4767	53.9259	0	0.0166606	0.999861	0	None	None
ChainingRodShaped	5810	4.62083	0.5	10.5953	47.5299	0	-0.770765	-0.637119	0	None	None
ChainingRodShaped	5812	3.8062	0.5	13.3022	25.418	0	-0.84417	-0.536075	0	None	None
ChainingRodShaped	5814	4.64031	0.5	-13.7223	29.161	0	0.133308	-0.991075	0	None	None
ChainingRodShaped	5816	4.21855	0.5	-19.016	16.6401	0	-0.511653	0.859192	0	None	None
ChainingRodShaped	5818	4.28871	0.5	7.61976	24.5203	0	0.302748	-0.953071	0	None	None
ChainingRodShaped	6345	3.14297	0.5	7.29265	30.1506	0	0.823898	-0.566738	0	None	None
ChainingRodShaped	6385	2.83229	0.5	19.1866	22.3684	0	-0.373449	-0.927651	0	None	None
ChainingRodShaped	5824	4.74305	0.5	-11.4458	24.1726	0	0.871118	-0.491074	0	None	None
ChainingRodShaped	6529	2.24398	0.5	-10.8949	52.6894	0	-0.160811	0.986985	0	None	None
ChainingRodShaped	5828	3.86504	0.5	-0.690021	38.2704	0	0.964471	-0.264188	0	None	None
ChainingRodShaped	6551	2.18937	0.5	27.2002	28.63	0	-0.5899	-0.807477	0	None	None
ChainingRodShaped	5832	4.42475	0.5	-4.56231	53.2686	0	0.798275	-0.602293	0	None	None
ChainingRodShaped	5834	4.77441	0.5	-12.8584	55.9027	0	-0.349647	0.936882	0	None	None
ChainingRodShaped	6421	2.53685	0.5	-33.2462	43.187	0	-0.988423	-0.151726	0	None	None
ChainingRodShaped	6319	3.01812	0.5	-1.91073	58.5111	0	0.155499	-0.987836	0	None	None
ChainingRodShaped	6463	2.36305	0.5	15.8839	50.9294	0	-0.917153	-0.398536	0	None	None
ChainingRodShaped	6481	2.28728	0.5	-22.8304	49.5419	0	0.854646	0.51921	0	None	None
ChainingRodShaped	6399	2.85359	0.5	-29.9589	25.794	0	-0.568443	0.822723	0	None	None
ChainingRodShaped	5846	4.56586	0.5	-8.83832	46.9951	0	-0.925998	-0.377527	0	None	None
ChainingRodShaped	5848	3.47099	0.5	13.0407	36.3868	0	-0.561894	0.827209	0	None	5847
ChainingRodShaped	5850	4.45831	0.5	-39.2891	24.0264	0	0.415666	-0.909518	0	None	None
ChainingRodShaped	6461	2.37002	0.5	-19.1422	26.3694	0	0.53605	-0.844186	0	None	None
ChainingRodShaped	5854	4.32232	0.5	-24.0947	34.6244	0	-0.171843	0.985124	0	None	None
ChainingRodShaped	5856	3.88866	0.5	11.2508	35.6769	0	0.553409	-0.83291	0	None	None
ChainingRodShaped	5858	4.79701	0.5	-43.9421	39.9059	0	0.596328	-0.802741	0	None	None
ChainingRodShaped	5860	3.14497	0.5	33.5599	42.4406	0	0.377154	-0.926151	0	None	5859
ChainingRodShaped	6365	2.73486	0.5	19.8361	18.3009	0	-0.15781	-0.98747	0	None	None
ChainingRodShaped	5864	3.6495	0.5	-24.427	57.4763	0	0.93018	-0.367105	0	None	None
ChainingRodShaped	6573	2.04152	0.5	-28.1615	60.4369	0	0.827615	-0.561296	0	None	None
ChainingRodShaped	6339	2.63699	0.5	-48.4151	46.9048	0	0.984597	-0.174839	0	None	None
ChainingRodShaped	6367	2.39234	0.5	-16.5313	17.1619	0	-0.818383	-0.574673	0	None	None
ChainingRodShaped	6493	2.38004	0.5	-36.0715	52.1204	0	0.305512	0.952188	0	None	None
ChainingRodShaped	5874	3.89543	0.5	3.03696	30.0701	0	0.516577	-0.856241	0	None	None
ChainingRodShaped	6391	2.32536	0.5	-45.085	46.1086	0	-0.903342	0.42892	0	None	None
ChainingRodShaped	5878	4.59784	0.5	17.1166	22.4275	0	-0.385334	-0.922777	0	None	None
ChainingRodShaped	5880	3.9562	0.5	33.37	31.4333	0	-0.783301	0.621642	0	None	None
ChainingRodShaped	6459	2.21907	0.5	-15.9629	14.7298	0	0.232927	0.972494	0	None	None
ChainingRodShaped	5884	3.84047	0.5	-9.53219	14.6868	0	0.998583	-0.0532122	0	None	None
ChainingRodShaped	5886	4.28916	0.5	-18.2191	46.5629	0	-0.193541	-0.981092	0	None	None
ChainingRodShaped	5888	3.66126	0.5	-36.3035	42.2645	0	-0.624923	-0.780687	0	None	None
ChainingRodShaped	6431	2.25383	0.5	5.02956	34.8304	0	0.902357	-0.430989	0	None	None
ChainingRodShaped	5892	3.33648	0.5	-48.9048	52.1122	0	0.972267	0.233875	0	5258	5891
ChainingRodShaped	5894	3.32559	0.5	3.11766	18.136	0	-0.179469	0.983764	0	None	5893
ChainingRodShaped	5896	3.30449	0.5	3.26474	39.7654	0	0.914146	-0.405385	0	None	None
ChainingRodShaped	6447	2.39704	0.5	-28.3927	32.5538	0	0.182909	-0.98313	0	None	None
ChainingRodShaped	5900	4.50955	0.5	-24.9075	61.3399	0	0.993774	0.111417	0	None	None
ChainingRodShaped	6445	2.45079	0.5	-31.718	21.1209	0	0.392222	-0.91987	0	None	None
ChainingRodShaped	5904	4.10711	0.5	2.31089	53.1418	0	0.432945	-0.90142	0	None	None
ChainingRodShaped	5906	3.77896	0.5	-30.1966	20.9479	0	0.565789	-0.82455	0	None	None
ChainingRodShaped	6465	2.27858	0.5	3.99946	54.1142	0	-0.430104	0.902779	0	None	None
ChainingRodShaped	5910	3.56248	0.5	27.8964	22.1414	0	-1	-0.000130728	0	None	None
ChainingRodShaped	6439	2.3647	0.5	-26.9571	22.5402	0	-0.934498	0.355968	0	None	None
ChainingRodShaped	5914	2.55721	0.5	38.1386	38.0211	0	0.567294	-0.823515	0	6127	5913
ChainingRodShaped	6487	2.27742	0.5	0.958135	39.6543	0	0.958978	-0.283481	0	None	None
ChainingRodShaped	5918	3.39405	0.5	27.4885	39.3568	0	0.676563	0.736385	0	None	5917
ChainingRodShaped	5920	3.28267	0.5	-5.05129	14.0981	0	0.995896	-0.0905003	0	None	None
ChainingRodShaped	5922	4.62501	0.5	-20.6853	39.394	0	0.647926	-0.761704	0	None	None
ChainingRodShaped	6483	2.37783	0.5	0.988136	51.2329	0	0.375213	-0.926939	0	None	None
ChainingRodShaped	6503	2.21555	0.5	-40.5963	28.0311	0	-0.0262047	-0.999657	0	None	None
ChainingRodShaped	5928	4.71331	0.5	13.8075	18.5694	0	-0.585999	-0.810312	0	None	None
ChainingRodShaped	6555	2.07893	0.5	-46.4765	41.744	0	0.550371	-0.83492	0	None	None
ChainingRodShaped	5932	3.68995	0.5	-14.3844	61.8621	0	-0.420136	0.907461	0	None	None
ChainingRodShaped	5934	3.29052	0.5	-10.57	33.8285	0	-0.230804	-0.973	0	None	None
ChainingRodShaped	5936	3.44474	0.5	44.0803	45.8831	0	0.832399	-0.554176	0	None	None
ChainingRodShaped	6527	2.28647	0.5	-0.754574	57.4882	0	0.0671655	-0.997742	0	None	None
ChainingRodShaped	6513	2.25274	0.5	-8.38521	44.8086	0	-0.999935	0.0114166	0	None	None
ChainingRodShaped	5942	4.26767	0.5	-33.9521	36.3507	0	-0.730408	-0.683012	0	None	None
ChainingRodShaped	5944	3.52495	0.5	-41.4208	49.1072	0	-0.337638	0.941276	0	None	None
ChainingRodShaped	5946	4.88537	0.5	-12.6382	14.5991	0	0.704112	-0.710089	0	None	None
ChainingRodShaped	6505	2.22262	0.5	-44.6476	49.6455	0	-0.678799	0.734325	0	None	None
ChainingRodShaped	5950	4.75673	0.5	-5.72704	20.0915	0	0.461709	-0.887032	0	None	None
ChainingRodShaped	6579	2.02953	0.5	42.2676	49.5141	0	0.983394	-0.181483	0	None	None
ChainingRodShaped	5954	3.78906	0.5	-3.47058	33.7216	0	-0.026368	-0.999652	0	None	None
ChainingRodShaped	6491	2.34197	0.5	-15.6904	41.0685	0	-0.995873	-0.0907597	0	None	None
ChainingRodShaped	5958	4.45486	0.5	27.7371	50.8079	0	-0.520329	-0.853966	0	None	None
ChainingRodShaped	5960	3.24183	0.5	6.59196	51.8796	0	-0.704418	0.709786	0	None	None
ChainingRodShaped	5962	4.19316	0.5	32.4536	46.2308	0	0.673917	0.738807	0	None	None
ChainingRodShaped	5964	3.31064	0.5	8.47902	43.1876	0	-0.550261	0.834993	0	5847	5963
ChainingRodShaped	5966	3.76648	0.5	43.6864	42.3476	0	0.72316	-0.690681	0	None	None
ChainingRodShaped	5968	3.19754	0.5	-48.3172	40.8218	0	0.151613	-0.98844	0	None	None
ChainingRodShaped	5970	3.52001	0.5	13.8254	38.5608	0	-0.578322	0.815809	0	None	None
ChainingRodShaped	6571	2.07575	0.5	-22.6788	28.2058	0	-0.587616	0.80914	0	None	None
ChainingRodShaped	5974	4.81474	0.5	34.7276	26.3681	0	-0.885575	0.464497	0	None	None
ChainingRodShaped	5976	4.1677	0.5	-27.409	52.3794	0	-0.807338	0.590089	0	None	None
ChainingRodShaped	5978	4.07531	0.5	-16.9478	53.1595	0	0.355614	-0.934633	0	None	None
ChainingRodShaped	5980	3.2783	0.5	22.1202	53.3555	0	-0.750998	-0.660305	0	None	None
ChainingRodShaped	5982	4.10971	0.5	-31.877	18.9678	0	0.388817	-0.921315	0	None	None
ChainingRodShaped	6585	2.03725	0.5	-44.2514	44.5961	0	-0.893575	0.448913	0	None	None
ChainingRodShaped	5986	4.16196	0.5	-16.5044	18.3521	0	-0.821799	-0.569778	0	None	None
ChainingRodShaped	5988	4.87254	0.5	-30.459	51.975	0	-0.215825	-0.976432	0	None	None
ChainingRodShaped	5990	4.78965	0.5	-18.7432	49.0511	0	-0.769863	-0.638209	0	None	None
ChainingRodShaped	5992	3.16468	0.5	-48.7431	37.9442	0	0.4135	-0.910504	0	None	None
ChainingRodShaped	5994	4.30715	0.5	-39.75	40.6053	0	-0.514366	-0.857571	0	None	None
ChainingRodShaped	5996	3.66193	0.5	35.7471	28.4668	0	-0.853877	0.520475	0	None	None
ChainingRodShaped	5998	4.6592	0.5	-15.1867	27.939	0	-0.155889	-0.987775	0	None	None
ChainingRodShaped	6000	3.50554	0.5	-11.8987	16.2894	0	0.937893	-0.346924	0	None	None
ChainingRodShaped	6002	4.09104	0.5	-18.1866	33.539	0	-0.458395	0.888748	0	None	None
ChainingRodShaped	6004	4.61602	0.5	-21.6248	25.045	0	0.581254	-0.813722	0	None	None
ChainingRodShaped	6597	2.02388	0.5	-20.7529	49.8423	0	-0.770619	-0.637296	0	None	None
ChainingRodShaped	6008	4.52716	0.5	-33.6429	28.4142	0	-0.926148	0.377159	0	None	None
ChainingRodShaped	6010	3.73802	0.5	-7.65467	46.4586	0	-0.929153	-0.369696	0	None	None
ChainingRodShaped	6012	3.73826	0.5	-1.24692	49.6299	0	-0.798348	0.602196	0	None	None
ChainingRodShaped	6014	4.50514	0.5	-28.3804	36.9318	0	-0.0962039	-0.995362	0	None	None
ChainingRodShaped	6016	2.88425	0.5	5.163	13.9326	0	-0.0265956	-0.999646	0	6037	6015
ChainingRodShaped	6018	4.58019	0.5	-28.0834	27.0216	0	-0.711918	0.702263	0	None	None
ChainingRodShaped	6020	4.57423	0.5	-10.4696	25.7749	0	0.875255	-0.483661	0	None	None
ChainingRodShaped	6022	3.31565	0.5	17.6197	42.4093	0	-0.581493	0.813551	0	None	None
ChainingRodShaped	6024	4.46721	0.5	-28.0295	48.8694	0	-0.599948	-0.800039	0	None	None
ChainingRodShaped	6026	4.83295	0.5	-20.7963	32.9295	0	-0.183415	0.983036	0	None	None
ChainingRodShaped	6028	4.3628	0.5	14.7159	28.7365	0	0.459793	0.888026	0	None	None
ChainingRodShaped	6030	3.03635	0.5	-14.0041	63.5856	0	-0.558127	0.829755	0	None	None
ChainingRodShaped	6032	3.78968	0.5	-19.863	16.1775	0	0.503035	-0.864266	0	None	None
ChainingRodShaped	6034	4.18786	0.5	11.3434	42.0054	0	0.210923	-0.977503	0	None	None
ChainingRodShaped	6036	4.74655	0.5	40.561	47.4854	0	0.717935	-0.69611	0	None	None
ChainingRodShaped	6038	2.40385	0.5	5.34202	21.5782	0	-0.0202362	-0.999795	0	None	6037
ChainingRodShaped	6040	3.00359	0.5	-29.5747	27.1298	0	-0.708035	0.706178	0	None	None
ChainingRodShaped	6042	4.70088	0.5	-37.1112	26.352	0	0.416119	-0.90931	0	None	None
ChainingRodShaped	6044	3.38944	0.5	15.2272	35.4175	0	0.354486	0.935061	0	None	None
ChainingRodShaped	6046	2.52764	0.5	13.982	24.1647	0	-0.568096	-0.822962	0	None	6045
ChainingRodShaped	6048	4.37395	0.5	-23.9073	23.4486	0	-0.605399	0.795922	0	None	None
ChainingRodShaped	6050	4.41648	0.5	-19.7415	32.4437	0	0.183727	-0.982977	0	None	None
ChainingRodShaped	6052	4.07695	0.5	-44.0277	30.0247	0	-0.23376	-0.972294	0	None	None
ChainingRodShaped	6054	3.12182	0.5	20.0917	26.3477	0	-0.343197	-0.939264	0	None	None
ChainingRodShaped	6056	3.69799	0.5	19.8544	14.5574	0	-0.978094	-0.208162	0	None	None
ChainingRodShaped	6058	4.55366	0.5	-16.0767	53.4968	0	0.351019	-0.936368	0	None	None
ChainingRodShaped	6060	3.45285	0.5	18.9697	44.6082	0	0.888032	-0.459781	0	None	None
ChainingRodShaped	6062	4.46255	0.5	16.9704	24.7114	0	-0.542259	-0.840211	0	None	None
ChainingRodShaped	6064	4.67816	0.5	-31.4375	59.1375	0	0.800731	-0.599024	0	None	None
ChainingRodShaped	6066	3.6858	0.5	-7.051	61.2347	0	-0.877973	0.478711	0	None	None
ChainingRodShaped	6068	3.90412	0.5	-23.774	50.0738	0	0.859804	0.510624	0	None	None
ChainingRodShaped	6070	3.61013	0.5	29.0067	38.8778	0	-0.443605	-0.896222	0	None	None
ChainingRodShaped	6072	3.82411	0.5	18.9537	39.2584	0	-0.339784	-0.940504	0	None	None
ChainingRodShaped	6074	3.26282	0.5	-5.61962	63.2945	0	-0.117251	-0.993102	0	None	None
ChainingRodShaped	6076	4.31776	0.5	-35.2436	57.6477	0	-0.910547	0.413406	0	None	None
ChainingRodShaped	6078	4.07435	0.5	-14.4362	34.9056	0	-0.532242	-0.846592	0	None	None
ChainingRodShaped	6080	3.45366	0.5	-7.70965	41.4536	0	-0.505516	-0.862818	0	None	None
ChainingRodShaped	6082	2.92384	0.5	-6.36204	27.9532	0	0.877101	-0.480306	0	None	None
ChainingRodShaped	6084	4.34942	0.5	-35.0903	36.5801	0	-0.732897	-0.68034	0	None	None
ChainingRodShaped	6086	4.0836	0.5	4.33293	37.2217	0	0.922172	-0.386779	0	None	None
ChainingRodShaped	6088	4.13638	0.5	-29.9867	29.5683	0	-0.910644	-0.413192	0	None	None
ChainingRodShaped	6090	3.79017	0.5	35.8809	30.5348	0	-0.532578	0.846381	0	None	None
ChainingRodShaped	6092	4.14777	0.5	-8.49448	34.2124	0	-0.222391	-0.974958	0	None	None
ChainingRodShaped	6094	2.73674	0.5	-26.1395	42.4265	0	-0.727493	-0.686115	0	None	6093
ChainingRodShaped	6096	3.0505	0.5	-4.30989	64.0919	0	0.144812	-0.989459	0	None	None
ChainingRodShaped	6098	3.48596	0.5	-45.7771	48.6118	0	-0.905701	0.423917	0	None	None
ChainingRodShaped	6100	4.45942	0.5	40.8213	39.6885	0	0.394774	-0.918778	0	None	None
ChainingRodShaped	6102	3.85674	0.5	-24.0208	15.6113	0	0.491591	-0.870826	0	None	None
ChainingRodShaped	6104	3.24089	0.5	29.1296	24.483	0	-0.879747	-0.475441	0	None	None
ChainingRodShaped	6106	4.29316	0.5	-41.4326	32.4662	0	-0.251909	-0.967751	0	None	None
ChainingRodShaped	6108	3.1297	0.5	-23.4573	56.0424	0	0.931793	-0.362991	0	None	None
ChainingRodShaped	6110	3.71217	0.5	21.8226	50.4637	0	-0.750305	-0.661092	0	None	None
ChainingRodShaped	6112	2.44084	0.5	1.75997	25.5645	0	-0.180643	0.983549	0	5893	6111
ChainingRodShaped	6114	3.55869	0.5	13.3654	14.993	0	-0.918661	-0.395047	0	None	None
ChainingRodShaped	6116	3.58158	0.5	-16.3141	26.7993	0	-0.149458	-0.988768	0	None	None
ChainingRodShaped	6118	4.30569	0.5	37.8881	26.309	0	-0.959351	0.282215	0	None	None
ChainingRodShaped	6120	3.29367	0.5	39.2527	46.1578	0	0.314799	-0.949158	0	None	None
ChainingRodShaped	6122	3.24048	0.5	-24.9145	13.5145	0	-0.0205512	-0.999789	0	None	None
ChainingRodShaped	6124	3.59419	0.5	25.4975	54.9859	0	-0.756067	-0.654494	0	None	None
ChainingRodShaped	6126	3.535	0.5	-25.1704	28.4869	0	0.579315	-0.815104	0	None	None
ChainingRodShaped	6128	2.34779	0.5	34.2882	43.6676	0	0.560023	-0.828477	0	None	6127
ChainingRodShaped	6130	3.47212	0.5	10.0609	51.2488	0	-0.981049	0.193758	0	None	None
ChainingRodShaped	6132	4.19784	0.5	2.30467	43.5328	0	-0.812996	0.58227	0	None	None
ChainingRodShaped	6134	3.45732	0.5	32.1718	55.0877	0	-0.472949	-0.88109	0	None	None
ChainingRodShaped	6136	3.62099	0.5	-26.1222	43.7435	0	-0.728032	-0.685543	0	None	None
ChainingRodShaped	6138	2.96677	0.5	-20.4561	42.8683	0	0.704248	0.709954	0	None	None
ChainingRodShaped	6140	3.8039	0.5	-38.1268	44.6092	0	-0.222785	0.974868	0	None	None
ChainingRodShaped	6142	3.89378	0.5	-16.5051	36.539	0	0.462171	-0.886791	0	None	None
ChainingRodShaped	6144	3.00199	0.5	-10.468	38.4603	0	-0.86472	-0.502254	0	None	None
ChainingRodShaped	6146	3.92821	0.5	17.6771	49.8136	0	-0.999997	-0.00252233	0	None	None
ChainingRodShaped	6148	3.09368	0.5	-4.42022	33.8528	0	-0.0328198	-0.999461	0	None	None
ChainingRodShaped	6150	2.49209	0.5	21.6374	33.1191	0	0.347312	0.93775	0	6211	6149
ChainingRodShaped	6152	4.075	0.5	-35.8076	37.2049	0	-0.735658	-0.677353	0	None	None
ChainingRodShaped	6154	3.06013	0.5	-22.1857	31.1866	0	0.336879	0.941548	0	None	None
ChainingRodShaped	6156	2.81996	0.5	-4.72567	48.6329	0	-0.809596	0.586987	0	None	None
ChainingRodShaped	6158	4.09676	0.5	45.6278	38.2455	0	-0.0289677	-0.99958	0	None	None
ChainingRodShaped	6160	3.84722	0.5	-6.19618	22.9127	0	0.791668	-0.610951	0	None	None
ChainingRodShaped	6162	2.97638	0.5	-9.61694	33.6248	0	-0.227984	-0.973665	0	None	None
ChainingRodShaped	6164	2.99632	0.5	-25.5105	19.6688	0	0.0976505	-0.995221	0	None	None
ChainingRodShaped	6166	3.77089	0.5	12.3467	28.531	0	-0.530076	-0.84795	0	None	None
ChainingRodShaped	6168	4.07718	0.5	30.8155	54.6382	0	-0.46745	-0.884019	0	None	None
ChainingRodShaped	6170	2.99419	0.5	21.6107	36.644	0	-0.0973313	-0.995252	0	None	None
ChainingRodShaped	6172	3.96419	0.5	-20.1265	58.0947	0	0.836432	0.548071	0	None	None
ChainingRodShaped	6174	2.76717	0.5	-25.4278	27.21	0	0.587434	-0.809272	0	None	None
ChainingRodShaped	6176	3.20468	0.5	22.4448	47.1115	0	-0.295478	-0.95535	0	None	None
ChainingRodShaped	6178	3.69571	0.5	-38.5344	50.5858	0	-0.544146	0.83899	0	None	None
ChainingRodShaped	6180	3.20697	0.5	16.3634	46.307	0	0.140865	-0.990029	0	None	None
ChainingRodShaped	6182	2.68922	0.5	7.92602	41.6427	0	-0.800157	0.59979	0	None	None
ChainingRodShaped	6184	3.04695	0.5	-26.4884	19.856	0	0.105446	-0.994425	0	None	None
ChainingRodShaped	6186	3.3172	0.5	-38.1622	51.8014	0	-0.552392	0.833585	0	None	None
ChainingRodShaped	6188	2.45681	0.5	-29.696	56.5881	0	-0.796437	0.604722	0	6565	6187
ChainingRodShaped	6190	2.93023	0.5	-28.1478	17.3404	0	0.124821	-0.992179	0	None	None
ChainingRodShaped	6192	3.24331	0.5	-46.1165	36.27	0	-0.00752823	-0.999972	0	None	None
ChainingRodShaped	6194	2.78865	0.5	26.1382	44.801	0	-0.0359802	-0.999353	0	None	None
ChainingRodShaped	6196	3.34754	0.5	-35.0241	51.9189	0	0.240615	0.970621	0	None	None
ChainingRodShaped	6198	3.68035	0.5	-6.51321	26.9369	0	0.87567	-0.48291	0	None	None
ChainingRodShaped	6200	2.62586	0.5	-37.4599	19.33	0	-0.900137	0.435607	0	None	None
ChainingRodShaped	6202	2.82003	0.5	-4.20344	23.8	0	0.798894	-0.601472	0	None	None
ChainingRodShaped	6204	3.05215	0.5	-17.5019	24.4464	0	0.0407684	-0.999169	0	None	None
ChainingRodShaped	6206	3.76569	0.5	-14.7419	57.969	0	-0.394287	0.918987	0	None	None
ChainingRodShaped	6208	3.30872	0.5	-8.75577	41.4896	0	-0.514135	-0.857709	0	None	None
ChainingRodShaped	6210	2.98124	0.5	-39.1701	44.8647	0	-0.216939	0.976185	0	None	None
ChainingRodShaped	6212	2.5376	0.5	19.1319	26.4524	0	0.352571	0.935785	0	None	6211
ChainingRodShaped	6214	2.6726	0.5	19.262	46.9234	0	0.751732	0.659468	0	None	6213
ChainingRodShaped	6216	2.69529	0.5	8.0564	27.2734	0	0.834726	-0.550666	0	None	None
ChainingRodShaped	6218	3.33569	0.5	-26.0492	32.5683	0	-0.104692	-0.994505	0	None	None
ChainingRodShaped	6220	2.62942	0.5	-31.5002	55.5014	0	-0.00666427	-0.999978	0	None	None
ChainingRodShaped	6222	3.59865	0.5	29.6167	29.4579	0	-0.7709	-0.636956	0	None	None
ChainingRodShaped	6224	3.46979	0.5	-37.2816	38.4689	0	-0.746508	-0.665376	0	None	None
ChainingRodShaped	6226	3.69583	0.5	-39.2227	28.559	0	0.427876	-0.903838	0	None	None
ChainingRodShaped	6228	3.1439	0.5	20.6895	37.0531	0	-0.0875921	-0.996156	0	None	None
ChainingRodShaped	6230	2.91849	0.5	-14.9465	40.1593	0	-0.99094	-0.134303	0	None	None
ChainingRodShaped	6232	3.65841	0.5	-8.36079	64.0779	0	-0.998116	-0.0613478	0	None	None
ChainingRodShaped	6234	2.91251	0.5	-24.3408	39.0471	0	-0.216451	0.976294	0	None	None
ChainingRodShaped	6236	3.47159	0.5	9.00487	31.5776	0	0.882078	-0.471103	0	None	None
ChainingRodShaped	6238	2.31751	0.5	-0.276501	30.3816	0	-0.366584	0.930385	0	None	6237
ChainingRodShaped	6240	3.56203	0.5	-8.48965	56.411	0	-0.233752	0.972296	0	None	None
ChainingRodShaped	6242	3.10893	0.5	-21.4404	21.0573	0	-0.232064	-0.972701	0	None	None
ChainingRodShaped	6244	2.75372	0.5	30.2478	36.8207	0	-0.550562	-0.834794	0	None	None
ChainingRodShaped	6246	2.57645	0.5	-6.23162	35.5873	0	-0.0328074	-0.999462	0	None	None
ChainingRodShaped	6248	3.22562	0.5	-2.37032	32.3575	0	0.146658	-0.989187	0	None	None
ChainingRodShaped	6250	3.01796	0.5	-10.4107	26.8041	0	0.880045	-0.474891	0	None	None
ChainingRodShaped	6252	3.25068	0.5	9.5072	43.3318	0	-0.541893	0.840447	0	None	None
ChainingRodShaped	6254	2.8558	0.5	-8.04947	53.4812	0	-0.804327	0.594187	0	None	None
ChainingRodShaped	6256	3.06174	0.5	-7.31841	31.9098	0	0.241459	-0.970411	0	None	None
ChainingRodShaped	6258	3.27991	0.5	20.4302	46.6519	0	-0.746446	-0.665446	0	None	None
ChainingRodShaped	6260	2.71449	0.5	-42.3599	42.6064	0	-0.911278	0.411792	0	None	None
ChainingRodShaped	6262	3.01252	0.5	-5.84145	28.7668	0	0.879114	-0.476612	0	None	None
ChainingRodShaped	6264	2.97155	0.5	18.2563	35.2204	0	0.344777	0.938685	0	None	None
ChainingRodShaped	6266	3.2164	0.5	38.4375	42.7117	0	0.397859	-0.917447	0	None	None
ChainingRodShaped	6268	2.94389	0.5	37.7469	47.8357	0	-0.0933539	-0.995633	0	None	None
ChainingRodShaped	6270	2.8205	0.5	-18.539	31.5218	0	0.246468	-0.969151	0	None	None
ChainingRodShaped	6272	2.90996	0.5	-10.073	18.2924	0	0.81217	0.583421	0	None	None
ChainingRodShaped	6274	2.56997	0.5	-6.75419	39.0591	0	0.407468	-0.913219	0	None	None
ChainingRodShaped	6276	2.89232	0.5	-14.9002	53.0451	0	0.342765	-0.939421	0	None	None
ChainingRodShaped	6278	3.14515	0.5	-13.8017	49.8711	0	0.194418	0.980919	0	None	None
ChainingRodShaped	6280	3.12087	0.5	-32.1821	39.9201	0	-0.326459	0.945211	0	None	None
ChainingRodShaped	6282	2.87808	0.5	-23.1174	31.3794	0	0.335074	0.942192	0	None	None
ChainingRodShaped	6284	2.68814	0.5	-10.8389	41.5896	0	-0.525879	-0.850559	0	None	None
ChainingRodShaped	6286	2.6786	0.5	-12.8439	35.691	0	-0.523757	-0.851868	0	None	None
ChainingRodShaped	6288	3.22099	0.5	3.18937	33.3688	0	0.928373	-0.37165	0	None	None
ChainingRodShaped	6290	3.35028	0.5	-4.73046	66.583	0	0.999979	0.00646406	0	None	None
ChainingRodShaped	6292	3.20918	0.5	-18.5581	50.4242	0	-0.76599	-0.642852	0	None	None
ChainingRodShaped	6294	2.91869	0.5	-6.1069	39.9481	0	0.40669	-0.913566	0	None	None
ChainingRodShaped	6296	2.60209	0.5	-30.9384	61.5237	0	0.680875	-0.732399	0	None	None
ChainingRodShaped	6298	3.00706	0.5	-7.88537	43.8872	0	0.999999	-0.00145196	0	None	None
ChainingRodShaped	6300	3.31081	0.5	12.5025	47.1484	0	-0.464894	-0.885367	0	None	None
ChainingRodShaped	6302	2.74357	0.5	-4.89992	58.0707	0	0.227579	-0.97376	0	None	None
ChainingRodShaped	6304	3.44368	0.5	14.2099	29.7334	0	0.468652	0.883383	0	None	None
ChainingRodShaped	6306	3.00742	0.5	-25.9961	52.5553	0	-0.803127	0.595808	0	None	None
ChainingRodShaped	6308	2.62	0.5	-31.2979	23.8994	0	0.706299	-0.707914	0	None	None
ChainingRodShaped	6310	3.00017	0.5	-44.9791	30.2803	0	-0.234417	-0.972136	0	None	None
ChainingRodShaped	6312	2.98172	0.5	-27.0764	38.4861	0	0.208301	-0.978065	0	None	None
ChainingRodShaped	6314	2.8482	0.5	-23.5357	39.7264	0	-0.206692	0.978406	0	None	None
ChainingRodShaped	6316	3.38235	0.5	10.3214	50.2113	0	-0.98036	0.197216	0	None	None
ChainingRodShaped	6318	2.805	0.5	-33.5322	61.5668	0	0.990256	-0.139259	0	None	None
ChainingRodShaped	6320	3.00437	0.5	-1.81603	62.192	0	0.230377	-0.973101	0	None	None
ChainingRodShaped	6322	2.98266	0.5	-40.2019	45.0729	0	-0.212999	0.977053	0	None	None
ChainingRodShaped	6324	2.44255	0.5	40.6556	42.5649	0	0.403549	-0.914958	0	None	None
ChainingRodShaped	6326	3.0864	0.5	-27.5776	56.204	0	0.794662	-0.607052	0	None	None
ChainingRodShaped	6328	2.70698	0.5	27.1075	46.6829	0	0.0683098	-0.997664	0	None	None
ChainingRodShaped	6330	3.24806	0.5	-8.19666	48.2773	0	-0.922177	-0.386769	0	None	None
ChainingRodShaped	6332	2.88926	0.5	9.86362	53.0308	0	-0.741052	0.671448	0	None	None
ChainingRodShaped	6334	2.47484	0.5	18.7419	54.3094	0	-0.915708	-0.401844	0	5288	6333
ChainingRodShaped	6336	3.0184	0.5	-3.80248	42.1154	0	0.951611	-0.307304	0	None	None
ChainingRodShaped	6338	2.4625	0.5	-7.78191	22.0714	0	0.357838	-0.933784	0	None	None
ChainingRodShaped	6340	2.90496	0.5	-51.6756	47.0297	0	0.844505	0.535547	0	None	None
ChainingRodShaped	6342	2.51562	0.5	28.571	31.5866	0	-0.496781	-0.867876	0	None	None
ChainingRodShaped	6344	2.9294	0.5	-30.5413	42.2368	0	-0.730892	-0.682493	0	None	None
ChainingRodShaped	6346	3.02504	0.5	3.77951	32.0902	0	0.926053	-0.377393	0	None	None
ChainingRodShaped	6348	2.48801	0.5	-29.9003	37.3331	0	-0.583517	-0.812101	0	None	None
ChainingRodShaped	6350	2.75924	0.5	-10.0285	57.3553	0	-0.448359	0.893854	0	None	None
ChainingRodShaped	6352	2.31404	0.5	29.4841	37.6758	0	-0.453813	-0.891097	0	5396	6351
ChainingRodShaped	6354	2.76296	0.5	-5.56563	41.0843	0	0.412707	-0.910864	0	None	None
ChainingRodShaped	6356	2.51616	0.5	2.06853	34.8991	0	0.986261	-0.165195	0	None	None
ChainingRodShaped	6358	2.7738	0.5	9.40943	47.7824	0	-0.777098	-0.62938	0	None	None
ChainingRodShaped	6360	2.99971	0.5	12.1241	54.8599	0	0.168767	-0.985656	0	None	None
ChainingRodShaped	6362	3.00896	0.5	24.93	26.6407	0	-0.448408	-0.893829	0	None	None
ChainingRodShaped	6364	2.4864	0.5	14.5135	40.7153	0	-0.00245705	0.999997	0	None	None
ChainingRodShaped	6366	2.49421	0.5	19.975	21.5694	0	-0.416751	-0.909021	0	None	None
ChainingRodShaped	6368	2.55021	0.5	-13.7161	19.197	0	-0.791797	-0.610784	0	None	None
ChainingRodShaped	6370	2.15478	0.5	23.0338	33.5925	0	-0.133845	-0.991002	0	None	6369
ChainingRodShaped	6372	2.88674	0.5	24.6578	50.3307	0	-0.753656	-0.657269	0	None	None
ChainingRodShaped	6374	2.59298	0.5	15.6867	28.5378	0	0.450889	0.89258	0	None	None
ChainingRodShaped	6376	3.05433	0.5	30.1466	49.9016	0	-0.535965	-0.84424	0	None	None
ChainingRodShaped	6378	2.90547	0.5	-1.28345	43.3154	0	-0.957975	0.286853	0	None	None
ChainingRodShaped	6380	2.93982	0.5	-18.3809	22.94	0	0.0307779	-0.999526	0	None	None
ChainingRodShaped	6382	2.4722	0.5	24.0245	36.6744	0	-0.253882	-0.967235	0	None	None
ChainingRodShaped	6384	2.13999	0.5	16.0569	26.4067	0	-0.349612	-0.936895	0	5467	6383
ChainingRodShaped	6386	2.90242	0.5	20.9039	25.1017	0	-0.1587	-0.987327	0	None	None
ChainingRodShaped	6388	2.14917	0.5	4.20584	26.3882	0	-0.535626	0.844455	0	5601	6387
ChainingRodShaped	6390	2.4701	0.5	-27.429	45.7794	0	-0.905506	-0.424333	0	None	None
ChainingRodShaped	6392	2.40764	0.5	-42.076	44.6337	0	-0.90615	0.422956	0	None	None
ChainingRodShaped	6394	2.20176	0.5	-2.75142	36.6765	0	-0.361733	0.932282	0	6237	6393
ChainingRodShaped	6396	2.45491	0.5	-14.5545	26.126	0	-0.146001	-0.989284	0	None	None
ChainingRodShaped	6398	2.64755	0.5	7.50372	57.8342	0	0.741025	-0.671478	0	None	None
ChainingRodShaped	6400	2.90506	0.5	-26.9472	24.5901	0	-0.933822	0.357738	0	None	None
ChainingRodShaped	6402	2.89627	0.5	-12.6257	23.7462	0	0.867226	-0.497914	0	None	None
ChainingRodShaped	6404	2.55361	0.5	-27.2383	17.9642	0	0.121864	-0.992547	0	None	None
ChainingRodShaped	6406	2.64689	0.5	-3.54389	56.8233	0	0.279944	-0.960016	0	None	None
ChainingRodShaped	6408	2.43426	0.5	-14.451	17.4481	0	0.812595	0.582828	0	None	None
ChainingRodShaped	6410	2.3371	0.5	-35.1019	32.5809	0	-0.724581	-0.68919	0	None	None
ChainingRodShaped	6412	2.6282	0.5	11.1852	18.3393	0	-0.565739	-0.824584	0	None	None
ChainingRodShaped	6414	2.3062	0.5	5.31802	40.9328	0	-0.920031	0.391846	0	None	None
ChainingRodShaped	6416	2.70905	0.5	-1.24812	36.6826	0	0.659678	-0.751548	0	None	None
ChainingRodShaped	6418	2.71648	0.5	-20.3976	8.39367	0	0.988174	-0.153334	0	None	None
ChainingRodShaped	6420	2.63231	0.5	-12.4961	50.9501	0	-0.149616	0.988744	0	None	None
ChainingRodShaped	6422	2.50684	0.5	-30.2908	43.9672	0	-0.651291	-0.758828	0	None	None
ChainingRodShaped	6424	2.19603	0.5	36.9982	31.0285	0	0.411116	-0.911583	0	5319	6423
ChainingRodShaped	6426	2.54797	0.5	-21.1126	54.4402	0	0.994857	-0.101293	0	None	None
ChainingRodShaped	6428	2.44118	0.5	3.47278	49.1026	0	0.125537	-0.992089	0	None	None
ChainingRodShaped	6430	2.30261	0.5	-33.7937	20.9941	0	0.373209	-0.927747	0	None	None
ChainingRodShaped	6432	2.63687	0.5	1.81356	35.8601	0	0.98786	-0.155345	0	None	None
ChainingRodShaped	6434	2.63465	0.5	-21.9221	13.8461	0	0.48157	-0.876408	0	None	None
ChainingRodShaped	6436	2.52848	0.5	-0.589327	42.1262	0	0.960798	-0.277249	0	None	None
ChainingRodShaped	6438	2.32366	0.5	3.98352	38.4119	0	0.918572	-0.395254	0	None	None
ChainingRodShaped	6440	2.68342	0.5	-23.7295	21.2175	0	-0.902377	0.430946	0	None	None
ChainingRodShaped	6442	2.65052	0.5	-35.7056	47.4297	0	0.636027	0.771667	0	None	None
ChainingRodShaped	6444	2.56687	0.5	10.7428	29.8717	0	0.988226	0.152999	0	None	None
ChainingRodShaped	6446	2.2859	0.5	-33.0004	24.2189	0	0.385786	-0.922588	0	None	None
ChainingRodShaped	6448	2.30786	0.5	-27.6109	35.2476	0	-0.106128	-0.994353	0	None	None
ChainingRodShaped	6450	2.52839	0.5	2.05334	46.0585	0	-0.80119	0.59841	0	None	None
ChainingRodShaped	6452	2.32559	0.5	-39.1642	26.1309	0	0.414614	-0.909997	0	None	None
ChainingRodShaped	6454	2.53427	0.5	-15.3823	57.0139	0	-0.399197	0.916865	0	None	None
ChainingRodShaped	6456	2.53191	0.5	-36.0988	38.2393	0	-0.739878	-0.672741	0	None	None
ChainingRodShaped	6458	2.43938	0.5	-36.4354	27.2091	0	0.419296	-0.90785	0	None	None
ChainingRodShaped	6460	2.47081	0.5	-15.4513	12.972	0	0.872086	0.489354	0	None	None
ChainingRodShaped	6462	2.41573	0.5	-20.9029	29.2158	0	0.506954	-0.861973	0	None	None
ChainingRodShaped	6464	2.59296	0.5	18.9406	51.1917	0	-0.947465	-0.31986	0	None	None
ChainingRodShaped	6466	2.25289	0.5	5.38726	51.1726	0	-0.424052	0.905638	0	None	None
ChainingRodShaped	6468	2.28707	0.5	-1.90029	55.3087	0	0.422519	-0.906354	0	None	None
ChainingRodShaped	6470	2.51585	0.5	0.294079	56.3741	0	0.0761098	-0.997099	0	None	None
ChainingRodShaped	6472	2.2121	0.5	5.55871	44.0342	0	-0.495586	0.868559	0	None	None
ChainingRodShaped	6474	2.52599	0.5	-19.4215	20.4694	0	0.0926608	0.995698	0	None	None
ChainingRodShaped	6476	2.24773	0.5	-16.6054	64.2936	0	-0.418678	0.908135	0	None	None
ChainingRodShaped	6478	2.46659	0.5	-4.19412	15.0167	0	0.996449	-0.0841975	0	None	None
ChainingRodShaped	6480	2.3248	0.5	36.6662	46.9183	0	-0.0942291	-0.995551	0	None	None
ChainingRodShaped	6482	2.47981	0.5	-25.7032	47.7941	0	0.853058	0.521816	0	None	None
ChainingRodShaped	6484	2.40021	0.5	-0.359302	54.304	0	0.414829	-0.909899	0	None	None
ChainingRodShaped	6486	2.37661	0.5	-9.53724	12.2144	0	0.969201	0.24627	0	None	None
ChainingRodShaped	6488	2.4164	0.5	-2.22087	40.6187	0	0.958996	-0.28342	0	None	None
ChainingRodShaped	6490	2.45222	0.5	-7.9049	19.5087	0	0.647541	-0.762031	0	None	None
ChainingRodShaped	6492	2.28768	0.5	-12.8313	42.1645	0	-0.659151	-0.752011	0	None	None
ChainingRodShaped	6494	2.45294	0.5	-36.579	48.8056	0	0.185241	0.982693	0	None	None
ChainingRodShaped	6496	2.36418	0.5	-0.844569	44.1609	0	-0.959706	0.281008	0	None	None
ChainingRodShaped	6498	2.16357	0.5	-25.1077	59.9516	0	0.97129	-0.237898	0	None	None
ChainingRodShaped	6500	2.42672	0.5	33.7689	33.224	0	-0.9962	0.0870933	0	None	None
ChainingRodShaped	6502	2.06521	0.5	0.788552	31.8328	0	-0.528702	0.848808	0	6387	6501
ChainingRodShaped	6504	2.20805	0.5	-40.821	30.9931	0	-0.26057	-0.965455	0	None	None
ChainingRodShaped	6506	2.41641	0.5	-42.7893	47.0294	0	-0.298769	0.954326	0	None	None
ChainingRodShaped	6508	2.37067	0.5	7.9746	28.4779	0	0.829172	-0.558993	0	None	None
ChainingRodShaped	6510	2.10234	0.5	-35.3523	33.6991	0	-0.724082	-0.689714	0	5252	6509
ChainingRodShaped	6512	2.18649	0.5	-25.0155	45.9846	0	-0.848689	-0.528892	0	None	None
ChainingRodShaped	6514	2.26422	0.5	-6.04011	46.0925	0	-0.935494	-0.353342	0	None	None
ChainingRodShaped	6516	2.17603	0.5	-33.5149	48.6314	0	-0.605953	-0.7955	0	None	None
ChainingRodShaped	6518	2.1477	0.5	-11.6926	33.2816	0	-0.237949	-0.971278	0	None	None
ChainingRodShaped	6520	2.34056	0.5	-29.4893	35.2657	0	-0.0862583	-0.996273	0	None	None
ChainingRodShaped	6522	2.11431	0.5	-15.5449	46.0034	0	0.773729	0.633517	0	None	None
ChainingRodShaped	6524	2.1875	0.5	-43.3481	24.6882	0	0.850821	-0.525455	0	None	None
ChainingRodShaped	6526	2.30161	0.5	-12.635	44.8591	0	-0.816874	-0.576816	0	None	None
ChainingRodShaped	6528	2.27411	0.5	-0.422105	60.505	0	-0.577206	-0.816599	0	None	None
ChainingRodShaped	6530	2.2071	0.5	-10.342	49.558	0	-0.146625	0.989192	0	None	None
ChainingRodShaped	6532	2.2481	0.5	27.2359	55.1716	0	-0.757624	-0.652691	0	None	None
ChainingRodShaped	6534	2.1045	0.5	-1.1388	50.7519	0	0.79555	-0.605888	0	None	None
ChainingRodShaped	6536	2.16325	0.5	-9.40097	49.9437	0	-0.144488	0.989507	0	None	None
ChainingRodShaped	6538	2.19275	0.5	-2.82768	21.4018	0	0.848713	-0.528853	0	None	None
ChainingRodShaped	6540	2.20614	0.5	25.1047	36.9463	0	-0.243047	-0.970015	0	None	None
ChainingRodShaped	6542	2.15726	0.5	-21.8885	60.8707	0	0.898145	0.4397	0	None	None
ChainingRodShaped	6544	2.04122	0.5	0.266028	25.3498	0	-0.259806	0.965661	0	5502	6543
ChainingRodShaped	6546	2.04319	0.5	2.71245	15.4593	0	-0.22701	0.973892	0	None	6545
ChainingRodShaped	6548	2.19412	0.5	-37.7324	39.3608	0	-0.761437	-0.648239	0	None	None
ChainingRodShaped	6550	2.13365	0.5	-11.4568	55.6253	0	-0.549335	0.835602	0	None	None
ChainingRodShaped	6552	2.12138	0.5	29.5417	30.6437	0	-0.764488	-0.644638	0	None	None
ChainingRodShaped	6554	2.08231	0.5	5.83371	56.5245	0	-0.822319	0.569027	0	None	None
ChainingRodShaped	6556	2.16508	0.5	-48.4296	44.0606	0	0.503762	-0.863842	0	None	None
ChainingRodShaped	6558	2.14346	0.5	-14.1467	12.1297	0	-0.991311	-0.13154	0	None	None
ChainingRodShaped	6560	2.06816	0.5	24.9067	48.5146	0	-0.287064	-0.957911	0	None	None
ChainingRodShaped	6562	2.0844	0.5	-41.8834	37.0287	0	-0.413669	-0.910427	0	None	None
ChainingRodShaped	6564	2.04528	0.5	33.1524	58.9122	0	0.762258	0.647273	0	5398	6563
ChainingRodShaped	6566	2.02248	0.5	-24.7086	52.7978	0	-0.796548	0.604575	0	None	6565
ChainingRodShaped	6568	2.0899	0.5	-17.3515	59.1382	0	0.459847	-0.887998	0	None	None
ChainingRodShaped	6570	2.06119	0.5	-24.7936	55.3597	0	0.833577	-0.552403	0	None	None
ChainingRodShaped	6572	2.10297	0.5	-20.9374	25.6905	0	-0.573074	0.819504	0	None	None
ChainingRodShaped	6574	2.11337	0.5	-30.4494	62.4568	0	0.681097	-0.732193	0	None	None
ChainingRodShaped	6576	2.06697	0.5	-20.1431	37.092	0	-0.569701	0.821852	0	None	None
ChainingRodShaped	6578	2.04743	0.5	37.8765	41.5426	0	0.388668	-0.921378	0	None	None
ChainingRodShaped	6580	2.05118	0.5	39.2886	50.07	0	0.979782	-0.200066	0	None	None
ChainingRodShaped	6582	2.047	0.5	-16.6958	34.8221	0	-0.459875	0.887983	0	None	None
ChainingRodShaped	6584	2.01489	0.5	29.6578	43.9754	0	0.433966	0.900929	0	None	6583
ChainingRodShaped	6586	2.05669	0.5	-41.5302	43.31	0	-0.911143	0.41209	0	None	None
ChainingRodShaped	6588	2.04223	0.5	-37.0406	44.1814	0	-0.232305	0.972643	0	None	None
ChainingRodShaped	6590	2.03807	0.5	13.3919	41.5091	0	-0.195901	0.980624	0	None	None
ChainingRodShaped	6592	2.02377	0.5	26.4042	25.1844	0	-0.805814	-0.592169	0	None	None
ChainingRodShaped	6594	2.01202	0.5	25.5494	47.2679	0	-0.323631	-0.946183	0	None	None
ChainingRodShaped	6596	2.02484	0.5	-19.9849	44.8925	0	-0.625312	-0.780374	0	None	None
ChainingRodShaped	6598	2.01547	0.5	-18.4576	51.7619	0	-0.764751	-0.644325	0	None	None
ChainingRodShaped	6600	2.00008	0.5	-40.5595	22.0752	0	0.88388	-0.467713	0	None	None
